#*BD-12 2669
#*
#*  Heap-Lindler STIS
#set .z.units = "Ergs/s/cm**2/A"
#set .z.label = "Flux"
#set .table.bandwidth = 2.74
#*
     2950.00    2.38766E-13
     2952.74    2.40165E-13
     2955.48    2.44418E-13
     2958.22    2.48480E-13
     2960.96    2.47234E-13
     2963.70    2.42542E-13
     2966.44    2.38861E-13
     2969.18    2.39740E-13
     2971.92    2.38652E-13
     2974.66    2.45778E-13
     2977.40    2.49542E-13
     2980.14    2.41137E-13
     2982.88    2.37214E-13
     2985.62    2.29080E-13
     2988.36    2.43917E-13
     2991.10    2.53398E-13
     2993.84    2.52133E-13
     2996.58    2.51812E-13
     2999.32    2.46418E-13
     3002.06    2.35903E-13
     3004.80    2.42857E-13
     3007.54    2.46677E-13
     3010.28    2.49123E-13
     3013.02    2.51554E-13
     3015.76    2.49495E-13
     3018.50    2.43975E-13
     3021.24    2.36922E-13
     3023.98    2.46422E-13
     3026.72    2.52426E-13
     3029.46    2.59740E-13
     3032.20    2.54136E-13
     3034.94    2.58479E-13
     3037.68    2.59288E-13
     3040.42    2.53635E-13
     3043.16    2.53182E-13
     3045.90    2.56289E-13
     3048.64    2.51853E-13
     3051.38    2.54906E-13
     3054.12    2.49904E-13
     3056.86    2.46282E-13
     3059.60    2.43002E-13
     3062.34    2.48790E-13
     3065.08    2.42233E-13
     3067.82    2.44548E-13
     3070.56    2.50565E-13
     3073.30    2.49855E-13
     3076.04    2.44363E-13
     3078.78    2.52057E-13
     3081.52    2.59002E-13
     3084.26    2.56176E-13
     3087.00    2.53443E-13
     3089.74    2.47597E-13
     3092.48    2.50782E-13
     3095.22    2.49097E-13
     3097.96    2.44353E-13
     3100.70    2.46990E-13
     3103.44    2.48026E-13
     3106.18    2.56042E-13
     3108.92    2.63139E-13
     3111.66    2.58106E-13
     3114.40    2.52219E-13
     3117.14    2.53635E-13
     3119.88    2.53670E-13
     3122.62    2.59354E-13
     3125.36    2.50249E-13
     3128.10    2.50854E-13
     3130.84    2.55870E-13
     3133.58    2.47582E-13
     3136.32    2.61984E-13
     3139.06    2.66204E-13
     3141.80    2.47227E-13
     3144.54    2.38187E-13
     3147.28    2.44234E-13
     3150.02    2.55607E-13
     3152.76    2.62553E-13
     3155.50    2.51717E-13
     3158.24    2.53457E-13
     3160.98    2.51077E-13
     3163.72    2.52493E-13
     3166.46    2.70344E-13
     3169.20    2.59606E-13
     3171.94    2.61356E-13
     3174.68    2.63038E-13
     3177.42    2.49421E-13
     3180.16    2.43628E-13
     3182.90    2.51530E-13
     3185.64    2.55379E-13
     3188.38    2.50776E-13
     3191.12    2.50119E-13
     3193.86    2.49850E-13
     3196.60    2.61152E-13
     3199.34    2.58651E-13
     3202.08    2.59728E-13
     3204.82    2.61203E-13
     3207.56    2.56337E-13
     3210.30    2.55523E-13
     3213.04    2.44446E-13
     3215.78    2.47062E-13
     3218.52    2.58576E-13
     3221.26    2.54595E-13
     3224.00    2.57158E-13
     3226.74    2.51566E-13
     3229.48    2.44888E-13
     3232.22    2.51243E-13
     3234.96    2.48496E-13
     3237.70    2.44839E-13
     3240.44    2.46977E-13
     3243.18    2.54203E-13
     3245.92    2.66333E-13
     3248.66    2.60413E-13
     3251.40    2.47736E-13
     3254.14    2.54777E-13
     3256.88    2.53789E-13
     3259.62    2.56779E-13
     3262.36    2.67233E-13
     3265.10    2.62990E-13
     3267.84    2.61381E-13
     3270.58    2.52700E-13
     3273.32    2.53992E-13
     3276.06    2.62122E-13
     3278.80    2.55890E-13
     3281.54    2.65139E-13
     3284.28    2.62652E-13
     3287.02    2.65337E-13
     3289.76    2.70208E-13
     3292.50    2.61742E-13
     3295.24    2.67051E-13
     3297.98    2.72401E-13
     3300.72    2.63426E-13
     3303.46    2.61355E-13
     3306.20    2.64991E-13
     3308.94    2.58110E-13
     3311.68    2.64444E-13
     3314.42    2.66815E-13
     3317.16    2.62085E-13
     3319.90    2.59139E-13
     3322.64    2.52944E-13
     3325.38    2.56313E-13
     3328.12    2.56819E-13
     3330.86    2.48970E-13
     3333.60    2.62299E-13
     3336.34    2.60726E-13
     3339.08    2.54524E-13
     3341.82    2.49383E-13
     3344.56    2.54364E-13
     3347.30    2.57995E-13
     3350.04    2.51754E-13
     3352.78    2.59700E-13
     3355.52    2.68125E-13
     3358.26    2.61929E-13
     3361.00    2.57574E-13
     3363.74    2.64931E-13
     3366.48    2.57147E-13
     3369.22    2.59408E-13
     3371.96    2.57709E-13
     3374.70    2.58092E-13
     3377.44    2.65228E-13
     3380.18    2.48128E-13
     3382.92    2.56679E-13
     3385.66    2.56832E-13
     3388.40    2.56567E-13
     3391.14    2.58908E-13
     3393.88    2.51419E-13
     3396.62    2.60501E-13
     3399.36    2.67480E-13
     3402.10    2.58690E-13
     3404.84    2.64418E-13
     3407.58    2.59548E-13
     3410.32    2.55331E-13
     3413.06    2.58960E-13
     3415.80    2.59024E-13
     3418.54    2.58581E-13
     3421.28    2.59678E-13
     3424.02    2.55661E-13
     3426.76    2.63252E-13
     3429.50    2.62404E-13
     3432.24    2.66613E-13
     3434.98    2.76832E-13
     3437.72    2.64618E-13
     3440.46    2.68435E-13
     3443.20    2.51872E-13
     3445.94    2.51597E-13
     3448.68    2.66278E-13
     3451.42    2.62674E-13
     3454.16    2.57820E-13
     3456.90    2.58097E-13
     3459.64    2.56725E-13
     3462.38    2.54516E-13
     3465.12    2.61465E-13
     3467.86    2.62445E-13
     3470.60    2.63645E-13
     3473.34    2.59656E-13
     3476.08    2.48100E-13
     3478.82    2.60545E-13
     3481.56    2.59952E-13
     3484.30    2.57955E-13
     3487.04    2.58875E-13
     3489.78    2.51695E-13
     3492.52    2.61760E-13
     3495.26    2.57877E-13
     3498.00    2.54252E-13
     3500.74    2.64057E-13
     3503.48    2.56557E-13
     3506.22    2.60365E-13
     3508.96    2.62879E-13
     3511.70    2.58168E-13
     3514.44    2.60422E-13
     3517.18    2.58810E-13
     3519.92    2.58020E-13
     3522.66    2.64154E-13
     3525.40    2.56838E-13
     3528.14    2.56553E-13
     3530.88    2.66856E-13
     3533.62    2.59534E-13
     3536.36    2.68447E-13
     3539.10    2.64800E-13
     3541.84    2.61716E-13
     3544.58    2.64108E-13
     3547.32    2.66574E-13
     3550.06    2.69108E-13
     3552.80    2.66621E-13
     3555.54    2.67347E-13
     3558.28    2.72136E-13
     3561.02    2.61691E-13
     3563.76    2.62107E-13
     3566.50    2.60079E-13
     3569.24    2.53819E-13
     3571.98    2.56582E-13
     3574.72    2.60257E-13
     3577.46    2.53130E-13
     3580.20    2.61478E-13
     3582.94    2.53266E-13
     3585.68    2.51405E-13
     3588.42    2.58880E-13
     3591.16    2.55609E-13
     3593.90    2.60006E-13
     3596.64    2.63350E-13
     3599.38    2.65279E-13
     3602.12    2.63894E-13
     3604.86    2.57179E-13
     3607.60    2.56847E-13
     3610.34    2.57970E-13
     3613.08    2.55825E-13
     3615.82    2.57457E-13
     3618.56    2.58554E-13
     3621.30    2.56621E-13
     3624.04    2.61396E-13
     3626.78    2.64515E-13
     3629.52    2.64250E-13
     3632.26    2.60909E-13
     3635.00    2.60121E-13
     3637.74    2.69042E-13
     3640.48    2.63071E-13
     3643.22    2.55243E-13
     3645.96    2.64605E-13
     3648.70    2.61433E-13
     3651.44    2.66890E-13
     3654.18    2.70527E-13
     3656.92    2.63129E-13
     3659.66    2.68690E-13
     3662.40    2.65807E-13
     3665.14    2.64445E-13
     3667.88    2.72635E-13
     3670.62    2.62710E-13
     3673.36    2.63276E-13
     3676.10    2.68436E-13
     3678.84    2.62456E-13
     3681.58    2.66043E-13
     3684.32    2.61238E-13
     3687.06    2.59960E-13
     3689.80    2.68530E-13
     3692.54    2.58183E-13
     3695.28    2.63226E-13
     3698.02    2.68898E-13
     3700.76    2.70264E-13
     3703.50    2.66166E-13
     3706.24    2.56709E-13
     3708.98    2.62173E-13
     3711.72    2.57648E-13
     3714.46    2.64889E-13
     3717.20    2.89855E-13
     3719.94    2.66605E-13
     3722.68    2.46778E-13
     3725.42    2.55905E-13
     3728.16    3.05814E-13
     3730.90    2.94800E-13
     3733.64    2.52075E-13
     3736.38    2.40828E-13
     3739.12    2.99649E-13
     3741.86    3.21480E-13
     3744.60    3.04973E-13
     3747.34    2.74540E-13
     3750.08    2.38344E-13
     3752.82    2.58657E-13
     3755.56    3.15543E-13
     3758.30    3.34272E-13
     3761.04    3.38800E-13
     3763.78    3.36276E-13
     3766.52    3.08708E-13
     3769.26    2.57576E-13
     3772.00    2.42228E-13
     3774.74    2.95020E-13
     3777.48    3.54121E-13
     3780.22    3.74359E-13
     3782.96    3.88763E-13
     3785.70    3.87099E-13
     3788.44    3.66316E-13
     3791.18    3.52859E-13
     3793.92    3.10857E-13
     3796.66    2.57548E-13
     3799.40    2.42711E-13
     3802.14    2.95697E-13
     3804.88    3.55273E-13
     3807.62    3.73630E-13
     3810.36    3.96089E-13
     3813.10    4.06785E-13
     3815.84    4.03822E-13
     3818.58    4.07590E-13
     3821.32    3.92646E-13
     3824.06    3.76951E-13
     3826.80    3.58311E-13
     3829.54    3.27684E-13
     3832.28    2.83554E-13
     3835.02    2.35347E-13
     3837.76    2.42875E-13
     3840.50    3.06871E-13
     3843.24    3.52277E-13
     3845.98    3.89593E-13
     3848.72    4.01955E-13
     3851.46    4.17694E-13
     3854.20    4.22965E-13
     3856.94    4.19772E-13
     3859.68    4.19047E-13
     3862.42    4.23719E-13
     3865.16    4.28732E-13
     3867.90    4.31022E-13
     3870.64    4.23770E-13
     3873.38    4.13406E-13
     3876.12    3.97927E-13
     3878.86    3.80961E-13
     3881.60    3.54745E-13
     3884.34    3.24016E-13
     3887.08    2.63565E-13
     3889.82    2.31566E-13
     3892.56    2.80256E-13
     3895.30    3.28389E-13
     3898.04    3.57548E-13
     3900.78    3.77442E-13
     3903.52    3.94464E-13
     3906.26    4.10343E-13
     3909.00    4.26655E-13
     3911.74    4.27011E-13
     3914.48    4.40023E-13
     3917.22    4.37915E-13
     3919.96    4.34893E-13
     3922.70    4.36123E-13
     3925.44    4.39559E-13
     3928.18    4.21486E-13
     3930.92    3.79998E-13
     3933.66    3.16620E-13
     3936.40    3.65129E-13
     3939.14    4.15103E-13
     3941.88    4.33609E-13
     3944.62    4.31469E-13
     3947.36    4.25864E-13
     3950.10    4.27231E-13
     3952.84    4.20742E-13
     3955.58    4.00256E-13
     3958.32    3.93052E-13
     3961.06    3.70757E-13
     3963.80    3.37225E-13
     3966.54    2.74953E-13
     3969.28    2.09216E-13
     3972.02    2.40432E-13
     3974.76    3.03574E-13
     3977.50    3.51545E-13
     3980.24    3.84881E-13
     3982.98    3.96182E-13
     3985.72    4.09740E-13
     3988.46    4.35692E-13
     3991.20    4.30935E-13
     3993.94    4.39113E-13
     3996.68    4.41427E-13
     3999.42    4.36813E-13
     4002.16    4.40485E-13
     4004.90    4.43225E-13
     4007.64    4.48671E-13
     4010.38    4.42942E-13
     4013.12    4.49591E-13
     4015.86    4.58175E-13
     4018.60    4.53401E-13
     4021.34    4.56246E-13
     4024.08    4.58021E-13
     4026.82    4.55173E-13
     4029.56    4.52745E-13
     4032.30    4.61071E-13
     4035.04    4.53915E-13
     4037.78    4.60810E-13
     4040.52    4.55882E-13
     4043.26    4.57582E-13
     4046.00    4.46165E-13
     4048.74    4.51043E-13
     4051.48    4.56223E-13
     4054.22    4.51929E-13
     4056.96    4.50337E-13
     4059.70    4.50555E-13
     4062.44    4.41489E-13
     4065.18    4.38394E-13
     4067.92    4.38077E-13
     4070.66    4.31840E-13
     4073.40    4.25404E-13
     4076.14    4.25343E-13
     4078.88    4.18265E-13
     4081.62    4.19243E-13
     4084.36    4.11793E-13
     4087.10    4.02039E-13
     4089.84    3.89709E-13
     4092.58    3.70983E-13
     4095.32    3.41477E-13
     4098.06    2.96792E-13
     4100.80    2.47594E-13
     4103.54    2.52034E-13
     4106.28    3.01222E-13
     4109.02    3.44765E-13
     4111.76    3.73758E-13
     4114.50    3.88980E-13
     4117.24    4.00235E-13
     4119.98    4.09271E-13
     4122.72    4.15148E-13
     4125.46    4.21570E-13
     4128.20    4.21299E-13
     4130.94    4.20007E-13
     4133.68    4.23947E-13
     4136.42    4.32740E-13
     4139.16    4.29982E-13
     4141.90    4.31572E-13
     4144.64    4.29973E-13
     4147.38    4.38379E-13
     4150.12    4.38498E-13
     4152.86    4.35602E-13
     4155.60    4.31435E-13
     4158.34    4.34310E-13
     4161.08    4.39945E-13
     4163.82    4.42139E-13
     4166.56    4.39452E-13
     4169.30    4.35365E-13
     4172.04    4.33365E-13
     4174.78    4.41569E-13
     4177.52    4.38914E-13
     4180.26    4.37103E-13
     4183.00    4.35083E-13
     4185.74    4.33434E-13
     4188.48    4.31776E-13
     4191.22    4.38005E-13
     4193.96    4.32317E-13
     4196.70    4.32357E-13
     4199.44    4.31436E-13
     4202.18    4.28984E-13
     4204.92    4.33291E-13
     4207.66    4.34260E-13
     4210.40    4.36268E-13
     4213.14    4.35288E-13
     4215.88    4.31032E-13
     4218.62    4.31006E-13
     4221.36    4.31324E-13
     4224.10    4.24737E-13
     4226.84    4.20093E-13
     4229.58    4.25872E-13
     4232.32    4.26760E-13
     4235.06    4.23746E-13
     4237.80    4.30249E-13
     4240.54    4.35803E-13
     4243.28    4.32149E-13
     4246.02    4.24133E-13
     4248.76    4.26079E-13
     4251.50    4.24050E-13
     4254.24    4.27102E-13
     4256.98    4.31035E-13
     4259.72    4.24770E-13
     4262.46    4.25989E-13
     4265.20    4.28958E-13
     4267.94    4.27907E-13
     4270.68    4.24365E-13
     4273.42    4.21177E-13
     4276.16    4.22795E-13
     4278.90    4.24054E-13
     4281.64    4.18781E-13
     4284.38    4.20926E-13
     4287.12    4.18574E-13
     4289.86    4.13019E-13
     4292.60    4.22182E-13
     4295.34    4.10850E-13
     4298.08    4.04673E-13
     4300.82    4.03404E-13
     4303.56    4.01594E-13
     4306.30    4.02856E-13
     4309.04    4.00702E-13
     4311.78    4.01498E-13
     4314.52    3.93655E-13
     4317.26    3.94035E-13
     4320.00    3.91940E-13
     4322.74    3.81444E-13
     4325.48    3.70327E-13
     4328.22    3.64023E-13
     4330.96    3.50266E-13
     4333.70    3.26287E-13
     4336.44    2.86518E-13
     4339.18    2.37095E-13
     4341.92    2.38948E-13
     4344.66    2.87164E-13
     4347.40    3.30392E-13
     4350.14    3.53561E-13
     4352.88    3.63582E-13
     4355.62    3.79060E-13
     4358.36    3.85307E-13
     4361.10    3.89320E-13
     4363.84    3.97822E-13
     4366.58    4.00024E-13
     4369.32    4.01367E-13
     4372.06    4.10087E-13
     4374.80    4.05567E-13
     4377.54    4.08768E-13
     4380.28    4.07633E-13
     4383.02    4.01617E-13
     4385.76    4.04535E-13
     4388.50    4.08558E-13
     4391.24    4.11345E-13
     4393.98    4.07552E-13
     4396.72    4.05079E-13
     4399.46    4.09055E-13
     4402.20    4.09642E-13
     4404.94    4.04558E-13
     4407.68    4.08424E-13
     4410.42    4.06903E-13
     4413.16    4.07586E-13
     4415.90    4.11557E-13
     4418.64    4.07368E-13
     4421.38    4.19292E-13
     4424.12    4.15017E-13
     4426.86    4.04470E-13
     4429.60    4.09358E-13
     4432.34    4.06946E-13
     4435.08    4.07113E-13
     4437.82    4.09107E-13
     4440.56    4.05547E-13
     4443.30    4.03437E-13
     4446.04    4.03259E-13
     4448.78    4.03714E-13
     4451.52    4.03902E-13
     4454.26    4.02057E-13
     4457.00    4.04380E-13
     4459.74    4.04337E-13
     4462.48    4.05734E-13
     4465.22    4.02954E-13
     4467.96    3.99851E-13
     4470.70    4.00831E-13
     4473.44    4.03426E-13
     4476.18    4.01997E-13
     4478.92    3.99628E-13
     4481.66    3.99732E-13
     4484.40    4.02068E-13
     4487.14    4.01610E-13
     4489.88    4.04053E-13
     4492.62    4.00026E-13
     4495.36    4.05478E-13
     4498.10    4.02338E-13
     4500.84    3.96807E-13
     4503.58    4.00366E-13
     4506.32    4.00565E-13
     4509.06    4.01404E-13
     4511.80    3.95338E-13
     4514.54    3.95604E-13
     4517.28    3.96291E-13
     4520.02    3.93326E-13
     4522.76    3.94257E-13
     4525.50    3.93873E-13
     4528.24    3.99361E-13
     4530.98    3.96867E-13
     4533.72    3.91059E-13
     4536.46    3.91750E-13
     4539.20    3.92199E-13
     4541.94    3.92866E-13
     4544.68    3.92529E-13
     4547.42    3.91051E-13
     4550.16    3.90047E-13
     4552.90    3.92196E-13
     4555.64    3.90478E-13
     4558.38    3.88156E-13
     4561.12    3.89309E-13
     4563.86    3.91184E-13
     4566.60    3.91133E-13
     4569.34    3.87165E-13
     4572.08    3.88787E-13
     4574.82    3.92360E-13
     4577.56    3.90121E-13
     4580.30    3.90788E-13
     4583.04    3.89749E-13
     4585.78    3.88576E-13
     4588.52    3.92406E-13
     4591.26    3.91016E-13
     4594.00    3.90297E-13
     4596.74    3.90353E-13
     4599.48    3.87082E-13
     4602.22    3.88845E-13
     4604.96    3.90402E-13
     4607.70    3.89307E-13
     4610.44    3.92160E-13
     4613.18    3.91307E-13
     4615.92    3.84879E-13
     4618.66    3.84925E-13
     4621.40    3.87312E-13
     4624.14    3.90504E-13
     4626.88    3.86866E-13
     4629.62    3.84164E-13
     4632.36    3.88747E-13
     4635.10    3.87087E-13
     4637.84    3.84535E-13
     4640.58    3.85631E-13
     4643.32    3.85669E-13
     4646.06    3.85964E-13
     4648.80    3.82814E-13
     4651.54    3.82187E-13
     4654.28    3.85476E-13
     4657.02    3.84950E-13
     4659.76    3.85282E-13
     4662.50    3.83331E-13
     4665.24    3.81523E-13
     4667.98    3.83186E-13
     4670.72    3.82033E-13
     4673.46    3.79419E-13
     4676.20    3.79259E-13
     4678.94    3.79341E-13
     4681.68    3.81301E-13
     4684.42    3.80778E-13
     4687.16    3.78940E-13
     4689.90    3.80625E-13
     4692.64    3.78969E-13
     4695.38    3.79209E-13
     4698.12    3.78822E-13
     4700.86    3.71505E-13
     4703.60    3.72560E-13
     4706.34    3.77274E-13
     4709.08    3.74440E-13
     4711.82    3.73671E-13
     4714.56    3.76670E-13
     4717.30    3.76407E-13
     4720.04    3.76871E-13
     4722.78    3.76173E-13
     4725.52    3.74952E-13
     4728.26    3.75586E-13
     4731.00    3.76908E-13
     4733.74    3.76386E-13
     4736.48    3.72352E-13
     4739.22    3.71018E-13
     4741.96    3.74859E-13
     4744.70    3.75165E-13
     4747.44    3.72411E-13
     4750.18    3.71333E-13
     4752.92    3.70910E-13
     4755.66    3.71273E-13
     4758.40    3.67190E-13
     4761.14    3.62660E-13
     4763.88    3.60926E-13
     4766.62    3.65388E-13
     4769.36    3.68402E-13
     4772.10    3.68393E-13
     4774.84    3.68295E-13
     4777.58    3.63447E-13
     4780.32    3.63423E-13
     4783.06    3.65954E-13
     4785.80    3.64548E-13
     4788.54    3.63459E-13
     4791.28    3.64644E-13
     4794.02    3.63073E-13
     4796.76    3.62235E-13
     4799.50    3.64687E-13
     4802.24    3.61645E-13
     4804.98    3.61197E-13
     4807.72    3.61320E-13
     4810.46    3.57558E-13
     4813.20    3.58557E-13
     4815.94    3.58656E-13
     4818.68    3.55213E-13
     4821.42    3.54954E-13
     4824.16    3.57268E-13
     4826.90    3.54172E-13
     4829.64    3.51414E-13
     4832.38    3.48009E-13
     4835.12    3.45552E-13
     4837.86    3.43111E-13
     4840.60    3.36181E-13
     4843.34    3.32111E-13
     4846.08    3.26931E-13
     4848.82    3.17657E-13
     4851.56    3.04743E-13
     4854.30    2.81901E-13
     4857.04    2.57127E-13
     4859.78    2.23839E-13
     4862.52    2.17671E-13
     4865.26    2.55692E-13
     4868.00    2.85634E-13
     4870.74    3.03326E-13
     4873.48    3.16704E-13
     4876.22    3.23637E-13
     4878.96    3.28554E-13
     4881.70    3.31701E-13
     4884.44    3.37680E-13
     4887.18    3.43476E-13
     4889.92    3.37381E-13
     4892.66    3.40132E-13
     4895.40    3.46316E-13
     4898.14    3.46037E-13
     4900.88    3.48412E-13
     4903.62    3.46338E-13
     4906.36    3.48239E-13
     4909.10    3.52149E-13
     4911.84    3.48575E-13
     4914.58    3.47791E-13
     4917.32    3.46062E-13
     4920.06    3.45165E-13
     4922.80    3.44661E-13
     4925.54    3.46068E-13
     4928.28    3.50889E-13
     4931.02    3.51191E-13
     4933.76    3.46176E-13
     4936.50    3.47720E-13
     4939.24    3.50187E-13
     4941.98    3.50256E-13
     4944.72    3.55541E-13
     4947.46    3.52455E-13
     4950.20    3.49858E-13
     4952.94    3.49629E-13
     4955.68    3.42740E-13
     4958.42    3.40172E-13
     4961.16    3.44831E-13
     4963.90    3.46892E-13
     4966.64    3.46590E-13
     4969.38    3.43333E-13
     4972.12    3.40859E-13
     4974.86    3.48391E-13
     4977.60    3.46655E-13
     4980.34    3.44425E-13
     4983.08    3.44296E-13
     4985.82    3.42355E-13
     4988.56    3.42485E-13
     4991.30    3.42798E-13
     4994.04    3.44638E-13
     4996.78    3.45897E-13
     4999.52    3.43519E-13
     5002.26    3.42123E-13
     5005.00    3.39365E-13
     5007.74    3.37747E-13
     5010.48    3.39599E-13
     5013.22    3.39737E-13
     5015.96    3.36378E-13
     5018.70    3.36792E-13
     5021.44    3.39055E-13
     5024.18    3.39409E-13
     5026.92    3.39706E-13
     5029.66    3.42976E-13
     5032.40    3.40843E-13
     5035.14    3.37284E-13
     5037.88    3.36090E-13
     5040.62    3.37386E-13
     5043.36    3.39345E-13
     5046.10    3.38657E-13
     5048.84    3.34675E-13
     5051.58    3.37511E-13
     5054.32    3.39186E-13
     5057.06    3.38583E-13
     5059.80    3.41964E-13
     5062.54    3.37947E-13
     5065.28    3.32520E-13
     5068.02    3.36021E-13
     5070.76    3.32102E-13
     5073.50    3.28040E-13
     5076.24    3.35150E-13
     5078.98    3.32469E-13
     5081.72    3.35672E-13
     5084.46    3.37037E-13
     5087.20    3.35050E-13
     5089.94    3.32937E-13
     5092.68    3.32725E-13
     5095.42    3.34453E-13
     5098.16    3.33260E-13
     5100.90    3.29948E-13
     5103.64    3.33626E-13
     5106.38    3.33269E-13
     5109.12    3.32924E-13
     5111.86    3.28501E-13
     5114.60    3.31086E-13
     5117.34    3.29488E-13
     5120.08    3.29679E-13
     5122.82    3.32053E-13
     5125.56    3.31872E-13
     5128.30    3.26237E-13
     5131.04    3.30630E-13
     5133.78    3.32381E-13
     5136.52    3.27911E-13
     5139.26    3.24335E-13
     5142.00    3.27810E-13
     5144.74    3.26456E-13
     5147.48    3.30876E-13
     5150.22    3.32820E-13
     5152.96    3.28096E-13
     5155.70    3.28011E-13
     5158.44    3.25335E-13
     5161.18    3.23083E-13
     5163.92    3.25811E-13
     5166.66    3.15369E-13
     5169.40    3.09687E-13
     5172.14    3.16002E-13
     5174.88    3.17219E-13
     5177.62    3.23379E-13
     5180.36    3.23166E-13
     5183.10    3.19513E-13
     5185.84    3.17093E-13
     5188.58    3.23482E-13
     5191.32    3.25173E-13
     5194.06    3.25172E-13
     5196.80    3.23517E-13
     5199.54    3.23366E-13
     5202.28    3.20917E-13
     5205.02    3.21934E-13
     5207.76    3.17779E-13
     5210.50    3.18489E-13
     5213.24    3.24715E-13
     5215.98    3.21621E-13
     5218.72    3.20242E-13
     5221.46    3.23169E-13
     5224.20    3.20703E-13
     5226.94    3.17861E-13
     5229.68    3.16820E-13
     5232.42    3.14095E-13
     5235.16    3.17078E-13
     5237.90    3.17649E-13
     5240.64    3.18712E-13
     5243.38    3.20647E-13
     5246.12    3.21182E-13
     5248.86    3.20285E-13
     5251.60    3.20385E-13
     5254.34    3.17204E-13
     5257.08    3.20301E-13
     5259.82    3.19812E-13
     5262.56    3.19062E-13
     5265.30    3.16180E-13
     5268.04    3.12229E-13
     5270.78    3.07816E-13
     5273.52    3.12675E-13
     5276.26    3.17683E-13
     5279.00    3.18891E-13
     5281.74    3.11751E-13
     5284.48    3.14899E-13
     5287.22    3.16867E-13
     5289.96    3.16012E-13
     5292.70    3.15928E-13
     5295.44    3.18889E-13
     5298.18    3.13759E-13
     5300.92    3.14381E-13
     5303.66    3.14803E-13
     5306.40    3.13095E-13
     5309.14    3.12950E-13
     5311.88    3.12339E-13
     5314.62    3.15667E-13
     5317.36    3.08687E-13
     5320.10    3.09619E-13
     5322.84    3.10250E-13
     5325.58    3.08729E-13
     5328.32    3.09135E-13
     5331.06    3.12514E-13
     5333.80    3.09334E-13
     5336.54    3.12211E-13
     5339.28    3.10287E-13
     5342.02    3.08291E-13
     5344.76    3.12586E-13
     5347.50    3.09006E-13
     5350.24    3.04578E-13
     5352.98    3.04030E-13
     5355.72    3.11070E-13
     5358.46    3.09994E-13
     5361.20    3.07085E-13
     5363.94    3.04098E-13
     5366.68    3.05201E-13
     5369.42    3.04550E-13
     5372.16    3.07125E-13
     5374.90    3.05866E-13
     5377.64    3.05651E-13
     5380.38    3.10434E-13
     5383.12    3.06192E-13
     5385.86    3.05689E-13
     5388.60    3.07098E-13
     5391.34    3.05811E-13
     5394.08    3.05938E-13
     5396.82    3.03832E-13
     5399.56    3.08667E-13
     5402.30    3.05840E-13
     5405.04    3.00848E-13
     5407.78    3.00350E-13
     5410.52    3.02061E-13
     5413.26    3.00126E-13
     5416.00    3.03068E-13
     5418.74    3.02710E-13
     5421.48    3.01914E-13
     5424.22    3.03138E-13
     5426.96    3.01118E-13
     5429.70    3.00544E-13
     5432.44    2.99551E-13
     5435.18    3.01094E-13
     5437.92    3.01385E-13
     5440.66    3.00869E-13
     5443.40    2.98551E-13
     5446.14    2.93698E-13
     5448.88    3.00008E-13
     5451.62    2.99778E-13
     5454.36    2.99831E-13
     5457.10    2.96654E-13
     5459.84    3.00550E-13
     5462.58    3.00184E-13
     5465.32    2.98262E-13
     5468.06    2.95377E-13
     5470.80    2.98035E-13
     5473.54    2.95505E-13
     5476.28    2.98080E-13
     5479.02    3.00043E-13
     5481.76    2.98599E-13
     5484.50    2.97738E-13
     5487.24    2.97004E-13
     5489.98    3.00125E-13
     5492.72    3.41603E-13
     5495.46    2.97094E-13
     5498.20    2.99196E-13
     5500.94    2.97176E-13
     5503.68    2.94360E-13
     5506.42    2.93967E-13
     5509.16    2.96555E-13
     5511.90    2.96231E-13
     5514.64    2.90526E-13
     5517.38    2.94826E-13
     5520.12    2.95100E-13
     5522.86    2.91487E-13
     5525.60    2.90555E-13
     5528.34    2.89439E-13
     5531.08    2.89730E-13
     5533.82    2.94283E-13
     5536.56    2.93469E-13
     5539.30    2.94256E-13
     5542.04    2.97335E-13
     5544.78    2.90290E-13
     5547.52    2.88066E-13
     5550.26    2.95755E-13
     5553.00    2.92788E-13
     5555.74    2.91765E-13
     5558.48    2.93290E-13
     5561.22    2.91182E-13
     5563.96    2.93592E-13
     5566.70    2.92148E-13
     5569.44    2.89966E-13
     5572.18    2.89323E-13
     5574.92    2.89715E-13
     5577.66    2.91538E-13
     5580.40    2.90036E-13
     5583.14    2.91289E-13
     5585.88    2.89282E-13
     5588.62    2.89832E-13
     5591.36    2.90632E-13
     5594.10    2.87035E-13
     5596.84    2.86322E-13
     5599.58    2.85467E-13
     5602.32    2.86513E-13
     5605.06    2.90261E-13
     5607.80    2.96419E-13
     5610.54    2.93713E-13
     5613.28    2.88363E-13
     5616.02    2.88698E-13
     5618.76    2.87200E-13
     5621.50    2.87886E-13
     5624.24    2.86605E-13
     5626.98    2.86575E-13
     5629.72    2.87155E-13
     5632.46    2.85597E-13
     5635.20    2.90331E-13
     5637.94    2.84518E-13
     5640.68    2.84580E-13
     5643.42    2.86248E-13
     5646.16    2.86056E-13
     5648.90    2.90506E-13
     5651.64    2.80230E-13
     5654.38    2.80774E-13
     5657.12    2.84341E-13
     5659.86    2.81369E-13
     5662.60    2.78874E-13
     5665.34    2.79777E-13
     5668.08    2.77963E-13
     5670.82    2.72898E-13
     5673.56    2.74159E-13
     5676.30    2.78496E-13
     5679.04    2.82016E-13
     5681.78    2.84575E-13
     5684.52    2.85395E-13
     5687.26    2.83768E-13
     5690.00    2.78022E-13
     5692.74    2.75387E-13
     5695.48    2.74552E-13
     5698.22    2.77347E-13
     5700.96    2.79743E-13
     5703.70    2.71911E-13
     5706.44    2.67529E-13
     5709.18    2.74742E-13
     5711.92    2.77807E-13
     5714.66    2.76650E-13
     5717.40    2.76589E-13
     5720.14    2.76425E-13
     5722.88    2.74631E-13
     5725.62    2.73746E-13
     5728.36    2.77804E-13
     5731.10    2.78708E-13
     5733.84    2.72434E-13
     5736.58    2.73182E-13
     5739.32    2.78748E-13
     5742.06    2.76127E-13
     5744.80    2.71427E-13
     5747.54    2.71715E-13
     5750.28    2.72534E-13
     5753.02    2.72170E-13
     5755.76    2.73110E-13
     5758.50    2.76519E-13
     5761.24    2.73537E-13
     5763.98    2.67412E-13
     5766.72    2.66441E-13
     5769.46    2.66946E-13
     5772.20    2.66412E-13
     5774.94    2.68498E-13
     5777.68    2.75734E-13
     5780.42    2.79434E-13
     5783.16    2.80792E-13
     5785.90    2.77414E-13
     5788.64    2.72316E-13
     5791.38    2.71773E-13
     5794.12    2.72571E-13
     5796.86    2.74740E-13
     5799.60    2.74839E-13
     5802.34    2.71598E-13
     5805.08    2.72687E-13
     5807.82    2.75671E-13
     5810.56    2.72807E-13
     5813.30    2.69697E-13
     5816.04    2.73195E-13
     5818.78    2.73443E-13
     5821.52    2.64538E-13
     5824.26    2.64703E-13
     5827.00    2.72877E-13
     5829.74    2.71275E-13
     5832.48    2.66662E-13
     5835.22    2.67872E-13
     5837.96    2.68858E-13
     5840.70    2.65986E-13
     5843.44    2.64787E-13
     5846.18    2.66500E-13
     5848.92    2.65625E-13
     5851.66    2.63518E-13
     5854.40    2.63280E-13
     5857.14    2.63582E-13
     5859.88    2.63784E-13
     5862.62    2.63573E-13
     5865.36    2.61079E-13
     5868.10    2.64376E-13
     5870.84    2.74000E-13
     5873.58    2.73679E-13
     5876.32    2.68808E-13
     5879.06    2.64798E-13
     5881.80    2.61046E-13
     5884.54    2.57590E-13
     5887.28    2.56832E-13
     5890.02    2.60363E-13
     5892.76    2.61659E-13
     5895.50    2.61987E-13
     5898.24    2.61026E-13
     5900.98    2.59401E-13
     5903.72    2.56995E-13
     5906.46    2.57166E-13
     5909.20    2.63496E-13
     5911.94    2.65767E-13
     5914.68    2.64370E-13
     5917.42    2.60519E-13
     5920.16    2.55587E-13
     5922.90    2.57029E-13
     5925.64    2.59123E-13
     5928.38    2.58317E-13
     5931.12    2.56589E-13
     5933.86    2.52278E-13
     5936.60    2.54407E-13
     5939.34    2.61033E-13
     5942.08    2.59173E-13
     5944.82    2.55471E-13
     5947.56    2.58082E-13
     5950.30    2.59447E-13
     5953.04    2.55753E-13
     5955.78    2.53732E-13
     5958.52    2.52898E-13
     5961.26    2.56286E-13
     5964.00    2.61644E-13
     5966.74    2.60375E-13
     5969.48    2.58212E-13
     5972.22    2.59043E-13
     5974.96    2.60331E-13
     5977.70    2.62832E-13
     5980.44    2.61946E-13
     5983.18    2.58410E-13
     5985.92    2.53914E-13
     5988.66    2.50064E-13
     5991.40    2.53143E-13
     5994.14    2.55083E-13
     5996.88    2.50116E-13
     5999.62    2.49503E-13
     6002.36    2.54950E-13
     6005.10    2.54231E-13
     6007.84    2.50972E-13
     6010.58    2.52843E-13
     6013.32    2.55158E-13
     6016.06    2.53689E-13
     6018.80    2.53657E-13
     6021.54    2.57674E-13
     6024.28    2.57457E-13
     6027.02    2.53841E-13
     6029.76    2.52984E-13
     6032.50    2.53284E-13
     6035.24    2.55004E-13
     6037.98    2.55819E-13
     6040.72    2.53707E-13
     6043.46    2.51703E-13
     6046.20    2.50231E-13
     6048.94    2.46525E-13
     6051.68    2.41981E-13
     6054.42    2.45182E-13
     6057.16    2.49357E-13
     6059.90    2.47024E-13
     6062.64    2.45583E-13
     6065.38    2.46437E-13
     6068.12    2.49797E-13
     6070.86    2.56136E-13
     6073.60    2.54930E-13
     6076.34    2.50658E-13
     6079.08    2.48834E-13
     6081.82    2.49222E-13
     6084.56    2.55109E-13
     6087.30    2.56634E-13
     6090.04    2.51075E-13
     6092.78    2.49750E-13
     6095.52    2.50139E-13
     6098.26    2.48396E-13
     6101.00    2.46567E-13
     6103.74    2.46500E-13
     6106.48    2.46824E-13
     6109.22    2.47438E-13
     6111.96    2.47569E-13
     6114.70    2.47057E-13
     6117.44    2.49534E-13
     6120.18    2.52384E-13
     6122.92    2.47121E-13
     6125.66    2.42821E-13
     6128.40    2.47249E-13
     6131.14    2.49568E-13
     6133.88    2.48888E-13
     6136.62    2.45056E-13
     6139.36    2.38643E-13
     6142.10    2.37310E-13
     6144.84    2.38859E-13
     6147.58    2.45093E-13
     6150.32    2.47891E-13
     6153.06    2.40982E-13
     6155.80    2.39203E-13
     6158.54    2.43099E-13
     6161.28    2.39591E-13
     6164.02    2.33900E-13
     6166.76    2.38400E-13
     6169.50    2.43013E-13
     6172.24    2.39635E-13
     6174.98    2.37581E-13
     6177.72    2.38389E-13
     6180.46    2.39273E-13
     6183.20    2.40556E-13
     6185.94    2.40182E-13
     6188.68    2.39200E-13
     6191.42    2.38414E-13
     6194.16    2.38392E-13
     6196.90    2.40374E-13
     6199.64    2.40532E-13
     6202.38    2.38327E-13
     6205.12    2.39198E-13
     6207.86    2.40883E-13
     6210.60    2.35734E-13
     6213.34    2.31403E-13
     6216.08    2.35543E-13
     6218.82    2.39538E-13
     6221.56    2.43160E-13
     6224.30    2.42012E-13
     6227.04    2.36812E-13
     6229.78    2.33620E-13
     6232.52    2.31389E-13
     6235.26    2.31269E-13
     6238.00    2.32025E-13
     6240.74    2.33930E-13
     6243.48    2.33821E-13
     6246.22    2.30501E-13
     6248.96    2.32003E-13
     6251.70    2.35852E-13
     6254.44    2.36894E-13
     6257.18    2.36746E-13
     6259.92    2.35025E-13
     6262.66    2.34317E-13
     6265.40    2.36055E-13
     6268.14    2.36315E-13
     6270.88    2.35529E-13
     6273.62    2.34048E-13
     6276.36    2.32524E-13
     6279.10    2.32969E-13
     6281.84    2.34310E-13
     6284.58    2.37234E-13
     6287.32    2.37709E-13
     6290.06    2.34899E-13
     6292.80    2.32661E-13
     6295.54    2.30273E-13
     6298.28    2.27691E-13
     6301.02    2.25969E-13
     6303.76    2.27217E-13
     6306.50    2.28382E-13
     6309.24    2.27985E-13
     6311.98    2.29879E-13
     6314.72    2.34153E-13
     6317.46    2.33641E-13
     6320.20    2.30926E-13
     6322.94    2.28419E-13
     6325.68    2.26838E-13
     6328.42    2.27998E-13
     6331.16    2.28361E-13
     6333.90    2.26510E-13
     6336.64    2.29451E-13
     6339.38    2.34851E-13
     6342.12    2.27927E-13
     6344.86    2.19648E-13
     6347.60    2.23906E-13
     6350.34    2.27281E-13
     6353.08    2.24865E-13
     6355.82    2.24743E-13
     6358.56    2.26697E-13
     6361.30    2.27592E-13
     6364.04    2.28059E-13
     6366.78    2.28174E-13
     6369.52    2.27407E-13
     6372.26    2.24624E-13
     6375.00    2.22767E-13
     6377.74    2.22236E-13
     6380.48    2.22594E-13
     6383.22    2.23784E-13
     6385.96    2.23433E-13
     6388.70    2.22835E-13
     6391.44    2.23680E-13
     6394.18    2.23987E-13
     6396.92    2.22265E-13
     6399.66    2.22518E-13
     6402.40    2.25090E-13
     6405.14    2.25267E-13
     6407.88    2.24401E-13
     6410.62    2.23555E-13
     6413.36    2.23585E-13
     6416.10    2.27432E-13
     6418.84    2.27552E-13
     6421.58    2.20212E-13
     6424.32    2.18466E-13
     6427.06    2.20170E-13
     6429.80    2.20798E-13
     6432.54    2.21275E-13
     6435.28    2.20024E-13
     6438.02    2.21673E-13
     6440.76    2.32200E-13
     6443.50    2.34207E-13
     6446.24    2.25669E-13
     6448.98    2.24308E-13
     6451.72    2.25248E-13
     6454.46    2.21032E-13
     6457.20    2.16848E-13
     6459.94    2.16605E-13
     6462.68    2.17550E-13
     6465.42    2.20331E-13
     6468.16    2.20466E-13
     6470.90    2.18566E-13
     6473.64    2.19266E-13
     6476.38    2.20570E-13
     6479.12    2.20316E-13
     6481.86    2.19327E-13
     6484.60    2.16995E-13
     6487.34    2.16309E-13
     6490.08    2.17651E-13
     6492.82    2.19265E-13
     6495.56    2.20897E-13
     6498.30    2.16779E-13
     6501.04    2.12849E-13
     6503.78    2.16733E-13
     6506.52    2.18504E-13
     6509.26    2.14823E-13
     6512.00    2.12413E-13
     6514.74    2.10449E-13
     6517.48    2.12719E-13
     6520.22    2.16236E-13
     6522.96    2.14298E-13
     6525.70    2.12406E-13
     6528.44    2.14131E-13
     6531.18    2.13861E-13
     6533.92    2.10791E-13
     6536.66    2.08259E-13
     6539.40    2.05662E-13
     6542.14    2.03743E-13
     6544.88    2.01158E-13
     6547.62    1.95385E-13
     6550.36    1.90313E-13
     6553.10    1.89246E-13
     6555.84    1.80965E-13
     6558.58    1.65313E-13
     6561.32    1.58628E-13
     6564.06    1.57794E-13
     6566.80    1.66640E-13
     6569.54    1.78128E-13
     6572.28    1.88354E-13
     6575.02    1.96328E-13
     6577.76    2.01849E-13
     6580.50    2.04706E-13
     6583.24    2.05226E-13
     6585.98    2.07326E-13
     6588.72    2.08798E-13
     6591.46    2.06347E-13
     6594.20    2.05473E-13
     6596.94    2.09356E-13
     6599.68    2.10950E-13
     6602.42    2.10487E-13
     6605.16    2.10216E-13
     6607.90    2.09645E-13
     6610.64    2.08099E-13
     6613.38    2.07332E-13
     6616.12    2.09677E-13
     6618.86    2.10829E-13
     6621.60    2.09300E-13
     6624.34    2.10497E-13
     6627.08    2.13316E-13
     6629.82    2.13063E-13
     6632.56    2.11465E-13
     6635.30    2.08565E-13
     6638.04    2.07600E-13
     6640.78    2.11623E-13
     6643.52    2.13225E-13
     6646.26    2.12337E-13
     6649.00    2.12238E-13
     6651.74    2.11872E-13
     6654.48    2.08129E-13
     6657.22    2.05554E-13
     6659.96    2.09737E-13
     6662.70    2.11920E-13
     6665.44    2.09483E-13
     6668.18    2.09858E-13
     6670.92    2.11924E-13
     6673.66    2.08616E-13
     6676.40    2.04595E-13
     6679.14    2.08062E-13
     6681.88    2.10064E-13
     6684.62    2.04982E-13
     6687.36    2.03401E-13
     6690.10    2.06044E-13
     6692.84    2.06795E-13
     6695.58    2.07084E-13
     6698.32    2.08970E-13
     6701.06    2.09399E-13
     6703.80    2.03440E-13
     6706.54    2.00146E-13
     6709.28    2.02497E-13
     6712.02    2.03905E-13
     6714.76    2.05186E-13
     6717.50    2.05308E-13
     6720.24    2.04983E-13
     6722.98    2.05291E-13
     6725.72    2.05826E-13
     6728.46    2.06986E-13
     6731.20    2.06876E-13
     6733.94    2.04819E-13
     6736.68    2.04936E-13
     6739.42    2.06003E-13
     6742.16    2.05160E-13
     6744.90    2.03667E-13
     6747.64    2.01589E-13
     6750.38    2.00933E-13
     6753.12    2.02775E-13
     6755.86    2.04846E-13
     6758.60    2.07638E-13
     6761.34    2.05418E-13
     6764.08    2.01090E-13
     6766.82    1.98473E-13
     6769.56    1.97996E-13
     6772.30    2.02919E-13
     6775.04    2.03788E-13
     6777.78    1.97874E-13
     6780.52    1.97754E-13
     6783.26    2.00397E-13
     6786.00    2.00437E-13
     6788.74    1.99497E-13
     6791.48    1.97350E-13
     6794.22    1.96098E-13
     6796.96    1.97158E-13
     6799.70    1.96979E-13
     6802.44    1.95743E-13
     6805.18    1.94766E-13
     6807.92    1.94076E-13
     6810.66    1.94471E-13
     6813.40    1.96325E-13
     6816.14    2.01835E-13
     6818.88    2.03928E-13
     6821.62    2.00335E-13
     6824.36    1.99632E-13
     6827.10    1.99939E-13
     6829.84    1.96037E-13
     6832.58    1.92067E-13
     6835.32    1.93387E-13
     6838.06    1.95975E-13
     6840.80    2.01044E-13
     6843.54    1.99048E-13
     6846.28    1.88671E-13
     6849.02    1.90307E-13
     6851.76    1.96825E-13
     6854.50    1.97481E-13
     6857.24    1.96801E-13
     6859.98    1.95840E-13
     6862.72    1.95626E-13
     6865.46    1.97450E-13
     6868.20    1.95552E-13
     6870.94    1.91173E-13
     6873.68    1.92725E-13
     6876.42    1.95969E-13
     6879.16    1.96872E-13
     6881.90    1.96548E-13
     6884.64    1.94436E-13
     6887.38    1.92735E-13
     6890.12    1.91168E-13
     6892.86    1.91387E-13
     6895.60    1.92743E-13
     6898.34    1.94675E-13
     6901.08    1.95460E-13
     6903.82    1.91534E-13
     6906.56    1.89999E-13
     6909.30    1.93624E-13
     6912.04    1.94031E-13
     6914.78    1.92439E-13
     6917.52    1.92802E-13
     6920.26    1.93303E-13
     6923.00    1.91247E-13
     6925.74    1.89951E-13
     6928.48    1.91345E-13
     6931.22    1.92610E-13
     6933.96    1.94108E-13
     6936.70    1.93311E-13
     6939.44    1.91275E-13
     6942.18    1.91026E-13
     6944.92    1.91215E-13
     6947.66    1.90912E-13
     6950.40    1.91412E-13
     6953.14    1.93690E-13
     6955.88    1.94265E-13
     6958.62    1.93566E-13
     6961.36    1.92389E-13
     6964.10    1.90860E-13
     6966.84    1.89472E-13
     6969.58    1.88840E-13
     6972.32    1.89850E-13
     6975.06    1.90625E-13
     6977.80    1.91238E-13
     6980.54    1.90976E-13
     6983.28    1.90140E-13
     6986.02    1.89381E-13
     6988.76    1.89349E-13
     6991.50    1.92266E-13
     6994.24    1.93466E-13
     6996.98    1.90467E-13
     6999.72    1.89826E-13
     7002.46    1.91098E-13
     7005.20    1.90096E-13
     7007.94    1.88489E-13
     7010.68    1.88785E-13
     7013.42    1.89057E-13
     7016.16    1.88242E-13
     7018.90    1.87438E-13
     7021.64    1.86367E-13
     7024.38    1.86896E-13
     7027.12    1.88357E-13
     7029.86    1.87419E-13
     7032.60    1.85982E-13
     7035.34    1.86096E-13
     7038.08    1.85498E-13
     7040.82    1.82271E-13
     7043.56    1.82852E-13
     7046.30    1.87429E-13
     7049.04    1.86765E-13
     7051.78    1.84285E-13
     7054.52    1.84985E-13
     7057.26    1.86325E-13
     7060.00    1.87804E-13
     7062.74    1.87998E-13
     7065.48    1.85919E-13
     7068.22    1.85647E-13
     7070.96    1.86315E-13
     7073.70    1.86559E-13
     7076.44    1.86286E-13
     7079.18    1.83918E-13
     7081.92    1.82753E-13
     7084.66    1.84642E-13
     7087.40    1.86217E-13
     7090.14    1.87763E-13
     7092.88    1.88275E-13
     7095.62    1.87953E-13
     7098.36    1.86180E-13
     7101.10    1.84253E-13
     7103.84    1.83432E-13
     7106.58    1.82478E-13
     7109.32    1.80944E-13
     7112.06    1.80444E-13
     7114.80    1.80696E-13
     7117.54    1.81700E-13
     7120.28    1.82345E-13
     7123.02    1.79476E-13
     7125.76    1.77379E-13
     7128.50    1.78151E-13
     7131.24    1.79213E-13
     7133.98    1.81120E-13
     7136.72    1.79504E-13
     7139.46    1.76470E-13
     7142.20    1.78504E-13
     7144.94    1.81309E-13
     7147.68    1.82182E-13
     7150.42    1.82121E-13
     7153.16    1.80597E-13
     7155.90    1.80129E-13
     7158.64    1.80326E-13
     7161.38    1.81435E-13
     7164.12    1.82438E-13
     7166.86    1.80322E-13
     7169.60    1.78888E-13
     7172.34    1.79514E-13
     7175.08    1.82877E-13
     7177.82    1.91447E-13
     7180.56    1.88141E-13
     7183.30    1.78639E-13
     7186.04    1.75732E-13
     7188.78    1.75355E-13
     7191.52    1.77786E-13
     7194.26    1.78983E-13
     7197.00    1.77027E-13
     7199.74    1.76607E-13
     7202.48    1.77222E-13
     7205.22    1.77932E-13
     7207.96    1.78429E-13
     7210.70    1.77286E-13
     7213.44    1.75316E-13
     7216.18    1.71660E-13
     7218.92    1.70830E-13
     7221.66    1.73713E-13
     7224.40    1.76412E-13
     7227.14    1.79305E-13
     7229.88    1.78465E-13
     7232.62    1.76544E-13
     7235.36    1.76237E-13
     7238.10    1.75012E-13
     7240.84    1.71243E-13
     7243.58    1.70129E-13
     7246.32    1.71248E-13
     7249.06    1.73412E-13
     7251.80    1.75867E-13
     7254.54    1.74706E-13
     7257.28    1.73883E-13
     7260.02    1.76343E-13
     7262.76    1.77896E-13
     7265.50    1.78301E-13
     7268.24    1.77594E-13
     7270.98    1.75979E-13
     7273.72    1.75445E-13
     7276.46    1.75219E-13
     7279.20    1.74706E-13
     7281.94    1.74684E-13
     7284.68    1.75661E-13
     7287.42    1.76288E-13
     7290.16    1.76708E-13
     7292.90    1.76162E-13
     7295.64    1.75388E-13
     7298.38    1.77247E-13
     7301.12    1.78258E-13
     7303.86    1.74744E-13
     7306.60    1.73186E-13
     7309.34    1.75426E-13
     7312.08    1.75055E-13
     7314.82    1.73357E-13
     7317.56    1.73663E-13
     7320.30    1.74109E-13
     7323.04    1.72362E-13
     7325.78    1.70834E-13
     7328.52    1.70342E-13
     7331.26    1.70292E-13
     7334.00    1.70983E-13
     7336.74    1.69511E-13
     7339.48    1.67295E-13
     7342.22    1.68197E-13
     7344.96    1.69397E-13
     7347.70    1.68382E-13
     7350.44    1.68975E-13
     7353.18    1.73564E-13
     7355.92    1.72377E-13
     7358.66    1.67198E-13
     7361.40    1.69047E-13
     7364.14    1.72756E-13
     7366.88    1.73618E-13
     7369.62    1.72253E-13
     7372.36    1.66330E-13
     7375.10    1.64319E-13
     7377.84    1.66805E-13
     7380.58    1.68008E-13
     7383.32    1.69102E-13
     7386.06    1.70200E-13
     7388.80    1.70903E-13
     7391.54    1.70836E-13
     7394.28    1.70053E-13
     7397.02    1.68015E-13
     7399.76    1.67184E-13
     7402.50    1.67211E-13
     7405.24    1.66954E-13
     7407.98    1.66502E-13
     7410.72    1.64734E-13
     7413.46    1.64252E-13
     7416.20    1.67557E-13
     7418.94    1.69171E-13
     7421.68    1.68469E-13
     7424.42    1.69657E-13
     7427.16    1.71285E-13
     7429.90    1.67742E-13
     7432.64    1.64584E-13
     7435.38    1.68907E-13
     7438.12    1.71074E-13
     7440.86    1.67536E-13
     7443.60    1.66580E-13
     7446.34    1.67432E-13
     7449.08    1.66606E-13
     7451.82    1.65502E-13
     7454.56    1.66213E-13
     7457.30    1.66760E-13
     7460.04    1.65990E-13
     7462.78    1.65181E-13
     7465.52    1.63649E-13
     7468.26    1.65929E-13
     7471.00    1.70271E-13
     7473.74    1.68817E-13
     7476.48    1.65782E-13
     7479.22    1.63932E-13
     7481.96    1.63304E-13
     7484.70    1.65206E-13
     7487.44    1.64818E-13
     7490.18    1.62280E-13
     7492.92    1.62606E-13
     7495.66    1.64155E-13
     7498.40    1.66048E-13
     7501.14    1.66399E-13
     7503.88    1.62028E-13
     7506.62    1.59851E-13
     7509.36    1.61127E-13
     7512.10    1.61928E-13
     7514.84    1.62864E-13
     7517.58    1.62236E-13
     7520.32    1.61111E-13
     7523.06    1.60374E-13
     7525.80    1.60134E-13
     7528.54    1.60823E-13
     7531.28    1.61115E-13
     7534.02    1.61043E-13
     7536.76    1.61413E-13
     7539.50    1.61741E-13
     7542.24    1.60189E-13
     7544.98    1.59277E-13
     7547.72    1.62099E-13
     7550.46    1.62634E-13
     7553.20    1.58521E-13
     7555.94    1.58790E-13
     7558.68    1.61547E-13
     7561.42    1.58295E-13
     7564.16    1.54940E-13
     7566.90    1.60835E-13
     7569.64    1.64836E-13
     7572.38    1.61222E-13
     7575.12    1.60202E-13
     7577.86    1.61831E-13
     7580.60    1.62416E-13
     7583.34    1.62270E-13
     7586.08    1.57908E-13
     7588.82    1.54893E-13
     7591.56    1.60251E-13
     7594.30    1.62588E-13
     7597.04    1.58563E-13
     7599.78    1.57420E-13
     7602.52    1.57759E-13
     7605.26    1.55885E-13
     7608.00    1.54265E-13
     7610.74    1.57567E-13
     7613.48    1.59867E-13
     7616.22    1.57745E-13
     7618.96    1.56639E-13
     7621.70    1.56554E-13
     7624.44    1.56975E-13
     7627.18    1.57725E-13
     7629.92    1.57214E-13
     7632.66    1.56694E-13
     7635.40    1.57258E-13
     7638.14    1.57926E-13
     7640.88    1.58580E-13
     7643.62    1.59372E-13
     7646.36    1.60354E-13
     7649.10    1.57583E-13
     7651.84    1.54170E-13
     7654.58    1.56814E-13
     7657.32    1.58530E-13
     7660.06    1.54836E-13
     7662.80    1.52999E-13
     7665.54    1.53362E-13
     7668.28    1.54447E-13
     7671.02    1.56179E-13
     7673.76    1.55831E-13
     7676.50    1.55524E-13
     7679.24    1.58255E-13
     7681.98    1.58831E-13
     7684.72    1.54523E-13
     7687.46    1.53050E-13
     7690.20    1.53767E-13
     7692.94    1.51706E-13
     7695.68    1.49402E-13
     7698.42    1.51774E-13
     7701.16    1.54166E-13
     7703.90    1.54153E-13
     7706.64    1.53365E-13
     7709.38    1.51095E-13
     7712.12    1.51461E-13
     7714.86    1.53332E-13
     7717.60    1.54717E-13
     7720.34    1.55082E-13
     7723.08    1.51486E-13
     7725.82    1.49830E-13
     7728.56    1.53520E-13
     7731.30    1.53997E-13
     7734.04    1.51727E-13
     7736.78    1.50520E-13
     7739.52    1.49186E-13
     7742.26    1.45395E-13
     7745.00    1.43190E-13
     7747.74    1.46476E-13
     7750.48    1.49217E-13
     7753.22    1.51467E-13
     7755.96    1.50817E-13
     7758.70    1.48152E-13
     7761.44    1.48103E-13
     7764.18    1.49187E-13
     7766.92    1.52163E-13
     7769.66    1.52532E-13
     7772.40    1.46162E-13
     7775.14    1.44565E-13
     7777.88    1.47695E-13
     7780.62    1.48562E-13
     7783.36    1.48777E-13
     7786.10    1.48784E-13
     7788.84    1.48566E-13
     7791.58    1.48402E-13
     7794.32    1.47520E-13
     7797.06    1.44959E-13
     7799.80    1.45117E-13
     7802.54    1.47062E-13
     7805.28    1.46334E-13
     7808.02    1.45200E-13
     7810.76    1.46202E-13
     7813.50    1.47318E-13
     7816.24    1.48396E-13
     7818.98    1.47724E-13
     7821.72    1.44716E-13
     7824.46    1.45091E-13
     7827.20    1.46900E-13
     7829.94    1.46760E-13
     7832.68    1.45987E-13
     7835.42    1.44402E-13
     7838.16    1.44152E-13
     7840.90    1.46445E-13
     7843.64    1.47306E-13
     7846.38    1.47340E-13
     7849.12    1.45802E-13
     7851.86    1.43989E-13
     7854.60    1.44865E-13
     7857.34    1.45500E-13
     7860.08    1.44312E-13
     7862.82    1.43715E-13
     7865.56    1.43477E-13
     7868.30    1.45642E-13
     7871.04    1.48718E-13
     7873.78    1.45402E-13
     7876.52    1.41386E-13
     7879.26    1.41540E-13
     7882.00    1.42145E-13
     7884.74    1.42425E-13
     7887.48    1.44109E-13
     7890.22    1.47107E-13
     7892.96    1.46840E-13
     7895.70    1.45441E-13
     7898.44    1.46084E-13
     7901.18    1.45888E-13
     7903.92    1.42703E-13
     7906.66    1.40905E-13
     7909.40    1.40990E-13
     7912.14    1.40257E-13
     7914.88    1.39468E-13
     7917.62    1.41072E-13
     7920.36    1.42737E-13
     7923.10    1.41546E-13
     7925.84    1.40967E-13
     7928.58    1.41959E-13
     7931.32    1.43310E-13
     7934.06    1.45280E-13
     7936.80    1.44240E-13
     7939.54    1.42348E-13
     7942.28    1.44362E-13
     7945.02    1.45636E-13
     7947.76    1.41823E-13
     7950.50    1.42083E-13
     7953.24    1.50158E-13
     7955.98    1.47650E-13
     7958.72    1.39576E-13
     7961.46    1.40900E-13
     7964.20    1.44006E-13
     7966.94    1.42766E-13
     7969.68    1.41013E-13
     7972.42    1.39283E-13
     7975.16    1.37698E-13
     7977.90    1.35877E-13
     7980.64    1.38992E-13
     7983.38    1.43951E-13
     7986.12    1.43521E-13
     7988.86    1.42435E-13
     7991.60    1.43464E-13
     7994.34    1.43485E-13
     7997.08    1.42085E-13
     7999.82    1.40099E-13
     8002.56    1.37562E-13
     8005.30    1.37436E-13
     8008.04    1.38453E-13
     8010.78    1.40627E-13
     8013.52    1.41035E-13
     8016.26    1.37018E-13
     8019.00    1.35410E-13
     8021.74    1.35882E-13
     8024.48    1.38343E-13
     8027.22    1.41675E-13
     8029.96    1.40833E-13
     8032.70    1.39383E-13
     8035.44    1.39320E-13
     8038.18    1.39933E-13
     8040.92    1.41711E-13
     8043.66    1.42420E-13
     8046.40    1.42440E-13
     8049.14    1.40192E-13
     8051.88    1.37591E-13
     8054.62    1.37945E-13
     8057.36    1.38847E-13
     8060.10    1.40603E-13
     8062.84    1.39057E-13
     8065.58    1.32855E-13
     8068.32    1.34451E-13
     8071.06    1.39632E-13
     8073.80    1.41419E-13
     8076.54    1.40752E-13
     8079.28    1.34560E-13
     8082.02    1.31395E-13
     8084.76    1.33890E-13
     8087.50    1.36032E-13
     8090.24    1.38627E-13
     8092.98    1.40185E-13
     8095.72    1.41295E-13
     8098.46    1.43430E-13
     8101.20    1.42948E-13
     8103.94    1.35445E-13
     8106.68    1.32740E-13
     8109.42    1.36101E-13
     8112.16    1.36709E-13
     8114.90    1.36469E-13
     8117.64    1.36175E-13
     8120.38    1.35524E-13
     8123.12    1.34283E-13
     8125.86    1.32954E-13
     8128.60    1.30590E-13
     8131.34    1.32214E-13
     8134.08    1.37365E-13
     8136.82    1.39460E-13
     8139.56    1.39983E-13
     8142.30    1.38152E-13
     8145.04    1.36232E-13
     8147.78    1.35740E-13
     8150.52    1.35238E-13
     8153.26    1.34695E-13
     8156.00    1.33954E-13
     8158.74    1.33307E-13
     8161.48    1.35333E-13
     8164.22    1.37831E-13
     8166.96    1.39151E-13
     8169.70    1.38568E-13
     8172.44    1.35048E-13
     8175.18    1.31483E-13
     8177.92    1.27289E-13
     8180.66    1.27623E-13
     8183.40    1.30387E-13
     8186.14    1.34061E-13
     8188.88    1.35921E-13
     8191.62    1.31753E-13
     8194.36    1.30282E-13
     8197.10    1.33211E-13
     8199.84    1.34203E-13
     8202.58    1.34422E-13
     8205.32    1.32745E-13
     8208.06    1.31146E-13
     8210.80    1.33156E-13
     8213.54    1.34309E-13
     8216.28    1.32030E-13
     8219.02    1.33133E-13
     8221.76    1.37884E-13
     8224.50    1.36445E-13
     8227.24    1.32424E-13
     8229.98    1.30236E-13
     8232.72    1.29994E-13
     8235.46    1.34683E-13
     8238.20    1.36354E-13
     8240.94    1.32768E-13
     8243.68    1.31230E-13
     8246.42    1.30491E-13
     8249.16    1.32382E-13
     8251.90    1.34811E-13
     8254.64    1.34708E-13
     8257.38    1.33983E-13
     8260.12    1.32946E-13
     8262.86    1.31802E-13
     8265.60    1.30243E-13
     8268.34    1.31341E-13
     8271.08    1.33476E-13
     8273.82    1.32219E-13
     8276.56    1.30492E-13
     8279.30    1.30453E-13
     8282.04    1.29412E-13
     8284.78    1.25847E-13
     8287.52    1.26041E-13
     8290.26    1.28800E-13
     8293.00    1.26108E-13
     8295.74    1.22951E-13
     8298.48    1.26834E-13
     8301.22    1.30406E-13
     8303.96    1.30837E-13
     8306.70    1.30396E-13
     8309.44    1.28715E-13
     8312.18    1.28393E-13
     8314.92    1.28561E-13
     8317.66    1.27132E-13
     8320.40    1.26506E-13
     8323.14    1.30038E-13
     8325.88    1.31660E-13
     8328.62    1.29028E-13
     8331.36    1.29010E-13
     8334.10    1.30704E-13
     8336.84    1.28091E-13
     8339.58    1.25323E-13
     8342.32    1.31211E-13
     8345.06    1.34655E-13
     8347.80    1.27583E-13
     8350.54    1.25446E-13
     8353.28    1.30000E-13
     8356.02    1.29889E-13
     8358.76    1.27766E-13
     8361.50    1.25286E-13
     8364.24    1.24038E-13
     8366.98    1.28638E-13
     8369.72    1.29971E-13
     8372.46    1.23093E-13
     8375.20    1.22802E-13
     8377.94    1.27683E-13
     8380.68    1.28275E-13
     8383.42    1.27495E-13
     8386.16    1.27139E-13
     8388.90    1.27233E-13
     8391.64    1.29268E-13
     8394.38    1.28354E-13
     8397.12    1.22211E-13
     8399.86    1.23508E-13
     8402.60    1.28521E-13
     8405.34    1.26675E-13
     8408.08    1.23495E-13
     8410.82    1.22919E-13
     8413.56    1.23258E-13
     8416.30    1.24993E-13
     8419.04    1.25270E-13
     8421.78    1.24140E-13
     8424.52    1.25983E-13
     8427.26    1.28682E-13
     8430.00    1.28627E-13
     8432.74    1.27480E-13
     8435.48    1.24975E-13
     8438.22    1.23962E-13
     8440.96    1.25495E-13
     8443.70    1.25138E-13
     8446.44    1.23931E-13
     8449.18    1.24538E-13
     8451.92    1.24788E-13
     8454.66    1.20863E-13
     8457.40    1.18990E-13
     8460.14    1.23286E-13
     8462.88    1.22809E-13
     8465.62    1.17271E-13
     8468.36    1.19494E-13
     8471.10    1.24449E-13
     8473.84    1.23357E-13
     8476.58    1.21296E-13
     8479.32    1.20272E-13
     8482.06    1.20485E-13
     8484.80    1.23002E-13
     8487.54    1.23219E-13
     8490.28    1.22030E-13
     8493.02    1.19251E-13
     8495.76    1.16673E-13
     8498.50    1.18110E-13
     8501.24    1.19890E-13
     8503.98    1.20306E-13
     8506.72    1.22611E-13
     8509.46    1.27566E-13
     8512.20    1.26745E-13
     8514.94    1.23307E-13
     8517.68    1.23240E-13
     8520.42    1.23906E-13
     8523.16    1.24555E-13
     8525.90    1.24606E-13
     8528.64    1.24261E-13
     8531.38    1.21735E-13
     8534.12    1.17403E-13
     8536.86    1.15681E-13
     8539.60    1.15044E-13
     8542.34    1.14511E-13
     8545.08    1.14584E-13
     8547.82    1.15414E-13
     8550.56    1.16897E-13
     8553.30    1.19859E-13
     8556.04    1.17445E-13
     8558.78    1.12763E-13
     8561.52    1.15570E-13
     8564.26    1.19996E-13
     8567.00    1.22650E-13
     8569.74    1.24045E-13
     8572.48    1.24408E-13
     8575.22    1.21856E-13
     8577.96    1.16580E-13
     8580.70    1.14333E-13
     8583.44    1.13846E-13
     8586.18    1.16400E-13
     8588.92    1.18329E-13
     8591.66    1.16434E-13
     8594.40    1.16831E-13
     8597.14    1.20711E-13
     8599.88    1.20578E-13
     8602.62    1.18596E-13
     8605.36    1.19219E-13
     8608.10    1.20701E-13
     8610.84    1.22853E-13
     8613.58    1.23894E-13
     8616.32    1.23049E-13
     8619.06    1.21756E-13
     8621.80    1.19827E-13
     8624.54    1.17958E-13
     8627.28    1.16518E-13
     8630.02    1.17330E-13
     8632.76    1.18717E-13
     8635.50    1.20130E-13
     8638.24    1.20952E-13
     8640.98    1.21370E-13
     8643.72    1.19951E-13
     8646.46    1.17294E-13
     8649.20    1.15779E-13
     8651.94    1.15465E-13
     8654.68    1.19164E-13
     8657.42    1.19635E-13
     8660.16    1.11998E-13
     8662.90    1.09711E-13
     8665.64    1.11810E-13
     8668.38    1.15272E-13
     8671.12    1.19325E-13
     8673.86    1.18713E-13
     8676.60    1.17723E-13
     8679.34    1.19144E-13
     8682.08    1.19663E-13
     8684.82    1.18208E-13
     8687.56    1.19429E-13
     8690.30    1.22103E-13
     8693.04    1.21494E-13
     8695.78    1.20096E-13
     8698.52    1.20443E-13
     8701.26    1.20209E-13
     8704.00    1.18150E-13
     8706.74    1.17432E-13
     8709.48    1.18156E-13
     8712.22    1.16896E-13
     8714.96    1.14860E-13
     8717.70    1.13709E-13
     8720.44    1.13094E-13
     8723.18    1.12546E-13
     8725.92    1.14221E-13
     8728.66    1.20313E-13
     8731.40    1.21393E-13
     8734.14    1.19306E-13
     8736.88    1.16684E-13
     8739.62    1.13671E-13
     8742.36    1.11811E-13
     8745.10    1.10160E-13
     8747.84    1.07726E-13
     8750.58    1.08104E-13
     8753.32    1.12159E-13
     8756.06    1.10592E-13
     8758.80    1.07056E-13
     8761.54    1.10277E-13
     8764.28    1.13799E-13
     8767.02    1.12595E-13
     8769.76    1.11857E-13
     8772.50    1.12338E-13
     8775.24    1.13198E-13
     8777.98    1.14498E-13
     8780.72    1.14485E-13
     8783.46    1.14176E-13
     8786.20    1.15039E-13
     8788.94    1.15828E-13
     8791.68    1.15491E-13
     8794.42    1.17090E-13
     8797.16    1.22701E-13
     8799.90    1.15361E-13
     8802.64    1.02470E-13
     8805.38    1.09023E-13
     8808.12    1.17209E-13
     8810.86    1.11042E-13
     8813.60    1.07997E-13
     8816.34    1.13195E-13
     8819.08    1.14426E-13
     8821.82    1.13107E-13
     8824.56    1.13393E-13
     8827.30    1.14010E-13
     8830.04    1.14024E-13
     8832.78    1.14155E-13
     8835.52    1.15811E-13
     8838.26    1.14074E-13
     8841.00    1.06852E-13
     8843.74    1.06932E-13
     8846.48    1.10564E-13
     8849.22    1.09366E-13
     8851.96    1.07284E-13
     8854.70    1.06903E-13
     8857.44    1.06237E-13
     8860.18    1.04126E-13
     8862.92    1.04710E-13
     8865.66    1.07811E-13
     8868.40    1.07392E-13
     8871.14    1.05583E-13
     8873.88    1.03902E-13
     8876.62    1.03525E-13
     8879.36    1.06176E-13
     8882.10    1.08919E-13
     8884.84    1.12097E-13
     8887.58    1.13202E-13
     8890.32    1.12963E-13
     8893.06    1.13022E-13
     8895.80    1.12767E-13
     8898.54    1.10843E-13
     8901.28    1.11299E-13
     8904.02    1.18160E-13
     8906.76    1.18095E-13
     8909.50    1.11263E-13
     8912.24    1.11715E-13
     8914.98    1.14567E-13
     8917.72    1.13325E-13
     8920.46    1.12190E-13
     8923.20    1.13999E-13
     8925.94    1.14285E-13
     8928.68    1.12100E-13
     8931.42    1.10423E-13
     8934.16    1.08826E-13
     8936.90    1.09655E-13
     8939.64    1.11077E-13
     8942.38    1.10875E-13
     8945.12    1.10361E-13
     8947.86    1.09568E-13
     8950.60    1.09227E-13
     8953.34    1.08874E-13
     8956.08    1.13933E-13
     8958.82    1.20488E-13
     8961.56    1.15335E-13
     8964.30    1.10200E-13
     8967.04    1.14659E-13
     8969.78    1.17019E-13
     8972.52    1.15064E-13
     8975.26    1.14445E-13
     8978.00    1.14235E-13
     8980.74    1.11786E-13
     8983.48    1.09279E-13
     8986.22    1.10561E-13
     8988.96    1.11259E-13
     8991.70    1.09311E-13
     8994.44    1.07693E-13
     8997.18    1.06296E-13
     8999.92    1.05113E-13
     9002.66    1.04304E-13
     9005.40    1.05527E-13
     9008.14    1.06132E-13
     9010.88    1.02961E-13
     9013.62    1.00375E-13
     9016.36    9.86919E-14
     9019.10    9.91186E-14
     9021.84    1.01398E-13
     9024.58    1.03844E-13
     9027.32    1.05916E-13
     9030.06    1.04537E-13
     9032.80    1.04027E-13
     9035.54    1.07400E-13
     9038.28    1.09017E-13
     9041.02    1.08648E-13
     9043.76    1.07966E-13
     9046.50    1.06988E-13
     9049.24    1.08074E-13
     9051.98    1.09355E-13
     9054.72    1.09351E-13
     9057.46    1.08744E-13
     9060.20    1.06699E-13
     9062.94    1.07432E-13
     9065.68    1.10494E-13
     9068.42    1.11079E-13
     9071.16    1.10885E-13
     9073.90    1.12387E-13
     9076.64    1.11602E-13
     9079.38    1.03201E-13
     9082.12    1.01677E-13
     9084.86    1.10442E-13
     9087.60    1.10579E-13
     9090.34    1.06990E-13
     9093.08    1.08259E-13
     9095.82    1.10847E-13
     9098.56    1.13806E-13
     9101.30    1.14800E-13
     9104.04    1.12156E-13
     9106.78    1.10206E-13
     9109.52    1.08476E-13
     9112.26    1.07539E-13
     9115.00    1.07156E-13
     9117.74    1.07445E-13
     9120.48    1.07320E-13
     9123.22    1.05151E-13
     9125.96    1.04806E-13
     9128.70    1.07398E-13
     9131.44    1.08310E-13
     9134.18    1.08352E-13
     9136.92    1.05260E-13
     9139.66    1.02317E-13
     9142.40    1.04956E-13
     9145.14    1.06600E-13
     9147.88    1.04394E-13
     9150.62    1.04152E-13
     9153.36    1.05623E-13
     9156.10    1.06717E-13
     9158.84    1.07523E-13
     9161.58    1.06386E-13
     9164.32    1.05184E-13
     9167.06    1.04957E-13
     9169.80    1.05701E-13
     9172.54    1.08588E-13
     9175.28    1.07841E-13
     9178.02    1.04866E-13
     9180.76    1.04436E-13
     9183.50    1.05019E-13
     9186.24    1.06623E-13
     9188.98    1.07309E-13
     9191.72    1.06024E-13
     9194.46    1.04058E-13
     9197.20    1.00855E-13
     9199.94    1.01774E-13
     9202.68    1.04169E-13
     9205.42    1.01383E-13
     9208.16    9.77904E-14
     9210.90    9.57171E-14
     9213.64    9.44579E-14
     9216.38    9.41126E-14
     9219.12    9.43509E-14
     9221.86    9.52049E-14
     9224.60    9.59100E-14
     9227.34    9.58814E-14
     9230.08    9.22551E-14
     9232.82    9.03759E-14
     9235.56    9.35949E-14
     9238.30    9.60138E-14
     9241.04    9.77955E-14
     9243.78    9.90104E-14
     9246.52    9.96882E-14
     9249.26    9.93172E-14
     9252.00    9.92767E-14
     9254.74    1.01403E-13
     9257.48    1.03143E-13
     9260.22    1.04351E-13
     9262.96    1.04067E-13
     9265.70    1.02472E-13
     9268.44    1.00073E-13
     9271.18    9.77461E-14
     9273.92    9.82561E-14
     9276.66    9.89438E-14
     9279.40    9.81841E-14
     9282.14    9.89367E-14
     9284.88    1.02083E-13
     9287.62    1.01462E-13
     9290.36    9.90317E-14
     9293.10    9.91318E-14
     9295.84    9.98613E-14
     9298.58    1.00298E-13
     9301.32    1.00809E-13
     9304.06    1.01576E-13
     9306.80    1.01969E-13
     9309.54    1.02150E-13
     9312.28    9.89299E-14
     9315.02    9.52438E-14
     9317.76    9.79730E-14
     9320.50    1.00922E-13
     9323.24    1.00628E-13
     9325.98    1.01272E-13
     9328.72    1.03660E-13
     9331.46    1.03596E-13
     9334.20    1.02116E-13
     9336.94    1.00161E-13
     9339.68    9.91530E-14
     9342.42    1.03315E-13
     9345.16    1.04456E-13
     9347.90    9.75185E-14
     9350.64    9.70492E-14
     9353.38    1.02233E-13
     9356.12    1.02370E-13
     9358.86    1.00919E-13
     9361.60    1.01556E-13
     9364.34    1.01670E-13
     9367.08    9.94936E-14
     9369.82    9.79225E-14
     9372.56    9.78422E-14
     9375.30    9.48054E-14
     9378.04    9.03992E-14
     9380.78    9.50684E-14
     9383.52    1.01049E-13
     9386.26    9.89716E-14
     9389.00    9.71774E-14
     9391.74    9.81593E-14
     9394.48    9.87681E-14
     9397.22    9.90093E-14
     9399.96    1.01862E-13
     9402.70    1.04784E-13
     9405.44    9.85910E-14
     9408.18    9.34482E-14
     9410.92    9.80753E-14
     9413.66    1.00743E-13
     9416.40    9.95216E-14
     9419.14    9.95120E-14
     9421.88    9.98109E-14
     9424.62    9.87416E-14
     9427.36    9.68975E-14
     9430.10    9.29974E-14
     9432.84    9.26504E-14
     9435.58    1.01691E-13
     9438.32    1.03474E-13
     9441.06    9.76476E-14
     9443.80    9.42417E-14
     9446.54    9.23598E-14
     9449.28    1.00160E-13
     9452.02    1.06521E-13
     9454.76    9.97666E-14
     9457.50    9.56596E-14
     9460.24    9.73058E-14
     9462.98    9.82411E-14
     9465.72    9.93147E-14
     9468.46    9.75297E-14
     9471.20    9.50409E-14
     9473.94    9.48291E-14
     9476.68    9.53346E-14
     9479.42    9.69855E-14
     9482.16    9.65487E-14
     9484.90    9.32054E-14
     9487.64    9.39541E-14
     9490.38    9.66351E-14
     9493.12    9.86369E-14
     9495.86    9.84456E-14
     9498.60    9.10364E-14
     9501.34    8.74778E-14
     9504.08    9.15647E-14
     9506.82    9.41208E-14
     9509.56    9.63788E-14
     9512.30    9.57185E-14
     9515.04    9.36535E-14
     9517.78    9.17154E-14
     9520.52    9.06956E-14
     9523.26    9.17455E-14
     9526.00    9.27834E-14
     9528.74    9.42609E-14
     9531.48    9.31836E-14
     9534.22    9.04930E-14
     9536.96    8.73274E-14
     9539.70    8.50996E-14
     9542.44    8.75588E-14
     9545.18    8.76575E-14
     9547.92    8.21125E-14
     9550.66    7.94054E-14
     9553.40    7.84677E-14
     9556.14    8.27179E-14
     9558.88    8.89215E-14
     9561.62    9.03599E-14
     9564.36    9.04146E-14
     9567.10    8.94618E-14
     9569.84    8.96084E-14
     9572.58    9.19575E-14
     9575.32    9.02526E-14
     9578.06    8.65875E-14
     9580.80    8.95016E-14
     9583.54    9.31838E-14
     9586.28    9.11166E-14
     9589.02    9.06455E-14
     9591.76    9.47829E-14
     9594.50    9.69107E-14
     9597.24    9.76433E-14
     9599.98    9.62967E-14
     9602.72    9.38222E-14
     9605.46    9.24789E-14
     9608.20    9.17586E-14
     9610.94    9.18556E-14
     9613.68    9.23142E-14
     9616.42    9.37898E-14
     9619.16    9.25788E-14
     9621.90    8.98056E-14
     9624.64    9.02026E-14
     9627.38    9.21312E-14
     9630.12    9.65675E-14
     9632.86    9.76443E-14
     9635.60    9.02322E-14
     9638.34    8.86988E-14
     9641.08    9.28948E-14
     9643.82    9.32374E-14
     9646.56    9.23691E-14
     9649.30    9.25470E-14
     9652.04    9.27158E-14
     9654.78    9.26527E-14
     9657.52    9.18925E-14
     9660.26    8.92335E-14
     9663.00    9.07526E-14
     9665.74    9.49184E-14
     9668.48    9.06962E-14
     9671.22    8.52246E-14
     9673.96    8.81156E-14
     9676.70    9.05956E-14
     9679.44    8.90348E-14
     9682.18    8.89153E-14
     9684.92    9.01415E-14
     9687.66    9.20694E-14
     9690.40    9.41442E-14
     9693.14    9.25443E-14
     9695.88    9.10113E-14
     9698.62    9.33898E-14
     9701.36    9.40206E-14
     9704.10    9.17861E-14
     9706.84    8.83657E-14
     9709.58    8.36276E-14
     9712.32    8.55063E-14
     9715.06    8.87754E-14
     9717.80    8.44994E-14
     9720.54    8.25823E-14
     9723.28    8.95430E-14
     9726.02    9.20709E-14
     9728.76    8.94805E-14
     9731.50    8.86600E-14
     9734.24    8.77538E-14
     9736.98    8.26099E-14
     9739.72    7.85065E-14
     9742.46    8.07083E-14
     9745.20    8.50189E-14
     9747.94    9.35903E-14
     9750.68    9.36775E-14
     9753.42    8.69194E-14
     9756.16    8.79513E-14
     9758.90    9.11475E-14
     9761.64    9.10304E-14
     9764.38    9.03657E-14
     9767.12    8.93075E-14
     9769.86    8.99492E-14
     9772.60    9.35854E-14
     9775.34    9.19003E-14
     9778.08    8.75337E-14
     9780.82    8.72404E-14
     9783.56    8.76459E-14
     9786.30    8.53320E-14
     9789.04    8.62191E-14
     9791.78    9.46219E-14
     9794.52    9.62278E-14
     9797.26    9.23942E-14
     9800.00    8.88039E-14
     9802.74    8.55690E-14
     9805.48    8.79103E-14
     9808.22    8.96491E-14
     9810.96    8.57569E-14
     9813.70    8.49983E-14
     9816.44    8.92302E-14
     9819.18    9.00917E-14
     9821.92    8.93421E-14
     9824.66    8.75014E-14
     9827.40    8.56053E-14
     9830.14    8.47664E-14
     9832.88    8.63918E-14
     9835.62    9.35547E-14
     9838.36    9.47075E-14
     9841.10    9.03300E-14
     9843.84    8.89157E-14
     9846.58    8.80969E-14
     9849.32    8.57527E-14
     9852.06    8.41431E-14
     9854.80    8.53229E-14
     9857.54    8.57532E-14
     9860.28    8.44028E-14
     9863.02    8.54061E-14
     9865.76    8.77471E-14
     9868.50    8.83578E-14
     9871.24    8.78213E-14
     9873.98    8.47581E-14
     9876.72    8.31922E-14
     9879.46    8.53100E-14
     9882.20    8.72649E-14
     9884.94    8.96828E-14
     9887.68    8.74864E-14
     9890.42    8.39025E-14
     9893.16    8.94703E-14
     9895.90    9.31022E-14
     9898.64    8.26927E-14
     9901.38    8.01436E-14
     9904.12    9.40824E-14
     9906.86    9.24783E-14
     9909.60    8.16146E-14
     9912.34    8.22711E-14
     9915.08    8.54925E-14
     9917.82    8.28529E-14
     9920.56    8.12556E-14
     9923.30    8.31323E-14
     9926.04    8.59927E-14
     9928.78    9.06582E-14
     9931.52    9.06904E-14
     9934.26    8.82786E-14
     9937.00    8.64103E-14
     9939.74    8.53659E-14
     9942.48    8.74015E-14
     9945.22    8.75436E-14
     9947.96    8.32442E-14
     9950.70    8.36686E-14
     9953.44    8.73645E-14
     9956.18    8.41275E-14
     9958.92    8.03592E-14
     9961.66    8.71815E-14
     9964.40    9.21698E-14
     9967.14    8.79654E-14
     9969.88    8.71859E-14
     9972.62    9.12365E-14
     9975.36    8.88303E-14
     9978.10    8.33461E-14
     9980.84    8.03873E-14
     9983.58    7.94929E-14
     9986.32    8.32223E-14
     9989.06    8.57515E-14
     9991.80    8.53665E-14
     9994.54    8.51242E-14
     9997.28    8.46609E-14
    10000.02    8.51049E-14
    10002.76    8.59977E-14
    10005.50    8.68036E-14
    10008.24    8.80141E-14
    10010.98    9.16779E-14
    10013.72    8.99441E-14
    10016.46    7.97529E-14
    10019.20    7.91198E-14
    10021.94    8.31866E-14
    10024.68    8.39160E-14
    10027.42    8.31272E-14
    10030.16    7.96318E-14
    10032.90    7.67923E-14
    10035.64    7.47684E-14
    10038.38    7.66694E-14
    10041.12    8.25803E-14
    10043.86    8.31829E-14
    10046.60    8.06698E-14
    10049.34    7.18761E-14
    10052.08    6.76499E-14
    10054.82    8.09892E-14
    10057.56    8.45722E-14
    10060.30    7.17766E-14
    10063.04    7.17442E-14
    10065.78    7.78557E-14
    10068.52    8.19885E-14
    10071.26    8.42146E-14
    10074.00    7.95508E-14
    10076.74    7.66954E-14
    10079.48    8.04444E-14
    10082.22    7.89335E-14
    10084.96    7.21164E-14
    10087.70    7.34434E-14
    10090.44    7.85790E-14
    10093.18    8.41714E-14
    10095.92    8.81120E-14
    10098.66    8.83417E-14
    10101.40    8.43953E-14
    10104.14    7.12401E-14
    10106.88    7.45183E-14
    10109.62    8.74027E-14
    10112.36    7.80964E-14
    10115.10    6.57483E-14
    10117.84    7.26154E-14
    10120.58    7.92500E-14
    10123.32    7.88406E-14
    10126.06    8.10486E-14
    10128.80    8.62529E-14
    10131.54    8.59737E-14
    10134.28    8.26459E-14
    10137.02    7.68666E-14
    10139.76    7.34886E-14
    10142.50    8.02226E-14
    10145.24    8.29042E-14
    10147.98    7.88749E-14
    10150.72    7.32017E-14
    10153.46    6.53866E-14
    10156.20    6.19289E-14
    10158.94    6.25234E-14
    10161.68    7.24600E-14
    10164.42    8.08847E-14
    10167.16    8.34984E-14
    10169.90    8.14389E-14
    10172.64    7.29247E-14
    10175.38    7.27479E-14
    10178.12    7.61400E-14
    10180.86    7.51417E-14
    10183.60    7.42026E-14
    10186.34    7.71081E-14
    10189.08    7.76217E-14