BD02D3375 G230LB+G430L+G750L Bohlin 20Sep2013
HST GO12813 FILE WRITTEN BY STISREDUCE.PRO ON 20-Sep-2013 15:52:18.00
2863
 1667.695801  5.4087E-14
 1669.066040  2.3580E-14
 1670.436401  9.9299E-15
 1671.806763  9.6860E-15
 1673.177124  1.0383E-14
 1674.547485  1.0339E-14
 1675.917847  1.5545E-14
 1677.288208  2.4989E-14
 1678.658691  2.5535E-14
 1680.029053  8.5730E-15
 1681.399536  3.2258E-14
 1682.770020  9.5498E-15
 1684.140503  1.1167E-14
 1685.510986  6.8912E-15
 1686.881470  8.7339E-15
 1688.251953  1.0037E-14
 1689.622437  5.8629E-15
 1690.993042  9.9211E-15
 1692.363525  1.3798E-14
 1693.734131  8.1535E-16
 1695.104736  8.8371E-15
 1696.475342  7.9775E-15
 1697.845947  8.1806E-15
 1699.216553  5.5008E-15
 1700.587280  6.2347E-15
 1701.957886  9.7311E-15
 1703.328613  1.3572E-15
 1704.699219  1.1252E-14
 1706.069946  9.1719E-15
 1707.440674  1.6317E-14
 1708.811401  1.5106E-14
 1710.182129  1.0200E-14
 1711.552856  5.1339E-15
 1712.923706  5.9743E-15
 1714.294434  1.3230E-14
 1715.665283  1.2791E-14
 1717.036011  1.2631E-14
 1718.406860  7.2124E-15
 1719.777710  1.5763E-14
 1721.148560  1.4120E-14
 1722.519409  1.5834E-14
 1723.890259  1.9045E-14
 1725.261230  1.4763E-14
 1726.632080  1.6631E-14
 1728.003052  1.9840E-14
 1729.373901  2.0896E-14
 1730.744873  1.7710E-14
 1732.115845  1.2403E-14
 1733.486816  2.2227E-14
 1734.857788  8.5060E-15
 1736.228760  1.2017E-14
 1737.599854  1.9830E-14
 1738.970825  1.9718E-14
 1740.341919  1.5470E-14
 1741.713013  1.4427E-14
 1743.083984  1.8391E-14
 1744.455078  1.9417E-14
 1745.826172  2.5753E-14
 1747.197266  1.6184E-14
 1748.568359  1.6726E-14
 1749.939575  2.2937E-14
 1751.310669  1.9423E-14
 1752.681885  2.0968E-14
 1754.052979  3.1816E-14
 1755.424194  2.8150E-14
 1756.795410  2.3902E-14
 1758.166626  2.8849E-14
 1759.537842  2.5153E-14
 1760.909058  2.6734E-14
 1762.280273  2.4285E-14
 1763.651611  3.0327E-14
 1765.022827  2.9036E-14
 1766.394165  3.0045E-14
 1767.765503  2.9371E-14
 1769.136719  2.8707E-14
 1770.508057  2.9947E-14
 1771.879395  2.9095E-14
 1773.250732  2.8846E-14
 1774.622070  3.3603E-14
 1775.993530  4.2333E-14
 1777.364868  4.0369E-14
 1778.736328  3.5307E-14
 1780.107666  3.5027E-14
 1781.479126  3.5737E-14
 1782.850586  3.5553E-14
 1784.222046  3.5264E-14
 1785.593506  3.6801E-14
 1786.964966  3.7355E-14
 1788.336426  3.6482E-14
 1789.707886  3.8175E-14
 1791.079468  4.0390E-14
 1792.450928  3.5080E-14
 1793.822510  4.4290E-14
 1795.194092  4.2744E-14
 1796.565552  3.9984E-14
 1797.937134  3.7057E-14
 1799.308716  4.0571E-14
 1800.680298  3.9363E-14
 1802.051880  4.0106E-14
 1803.423584  3.3892E-14
 1804.795166  3.6449E-14
 1806.166870  3.8129E-14
 1807.538452  4.5347E-14
 1808.910156  4.5835E-14
 1810.281860  4.1196E-14
 1811.653442  4.0926E-14
 1813.025146  4.3442E-14
 1814.396851  4.1479E-14
 1815.768677  4.8384E-14
 1817.140381  4.1546E-14
 1818.512085  4.7254E-14
 1819.883911  4.9804E-14
 1821.255615  5.1068E-14
 1822.627441  4.7332E-14
 1823.999146  4.7869E-14
 1825.370972  5.0374E-14
 1826.742798  4.6649E-14
 1828.114624  4.8349E-14
 1829.486450  4.8290E-14
 1830.858276  5.2107E-14
 1832.230225  5.1408E-14
 1833.602051  4.9787E-14
 1834.973877  4.9513E-14
 1836.345825  4.4172E-14
 1837.717773  4.2043E-14
 1839.089600  4.6658E-14
 1840.461548  4.4902E-14
 1841.833496  4.5545E-14
 1843.205444  3.8063E-14
 1844.577393  3.6261E-14
 1845.949341  4.2298E-14
 1847.321289  4.1566E-14
 1848.693359  3.9214E-14
 1850.065308  4.4271E-14
 1851.437378  5.7070E-14
 1852.809326  5.5098E-14
 1854.181396  5.5344E-14
 1855.553467  5.5198E-14
 1856.925415  5.5052E-14
 1858.297485  5.6674E-14
 1859.669556  5.5752E-14
 1861.041748  5.3974E-14
 1862.413818  5.8015E-14
 1863.785889  5.7431E-14
 1865.157959  5.9406E-14
 1866.530151  5.9958E-14
 1867.902222  5.7263E-14
 1869.274414  5.6652E-14
 1870.646606  5.9251E-14
 1872.018799  5.8928E-14
 1873.390869  5.5353E-14
 1874.763062  6.0542E-14
 1876.135254  6.2283E-14
 1877.507568  5.8762E-14
 1878.879761  6.1959E-14
 1880.251953  6.6019E-14
 1881.624146  6.8561E-14
 1882.996460  6.4585E-14
 1884.368652  6.2985E-14
 1885.740967  6.2842E-14
 1887.113281  6.5997E-14
 1888.485474  6.6884E-14
 1889.857788  6.3869E-14
 1891.230103  6.5361E-14
 1892.602417  6.8615E-14
 1893.974731  6.8052E-14
 1895.347168  6.4778E-14
 1896.719482  6.2544E-14
 1898.091797  5.8952E-14
 1899.464233  6.3707E-14
 1900.836548  7.0564E-14
 1902.208984  6.7181E-14
 1903.581299  7.0844E-14
 1904.953735  6.9094E-14
 1906.326172  6.9037E-14
 1907.698608  6.7732E-14
 1909.071045  6.9025E-14
 1910.443481  7.5476E-14
 1911.815918  6.9442E-14
 1913.188354  7.3851E-14
 1914.560791  7.7569E-14
 1915.933228  7.2649E-14
 1917.305786  7.5444E-14
 1918.678223  7.8367E-14
 1920.050781  7.8204E-14
 1921.423340  7.4990E-14
 1922.795776  7.0535E-14
 1924.168335  7.7374E-14
 1925.540894  7.4863E-14
 1926.913452  5.6996E-14
 1928.286011  5.3019E-14
 1929.658569  6.8893E-14
 1931.031128  7.3225E-14
 1932.403687  7.5272E-14
 1933.776367  7.9657E-14
 1935.148926  8.0798E-14
 1936.521484  8.3674E-14
 1937.894165  8.2767E-14
 1939.266724  8.5851E-14
 1940.639404  8.1762E-14
 1942.012085  8.0727E-14
 1943.384766  8.1101E-14
 1944.757324  8.2261E-14
 1946.130005  8.1805E-14
 1947.502686  8.2119E-14
 1948.875366  8.0470E-14
 1950.248047  7.8852E-14
 1951.620850  7.9102E-14
 1952.993530  7.7613E-14
 1954.366211  8.0887E-14
 1955.739014  8.5250E-14
 1957.111694  8.2631E-14
 1958.484497  7.8941E-14
 1959.857178  7.8157E-14
 1961.229980  8.7991E-14
 1962.602783  8.7980E-14
 1963.975586  8.8690E-14
 1965.348267  8.9265E-14
 1966.721069  8.7009E-14
 1968.093872  9.0361E-14
 1969.466675  8.6759E-14
 1970.839600  8.8681E-14
 1972.212402  8.6108E-14
 1973.585205  8.8434E-14
 1974.958008  8.3118E-14
 1976.330933  8.0838E-14
 1977.703735  8.6763E-14
 1979.076660  9.0109E-14
 1980.449463  8.6093E-14
 1981.822388  8.4386E-14
 1983.195312  8.2245E-14
 1984.568115  8.7943E-14
 1985.941040  8.7039E-14
 1987.313965  8.8862E-14
 1988.686890  9.1334E-14
 1990.059814  9.1115E-14
 1991.432739  9.1036E-14
 1992.805664  8.8476E-14
 1994.178589  9.2992E-14
 1995.551636  9.0193E-14
 1996.924561  8.9440E-14
 1998.297485  8.9709E-14
 1999.670532  9.3681E-14
 2001.043457  9.1947E-14
 2002.416504  9.3476E-14
 2003.789551  9.0875E-14
 2005.162476  9.1038E-14
 2006.535522  9.2097E-14
 2007.908569  9.3410E-14
 2009.281616  9.3312E-14
 2010.654541  9.9155E-14
 2012.027588  9.9440E-14
 2013.400635  1.0613E-13
 2014.773804  9.9866E-14
 2016.146851  1.0003E-13
 2017.519897  9.4413E-14
 2018.892944  9.9114E-14
 2020.265991  9.8368E-14
 2021.639160  9.3835E-14
 2023.012207  7.8419E-14
 2024.385376  8.7373E-14
 2025.758423  9.5320E-14
 2027.131592  9.8193E-14
 2028.504639  1.0454E-13
 2029.877808  9.7755E-14
 2031.250977  9.8534E-14
 2032.624023  1.0076E-13
 2033.997192  1.0227E-13
 2035.370361  1.0115E-13
 2036.743530  1.0133E-13
 2038.116699  1.0079E-13
 2039.489868  1.0363E-13
 2040.863037  1.0765E-13
 2042.236206  1.0415E-13
 2043.609497  1.0772E-13
 2044.982666  1.0784E-13
 2046.355835  1.0726E-13
 2047.729126  1.0781E-13
 2049.102295  1.0631E-13
 2050.475586  1.0119E-13
 2051.848633  9.9950E-14
 2053.221924  9.8872E-14
 2054.595215  1.0004E-13
 2055.968506  9.8079E-14
 2057.341797  1.0437E-13
 2058.715088  9.9075E-14
 2060.088135  1.0127E-13
 2061.461426  1.0073E-13
 2062.834717  1.0345E-13
 2064.208008  1.0329E-13
 2065.581299  1.0679E-13
 2066.954590  1.1042E-13
 2068.327881  1.1452E-13
 2069.701172  1.0845E-13
 2071.074463  1.1428E-13
 2072.447998  1.1350E-13
 2073.821289  1.1363E-13
 2075.194580  1.1027E-13
 2076.567871  1.1213E-13
 2077.941162  1.1327E-13
 2079.314453  1.1129E-13
 2080.687988  1.1076E-13
 2082.061279  1.0968E-13
 2083.434570  1.1377E-13
 2084.808105  1.1579E-13
 2086.181396  1.1176E-13
 2087.554688  1.1447E-13
 2088.928223  1.1315E-13
 2090.301514  1.1451E-13
 2091.674805  1.0841E-13
 2093.048340  1.1118E-13
 2094.421631  1.1325E-13
 2095.795166  1.1528E-13
 2097.168457  1.1170E-13
 2098.541992  1.1466E-13
 2099.915283  1.1175E-13
 2101.288818  1.1331E-13
 2102.662109  1.1691E-13
 2104.035645  1.1403E-13
 2105.409180  1.1004E-13
 2106.782471  1.0849E-13
 2108.156006  1.1344E-13
 2109.529541  1.1263E-13
 2110.902832  1.1146E-13
 2112.276367  1.1234E-13
 2113.649902  1.1820E-13
 2115.023193  1.1903E-13
 2116.396729  1.1648E-13
 2117.770264  1.1674E-13
 2119.143799  1.1184E-13
 2120.517334  1.0357E-13
 2121.890625  9.7454E-14
 2123.264160  1.1005E-13
 2124.637695  1.1907E-13
 2126.011230  1.1333E-13
 2127.384766  1.0898E-13
 2128.758301  1.0579E-13
 2130.131836  1.0734E-13
 2131.505371  1.0466E-13
 2132.878906  1.0681E-13
 2134.252441  1.1316E-13
 2135.625977  1.1444E-13
 2136.999512  1.1071E-13
 2138.373047  1.1775E-13
 2139.746582  1.1872E-13
 2141.120117  1.2035E-13
 2142.493652  1.1800E-13
 2143.867188  1.1700E-13
 2145.240723  1.1431E-13
 2146.614258  1.1623E-13
 2147.987793  1.1373E-13
 2149.361572  1.1386E-13
 2150.735107  1.2081E-13
 2152.108643  1.1753E-13
 2153.482178  1.2161E-13
 2154.855713  1.1745E-13
 2156.229492  1.0655E-13
 2157.603027  1.1110E-13
 2158.976562  1.1282E-13
 2160.350342  1.1682E-13
 2161.723877  1.1443E-13
 2163.097412  1.1090E-13
 2164.470947  1.1097E-13
 2165.844727  1.1466E-13
 2167.218262  1.1837E-13
 2168.592041  1.1679E-13
 2169.965576  1.1825E-13
 2171.339111  1.1289E-13
 2172.712891  1.1374E-13
 2174.086426  1.1887E-13
 2175.460205  1.2098E-13
 2176.833740  1.2466E-13
 2178.207520  1.3054E-13
 2179.581055  1.2919E-13
 2180.954590  1.2655E-13
 2182.328369  1.2464E-13
 2183.701904  1.2078E-13
 2185.075684  1.2016E-13
 2186.449463  1.2864E-13
 2187.822998  1.3029E-13
 2189.196777  1.2735E-13
 2190.570312  1.3127E-13
 2191.944092  1.3581E-13
 2193.317627  1.3775E-13
 2194.691406  1.3430E-13
 2196.065186  1.3723E-13
 2197.438721  1.2728E-13
 2198.812500  1.2891E-13
 2200.186035  1.3993E-13
 2201.559814  1.3487E-13
 2202.933594  1.3491E-13
 2204.307129  1.2897E-13
 2205.680908  1.2486E-13
 2207.054688  1.2484E-13
 2208.428467  1.0861E-13
 2209.802002  1.2477E-13
 2211.175781  1.3027E-13
 2212.549561  1.2891E-13
 2213.923096  1.1707E-13
 2215.296875  1.2296E-13
 2216.670654  1.2766E-13
 2218.044434  1.2947E-13
 2219.418213  1.3369E-13
 2220.791748  1.3366E-13
 2222.165527  1.3585E-13
 2223.539307  1.3795E-13
 2224.913086  1.3699E-13
 2226.286865  1.4180E-13
 2227.660400  1.4307E-13
 2229.034180  1.4339E-13
 2230.407959  1.4370E-13
 2231.781738  1.4338E-13
 2233.155518  1.4628E-13
 2234.529297  1.4535E-13
 2235.902832  1.4940E-13
 2237.276611  1.4677E-13
 2238.650391  1.4388E-13
 2240.024170  1.4112E-13
 2241.397949  1.3768E-13
 2242.771729  1.3962E-13
 2244.145508  1.4294E-13
 2245.519287  1.3924E-13
 2246.893066  1.3118E-13
 2248.266846  1.2936E-13
 2249.640625  1.3301E-13
 2251.014404  1.3047E-13
 2252.387939  1.3154E-13
 2253.761719  1.3636E-13
 2255.135498  1.3714E-13
 2256.509277  1.3736E-13
 2257.883057  1.3509E-13
 2259.256836  1.3952E-13
 2260.630615  1.3772E-13
 2262.004395  1.3428E-13
 2263.378174  1.3511E-13
 2264.751953  1.2991E-13
 2266.125732  1.3363E-13
 2267.499512  1.3675E-13
 2268.873291  1.4239E-13
 2270.247070  1.4229E-13
 2271.620850  1.4304E-13
 2272.994629  1.3718E-13
 2274.368408  1.4007E-13
 2275.742188  1.4148E-13
 2277.115967  1.4960E-13
 2278.489746  1.5469E-13
 2279.863525  1.5109E-13
 2281.237305  1.4506E-13
 2282.611084  1.5169E-13
 2283.984863  1.4328E-13
 2285.358643  1.4248E-13
 2286.732422  1.4256E-13
 2288.106445  1.4162E-13
 2289.480225  1.4494E-13
 2290.854004  1.4533E-13
 2292.227783  1.4377E-13
 2293.601562  1.3877E-13
 2294.975342  1.2898E-13
 2296.349121  1.3506E-13
 2297.722900  1.4185E-13
 2299.096680  1.4396E-13
 2300.470459  1.4003E-13
 2301.844238  1.5020E-13
 2303.218018  1.5544E-13
 2304.591797  1.5226E-13
 2305.965576  1.5480E-13
 2307.339355  1.5222E-13
 2308.713135  1.4196E-13
 2310.086914  1.3816E-13
 2311.460693  1.4420E-13
 2312.834473  1.4797E-13
 2314.208496  1.5194E-13
 2315.582275  1.5695E-13
 2316.956055  1.5092E-13
 2318.329834  1.5084E-13
 2319.703613  1.5404E-13
 2321.077393  1.5564E-13
 2322.451172  1.5093E-13
 2323.824951  1.4356E-13
 2325.198730  1.4834E-13
 2326.572510  1.5220E-13
 2327.946289  1.4562E-13
 2329.320068  1.3932E-13
 2330.693848  1.3889E-13
 2332.067627  1.5141E-13
 2333.441406  1.5465E-13
 2334.815186  1.3321E-13
 2336.188965  1.4254E-13
 2337.562744  1.5067E-13
 2338.936523  1.4597E-13
 2340.310303  1.1805E-13
 2341.684082  1.0594E-13
 2343.057861  1.1804E-13
 2344.431641  1.2203E-13
 2345.805420  1.2667E-13
 2347.179199  1.5454E-13
 2348.552979  1.5961E-13
 2349.926758  1.6396E-13
 2351.300537  1.5535E-13
 2352.674316  1.5054E-13
 2354.048096  1.6127E-13
 2355.421875  1.5439E-13
 2356.795654  1.2848E-13
 2358.169434  1.3870E-13
 2359.543213  1.5287E-13
 2360.916992  1.5171E-13
 2362.290771  1.4380E-13
 2363.664551  1.5117E-13
 2365.038330  1.5590E-13
 2366.412109  1.5977E-13
 2367.785889  1.6337E-13
 2369.159668  1.6824E-13
 2370.533447  1.4749E-13
 2371.907227  1.4709E-13
 2373.281006  1.5375E-13
 2374.654785  1.5799E-13
 2376.028320  1.4048E-13
 2377.402100  1.3313E-13
 2378.775879  1.0028E-13
 2380.149658  1.0525E-13
 2381.523438  1.2998E-13
 2382.897217  1.5186E-13
 2384.270996  1.5265E-13
 2385.644775  1.3072E-13
 2387.018311  1.5763E-13
 2388.392090  1.6690E-13
 2389.765869  1.7135E-13
 2391.139648  1.5568E-13
 2392.513428  1.1714E-13
 2393.886963  1.4267E-13
 2395.260742  1.5355E-13
 2396.634521  1.4608E-13
 2398.008301  1.6165E-13
 2399.382080  1.6049E-13
 2400.755615  1.4912E-13
 2402.129395  1.1792E-13
 2403.503174  1.3170E-13
 2404.876953  1.4707E-13
 2406.250488  1.5095E-13
 2407.624268  1.2538E-13
 2408.998047  1.4190E-13
 2410.371582  1.4373E-13
 2411.745361  1.6216E-13
 2413.119141  1.6655E-13
 2414.492676  1.7330E-13
 2415.866455  1.8050E-13
 2417.240234  1.8518E-13
 2418.613770  1.8633E-13
 2419.987549  1.7461E-13
 2421.361328  1.6589E-13
 2422.734863  1.7612E-13
 2424.108643  1.8680E-13
 2425.482178  1.7880E-13
 2426.855957  1.7751E-13
 2428.229736  1.8194E-13
 2429.603271  1.7770E-13
 2430.977051  1.7241E-13
 2432.350586  1.6112E-13
 2433.724365  1.6892E-13
 2435.097900  1.7234E-13
 2436.471680  1.7186E-13
 2437.845215  1.8323E-13
 2439.218994  1.8688E-13
 2440.592529  1.8154E-13
 2441.966064  1.7966E-13
 2443.339844  1.7629E-13
 2444.713379  1.8105E-13
 2446.087158  1.7967E-13
 2447.460693  1.7781E-13
 2448.834229  1.7563E-13
 2450.208008  1.7952E-13
 2451.581543  1.8268E-13
 2452.955322  1.8636E-13
 2454.328857  1.8570E-13
 2455.702393  1.8333E-13
 2457.075928  1.8549E-13
 2458.449707  1.7441E-13
 2459.823242  1.6895E-13
 2461.196777  1.7308E-13
 2462.570312  1.7395E-13
 2463.944092  1.7767E-13
 2465.317627  1.7449E-13
 2466.691162  1.8064E-13
 2468.064697  1.8001E-13
 2469.438232  1.7260E-13
 2470.811768  1.7513E-13
 2472.185547  1.8132E-13
 2473.559082  1.7498E-13
 2474.932617  1.6979E-13
 2476.306152  1.6695E-13
 2477.679688  1.7694E-13
 2479.053223  1.7197E-13
 2480.426758  1.4583E-13
 2481.800293  1.6556E-13
 2483.173828  1.7352E-13
 2484.547363  1.6088E-13
 2485.920898  1.5260E-13
 2487.294434  1.5239E-13
 2488.667969  1.5779E-13
 2490.041504  1.7330E-13
 2491.415039  1.8750E-13
 2492.788330  1.9550E-13
 2494.161865  1.9408E-13
 2495.535400  1.9086E-13
 2496.908936  1.9553E-13
 2498.282471  1.7980E-13
 2499.656006  1.8612E-13
 2501.029297  1.8558E-13
 2502.402832  1.7461E-13
 2503.776367  1.5064E-13
 2505.149902  1.7631E-13
 2506.523193  1.9301E-13
 2507.896729  1.7998E-13
 2509.270264  1.7447E-13
 2510.643555  1.5572E-13
 2512.017090  1.3560E-13
 2513.390381  1.2678E-13
 2514.763916  1.4737E-13
 2516.137451  1.4418E-13
 2517.510742  1.6735E-13
 2518.884277  1.5752E-13
 2520.257568  1.3779E-13
 2521.631104  1.3684E-13
 2523.004395  1.4340E-13
 2524.377686  1.3667E-13
 2525.751221  1.2105E-13
 2527.124512  1.4773E-13
 2528.498047  1.6268E-13
 2529.871338  1.7718E-13
 2531.244629  1.6981E-13
 2532.618164  1.6470E-13
 2533.991455  1.6698E-13
 2535.364746  1.6607E-13
 2536.738037  1.7820E-13
 2538.111572  1.7357E-13
 2539.484863  1.8033E-13
 2540.858154  1.7681E-13
 2542.231445  1.7299E-13
 2543.604736  1.7364E-13
 2544.978027  1.7284E-13
 2546.351318  1.6309E-13
 2547.724609  1.8367E-13
 2549.098145  2.0144E-13
 2550.471436  2.0763E-13
 2551.844727  2.0732E-13
 2553.217773  2.0491E-13
 2554.591064  2.0716E-13
 2555.964355  2.0711E-13
 2557.337646  2.0242E-13
 2558.710938  1.9018E-13
 2560.084229  1.7967E-13
 2561.457520  1.9796E-13
 2562.830811  2.0852E-13
 2564.203857  2.0704E-13
 2565.577148  2.0557E-13
 2566.950439  2.0779E-13
 2568.323730  2.1035E-13
 2569.696777  2.1205E-13
 2571.070068  2.0529E-13
 2572.443359  1.9316E-13
 2573.816406  1.9846E-13
 2575.189697  2.0414E-13
 2576.562744  2.1022E-13
 2577.936035  2.1076E-13
 2579.309082  2.0091E-13
 2580.682373  2.0613E-13
 2582.055420  1.8357E-13
 2583.428711  1.8658E-13
 2584.801758  1.9992E-13
 2586.174805  2.0459E-13
 2587.548096  2.1226E-13
 2588.921143  2.1157E-13
 2590.294189  2.0537E-13
 2591.667480  2.1615E-13
 2593.040527  2.1158E-13
 2594.413574  1.7318E-13
 2595.786621  1.2496E-13
 2597.159668  1.6598E-13
 2598.532715  2.0370E-13
 2599.906006  2.0379E-13
 2601.279053  2.0342E-13
 2602.652100  1.8048E-13
 2604.025146  1.6593E-13
 2605.398193  1.8748E-13
 2606.771240  1.8513E-13
 2608.144287  1.6862E-13
 2609.517090  1.7021E-13
 2610.890137  1.7803E-13
 2612.263184  2.1223E-13
 2613.636230  2.1045E-13
 2615.009277  1.9323E-13
 2616.382080  2.0608E-13
 2617.755127  2.0559E-13
 2619.128174  2.0972E-13
 2620.501221  2.1215E-13
 2621.874023  2.0513E-13
 2623.247070  1.9716E-13
 2624.619873  1.9517E-13
 2625.992920  1.8508E-13
 2627.365723  1.7032E-13
 2628.738770  1.7617E-13
 2630.111572  2.0347E-13
 2631.484619  2.3022E-13
 2632.857422  2.3103E-13
 2634.230469  2.3892E-13
 2635.603271  2.4207E-13
 2636.976074  2.4157E-13
 2638.348877  2.4263E-13
 2639.721924  2.4807E-13
 2641.094727  2.4315E-13
 2642.467529  2.4174E-13
 2643.840332  2.4165E-13
 2645.213135  2.4487E-13
 2646.585938  2.4893E-13
 2647.958740  2.4934E-13
 2649.331543  2.4536E-13
 2650.704346  2.4395E-13
 2652.077148  2.4833E-13
 2653.449951  2.4776E-13
 2654.822754  2.4642E-13
 2656.195557  2.4520E-13
 2657.568359  2.4106E-13
 2658.940918  2.3404E-13
 2660.313721  2.2505E-13
 2661.686523  2.3079E-13
 2663.059326  2.2546E-13
 2664.431885  2.3023E-13
 2665.804688  2.3260E-13
 2667.177246  2.3342E-13
 2668.550049  2.3108E-13
 2669.922607  2.3350E-13
 2671.295410  2.5423E-13
 2672.667969  2.4817E-13
 2674.040771  2.3719E-13
 2675.413330  2.3006E-13
 2676.785889  2.3908E-13
 2678.158691  2.4515E-13
 2679.531250  2.4685E-13
 2680.903809  2.4601E-13
 2682.276367  2.4509E-13
 2683.648926  2.4474E-13
 2685.021729  2.3505E-13
 2686.394287  2.3125E-13
 2687.766846  2.3417E-13
 2689.139404  2.3815E-13
 2690.511963  2.3904E-13
 2691.884521  2.4139E-13
 2693.257080  2.4089E-13
 2694.629395  2.3641E-13
 2696.001953  2.3715E-13
 2697.374512  2.4700E-13
 2698.747070  2.4210E-13
 2700.119385  2.4443E-13
 2701.491943  2.4115E-13
 2702.864502  2.3486E-13
 2704.236816  2.4134E-13
 2705.609375  2.3777E-13
 2706.981689  2.3976E-13
 2708.354248  2.3983E-13
 2709.726562  2.3787E-13
 2711.099121  2.3514E-13
 2712.471436  2.3340E-13
 2713.843750  2.3821E-13
 2715.216309  2.2424E-13
 2716.588623  2.2253E-13
 2717.960938  2.2984E-13
 2719.333252  2.3533E-13
 2720.705566  2.3117E-13
 2722.078125  2.2996E-13
 2723.450439  2.2949E-13
 2724.822754  2.2657E-13
 2726.195068  2.4276E-13
 2727.567383  2.4067E-13
 2728.939453  2.3876E-13
 2730.311768  2.3067E-13
 2731.684082  2.3461E-13
 2733.056396  2.2111E-13
 2734.428711  2.1334E-13
 2735.800781  2.1903E-13
 2737.173096  2.1553E-13
 2738.545410  2.1634E-13
 2739.917480  1.9759E-13
 2741.289795  2.1281E-13
 2742.661865  2.1235E-13
 2744.034180  1.9787E-13
 2745.406250  2.0104E-13
 2746.778320  1.8800E-13
 2748.150635  2.1943E-13
 2749.522705  2.3294E-13
 2750.894775  2.2655E-13
 2752.266846  2.1392E-13
 2753.638916  2.1151E-13
 2755.011230  2.3892E-13
 2756.383301  2.4303E-13
 2757.755371  2.4633E-13
 2759.127441  2.3172E-13
 2760.499512  2.3931E-13
 2761.871338  2.4823E-13
 2763.243408  2.3924E-13
 2764.615479  2.3872E-13
 2765.987549  2.3167E-13
 2767.359619  2.4795E-13
 2768.731445  2.4711E-13
 2770.103516  2.5107E-13
 2771.475342  2.5026E-13
 2772.847412  2.4374E-13
 2774.219238  2.3662E-13
 2775.591309  2.2544E-13
 2776.963135  2.2484E-13
 2778.335205  2.2952E-13
 2779.707031  2.3427E-13
 2781.078857  2.3902E-13
 2782.450684  2.4546E-13
 2783.822754  2.3508E-13
 2785.194580  2.2104E-13
 2786.566406  2.0133E-13
 2787.938232  1.6921E-13
 2789.310059  1.3418E-13
 2790.681885  7.5952E-14
 2792.053711  4.7973E-14
 2793.425537  4.9737E-14
 2794.797119  7.3586E-14
 2796.168945  9.7999E-14
 2797.540771  9.4159E-14
 2798.912598  5.6764E-14
 2800.284180  7.2502E-14
 2801.656006  1.2109E-13
 2803.027588  1.6126E-13
 2804.399414  2.0369E-13
 2805.770996  2.2784E-13
 2807.142822  2.3707E-13
 2808.514404  2.4117E-13
 2809.885986  2.4486E-13
 2811.257568  2.5623E-13
 2812.629395  2.5920E-13
 2814.000977  2.5650E-13
 2815.372559  2.6145E-13
 2816.744141  2.6119E-13
 2818.115723  2.5898E-13
 2819.487305  2.5405E-13
 2820.858887  2.5711E-13
 2822.230469  2.5731E-13
 2823.601807  2.5953E-13
 2824.973389  2.5521E-13
 2826.344971  2.5841E-13
 2827.716553  2.5994E-13
 2829.087891  2.5286E-13
 2830.459473  2.5789E-13
 2831.830811  2.4768E-13
 2833.202393  2.5123E-13
 2834.573730  2.6016E-13
 2835.945068  2.5912E-13
 2837.316650  2.4686E-13
 2838.687988  2.5545E-13
 2840.059326  2.4158E-13
 2841.430664  2.5218E-13
 2842.802002  2.5278E-13
 2844.173584  2.4587E-13
 2845.544922  2.3281E-13
 2846.916260  1.8969E-13
 2848.287354  1.4413E-13
 2849.658691  1.6279E-13
 2851.030029  2.2722E-13
 2852.401367  2.3327E-13
 2853.772461  2.4657E-13
 2855.143799  2.5156E-13
 2856.515137  2.6629E-13
 2857.886230  2.6254E-13
 2859.257568  2.5492E-13
 2860.628662  2.5762E-13
 2862.000000  2.5395E-13
 2863.371094  2.5209E-13
 2864.742188  2.5206E-13
 2866.113281  2.5178E-13
 2867.484619  2.6591E-13
 2868.855713  2.6375E-13
 2870.226807  2.5664E-13
 2871.597900  2.5715E-13
 2872.968994  2.5407E-13
 2874.340088  2.5464E-13
 2875.710938  2.5602E-13
 2877.082031  2.3223E-13
 2878.453125  2.0920E-13
 2879.824219  2.5288E-13
 2881.195068  2.6690E-13
 2882.566162  2.7613E-13
 2883.937012  2.7481E-13
 2885.308105  2.6954E-13
 2886.678955  2.6776E-13
 2888.049805  2.6430E-13
 2889.420898  2.5444E-13
 2890.791748  2.6491E-13
 2892.162598  2.7054E-13
 2893.533447  2.7636E-13
 2894.904297  2.8141E-13
 2896.275146  2.7907E-13
 2897.645996  2.8418E-13
 2899.016846  2.8277E-13
 2900.387695  2.8465E-13
 2901.758545  2.8889E-13
 2903.129395  2.7855E-13
 2904.500000  2.7073E-13
 2905.870850  2.6932E-13
 2907.241455  2.7285E-13
 2908.612305  2.7732E-13
 2909.982910  2.8482E-13
 2911.353760  2.8710E-13
 2912.724365  2.8281E-13
 2914.094971  2.7597E-13
 2915.465820  2.8114E-13
 2916.836426  2.7859E-13
 2918.207031  2.8078E-13
 2919.577637  2.7384E-13
 2920.948242  2.6658E-13
 2922.318848  2.7340E-13
 2923.689453  2.7235E-13
 2925.060059  2.6791E-13
 2926.430420  2.7802E-13
 2927.801025  2.8400E-13
 2929.171631  2.8234E-13
 2930.541992  2.8346E-13
 2931.912598  2.7896E-13
 2933.282959  2.6863E-13
 2934.653564  2.7009E-13
 2936.023926  2.6910E-13
 2937.394287  2.7439E-13
 2938.764648  2.7633E-13
 2940.135254  2.7421E-13
 2941.505615  2.7261E-13
 2942.875977  2.8061E-13
 2944.246338  2.6121E-13
 2945.616699  2.6905E-13
 2946.986816  2.7966E-13
 2948.357178  2.8487E-13
 2949.727539  2.7295E-13
 2951.097900  2.7859E-13
 2952.468018  2.8882E-13
 2953.838379  2.8304E-13
 2955.208496  2.8637E-13
 2956.578857  2.8445E-13
 2957.948975  2.8869E-13
 2959.319092  2.9380E-13
 2960.689453  2.7402E-13
 2962.059570  2.7284E-13
 2963.429688  2.7056E-13
 2964.799805  2.8389E-13
 2966.169922  2.6430E-13
 2967.540039  2.7002E-13
 2968.910156  2.7595E-13
 2970.280029  2.8053E-13
 2971.650146  2.8487E-13
 2973.020264  2.8651E-13
 2974.390137  2.9646E-13
 2975.760254  2.8610E-13
 2977.130371  2.8064E-13
 2978.500244  2.7785E-13
 2979.870117  2.7414E-13
 2981.240234  2.5990E-13
 2982.610107  2.7202E-13
 2983.979980  2.7569E-13
 2985.349854  2.8722E-13
 2986.719727  2.9308E-13
 2988.089600  2.9218E-13
 2989.459473  2.8825E-13
 2990.829346  2.7838E-13
 2992.199219  2.9214E-13
 2993.568848  2.9648E-13
 2994.938721  2.9203E-13
 2996.308594  2.7646E-13
 2997.678223  2.7239E-13
 2999.047852  2.6775E-13
 3000.417725  2.8383E-13
 3001.787354  2.9728E-13
 3003.156982  2.8752E-13
 3004.526855  2.8425E-13
 3005.896484  2.9084E-13
 3007.266113  2.9856E-13
 3008.635742  2.8964E-13
 3010.005371  2.9617E-13
 3011.375000  2.9035E-13
 3012.744385  2.8652E-13
 3014.114014  2.7935E-13
 3015.483643  2.6675E-13
 3016.853027  2.4999E-13
 3018.222656  2.7692E-13
 3019.592041  2.9195E-13
 3020.961670  2.8706E-13
 3022.331055  2.8100E-13
 3023.700439  3.0257E-13
 3025.069824  2.9924E-13
 3026.439209  2.8944E-13
 3027.808594  2.8609E-13
 3029.177979  3.0202E-13
 3030.547363  3.0522E-13
 3031.916748  3.0837E-13
 3033.286133  2.9197E-13
 3034.655518  2.9547E-13
 3036.024658  3.0042E-13
 3037.394043  2.8963E-13
 3038.763184  2.8638E-13
 3040.132568  2.9703E-13
 3041.501709  2.9981E-13
 3042.870850  2.9769E-13
 3044.240234  2.9014E-13
 3045.609375  3.0388E-13
 3046.978516  3.0150E-13
 3048.347656  3.1026E-13
 3049.716797  2.9654E-13
 3051.085938  2.9397E-13
 3052.454834  2.9638E-13
 3053.823975  2.7483E-13
 3055.193115  2.8312E-13
 3056.562012  2.9516E-13
 3057.931152  3.0006E-13
 3059.300049  2.9395E-13
 3060.669189  2.7808E-13
 3067.180664  2.8480E-13
 3069.926758  2.8744E-13
 3072.672607  2.9141E-13
 3075.418457  2.8979E-13
 3078.164551  2.8860E-13
 3080.910645  2.9243E-13
 3083.656494  2.8074E-13
 3086.402588  2.7093E-13
 3089.148682  2.7269E-13
 3091.894531  2.7395E-13
 3094.640625  2.7087E-13
 3097.386719  2.7933E-13
 3100.132812  2.9127E-13
 3102.879150  2.9667E-13
 3105.625244  2.9795E-13
 3108.371338  2.9938E-13
 3111.117432  2.9420E-13
 3113.863770  2.8118E-13
 3116.609863  2.8687E-13
 3119.356201  2.9154E-13
 3122.102539  2.9133E-13
 3124.848633  2.9295E-13
 3127.594971  2.9496E-13
 3130.341309  3.0201E-13
 3133.087646  3.0085E-13
 3135.833984  2.9952E-13
 3138.580322  2.9519E-13
 3141.326660  2.9263E-13
 3144.072998  3.0126E-13
 3146.819580  2.9997E-13
 3149.565918  2.9591E-13
 3152.312256  2.8917E-13
 3155.058838  2.9031E-13
 3157.805176  2.9416E-13
 3160.551758  3.0193E-13
 3163.298340  3.0172E-13
 3166.044678  3.1077E-13
 3168.791260  3.1502E-13
 3171.537842  3.0513E-13
 3174.284424  2.9563E-13
 3177.031006  2.9245E-13
 3179.777588  2.9684E-13
 3182.524170  3.0231E-13
 3185.270752  2.9973E-13
 3188.017578  2.9456E-13
 3190.764160  2.9838E-13
 3193.510742  3.0383E-13
 3196.257568  3.0851E-13
 3199.004150  3.1210E-13
 3201.750977  3.1546E-13
 3204.497803  3.0674E-13
 3207.244385  2.9813E-13
 3209.991211  2.9580E-13
 3212.738037  3.0284E-13
 3215.484863  3.0762E-13
 3218.231689  3.0667E-13
 3220.978516  2.9968E-13
 3223.725342  2.9269E-13
 3226.472168  2.9904E-13
 3229.218994  2.9453E-13
 3231.966064  3.0131E-13
 3234.712891  3.0420E-13
 3237.459717  3.1152E-13
 3240.206787  3.1540E-13
 3242.953613  3.1187E-13
 3245.700684  3.0973E-13
 3248.447754  3.0657E-13
 3251.194580  3.1915E-13
 3253.941650  3.2242E-13
 3256.688721  3.2320E-13
 3259.435791  3.2428E-13
 3262.182861  3.2298E-13
 3264.929932  3.2303E-13
 3267.677002  3.1880E-13
 3270.424072  3.2215E-13
 3273.171143  3.1970E-13
 3275.918213  3.2223E-13
 3278.665283  3.2036E-13
 3281.412598  3.2229E-13
 3284.159668  3.2438E-13
 3286.906738  3.2776E-13
 3289.654053  3.3469E-13
 3292.401123  3.3417E-13
 3295.148438  3.3614E-13
 3297.895752  3.3173E-13
 3300.642822  3.2742E-13
 3303.390137  3.2672E-13
 3306.137451  3.2906E-13
 3308.884766  3.3200E-13
 3311.632080  3.2578E-13
 3314.379395  3.2476E-13
 3317.126709  3.1779E-13
 3319.874023  3.2685E-13
 3322.621338  3.2685E-13
 3325.368652  3.2472E-13
 3328.115967  3.2236E-13
 3330.863281  3.2181E-13
 3333.610840  3.2349E-13
 3336.358154  3.2059E-13
 3339.105713  3.2317E-13
 3341.853027  3.2331E-13
 3344.600586  3.1688E-13
 3347.347900  3.2565E-13
 3350.095459  3.3280E-13
 3352.842773  3.3133E-13
 3355.590332  3.2437E-13
 3358.337891  3.2268E-13
 3361.085449  3.2596E-13
 3363.833008  3.2160E-13
 3366.580322  3.1642E-13
 3369.327881  3.2029E-13
 3372.075439  3.3112E-13
 3374.823242  3.2127E-13
 3377.570801  3.1926E-13
 3380.318359  3.2673E-13
 3383.065918  3.3102E-13
 3385.813477  3.2890E-13
 3388.561035  3.2673E-13
 3391.308838  3.3258E-13
 3394.056396  3.3491E-13
 3396.804199  3.3330E-13
 3399.551758  3.2814E-13
 3402.299561  3.2597E-13
 3405.047119  3.2296E-13
 3407.794922  3.2364E-13
 3410.542480  3.2438E-13
 3413.290283  3.2998E-13
 3416.038086  3.3333E-13
 3418.785889  3.2829E-13
 3421.533447  3.3000E-13
 3424.281250  3.3962E-13
 3427.029053  3.3425E-13
 3429.776855  3.3354E-13
 3432.524658  3.3002E-13
 3435.272461  3.1871E-13
 3438.020264  3.1217E-13
 3440.768066  3.2335E-13
 3443.515869  3.3126E-13
 3446.263672  3.3246E-13
 3449.011719  3.3187E-13
 3451.759521  3.3542E-13
 3454.507324  3.3015E-13
 3457.255371  3.2846E-13
 3460.003174  3.3232E-13
 3462.750977  3.3839E-13
 3465.499023  3.3673E-13
 3468.246826  3.2940E-13
 3470.994873  3.2652E-13
 3473.742676  3.3118E-13
 3476.490723  3.4184E-13
 3479.238770  3.3741E-13
 3481.986572  3.3791E-13
 3484.734619  3.3086E-13
 3487.482666  3.2672E-13
 3490.230713  3.2969E-13
 3492.978516  3.3234E-13
 3495.726562  3.3495E-13
 3498.474609  3.3675E-13
 3501.222656  3.3239E-13
 3503.970703  3.3557E-13
 3506.718750  3.2835E-13
 3509.466797  3.2623E-13
 3512.214844  3.3585E-13
 3514.962891  3.3313E-13
 3517.710938  3.3022E-13
 3520.458984  3.2277E-13
 3523.207275  3.2915E-13
 3525.955322  3.3504E-13
 3528.703369  3.4085E-13
 3531.451416  3.4381E-13
 3534.199707  3.4501E-13
 3536.947754  3.4401E-13
 3539.695801  3.4486E-13
 3542.444092  3.4548E-13
 3545.192139  3.4748E-13
 3547.940430  3.4272E-13
 3550.688477  3.4133E-13
 3553.436768  3.4266E-13
 3556.184814  3.4543E-13
 3558.933105  3.4021E-13
 3561.681396  3.3030E-13
 3564.429443  3.2870E-13
 3567.177734  3.2796E-13
 3569.926025  3.3287E-13
 3572.674072  3.3564E-13
 3575.422363  3.3149E-13
 3578.170654  3.2751E-13
 3580.918945  3.2245E-13
 3583.667236  3.2847E-13
 3586.415283  3.3791E-13
 3589.163574  3.4194E-13
 3591.911865  3.4582E-13
 3594.660156  3.4675E-13
 3597.408447  3.4287E-13
 3600.156738  3.3863E-13
 3602.905029  3.3483E-13
 3605.653320  3.3220E-13
 3608.401611  3.3348E-13
 3611.149902  3.3657E-13
 3613.898193  3.3366E-13
 3616.646729  3.3605E-13
 3619.395020  3.4410E-13
 3622.143311  3.4458E-13
 3624.891602  3.4384E-13
 3627.639893  3.3651E-13
 3630.388428  3.4577E-13
 3633.136719  3.4704E-13
 3635.885010  3.4502E-13
 3638.633545  3.4206E-13
 3641.381836  3.4399E-13
 3644.130127  3.3361E-13
 3646.878662  3.4228E-13
 3649.626953  3.4619E-13
 3652.375244  3.5095E-13
 3655.123779  3.5131E-13
 3657.872070  3.4885E-13
 3660.620605  3.5178E-13
 3663.368896  3.5433E-13
 3666.117432  3.5271E-13
 3668.865723  3.5523E-13
 3671.614258  3.5184E-13
 3674.362793  3.4713E-13
 3677.111084  3.3587E-13
 3679.859619  3.4132E-13
 3682.607910  3.4031E-13
 3685.356445  3.4830E-13
 3688.104980  3.5349E-13
 3690.853271  3.5421E-13
 3693.601807  3.5372E-13
 3696.350342  3.6081E-13
 3699.098633  3.4257E-13
 3701.847168  3.4216E-13
 3704.595703  3.4742E-13
 3707.344238  3.4451E-13
 3710.092773  3.6441E-13
 3712.841064  3.6728E-13
 3715.589600  3.4265E-13
 3718.338135  3.2823E-13
 3721.086670  3.6672E-13
 3723.835205  3.7038E-13
 3726.583740  3.5774E-13
 3729.332031  3.1756E-13
 3732.080566  3.3959E-13
 3734.829102  3.7741E-13
 3737.577637  3.8835E-13
 3740.326172  3.6636E-13
 3743.074707  3.3645E-13
 3745.823242  3.1023E-13
 3748.571777  3.5869E-13
 3751.320312  3.8616E-13
 3754.068848  3.8924E-13
 3756.817383  3.9848E-13
 3759.565918  3.9577E-13
 3762.314453  3.7000E-13
 3765.062988  3.2846E-13
 3767.811523  3.3771E-13
 3770.560059  3.8681E-13
 3773.308594  4.1885E-13
 3776.057129  4.3738E-13
 3778.805664  4.3901E-13
 3781.554199  4.2748E-13
 3784.302734  4.2016E-13
 3787.051270  4.0855E-13
 3789.800049  3.7217E-13
 3792.548584  3.1623E-13
 3795.297119  3.3559E-13
 3798.045654  3.9656E-13
 3800.794189  4.1787E-13
 3803.542725  4.3154E-13
 3806.291260  4.3747E-13
 3809.039795  4.3343E-13
 3811.788574  4.3909E-13
 3814.537109  4.3717E-13
 3817.285645  4.2889E-13
 3820.034180  4.1719E-13
 3822.782715  4.0399E-13
 3825.531250  3.7934E-13
 3828.279785  3.3379E-13
 3831.028564  2.9698E-13
 3833.777100  3.3726E-13
 3836.525635  3.8835E-13
 3839.274170  4.2221E-13
 3842.022705  4.3830E-13
 3844.771484  4.4113E-13
 3847.520020  4.5107E-13
 3850.268555  4.5490E-13
 3853.017090  4.4720E-13
 3855.765625  4.4896E-13
 3858.514160  4.5640E-13
 3861.262939  4.6242E-13
 3864.011475  4.6179E-13
 3866.760010  4.5284E-13
 3869.508545  4.4335E-13
 3872.257080  4.3597E-13
 3875.005859  4.3050E-13
 3877.754395  4.1072E-13
 3880.502930  3.6994E-13
 3883.251465  3.1740E-13
 3886.000000  3.2611E-13
 3888.748535  3.8221E-13
 3891.497314  4.0653E-13
 3894.245850  4.2102E-13
 3896.994385  4.3062E-13
 3899.742920  4.3622E-13
 3902.491455  4.4390E-13
 3905.239990  4.5769E-13
 3907.988770  4.5797E-13
 3910.737305  4.5996E-13
 3913.485840  4.5443E-13
 3916.234375  4.5090E-13
 3918.982910  4.5317E-13
 3921.731445  4.3062E-13
 3924.479980  4.0322E-13
 3927.228516  3.1847E-13
 3929.977295  2.8409E-13
 3932.725830  3.8422E-13
 3935.474365  4.3532E-13
 3938.222900  4.5052E-13
 3940.971436  4.5625E-13
 3943.719971  4.5667E-13
 3946.468506  4.5478E-13
 3949.217041  4.4866E-13
 3951.965576  4.4079E-13
 3954.714111  4.3232E-13
 3957.462646  4.1235E-13
 3960.211182  3.6468E-13
 3962.959717  2.6866E-13
 3965.708252  2.6402E-13
 3968.456787  3.4265E-13
 3971.205322  3.9951E-13
 3973.953857  4.2508E-13
 3976.702393  4.4271E-13
 3979.450928  4.5001E-13
 3982.199463  4.5669E-13
 3984.947998  4.6438E-13
 3987.696533  4.6729E-13
 3990.445068  4.6127E-13
 3993.193359  4.6453E-13
 3995.941895  4.6660E-13
 3998.690430  4.6872E-13
 4001.438965  4.6668E-13
 4004.187500  4.7218E-13
 4006.936035  4.7283E-13
 4009.684326  4.7652E-13
 4012.432861  4.7728E-13
 4015.181396  4.7933E-13
 4017.929932  4.7770E-13
 4020.678223  4.7910E-13
 4023.426758  4.7404E-13
 4026.175293  4.6906E-13
 4028.923828  4.6371E-13
 4031.672119  4.7268E-13
 4034.420654  4.7558E-13
 4037.169189  4.7167E-13
 4039.917480  4.6487E-13
 4042.666016  4.6978E-13
 4045.414307  4.7384E-13
 4048.162842  4.7517E-13
 4050.911377  4.7117E-13
 4053.659668  4.7410E-13
 4056.408203  4.6518E-13
 4059.156494  4.6057E-13
 4061.905029  4.6799E-13
 4064.653320  4.6726E-13
 4067.401611  4.5934E-13
 4070.150146  4.6374E-13
 4072.898438  4.5537E-13
 4075.646973  4.6180E-13
 4078.395264  4.5869E-13
 4081.143555  4.5819E-13
 4083.892090  4.5438E-13
 4086.640381  4.4645E-13
 4089.388672  4.3070E-13
 4092.136963  4.0137E-13
 4094.885498  3.5739E-13
 4097.633789  3.2102E-13
 4100.382324  3.7450E-13
 4103.130371  4.1728E-13
 4105.878906  4.3643E-13
 4108.626953  4.4508E-13
 4111.375488  4.5048E-13
 4114.123535  4.5766E-13
 4116.872070  4.5935E-13
 4119.620117  4.6317E-13
 4122.368652  4.6657E-13
 4125.116699  4.6711E-13
 4127.865234  4.6558E-13
 4130.613281  4.6794E-13
 4133.361816  4.7130E-13
 4136.109863  4.7047E-13
 4138.858398  4.6491E-13
 4141.606445  4.6840E-13
 4144.354492  4.7065E-13
 4147.103027  4.7112E-13
 4149.851074  4.7274E-13
 4152.599121  4.6981E-13
 4155.347656  4.7622E-13
 4158.095703  4.7489E-13
 4160.843750  4.7205E-13
 4163.592285  4.7176E-13
 4166.340332  4.7146E-13
 4169.088379  4.7134E-13
 4171.836426  4.7229E-13
 4174.584961  4.7018E-13
 4177.333008  4.6921E-13
 4180.081055  4.6330E-13
 4182.829102  4.6335E-13
 4185.577148  4.6682E-13
 4188.325684  4.6804E-13
 4191.073730  4.6293E-13
 4193.821777  4.6375E-13
 4196.569824  4.6244E-13
 4199.317871  4.6726E-13
 4202.065918  4.6480E-13
 4204.813965  4.6879E-13
 4207.562012  4.6741E-13
 4210.310059  4.6262E-13
 4213.058105  4.6413E-13
 4215.806152  4.6414E-13
 4218.554199  4.5910E-13
 4221.302246  4.4523E-13
 4224.050293  4.5274E-13
 4226.798340  4.6538E-13
 4229.546387  4.5985E-13
 4232.294434  4.6220E-13
 4235.042480  4.6541E-13
 4237.790527  4.6765E-13
 4240.538086  4.6350E-13
 4243.286133  4.5533E-13
 4246.034180  4.5433E-13
 4248.782227  4.5884E-13
 4251.530273  4.6124E-13
 4254.277832  4.6178E-13
 4257.025879  4.5897E-13
 4259.773926  4.6621E-13
 4262.521484  4.6428E-13
 4265.269531  4.5443E-13
 4268.017578  4.4985E-13
 4270.765137  4.5523E-13
 4273.513184  4.6099E-13
 4276.261230  4.5600E-13
 4279.008789  4.5357E-13
 4281.756836  4.5416E-13
 4284.504395  4.4553E-13
 4287.252441  4.4529E-13
 4290.000000  4.4593E-13
 4292.748047  4.4249E-13
 4295.495605  4.3243E-13
 4298.243164  4.3416E-13
 4300.991211  4.3323E-13
 4303.738770  4.3066E-13
 4306.486816  4.3882E-13
 4309.234375  4.4061E-13
 4311.981934  4.4703E-13
 4314.729980  4.4762E-13
 4317.477539  4.4379E-13
 4320.225098  4.3302E-13
 4322.972656  4.3448E-13
 4325.720703  4.2955E-13
 4328.468262  4.1443E-13
 4331.215820  3.8523E-13
 4333.963379  3.3344E-13
 4336.710938  3.2170E-13
 4339.458496  3.7788E-13
 4342.206055  4.1134E-13
 4344.953613  4.2437E-13
 4347.701172  4.2734E-13
 4350.448730  4.4352E-13
 4353.196289  4.4898E-13
 4355.943848  4.5279E-13
 4358.691406  4.5191E-13
 4361.438965  4.5265E-13
 4364.186523  4.5589E-13
 4366.934082  4.5089E-13
 4369.681641  4.4759E-13
 4372.428711  4.5288E-13
 4375.176270  4.5329E-13
 4377.923828  4.4997E-13
 4380.671387  4.5246E-13
 4383.418457  4.5768E-13
 4386.166016  4.5785E-13
 4388.913574  4.4632E-13
 4391.660645  4.5628E-13
 4394.408203  4.5780E-13
 4397.155762  4.5699E-13
 4399.902832  4.5001E-13
 4402.650391  4.5553E-13
 4405.397461  4.6094E-13
 4408.145020  4.6146E-13
 4410.892090  4.5417E-13
 4413.639648  4.5860E-13
 4416.386719  4.5978E-13
 4419.133789  4.5852E-13
 4421.881348  4.5568E-13
 4424.628418  4.5635E-13
 4427.375488  4.5822E-13
 4430.122559  4.5081E-13
 4432.870117  4.5735E-13
 4435.617188  4.5821E-13
 4438.364258  4.5252E-13
 4441.111328  4.5643E-13
 4443.858398  4.5684E-13
 4446.605469  4.5890E-13
 4449.353027  4.4835E-13
 4452.100098  4.5458E-13
 4454.847168  4.5505E-13
 4457.594238  4.5933E-13
 4460.341309  4.5577E-13
 4463.087891  4.5400E-13
 4465.834961  4.5795E-13
 4468.582031  4.5634E-13
 4471.329102  4.5898E-13
 4474.076172  4.5566E-13
 4476.823242  4.5588E-13
 4479.569824  4.5994E-13
 4482.316895  4.5937E-13
 4485.063965  4.5493E-13
 4487.810547  4.5643E-13
 4490.557617  4.5638E-13
 4493.304688  4.5762E-13
 4496.051270  4.5561E-13
 4498.798340  4.5770E-13
 4501.544922  4.5621E-13
 4504.291992  4.5845E-13
 4507.038574  4.6138E-13
 4509.785645  4.5916E-13
 4512.532227  4.6150E-13
 4515.278809  4.5917E-13
 4518.025879  4.5646E-13
 4520.772461  4.5661E-13
 4523.519043  4.4460E-13
 4526.265625  4.5006E-13
 4529.012695  4.4656E-13
 4531.759277  4.5361E-13
 4534.505859  4.5520E-13
 4537.252441  4.5600E-13
 4539.999023  4.5523E-13
 4542.745605  4.5443E-13
 4545.492188  4.4876E-13
 4548.238770  4.5190E-13
 4550.985352  4.5340E-13
 4553.731934  4.5370E-13
 4556.478516  4.5628E-13
 4559.225098  4.5235E-13
 4561.971191  4.5581E-13
 4564.717773  4.5372E-13
 4567.464355  4.5376E-13
 4570.210938  4.5708E-13
 4572.957031  4.5537E-13
 4575.703613  4.5526E-13
 4578.449707  4.5398E-13
 4581.196289  4.5452E-13
 4583.942871  4.5267E-13
 4586.688965  4.5248E-13
 4589.435059  4.5389E-13
 4592.181641  4.5248E-13
 4594.927734  4.5353E-13
 4597.674316  4.5326E-13
 4600.420410  4.5412E-13
 4603.166504  4.5535E-13
 4605.912598  4.5384E-13
 4608.659180  4.5358E-13
 4611.405273  4.5395E-13
 4614.151367  4.5462E-13
 4616.897461  4.5382E-13
 4619.643555  4.5310E-13
 4622.389648  4.5205E-13
 4625.135742  4.5390E-13
 4627.881836  4.5348E-13
 4630.627930  4.5390E-13
 4633.374023  4.5284E-13
 4636.120117  4.5247E-13
 4638.866211  4.5300E-13
 4641.611816  4.5555E-13
 4644.357910  4.5081E-13
 4647.104004  4.4936E-13
 4649.849609  4.5310E-13
 4652.595703  4.5021E-13
 4655.341797  4.5362E-13
 4658.087402  4.5314E-13
 4660.833496  4.4938E-13
 4663.579102  4.5008E-13
 4666.325195  4.5203E-13
 4669.070801  4.4734E-13
 4671.816406  4.4923E-13
 4674.562500  4.4789E-13
 4677.308105  4.5072E-13
 4680.053711  4.4811E-13
 4682.799316  4.4976E-13
 4685.544922  4.4321E-13
 4688.291016  4.3974E-13
 4691.036621  4.5042E-13
 4693.782227  4.4786E-13
 4696.527832  4.4412E-13
 4699.273438  4.4773E-13
 4702.019043  4.4636E-13
 4704.764160  4.4537E-13
 4707.509766  4.4227E-13
 4710.255371  4.4740E-13
 4713.000977  4.4772E-13
 4715.746094  4.4706E-13
 4718.491699  4.4416E-13
 4721.237305  4.4697E-13
 4723.982422  4.4168E-13
 4726.728027  4.3874E-13
 4729.473145  4.4249E-13
 4732.218750  4.4249E-13
 4734.963867  4.4581E-13
 4737.709473  4.4649E-13
 4740.454590  4.4549E-13
 4743.199707  4.4566E-13
 4745.945312  4.4877E-13
 4748.690430  4.4727E-13
 4751.435547  4.4379E-13
 4754.180664  4.4497E-13
 4756.925781  4.4101E-13
 4759.670898  4.3964E-13
 4762.416016  4.4057E-13
 4765.161133  4.4257E-13
 4767.906250  4.4402E-13
 4770.651367  4.4515E-13
 4773.396484  4.3611E-13
 4776.141113  4.3785E-13
 4778.886230  4.3759E-13
 4781.631348  4.3895E-13
 4784.376465  4.4075E-13
 4787.121094  4.4051E-13
 4789.866211  4.3935E-13
 4792.610840  4.3805E-13
 4795.355957  4.3738E-13
 4798.100586  4.3873E-13
 4800.845703  4.3453E-13
 4803.590332  4.3459E-13
 4806.334961  4.3618E-13
 4809.079590  4.3759E-13
 4811.824707  4.3502E-13
 4814.569336  4.3282E-13
 4817.313965  4.2735E-13
 4820.058594  4.2927E-13
 4822.803223  4.3210E-13
 4825.547852  4.3391E-13
 4828.292480  4.3216E-13
 4831.037109  4.3267E-13
 4833.781250  4.3023E-13
 4836.525879  4.2549E-13
 4839.270508  4.2221E-13
 4842.015137  4.2012E-13
 4844.759277  4.1450E-13
 4847.503906  4.0194E-13
 4850.248047  3.8227E-13
 4852.992676  3.4595E-13
 4855.736816  3.0513E-13
 4858.481445  3.3931E-13
 4861.225586  3.7377E-13
 4863.969727  3.9454E-13
 4866.714355  4.0485E-13
 4869.458496  4.1392E-13
 4872.202637  4.2007E-13
 4874.946777  4.2192E-13
 4877.690918  4.1972E-13
 4880.435059  4.2369E-13
 4883.179199  4.2288E-13
 4885.923340  4.1744E-13
 4888.667480  4.2888E-13
 4891.411621  4.3070E-13
 4894.155762  4.2875E-13
 4896.899414  4.2642E-13
 4899.643555  4.2713E-13
 4902.387695  4.3036E-13
 4905.131348  4.3258E-13
 4907.875488  4.3025E-13
 4910.619141  4.2934E-13
 4913.363281  4.2517E-13
 4916.106934  4.2546E-13
 4918.850586  4.2239E-13
 4921.594727  4.2844E-13
 4924.338379  4.3218E-13
 4927.082031  4.2924E-13
 4929.825684  4.2852E-13
 4932.569336  4.2786E-13
 4935.312988  4.3197E-13
 4938.056641  4.3091E-13
 4940.800293  4.3328E-13
 4943.543945  4.3206E-13
 4946.287598  4.3031E-13
 4949.031250  4.3023E-13
 4951.774414  4.2449E-13
 4954.518066  4.2648E-13
 4957.261719  4.3123E-13
 4960.004883  4.3027E-13
 4962.748535  4.2920E-13
 4965.491699  4.2991E-13
 4968.234863  4.3026E-13
 4970.978516  4.2847E-13
 4973.721680  4.2654E-13
 4976.464844  4.2658E-13
 4979.208008  4.2840E-13
 4981.951660  4.2898E-13
 4984.694824  4.2771E-13
 4987.437988  4.2711E-13
 4990.181152  4.2800E-13
 4992.924316  4.2783E-13
 4995.666992  4.2771E-13
 4998.410156  4.2534E-13
 5001.153320  4.2343E-13
 5003.896484  4.2471E-13
 5006.639160  4.2408E-13
 5009.382324  4.2421E-13
 5012.125000  4.2252E-13
 5014.868164  4.2200E-13
 5017.610840  4.2592E-13
 5020.354004  4.2880E-13
 5023.096680  4.2885E-13
 5025.839355  4.2388E-13
 5028.582031  4.2425E-13
 5031.324707  4.1656E-13
 5034.067871  4.2181E-13
 5036.810547  4.2494E-13
 5039.553223  4.2146E-13
 5042.295410  4.2408E-13
 5045.038086  4.2398E-13
 5047.780762  4.2492E-13
 5050.523438  4.2592E-13
 5053.266113  4.2536E-13
 5056.008301  4.2593E-13
 5058.750977  4.2370E-13
 5061.493164  4.2160E-13
 5064.235840  4.2233E-13
 5066.978027  4.2320E-13
 5069.720703  4.2291E-13
 5072.462891  4.2321E-13
 5075.205078  4.2163E-13
 5077.947266  4.2345E-13
 5080.689453  4.2306E-13
 5083.431641  4.2082E-13
 5086.173828  4.2275E-13
 5088.916016  4.2195E-13
 5091.658203  4.2218E-13
 5094.400391  4.1728E-13
 5097.142578  4.2098E-13
 5099.884277  4.2051E-13
 5102.626465  4.2023E-13
 5105.368652  4.2081E-13
 5108.110352  4.2104E-13
 5110.852539  4.2155E-13
 5113.594238  4.2156E-13
 5116.335938  4.1997E-13
 5119.078125  4.1763E-13
 5121.819824  4.1861E-13
 5124.561523  4.2013E-13
 5127.303223  4.2876E-13
 5130.044922  4.2047E-13
 5132.786621  4.1549E-13
 5135.528320  4.1326E-13
 5138.270020  4.1546E-13
 5141.011719  4.1716E-13
 5143.753418  4.1806E-13
 5146.494629  4.1730E-13
 5149.236328  4.1792E-13
 5151.977539  4.1739E-13
 5154.719238  4.1581E-13
 5157.460449  4.1206E-13
 5160.202148  4.0383E-13
 5162.943359  3.9566E-13
 5165.684570  3.9855E-13
 5168.425781  4.0181E-13
 5171.167480  4.1405E-13
 5173.908691  4.1175E-13
 5176.649902  4.0500E-13
 5179.390625  4.0332E-13
 5182.131836  4.1039E-13
 5184.873047  4.1124E-13
 5187.614258  4.1010E-13
 5190.355469  4.1196E-13
 5193.096191  4.1383E-13
 5195.837402  4.1223E-13
 5198.578125  4.1072E-13
 5201.319336  4.0467E-13
 5204.060059  4.0927E-13
 5206.800781  4.1274E-13
 5209.541992  4.1276E-13
 5212.282715  4.1209E-13
 5215.023438  4.1473E-13
 5217.764160  4.1199E-13
 5220.504883  4.0586E-13
 5223.245605  4.0878E-13
 5225.986328  4.0930E-13
 5228.726562  4.1188E-13
 5231.467285  4.1101E-13
 5234.208008  4.1377E-13
 5236.948242  4.1214E-13
 5239.688965  4.1347E-13
 5242.429199  4.1256E-13
 5245.169922  4.0976E-13
 5247.910156  4.1070E-13
 5250.650391  4.0953E-13
 5253.390625  4.1016E-13
 5256.131348  4.0791E-13
 5258.871582  4.0642E-13
 5261.611816  3.9982E-13
 5264.352051  3.9759E-13
 5267.091797  4.0486E-13
 5269.832031  4.0775E-13
 5272.572266  4.1032E-13
 5275.312500  4.0862E-13
 5278.052246  4.0585E-13
 5280.792480  4.0792E-13
 5283.532227  4.0692E-13
 5286.271973  4.0848E-13
 5289.012207  4.0848E-13
 5291.751953  4.0862E-13
 5294.491699  4.0454E-13
 5297.231445  4.0936E-13
 5299.971191  4.0625E-13
 5302.710938  4.0691E-13
 5305.450684  4.0784E-13
 5308.190430  4.0653E-13
 5310.930176  4.0614E-13
 5313.669922  4.0310E-13
 5316.409180  4.0070E-13
 5319.148926  4.0101E-13
 5321.888184  3.9587E-13
 5324.627930  4.0406E-13
 5327.367188  4.0374E-13
 5330.106445  4.0393E-13
 5332.845703  4.0162E-13
 5335.585449  4.0199E-13
 5338.324707  4.0367E-13
 5341.063965  4.0235E-13
 5343.803223  4.0351E-13
 5346.541992  4.0323E-13
 5349.281250  4.0510E-13
 5352.020508  4.0837E-13
 5354.759766  3.9861E-13
 5357.498535  4.0263E-13
 5360.237793  3.9878E-13
 5362.976562  3.9770E-13
 5365.715332  3.9995E-13
 5368.454590  4.0246E-13
 5371.193359  4.0253E-13
 5373.932129  4.0222E-13
 5376.670898  4.0216E-13
 5379.409668  4.0082E-13
 5382.148438  4.0072E-13
 5384.887207  4.0057E-13
 5387.625977  3.9725E-13
 5390.364258  3.9619E-13
 5393.103027  3.9796E-13
 5395.841797  3.9723E-13
 5398.580078  3.9183E-13
 5401.318848  3.9194E-13
 5404.057129  3.9369E-13
 5406.795410  3.9800E-13
 5409.533691  3.9723E-13
 5412.272461  3.9782E-13
 5415.010742  3.9865E-13
 5417.749023  3.9753E-13
 5420.486816  3.9635E-13
 5423.225098  3.9445E-13
 5425.963379  3.9463E-13
 5428.701660  3.9721E-13
 5431.439453  3.9971E-13
 5434.177734  3.9649E-13
 5436.915527  3.9599E-13
 5439.653809  3.8936E-13
 5442.391602  3.9081E-13
 5445.129395  3.9553E-13
 5447.867188  3.9177E-13
 5452.238281  3.9127E-13
 5457.108887  3.9290E-13
 5461.979492  3.9195E-13
 5466.850098  3.9311E-13
 5471.721191  3.9199E-13
 5476.591797  3.9429E-13
 5481.462402  3.9171E-13
 5486.333496  3.9100E-13
 5491.204590  3.9151E-13
 5496.075195  3.9151E-13
 5500.946289  3.9305E-13
 5505.817383  3.9096E-13
 5510.688477  3.9022E-13
 5515.560059  3.8960E-13
 5520.431152  3.9187E-13
 5525.302246  3.8824E-13
 5530.173828  3.8903E-13
 5535.045410  3.8904E-13
 5539.916992  3.8514E-13
 5544.788086  3.8946E-13
 5549.659668  3.8866E-13
 5554.531738  3.8616E-13
 5559.403320  3.8636E-13
 5564.274902  3.8551E-13
 5569.146973  3.8619E-13
 5574.018555  3.8303E-13
 5578.890625  3.8416E-13
 5583.762695  3.8651E-13
 5588.634277  3.8500E-13
 5593.506348  3.8209E-13
 5598.378418  3.8582E-13
 5603.250977  3.8459E-13
 5608.123047  3.8251E-13
 5612.995117  3.8126E-13
 5617.867676  3.7921E-13
 5622.740234  3.8157E-13
 5627.612305  3.8352E-13
 5632.484863  3.8015E-13
 5637.357422  3.8053E-13
 5642.229980  3.7965E-13
 5647.102539  3.7938E-13
 5651.975586  3.8054E-13
 5656.848145  3.7994E-13
 5661.720703  3.7858E-13
 5666.593750  3.7939E-13
 5671.466797  3.7845E-13
 5676.339355  3.7384E-13
 5681.212402  3.7727E-13
 5686.085449  3.7634E-13
 5690.958496  3.7748E-13
 5695.832031  3.7720E-13
 5700.705078  3.7841E-13
 5705.578125  3.7512E-13
 5710.451660  3.7560E-13
 5715.324707  3.7622E-13
 5720.198242  3.7515E-13
 5725.071777  3.7379E-13
 5729.945312  3.7480E-13
 5734.818848  3.7303E-13
 5739.692383  3.7293E-13
 5744.565918  3.7274E-13
 5749.439941  3.7396E-13
 5754.313477  3.7173E-13
 5759.187500  3.7029E-13
 5764.061035  3.7386E-13
 5768.935059  3.7180E-13
 5773.809082  3.7253E-13
 5778.683105  3.7339E-13
 5783.557129  3.6889E-13
 5788.431152  3.6906E-13
 5793.305176  3.6789E-13
 5798.179199  3.6842E-13
 5803.053711  3.6784E-13
 5807.927734  3.6789E-13
 5812.802246  3.6968E-13
 5817.676758  3.6952E-13
 5822.550781  3.6842E-13
 5827.425293  3.6665E-13
 5832.299805  3.6516E-13
 5837.174316  3.6471E-13
 5842.048828  3.6592E-13
 5846.923828  3.6501E-13
 5851.798340  3.6031E-13
 5856.673340  3.5712E-13
 5861.547852  3.6280E-13
 5866.422852  3.6329E-13
 5871.297852  3.6396E-13
 5876.172852  3.6232E-13
 5881.047363  3.5935E-13
 5885.922852  3.5569E-13
 5890.797852  3.5244E-13
 5895.672852  3.5627E-13
 5900.547852  3.5953E-13
 5905.423340  3.6118E-13
 5910.298340  3.6231E-13
 5915.173828  3.5985E-13
 5920.048828  3.6229E-13
 5924.924316  3.5902E-13
 5929.799805  3.6022E-13
 5934.675293  3.5890E-13
 5939.550781  3.6020E-13
 5944.426270  3.5842E-13
 5949.302246  3.5991E-13
 5954.177734  3.6055E-13
 5959.053223  3.5630E-13
 5963.929199  3.5714E-13
 5968.805176  3.5811E-13
 5973.680664  3.5713E-13
 5978.556641  3.5622E-13
 5983.432617  3.5603E-13
 5988.308594  3.5550E-13
 5993.184570  3.5514E-13
 5998.060547  3.5642E-13
 6002.936523  3.5291E-13
 6007.812988  3.5485E-13
 6012.688965  3.5349E-13
 6017.565430  3.5316E-13
 6022.441406  3.5389E-13
 6027.317871  3.5266E-13
 6032.194336  3.5268E-13
 6037.070312  3.5268E-13
 6041.946777  3.5629E-13
 6046.823242  3.5341E-13
 6051.700195  3.4973E-13
 6056.576660  3.4922E-13
 6061.453125  3.4994E-13
 6066.329590  3.4989E-13
 6071.206543  3.4935E-13
 6076.083008  3.4763E-13
 6080.959961  3.5035E-13
 6085.836914  3.4798E-13
 6090.713867  3.4845E-13
 6095.590332  3.4752E-13
 6100.467285  3.4903E-13
 6105.344238  3.5027E-13
 6110.221680  3.4757E-13
 6115.098633  3.4624E-13
 6119.975586  3.4560E-13
 6124.853027  3.4398E-13
 6129.729980  3.4629E-13
 6134.607422  3.4583E-13
 6139.484375  3.4557E-13
 6144.361816  3.4419E-13
 6149.239258  3.4226E-13
 6154.116699  3.4177E-13
 6158.994141  3.4410E-13
 6163.871582  3.4221E-13
 6168.749023  3.4222E-13
 6173.626465  3.4320E-13
 6178.503906  3.4319E-13
 6183.381836  3.4189E-13
 6188.259277  3.4104E-13
 6193.137207  3.4194E-13
 6198.014648  3.4265E-13
 6202.892578  3.4183E-13
 6207.770508  3.3998E-13
 6212.647949  3.4073E-13
 6217.525879  3.3934E-13
 6222.403809  3.3781E-13
 6227.281738  3.3879E-13
 6232.160156  3.3904E-13
 6237.038086  3.3877E-13
 6241.916016  3.3680E-13
 6246.793945  3.3776E-13
 6251.672363  3.3724E-13
 6256.550293  3.3934E-13
 6261.428711  3.3725E-13
 6266.307129  3.3546E-13
 6271.185547  3.3429E-13
 6276.063477  3.3520E-13
 6280.941895  3.3541E-13
 6285.820312  3.3433E-13
 6290.698730  3.3377E-13
 6295.577148  3.3475E-13
 6300.456055  3.3370E-13
 6305.334473  3.3217E-13
 6310.212891  3.3047E-13
 6315.091797  3.3000E-13
 6319.970215  3.2842E-13
 6324.849121  3.2682E-13
 6329.728027  3.2519E-13
 6334.606445  3.2724E-13
 6339.485352  3.2946E-13
 6344.364258  3.2778E-13
 6349.243164  3.2888E-13
 6354.122070  3.2831E-13
 6359.000977  3.3009E-13
 6363.879883  3.2833E-13
 6368.758789  3.2780E-13
 6373.638184  3.2775E-13
 6378.517090  3.2741E-13
 6383.396484  3.2708E-13
 6388.275391  3.2877E-13
 6393.154785  3.2640E-13
 6398.033691  3.2810E-13
 6402.913086  3.2702E-13
 6407.792480  3.2462E-13
 6412.671875  3.2369E-13
 6417.551270  3.2340E-13
 6422.430664  3.2379E-13
 6427.310059  3.2337E-13
 6432.189453  3.2316E-13
 6437.068848  3.2308E-13
 6441.948242  3.2163E-13
 6446.828125  3.2014E-13
 6451.707520  3.2065E-13
 6456.587402  3.1967E-13
 6461.466797  3.2008E-13
 6466.346680  3.2049E-13
 6471.226562  3.2043E-13
 6476.105957  3.1909E-13
 6480.985840  3.1837E-13
 6485.865723  3.1808E-13
 6490.745605  3.1593E-13
 6495.625488  3.1918E-13
 6500.505371  3.1710E-13
 6505.385254  3.1836E-13
 6510.265137  3.1610E-13
 6515.145508  3.1604E-13
 6520.025391  3.1539E-13
 6524.905273  3.1322E-13
 6529.785645  3.1184E-13
 6534.665527  3.0989E-13
 6539.545898  3.0580E-13
 6544.426270  2.9381E-13
 6549.306152  2.7857E-13
 6554.186523  2.6156E-13
 6559.066895  2.6163E-13
 6563.947266  2.8467E-13
 6568.827637  2.9879E-13
 6573.708008  3.0550E-13
 6578.588379  3.0705E-13
 6583.468750  3.0810E-13
 6588.349121  3.1073E-13
 6593.229980  3.1132E-13
 6598.110352  3.1153E-13
 6602.990723  3.1171E-13
 6607.871582  3.1255E-13
 6612.751953  3.1030E-13
 6617.632812  3.1100E-13
 6622.513184  3.0991E-13
 6627.394043  3.1038E-13
 6632.274902  3.1178E-13
 6637.155762  3.1011E-13
 6642.036621  3.1043E-13
 6646.917480  3.1003E-13
 6651.798340  3.1000E-13
 6656.679199  3.0869E-13
 6661.560059  3.0831E-13
 6666.440918  3.0794E-13
 6671.321777  3.0794E-13
 6676.202637  3.0880E-13
 6681.083984  3.0771E-13
 6685.964844  3.0837E-13
 6690.845703  3.0738E-13
 6695.727051  3.0656E-13
 6700.607910  3.0630E-13
 6705.489258  3.0657E-13
 6710.370605  3.0570E-13
 6715.251465  3.0475E-13
 6720.132812  3.0623E-13
 6725.014160  3.0692E-13
 6729.895508  3.0637E-13
 6734.776855  3.0599E-13
 6739.658203  3.0475E-13
 6744.539551  3.0409E-13
 6749.420898  3.0518E-13
 6754.302246  3.0409E-13
 6759.183594  3.0328E-13
 6764.065430  3.0424E-13
 6768.946777  3.0392E-13
 6773.828125  3.0414E-13
 6778.709961  3.0200E-13
 6783.591309  3.0342E-13
 6788.473145  3.0083E-13
 6793.354492  3.0014E-13
 6798.236328  2.9986E-13
 6803.117676  3.0023E-13
 6807.999512  3.0001E-13
 6812.881348  3.0131E-13
 6817.763184  2.9912E-13
 6822.645020  2.9856E-13
 6827.526855  2.9927E-13
 6832.408203  2.9887E-13
 6837.290039  2.9846E-13
 6842.172363  2.9779E-13
 6847.054199  2.9765E-13
 6851.936035  2.9811E-13
 6856.817871  2.9442E-13
 6861.699707  2.9514E-13
 6866.582031  2.9454E-13
 6871.463867  2.9522E-13
 6876.345703  2.9636E-13
 6881.228027  2.9509E-13
 6886.109863  2.9564E-13
 6890.992188  2.9754E-13
 6895.874023  2.9619E-13
 6900.756348  2.9261E-13
 6905.638672  2.9312E-13
 6910.520508  2.9258E-13
 6915.402832  2.9462E-13
 6920.285156  2.9197E-13
 6925.167480  2.9251E-13
 6930.049805  2.9392E-13
 6934.932129  2.9072E-13
 6939.814453  2.9136E-13
 6944.696777  2.9203E-13
 6949.579102  2.9082E-13
 6954.461426  2.9041E-13
 6959.343750  2.8957E-13
 6964.226074  2.8990E-13
 6969.108887  2.8982E-13
 6973.991211  2.8923E-13
 6978.873535  2.9036E-13
 6983.755859  2.8984E-13
 6988.638672  2.8911E-13
 6993.520996  2.8769E-13
 6998.403809  2.8936E-13
 7003.286133  2.8687E-13
 7008.168945  2.8772E-13
 7013.051758  2.8647E-13
 7017.934082  2.8512E-13
 7022.816895  2.8732E-13
 7027.699707  2.8579E-13
 7032.582520  2.8580E-13
 7037.464844  2.8353E-13
 7042.347656  2.8457E-13
 7047.230469  2.8366E-13
 7052.113281  2.8461E-13
 7056.996094  2.8388E-13
 7061.878906  2.8472E-13
 7066.761719  2.8311E-13
 7071.644531  2.8256E-13
 7076.527344  2.8145E-13
 7081.410156  2.8236E-13
 7086.293457  2.8164E-13
 7091.176270  2.8141E-13
 7096.059082  2.8201E-13
 7100.942383  2.8165E-13
 7105.825195  2.8170E-13
 7110.708008  2.8168E-13
 7115.591309  2.8002E-13
 7120.474121  2.8034E-13
 7125.357422  2.7884E-13
 7130.240234  2.7881E-13
 7135.123535  2.8075E-13
 7140.006348  2.7956E-13
 7144.889648  2.7894E-13
 7149.772949  2.7839E-13
 7154.655762  2.7697E-13
 7159.539062  2.7749E-13
 7164.422363  2.7713E-13
 7169.305664  2.7724E-13
 7174.188477  2.7741E-13
 7179.071777  2.7627E-13
 7183.955078  2.7611E-13
 7188.838379  2.7585E-13
 7193.721680  2.7619E-13
 7198.604980  2.7579E-13
 7203.488281  2.7488E-13
 7208.371582  2.7424E-13
 7213.254883  2.7496E-13
 7218.138184  2.7413E-13
 7223.021973  2.7492E-13
 7227.905273  2.7327E-13
 7232.788574  2.7346E-13
 7237.671875  2.7223E-13
 7242.555176  2.7312E-13
 7247.438965  2.7363E-13
 7252.322266  2.7225E-13
 7257.205566  2.7147E-13
 7262.089355  2.7221E-13
 7266.972656  2.7286E-13
 7271.856445  2.7222E-13
 7276.739746  2.7081E-13
 7281.623535  2.7000E-13
 7286.506836  2.6828E-13
 7291.390625  2.6918E-13
 7296.273926  2.6888E-13
 7301.157715  2.6784E-13
 7306.041504  2.6796E-13
 7310.924805  2.6887E-13
 7315.808594  2.6820E-13
 7320.692383  2.6920E-13
 7325.575684  2.6777E-13
 7330.459473  2.6781E-13
 7335.343262  2.6717E-13
 7340.227051  2.6698E-13
 7345.110840  2.6719E-13
 7349.994141  2.6613E-13
 7354.877930  2.6627E-13
 7359.761719  2.6614E-13
 7364.645508  2.6535E-13
 7369.529297  2.6540E-13
 7374.413086  2.6377E-13
 7379.296875  2.6461E-13
 7384.180664  2.6363E-13
 7389.064453  2.6138E-13
 7393.948242  2.6352E-13
 7398.832031  2.6238E-13
 7403.716309  2.6248E-13
 7408.600098  2.6113E-13
 7413.483887  2.6112E-13
 7418.367676  2.6202E-13
 7423.251465  2.6214E-13
 7428.135254  2.6054E-13
 7433.019531  2.6029E-13
 7437.903320  2.5888E-13
 7442.787109  2.6088E-13
 7447.671387  2.6042E-13
 7452.555176  2.6042E-13
 7457.438965  2.6034E-13
 7462.323242  2.5845E-13
 7467.207031  2.5932E-13
 7472.090820  2.5871E-13
 7476.975098  2.5885E-13
 7481.858887  2.5773E-13
 7486.743164  2.5812E-13
 7491.626953  2.5666E-13
 7496.511230  2.5683E-13
 7501.395020  2.5673E-13
 7506.279297  2.5640E-13
 7511.163086  2.5682E-13
 7516.047363  2.5655E-13
 7520.931152  2.5467E-13
 7525.815430  2.5505E-13
 7530.699707  2.5385E-13
 7535.583496  2.5545E-13
 7540.467773  2.5523E-13
 7545.352051  2.5467E-13
 7550.235840  2.5267E-13
 7555.120117  2.5421E-13
 7560.004395  2.5403E-13
 7564.888184  2.5561E-13
 7569.772461  2.5284E-13
 7574.656738  2.5273E-13
 7579.541016  2.5238E-13
 7584.424805  2.5117E-13
 7589.309082  2.5076E-13
 7594.193359  2.5086E-13
 7599.077637  2.5051E-13
 7603.961426  2.5206E-13
 7608.845703  2.5091E-13
 7613.729980  2.5214E-13
 7618.614258  2.5100E-13
 7623.498535  2.5006E-13
 7628.382812  2.4958E-13
 7633.267090  2.4918E-13
 7638.151367  2.4843E-13
 7643.035156  2.4778E-13
 7647.919434  2.4862E-13
 7652.803711  2.4822E-13
 7657.687988  2.4634E-13
 7662.572266  2.4763E-13
 7667.456543  2.4774E-13
 7672.340820  2.4854E-13
 7677.225098  2.4699E-13
 7682.109375  2.4713E-13
 7686.993652  2.4519E-13
 7691.877930  2.4593E-13
 7696.762207  2.4376E-13
 7701.646484  2.4400E-13
 7706.530762  2.4496E-13
 7711.415039  2.4369E-13
 7716.299316  2.4577E-13
 7721.183594  2.4659E-13
 7726.067871  2.4575E-13
 7730.952148  2.4519E-13
 7735.836426  2.4447E-13
 7740.720703  2.4377E-13
 7745.605469  2.4168E-13
 7750.489746  2.4136E-13
 7755.374023  2.4299E-13
 7760.258301  2.4264E-13
 7765.142578  2.4236E-13
 7770.026855  2.4321E-13
 7774.911133  2.4176E-13
 7779.795410  2.4203E-13
 7784.679688  2.4197E-13
 7789.563965  2.4108E-13
 7794.448730  2.3911E-13
 7799.333008  2.3880E-13
 7804.217285  2.4045E-13
 7809.101562  2.3981E-13
 7813.985840  2.4071E-13
 7818.870117  2.3963E-13
 7823.754395  2.3935E-13
 7828.638672  2.3928E-13
 7833.523438  2.3803E-13
 7838.407715  2.3849E-13
 7843.291992  2.3734E-13
 7848.176270  2.3614E-13
 7853.060547  2.3730E-13
 7857.944824  2.3990E-13
 7862.829102  2.3887E-13
 7867.713867  2.3753E-13
 7872.598145  2.3715E-13
 7877.482422  2.3586E-13
 7882.366699  2.3613E-13
 7887.250977  2.3685E-13
 7892.135254  2.3805E-13
 7897.019531  2.3787E-13
 7901.903809  2.3659E-13
 7906.788574  2.3476E-13
 7911.672852  2.3378E-13
 7916.557129  2.3388E-13
 7921.441406  2.3399E-13
 7926.325684  2.3367E-13
 7931.209961  2.3248E-13
 7936.094238  2.3368E-13
 7940.978516  2.3288E-13
 7945.863281  2.3251E-13
 7950.747559  2.3364E-13
 7955.631836  2.3149E-13
 7960.516113  2.3254E-13
 7965.400391  2.3213E-13
 7970.284668  2.3314E-13
 7975.168945  2.3467E-13
 7980.053223  2.3269E-13
 7984.937500  2.3182E-13
 7989.821777  2.3178E-13
 7994.706055  2.3053E-13
 7999.590332  2.2913E-13
 8004.474609  2.3062E-13
 8009.358887  2.3198E-13
 8014.243164  2.3047E-13
 8019.127441  2.3110E-13
 8024.011719  2.3013E-13
 8028.895996  2.3008E-13
 8033.780273  2.2834E-13
 8038.664551  2.2802E-13
 8043.548828  2.2810E-13
 8048.433105  2.2812E-13
 8053.317383  2.2834E-13
 8058.201660  2.2724E-13
 8063.085938  2.2669E-13
 8067.970215  2.2716E-13
 8072.854492  2.2663E-13
 8077.738770  2.2624E-13
 8082.623047  2.2375E-13
 8087.507324  2.2574E-13
 8092.391602  2.2439E-13
 8097.275391  2.2531E-13
 8102.159668  2.2564E-13
 8107.043945  2.2428E-13
 8111.928223  2.2419E-13
 8116.812500  2.2392E-13
 8121.696777  2.2417E-13
 8126.580566  2.2413E-13
 8131.464844  2.2557E-13
 8136.349121  2.2280E-13
 8141.233398  2.2180E-13
 8146.117188  2.2330E-13
 8151.001465  2.2306E-13
 8155.885742  2.2347E-13
 8160.769531  2.2117E-13
 8165.653809  2.2205E-13
 8170.538086  2.2330E-13
 8175.421875  2.2225E-13
 8180.306152  2.2119E-13
 8185.190430  2.2077E-13
 8190.074219  2.2092E-13
 8194.958008  2.1948E-13
 8199.842773  2.1902E-13
 8204.726562  2.1846E-13
 8209.610352  2.1931E-13
 8214.495117  2.1905E-13
 8219.378906  2.1864E-13
 8224.262695  2.2016E-13
 8229.146484  2.2045E-13
 8234.030273  2.1916E-13
 8238.915039  2.1868E-13
 8243.798828  2.1926E-13
 8248.682617  2.1987E-13
 8253.566406  2.1966E-13
 8258.450195  2.1761E-13
 8263.334961  2.1615E-13
 8268.218750  2.1709E-13
 8273.102539  2.1605E-13
 8277.986328  2.1781E-13
 8282.870117  2.1563E-13
 8287.753906  2.1514E-13
 8292.637695  2.1572E-13
 8297.522461  2.1371E-13
 8302.406250  2.1416E-13
 8307.290039  2.1448E-13
 8312.173828  2.1552E-13
 8317.057617  2.1510E-13
 8321.941406  2.1328E-13
 8326.825195  2.1400E-13
 8331.708984  2.1511E-13
 8336.592773  2.1330E-13
 8341.476562  2.1296E-13
 8346.360352  2.1255E-13
 8351.244141  2.1287E-13
 8356.127930  2.1238E-13
 8361.011719  2.1042E-13
 8365.895508  2.1054E-13
 8370.779297  2.0968E-13
 8375.663086  2.1252E-13
 8380.545898  2.1115E-13
 8385.429688  2.1317E-13
 8390.313477  2.1171E-13
 8395.197266  2.1157E-13
 8400.081055  2.1111E-13
 8404.964844  2.1035E-13
 8409.848633  2.1126E-13
 8414.731445  2.1098E-13
 8419.615234  2.0985E-13
 8424.499023  2.1084E-13
 8429.382812  2.0900E-13
 8434.266602  2.0967E-13
 8439.149414  2.0818E-13
 8444.033203  2.0707E-13
 8448.916992  2.0744E-13
 8453.799805  2.0655E-13
 8458.683594  2.0946E-13
 8463.567383  2.0920E-13
 8468.450195  2.0861E-13
 8473.333984  2.0799E-13
 8478.217773  2.0640E-13
 8483.100586  2.0680E-13
 8487.984375  2.0348E-13
 8492.867188  2.0249E-13
 8497.750977  2.0452E-13
 8502.634766  2.0536E-13
 8507.517578  2.0679E-13
 8512.401367  2.0526E-13
 8517.284180  2.0355E-13
 8522.167969  2.0303E-13
 8527.050781  2.0059E-13
 8531.934570  1.9463E-13
 8536.817383  1.9592E-13
 8541.700195  2.0050E-13
 8546.583984  2.0306E-13
 8551.466797  2.0419E-13
 8556.350586  2.0525E-13
 8561.233398  2.0511E-13
 8566.116211  2.0570E-13
 8571.000000  2.0473E-13
 8575.882812  2.0425E-13
 8580.765625  2.0186E-13
 8585.649414  2.0093E-13
 8590.532227  2.0017E-13
 8595.415039  2.0131E-13
 8600.297852  2.0257E-13
 8605.180664  2.0115E-13
 8610.064453  2.0145E-13
 8614.947266  2.0135E-13
 8619.830078  2.0180E-13
 8624.712891  2.0106E-13
 8629.595703  1.9959E-13
 8634.478516  1.9946E-13
 8639.361328  1.9916E-13
 8644.244141  1.9742E-13
 8649.126953  1.9473E-13
 8654.009766  1.8983E-13
 8658.892578  1.9515E-13
 8663.775391  1.9752E-13
 8668.658203  1.9871E-13
 8673.541016  1.9754E-13
 8678.423828  1.9829E-13
 8683.306641  1.9980E-13
 8688.189453  1.9931E-13
 8693.072266  1.9850E-13
 8697.955078  1.9922E-13
 8702.837891  1.9944E-13
 8707.719727  1.9773E-13
 8712.602539  1.9795E-13
 8717.485352  1.9755E-13
 8722.368164  1.9658E-13
 8727.250000  1.9627E-13
 8732.132812  1.9617E-13
 8737.015625  1.9462E-13
 8741.897461  1.9238E-13
 8746.780273  1.9404E-13
 8751.663086  1.9608E-13
 8756.544922  1.9788E-13
 8761.427734  1.9778E-13
 8766.309570  1.9821E-13
 8771.192383  1.9560E-13
 8776.074219  1.9559E-13
 8780.957031  1.9397E-13
 8785.838867  1.9387E-13
 8790.721680  1.9334E-13
 8795.603516  1.9366E-13
 8800.486328  1.9458E-13
 8805.368164  1.9551E-13
 8810.250000  1.9538E-13
 8815.132812  1.9431E-13
 8820.014648  1.9312E-13
 8824.896484  1.9259E-13
 8829.778320  1.9147E-13
 8834.661133  1.9260E-13
 8839.542969  1.9129E-13
 8844.424805  1.9082E-13
 8849.306641  1.8886E-13
 8854.188477  1.8783E-13
 8859.070312  1.8771E-13
 8863.953125  1.8912E-13
 8868.834961  1.9014E-13
 8873.716797  1.9179E-13
 8878.598633  1.9319E-13
 8883.480469  1.9152E-13
 8888.362305  1.9181E-13
 8893.244141  1.9024E-13
 8898.125977  1.9020E-13
 8903.006836  1.9027E-13
 8907.888672  1.8876E-13
 8912.770508  1.8985E-13
 8917.652344  1.9151E-13
 8922.534180  1.9062E-13
 8927.416016  1.9106E-13
 8932.296875  1.8959E-13
 8937.178711  1.8899E-13
 8942.060547  1.8614E-13
 8946.941406  1.8890E-13
 8951.823242  1.8942E-13
 8956.705078  1.9098E-13
 8961.585938  1.9016E-13
 8966.467773  1.8947E-13
 8971.348633  1.8766E-13
 8976.230469  1.8648E-13
 8981.111328  1.8797E-13
 8985.993164  1.8638E-13
 8990.874023  1.8877E-13
 8995.755859  1.8426E-13
 9000.636719  1.8183E-13
 9005.517578  1.8063E-13
 9010.399414  1.8221E-13
 9015.280273  1.8503E-13
 9020.161133  1.8555E-13
 9025.041992  1.8699E-13
 9029.923828  1.8595E-13
 9034.804688  1.8635E-13
 9039.685547  1.8687E-13
 9044.566406  1.8508E-13
 9049.447266  1.8561E-13
 9054.328125  1.8430E-13
 9059.208984  1.8478E-13
 9064.089844  1.8518E-13
 9068.970703  1.8507E-13
 9073.851562  1.8601E-13
 9078.732422  1.8641E-13
 9083.613281  1.8586E-13
 9088.494141  1.8363E-13
 9093.375000  1.8309E-13
 9098.254883  1.8289E-13
 9103.135742  1.8423E-13
 9108.016602  1.8506E-13
 9112.897461  1.8344E-13
 9117.777344  1.8367E-13
 9122.658203  1.8364E-13
 9127.539062  1.8336E-13
 9132.418945  1.8276E-13
 9137.299805  1.8283E-13
 9142.179688  1.8322E-13
 9147.060547  1.8457E-13
 9151.940430  1.8488E-13
 9156.821289  1.8426E-13
 9161.701172  1.8422E-13
 9166.581055  1.8276E-13
 9171.461914  1.7909E-13
 9176.341797  1.7788E-13
 9181.221680  1.7999E-13
 9186.102539  1.8319E-13
 9190.982422  1.8119E-13
 9195.862305  1.8108E-13
 9200.742188  1.7900E-13
 9205.622070  1.7542E-13
 9210.501953  1.7409E-13
 9215.381836  1.7108E-13
 9220.261719  1.6980E-13
 9225.141602  1.7398E-13
 9230.021484  1.7531E-13
 9234.901367  1.7817E-13
 9239.781250  1.7662E-13
 9244.661133  1.7515E-13
 9249.541016  1.7611E-13
 9254.420898  1.7628E-13
 9259.299805  1.7782E-13
 9264.179688  1.7824E-13
 9269.059570  1.7739E-13
 9273.938477  1.7732E-13
 9278.818359  1.7590E-13
 9283.698242  1.7695E-13
 9288.577148  1.7690E-13
 9293.457031  1.7764E-13
 9298.335938  1.7622E-13
 9303.215820  1.7703E-13
 9308.094727  1.7552E-13
 9312.973633  1.7314E-13
 9317.853516  1.7344E-13
 9322.732422  1.7243E-13
 9327.611328  1.7326E-13
 9332.491211  1.7319E-13
 9337.370117  1.7251E-13
 9342.249023  1.7253E-13
 9347.127930  1.7235E-13
 9352.006836  1.7111E-13
 9356.885742  1.7203E-13
 9361.764648  1.7406E-13
 9366.643555  1.7282E-13
 9371.522461  1.7280E-13
 9376.401367  1.7172E-13
 9381.280273  1.7118E-13
 9386.159180  1.7168E-13
 9391.038086  1.7193E-13
 9395.916992  1.7215E-13
 9400.794922  1.7171E-13
 9405.673828  1.7288E-13
 9410.552734  1.7253E-13
 9415.430664  1.7086E-13
 9420.309570  1.6830E-13
 9425.187500  1.6901E-13
 9430.066406  1.7089E-13
 9434.944336  1.7027E-13
 9439.823242  1.7112E-13
 9444.701172  1.7094E-13
 9449.580078  1.7084E-13
 9454.458008  1.6952E-13
 9459.335938  1.6807E-13
 9464.213867  1.6832E-13
 9469.092773  1.6934E-13
 9473.970703  1.7004E-13
 9478.848633  1.6954E-13
 9483.726562  1.6795E-13
 9488.604492  1.6731E-13
 9493.482422  1.6793E-13
 9498.360352  1.6653E-13
 9503.238281  1.6703E-13
 9508.116211  1.6787E-13
 9512.994141  1.6555E-13
 9517.872070  1.6436E-13
 9522.749023  1.6435E-13
 9527.626953  1.6240E-13
 9532.504883  1.5974E-13
 9537.382812  1.5667E-13
 9542.259766  1.5918E-13
 9547.137695  1.6140E-13
 9552.014648  1.6237E-13
 9556.892578  1.6249E-13
 9561.769531  1.6520E-13
 9566.647461  1.6605E-13
 9571.524414  1.6396E-13
 9576.401367  1.6392E-13
 9581.279297  1.6237E-13
 9586.156250  1.6325E-13
 9591.033203  1.6452E-13
 9595.910156  1.6471E-13
 9600.787109  1.6442E-13
 9605.664062  1.6466E-13
 9610.541992  1.6398E-13
 9615.418945  1.6171E-13
 9620.294922  1.6216E-13
 9625.171875  1.6176E-13
 9630.048828  1.6218E-13
 9634.925781  1.6293E-13
 9639.802734  1.6243E-13
 9644.679688  1.6073E-13
 9649.555664  1.6020E-13
 9654.432617  1.5984E-13
 9659.309570  1.6195E-13
 9664.185547  1.6143E-13
 9669.062500  1.6174E-13
 9673.938477  1.5997E-13
 9678.815430  1.6028E-13
 9683.691406  1.5959E-13
 9688.567383  1.6225E-13
 9693.444336  1.6238E-13
 9698.320312  1.6143E-13
 9703.196289  1.6199E-13
 9708.072266  1.6020E-13
 9712.949219  1.5851E-13
 9717.825195  1.5698E-13
 9722.701172  1.5661E-13
 9727.577148  1.5689E-13
 9732.453125  1.5837E-13
 9737.329102  1.5882E-13
 9742.204102  1.5864E-13
 9747.080078  1.5656E-13
 9751.956055  1.5934E-13
 9756.832031  1.5911E-13
 9761.708008  1.5815E-13
 9766.583008  1.5864E-13
 9771.458984  1.5758E-13
 9776.333984  1.5790E-13
 9781.209961  1.5673E-13
 9786.084961  1.5584E-13
 9790.960938  1.5366E-13
 9795.835938  1.5564E-13
 9800.710938  1.5853E-13
 9805.586914  1.5686E-13
 9810.461914  1.5590E-13
 9815.336914  1.5622E-13
 9820.211914  1.5367E-13
 9825.086914  1.5302E-13
 9829.961914  1.5507E-13
 9834.836914  1.5535E-13
 9839.711914  1.5634E-13
 9844.586914  1.5531E-13
 9849.461914  1.5459E-13
 9854.336914  1.5421E-13
 9859.211914  1.5442E-13
 9864.085938  1.5308E-13
 9868.960938  1.5190E-13
 9873.835938  1.5329E-13
 9878.709961  1.5688E-13
 9883.584961  1.5492E-13
 9888.458984  1.5433E-13
 9893.333984  1.5422E-13
 9898.208008  1.5396E-13
 9903.082031  1.5055E-13
 9907.957031  1.5120E-13
 9912.831055  1.5046E-13
 9917.705078  1.4964E-13
 9922.579102  1.5342E-13
 9927.453125  1.5228E-13
 9932.327148  1.5261E-13
 9937.201172  1.5201E-13
 9942.075195  1.5181E-13
 9946.949219  1.5181E-13
 9951.823242  1.5164E-13
 9956.697266  1.5113E-13
 9961.570312  1.5071E-13
 9966.444336  1.5038E-13
 9971.318359  1.5061E-13
 9976.191406  1.5074E-13
 9981.065430  1.4981E-13
 9985.938477  1.4848E-13
 9990.812500  1.4845E-13
 9995.685547  1.4771E-13
10000.558594  1.4924E-13
10005.432617  1.5104E-13
10010.305664  1.4944E-13
10015.178711  1.4838E-13
10020.051758  1.4718E-13
10024.924805  1.4483E-13
10029.797852  1.4374E-13
10034.670898  1.4055E-13
10039.543945  1.4035E-13
10044.416992  1.4066E-13
10049.290039  1.4300E-13
10054.163086  1.4515E-13
10059.035156  1.4365E-13
10063.908203  1.4578E-13
10068.781250  1.4526E-13
10073.653320  1.4619E-13
10078.526367  1.4481E-13
10083.398438  1.4466E-13
10088.270508  1.4487E-13
10093.143555  1.4460E-13
10098.015625  1.4570E-13
10102.887695  1.4425E-13
10107.759766  1.4397E-13
10112.632812  1.4452E-13
10117.504883  1.4434E-13
10122.376953  1.4423E-13
10127.249023  1.4501E-13
10132.121094  1.4486E-13
10136.992188  1.4481E-13
10141.864258  1.4418E-13
10146.736328  1.4431E-13
10151.608398  1.4408E-13
10156.479492  1.4430E-13
10161.351562  1.4244E-13
10166.222656  1.4336E-13
10171.094727  1.4208E-13
10175.965820  1.4505E-13
10180.837891  1.4518E-13
10185.708984  1.4604E-13
10190.580078  1.4568E-13
10195.451172  1.4450E-13
10200.322266  1.4405E-13
10205.194336  1.4353E-13
10210.065430  1.4232E-13
10214.936523  1.4636E-13
10219.806641  1.4324E-13
10224.677734  1.4554E-13
