#*BD174708
#*
#*  Heap-Lindler STIS
#set .z.units = "Ergs/s/cm**2/A"
#set .z.label = "Flux"
#set .table.bandwidth = 2.74
#*
  2950.  3.95408939E-13
  2952.73999  4.05552247E-13
  2955.47998  4.16373994E-13
  2958.21997  4.22421104E-13
  2960.95996  4.23713907E-13
  2963.69995  4.20056324E-13
  2966.43994  3.88630697E-13
  2969.17993  3.84022539E-13
  2971.91992  3.9468087E-13
  2974.65991  4.24810957E-13
  2977.3999  4.3495215E-13
  2980.13989  4.10951871E-13
  2982.87988  3.89634641E-13
  2985.62012  3.73524996E-13
  2988.36011  4.10804203E-13
  2991.1001  4.24413949E-13
  2993.84009  4.28845544E-13
  2996.58008  4.33078568E-13
  2999.32007  4.12166557E-13
  3002.06006  3.93920627E-13
  3004.80005  4.09489581E-13
  3007.54004  4.11030097E-13
  3010.28003  4.25963003E-13
  3013.02002  4.29025901E-13
  3015.76001  4.14950328E-13
  3018.5  3.94188236E-13
  3021.23999  3.86786252E-13
  3023.97998  4.17638282E-13
  3026.71997  4.23351024E-13
  3029.45996  4.32849964E-13
  3032.19995  4.27138088E-13
  3034.93994  4.41314221E-13
  3037.67993  4.30701942E-13
  3040.41992  4.30156101E-13
  3043.15991  4.34525977E-13
  3045.8999  4.33268493E-13
  3048.63989  4.30398989E-13
  3051.37988  4.44410649E-13
  3054.12012  4.3828347E-13
  3056.86011  4.18080528E-13
  3059.6001  4.01229289E-13
  3062.34009  4.13414772E-13
  3065.08008  4.12881968E-13
  3067.82007  3.89624585E-13
  3070.56006  3.97419592E-13
  3073.30005  4.17589439E-13
  3076.04004  4.26102486E-13
  3078.78003  4.28356244E-13
  3081.52002  4.25722988E-13
  3084.26001  4.29695315E-13
  3087.  4.33707839E-13
  3089.73999  4.24368521E-13
  3092.47998  4.01975653E-13
  3095.21997  3.86334519E-13
  3097.95996  3.98395238E-13
  3100.69995  4.0642858E-13
  3103.43994  4.03301578E-13
  3106.17993  4.12504557E-13
  3108.91992  4.40922662E-13
  3111.65991  4.57111074E-13
  3114.3999  4.45745437E-13
  3117.13989  4.49704591E-13
  3119.87988  4.32363618E-13
  3122.62012  4.22462738E-13
  3125.36011  4.30468242E-13
  3128.1001  4.2503273E-13
  3130.84009  4.2572334E-13
  3133.58008  4.29378673E-13
  3136.32007  4.36492287E-13
  3139.06006  4.57840688E-13
  3141.80005  4.53684833E-13
  3144.54004  4.32808303E-13
  3147.28003  4.12606201E-13
  3150.02002  4.33823577E-13
  3152.76001  4.46966493E-13
  3155.5  4.45787179E-13
  3158.23999  4.22562701E-13
  3160.97998  4.11664951E-13
  3163.71997  4.08500572E-13
  3166.45996  4.35791567E-13
  3169.19995  4.56786464E-13
  3171.93994  4.46896101E-13
  3174.67993  4.63445742E-13
  3177.41992  4.59343718E-13
  3180.15991  4.27321915E-13
  3182.8999  4.10509517E-13
  3185.63989  4.23650481E-13
  3188.37988  4.40873954E-13
  3191.12012  4.38100944E-13
  3193.86011  4.29456519E-13
  3196.6001  4.26559151E-13
  3199.34009  4.46326597E-13
  3202.08008  4.65808381E-13
  3204.82007  4.62663924E-13
  3207.56006  4.70278547E-13
  3210.30005  4.59655805E-13
  3213.04004  4.28974673E-13
  3215.78003  4.23601421E-13
  3218.52002  4.38537959E-13
  3221.26001  4.49931759E-13
  3224.  4.4875651E-13
  3226.73999  4.41748743E-13
  3229.47998  4.19050293E-13
  3232.21997  4.24633039E-13
  3234.95996  4.22795669E-13
  3237.69995  4.21552468E-13
  3240.43994  4.34050501E-13
  3243.17993  4.37650025E-13
  3245.91992  4.60356091E-13
  3248.65991  4.59662256E-13
  3251.3999  4.49108442E-13
  3254.13989  4.53942575E-13
  3256.87988  4.63504994E-13
  3259.62012  4.76572883E-13
  3262.36011  4.82002513E-13
  3265.1001  4.78373851E-13
  3267.84009  4.80453025E-13
  3270.58008  4.8880187E-13
  3273.32007  4.68036796E-13
  3276.06006  4.60492701E-13
  3278.80005  4.66947173E-13
  3281.54004  4.66091358E-13
  3284.28003  4.7816357E-13
  3287.02002  4.79964918E-13
  3289.76001  4.75715929E-13
  3292.5  4.76437574E-13
  3295.23999  4.92046562E-13
  3297.97998  5.04333879E-13
  3300.71997  4.96686297E-13
  3303.45996  4.94958729E-13
  3306.19995  4.84673445E-13
  3308.93994  4.84355123E-13
  3311.67993  4.8800818E-13
  3314.41992  4.85621905E-13
  3317.15991  4.76340592E-13
  3319.8999  4.80834881E-13
  3322.63989  4.64719138E-13
  3325.37988  4.58178634E-13
  3328.12012  4.75516165E-13
  3330.86011  4.76608065E-13
  3333.6001  4.82036882E-13
  3336.34009  4.80284215E-13
  3339.08008  4.75863056E-13
  3341.82007  4.7604119E-13
  3344.56006  4.67802012E-13
  3347.30005  4.75951364E-13
  3350.04004  4.64774703E-13
  3352.78003  4.59194748E-13
  3355.52002  4.83960907E-13
  3358.26001  4.90720908E-13
  3361.  4.7238049E-13
  3363.73999  4.62063927E-13
  3366.47998  4.8419954E-13
  3369.21997  4.79266746E-13
  3371.95996  4.6179125E-13
  3374.69995  4.58891605E-13
  3377.43994  4.77389829E-13
  3380.17993  4.75371533E-13
  3382.91992  4.5825133E-13
  3385.65991  4.65140459E-13
  3388.3999  4.79039117E-13
  3391.13989  4.84473193E-13
  3393.87988  4.76850167E-13
  3396.62012  4.70709788E-13
  3399.36011  4.99340261E-13
  3402.1001  5.04045969E-13
  3404.84009  4.86342954E-13
  3407.58008  4.73698121E-13
  3410.32007  4.71760163E-13
  3413.06006  4.81603743E-13
  3415.80005  4.76881935E-13
  3418.54004  4.82195013E-13
  3421.28003  5.05599035E-13
  3424.02002  4.9047886E-13
  3426.76001  4.80761969E-13
  3429.5  4.88779102E-13
  3432.23999  4.92228437E-13
  3434.97998  4.96141485E-13
  3437.71997  5.34660261E-13
  3440.45996  4.88634036E-13
  3443.19995  4.81694003E-13
  3445.93994  4.59514859E-13
  3448.67993  4.77522806E-13
  3451.41992  4.87550376E-13
  3454.15991  4.81337138E-13
  3456.8999  4.81185512E-13
  3459.63989  4.85669827E-13
  3462.37988  4.83299165E-13
  3465.12012  4.82316281E-13
  3467.86011  4.95524086E-13
  3470.6001  4.89290791E-13
  3473.34009  4.92756985E-13
  3476.08008  4.74487799E-13
  3478.82007  4.65227358E-13
  3481.56006  4.93874906E-13
  3484.30005  4.94853887E-13
  3487.04004  4.92518136E-13
  3489.78003  4.91816115E-13
  3492.52002  4.70956607E-13
  3495.26001  4.78213877E-13
  3498.  4.78665013E-13
  3500.73999  4.8291655E-13
  3503.47998  4.87486191E-13
  3506.21997  4.9514223E-13
  3508.95996  4.91871246E-13
  3511.69995  4.86006526E-13
  3514.43994  4.83114254E-13
  3517.17993  4.85329984E-13
  3519.91992  4.9286855E-13
  3522.65991  4.82550631E-13
  3525.3999  4.65542752E-13
  3528.13989  4.5787484E-13
  3530.87988  4.82369461E-13
  3533.62012  4.99042105E-13
  3536.36011  4.96816889E-13
  3539.1001  5.09841464E-13
  3541.84009  5.15899985E-13
  3544.58008  5.10471927E-13
  3547.32007  5.09735971E-13
  3550.06006  5.15362059E-13
  3552.80005  5.07801158E-13
  3555.54004  5.15310505E-13
  3558.28003  4.99839265E-13
  3561.02002  5.08268449E-13
  3563.76001  5.14856875E-13
  3566.5  4.98501793E-13
  3569.23999  4.75522128E-13
  3571.97998  4.70354604E-13
  3574.71997  4.73165723E-13
  3577.45996  4.78053957E-13
  3580.19995  4.897287E-13
  3582.93994  4.77190444E-13
  3585.67993  4.61106901E-13
  3588.41992  4.49081229E-13
  3591.15991  4.65446421E-13
  3593.8999  4.89168873E-13
  3596.63989  4.99361186E-13
  3599.37988  5.07793514E-13
  3602.12012  5.1318227E-13
  3604.86011  4.87067689E-13
  3607.6001  4.83474426E-13
  3610.34009  4.8462162E-13
  3613.08008  4.78470562E-13
  3615.82007  4.9677699E-13
  3618.56006  4.95508962E-13
  3621.30005  4.85691945E-13
  3624.04004  5.00146528E-13
  3626.78003  5.04535758E-13
  3629.52002  5.14791877E-13
  3632.26001  4.92201386E-13
  3635.  4.92007151E-13
  3637.73999  4.9765411E-13
  3640.47998  5.01396667E-13
  3643.21997  5.00796073E-13
  3645.95996  4.84651165E-13
  3648.69995  4.89113687E-13
  3651.43994  5.00001624E-13
  3654.17993  5.06973857E-13
  3656.91992  5.23655121E-13
  3659.65991  5.23418602E-13
  3662.3999  5.1703135E-13
  3665.13989  5.18863273E-13
  3667.87988  5.1377419E-13
  3670.62012  5.27533258E-13
  3673.36011  5.15501216E-13
  3676.1001  5.22907347E-13
  3678.84009  5.05105452E-13
  3681.58008  4.99446242E-13
  3684.32007  4.95329851E-13
  3687.06006  4.91050668E-13
  3689.80005  4.98486885E-13
  3692.54004  5.11734969E-13
  3695.28003  5.18225653E-13
  3698.02002  5.20466753E-13
  3700.76001  5.19492977E-13
  3703.5  5.27433457E-13
  3706.23999  4.85736831E-13
  3708.97998  4.83881761E-13
  3711.71997  5.01771422E-13
  3714.45996  5.00105708E-13
  3717.19995  5.42959449E-13
  3719.93994  5.42592392E-13
  3722.67993  4.74435053E-13
  3725.41992  4.8965839E-13
  3728.15991  5.47857549E-13
  3730.8999  5.52122801E-13
  3733.63989  5.11564098E-13
  3736.37988  4.4182152E-13
  3739.12012  4.89553385E-13
  3741.86011  5.71472448E-13
  3744.6001  5.72866516E-13
  3747.34009  5.2614472E-13
  3750.08008  4.67927834E-13
  3752.82007  4.56391218E-13
  3755.56006  5.51184803E-13
  3758.30005  5.9239446E-13
  3761.04004  5.80178104E-13
  3763.78003  6.0466893E-13
  3766.52002  5.93655008E-13
  3769.26001  5.32387231E-13
  3772.  4.67290594E-13
  3774.73999  5.23676155E-13
  3777.47998  5.95575943E-13
  3780.21997  6.4576171E-13
  3782.95996  6.71898897E-13
  3785.69995  6.67452476E-13
  3788.43994  6.51521046E-13
  3791.17993  6.33192283E-13
  3793.91992  6.06711242E-13
  3796.65991  5.33478806E-13
  3799.3999  4.54832135E-13
  3802.13989  5.21845913E-13
  3804.87988  6.15383937E-13
  3807.62012  6.41548013E-13
  3810.36011  6.64762787E-13
  3813.1001  6.74419993E-13
  3815.84009  6.58142865E-13
  3818.58008  6.71705801E-13
  3821.32007  6.59480229E-13
  3824.06006  6.48451345E-13
  3826.80005  6.15761402E-13
  3829.54004  5.92812908E-13
  3832.28003  5.46458332E-13
  3835.02002  4.63904468E-13
  3837.76001  4.31295543E-13
  3840.5  5.06425902E-13
  3843.23999  6.00254276E-13
  3845.97998  6.56708249E-13
  3848.71997  6.81151695E-13
  3851.45996  6.86623826E-13
  3854.19995  7.00918381E-13
  3856.93994  7.05401341E-13
  3859.67993  6.83078919E-13
  3862.41992  6.87804197E-13
  3865.15991  7.15311111E-13
  3867.8999  7.10598138E-13
  3870.63989  7.10598952E-13
  3873.37988  6.83148904E-13
  3876.12012  6.75373548E-13
  3878.86011  6.57846119E-13
  3881.6001  6.48240955E-13
  3884.34009  6.20334838E-13
  3887.08008  5.4554706E-13
  3889.82007  4.5094443E-13
  3892.56006  4.92204259E-13
  3895.30005  5.74902214E-13
  3898.04004  6.21594681E-13
  3900.78003  6.34096237E-13
  3903.52002  6.59746129E-13
  3906.26001  6.58234968E-13
  3909.  6.79939883E-13
  3911.73999  7.12521351E-13
  3914.47998  7.00496247E-13
  3917.21997  7.00927272E-13
  3919.95996  6.91380655E-13
  3922.69995  6.83305788E-13
  3925.43994  6.77917737E-13
  3928.17993  6.40555371E-13
  3930.91992  5.23872341E-13
  3933.65991  3.48268669E-13
  3936.3999  3.54971667E-13
  3939.13989  5.304245E-13
  3941.87988  6.4147716E-13
  3944.62012  6.68829467E-13
  3947.36011  6.81734562E-13
  3950.1001  6.84853812E-13
  3952.84009  6.79298902E-13
  3955.58008  6.81756734E-13
  3958.32007  6.6253963E-13
  3961.06006  6.46939533E-13
  3963.80005  6.00285826E-13
  3966.54004  4.826365E-13
  3969.28003  3.19949335E-13
  3972.02002  3.52272085E-13
  3974.76001  5.08423327E-13
  3977.5  6.11767635E-13
  3980.23999  6.59892659E-13
  3982.97998  6.80040984E-13
  3985.71997  6.92710429E-13
  3988.45996  7.05645395E-13
  3991.19995  7.18979021E-13
  3993.93994  7.29855954E-13
  3996.67993  7.22473839E-13
  3999.41992  7.22389976E-13
  4002.15991  7.32871175E-13
  4004.8999  7.26923567E-13
  4007.63989  7.28273453E-13
  4010.37988  7.33776755E-13
  4013.12012  7.32119335E-13
  4015.86011  7.42192223E-13
  4018.6001  7.50959082E-13
  4021.34009  7.49743908E-13
  4024.08008  7.49274124E-13
  4026.82007  7.43075631E-13
  4029.56006  7.38238301E-13
  4032.30005  7.29114252E-13
  4035.04004  7.29398367E-13
  4037.78003  7.48545269E-13
  4040.52002  7.48683884E-13
  4043.26001  7.44370982E-13
  4046.  7.20981434E-13
  4048.73999  7.32705834E-13
  4051.47998  7.55840431E-13
  4054.21997  7.44600128E-13
  4056.95996  7.46200627E-13
  4059.69995  7.35318815E-13
  4062.43994  7.35339957E-13
  4065.17993  7.19597721E-13
  4067.91992  7.24045986E-13
  4070.65991  7.27782689E-13
  4073.3999  7.16529971E-13
  4076.13989  7.12479826E-13
  4078.87988  7.13583327E-13
  4081.62012  7.19292464E-13
  4084.36011  7.17690068E-13
  4087.1001  7.12973951E-13
  4089.84009  7.09182387E-13
  4092.58008  6.94363295E-13
  4095.32007  6.66804177E-13
  4098.06006  6.09079898E-13
  4100.7998  5.22638302E-13
  4103.54004  4.7957699E-13
  4106.27979  5.67621742E-13
  4109.02002  6.36485764E-13
  4111.75977  6.73689403E-13
  4114.5  7.05226079E-13
  4117.24023  7.11373126E-13
  4119.97998  7.08731088E-13
  4122.72021  7.13697385E-13
  4125.45996  7.21802609E-13
  4128.2002  7.23395465E-13
  4130.93994  7.25427422E-13
  4133.68018  7.10842301E-13
  4136.41992  7.14664764E-13
  4139.16016  7.33873737E-13
  4141.8999  7.33897372E-13
  4144.64014  7.2178331E-13
  4147.37988  7.2291126E-13
  4150.12012  7.25658845E-13
  4152.85986  7.28799128E-13
  4155.6001  7.21980093E-13
  4158.33984  7.19935992E-13
  4161.08008  7.32803087E-13
  4163.81982  7.36883428E-13
  4166.56006  7.34904216E-13
  4169.2998  7.3344835E-13
  4172.04004  7.17324204E-13
  4174.77979  7.0538459E-13
  4177.52002  7.17547387E-13
  4180.25977  7.26488585E-13
  4183.  7.2387788E-13
  4185.74023  7.20895294E-13
  4188.47998  7.11223777E-13
  4191.22021  7.18300636E-13
  4193.95996  7.30194876E-13
  4196.7002  7.16695746E-13
  4199.43994  7.05421398E-13
  4202.18018  7.13846408E-13
  4204.91992  7.24876431E-13
  4207.66016  7.24153864E-13
  4210.3999  7.33223812E-13
  4213.14014  7.31802043E-13
  4215.87988  7.15179652E-13
  4218.62012  7.1528715E-13
  4221.35986  7.13445795E-13
  4224.1001  7.10606216E-13
  4226.83984  6.81679973E-13
  4229.58008  6.97276655E-13
  4232.31982  7.18095342E-13
  4235.06006  7.07506482E-13
  4237.7998  7.082413E-13
  4240.54004  7.17476263E-13
  4243.27979  7.22705533E-13
  4246.02002  7.19311926E-13
  4248.75977  7.07495477E-13
  4251.5  7.06608329E-13
  4254.24023  7.09796588E-13
  4256.97998  7.19096169E-13
  4259.72021  7.19683482E-13
  4262.45996  7.15966511E-13
  4265.2002  7.22033815E-13
  4267.93994  7.2268477E-13
  4270.68018  7.03366239E-13
  4273.41992  6.90682104E-13
  4276.16016  7.09062962E-13
  4278.8999  7.19173527E-13
  4281.64014  7.14003401E-13
  4284.37988  7.04986254E-13
  4287.12012  7.0700081E-13
  4289.85986  6.84355404E-13
  4292.6001  6.8532441E-13
  4295.33984  7.09438042E-13
  4298.08008  6.85860656E-13
  4300.81982  6.56352793E-13
  4303.56006  6.53934372E-13
  4306.2998  6.59163479E-13
  4309.04004  6.54958347E-13
  4311.77979  6.69242385E-13
  4314.52002  6.78647188E-13
  4317.25977  6.86715387E-13
  4320.  6.92712272E-13
  4322.74023  6.82477241E-13
  4325.47998  6.65599032E-13
  4328.22021  6.68030518E-13
  4330.95996  6.74577419E-13
  4333.7002  6.50319533E-13
  4336.43994  5.94688361E-13
  4339.18018  5.07043843E-13
  4341.91992  4.79405524E-13
  4344.66016  5.58667208E-13
  4347.3999  6.32601447E-13
  4350.14014  6.572452E-13
  4352.87988  6.63174702E-13
  4355.62012  6.84544598E-13
  4358.35986  7.01997488E-13
  4361.1001  7.09685566E-13
  4363.83984  7.12516743E-13
  4366.58008  7.06377665E-13
  4369.31982  7.1228841E-13
  4372.06006  7.06129653E-13
  4374.7998  7.10977121E-13
  4377.54004  7.09208571E-13
  4380.27979  7.07507566E-13
  4383.02002  6.97504988E-13
  4385.75977  6.89099819E-13
  4388.5  7.05107576E-13
  4391.24023  7.11006015E-13
  4393.97998  7.09343174E-13
  4396.72021  7.03352903E-13
  4399.45996  7.05306093E-13
  4402.2002  7.07676214E-13
  4404.93994  7.01143733E-13
  4407.68018  7.0026E-13
  4410.41992  7.06804298E-13
  4413.16016  7.06736752E-13
  4415.8999  6.99149777E-13
  4418.64014  7.0461936E-13
  4421.37988  7.10043515E-13
  4424.12012  7.21963505E-13
  4426.85986  7.16691029E-13
  4429.6001  7.10121848E-13
  4432.33984  7.07360548E-13
  4435.08008  7.02658905E-13
  4437.81982  7.10095177E-13
  4440.56006  7.13373967E-13
  4443.2998  7.01603597E-13
  4446.04004  7.0308001E-13
  4448.77979  7.04457597E-13
  4451.52002  6.99269256E-13
  4454.25977  6.94084059E-13
  4457.  6.99670953E-13
  4459.74023  6.97564998E-13
  4462.47998  7.04255989E-13
  4465.22021  7.04010201E-13
  4467.95996  6.94316566E-13
  4470.7002  7.03432701E-13
  4473.43994  7.07395731E-13
  4476.18018  7.06751552E-13
  4478.91992  7.00991674E-13
  4481.66016  6.94500609E-13
  4484.3999  7.00233654E-13
  4487.14014  7.12518694E-13
  4489.87988  7.08836635E-13
  4492.62012  7.04593664E-13
  4495.35986  7.08115207E-13
  4498.1001  7.08564988E-13
  4500.83984  6.99907688E-13
  4503.58008  7.04113254E-13
  4506.31982  7.10245556E-13
  4509.06006  7.09061228E-13
  4511.7998  7.12376935E-13
  4514.54004  7.03717575E-13
  4517.27979  6.98288595E-13
  4520.02002  7.01867817E-13
  4522.75977  6.99277387E-13
  4525.5  6.92959253E-13
  4528.24023  6.84925641E-13
  4530.97998  6.87242255E-13
  4533.72021  6.79075502E-13
  4536.45996  6.85537673E-13
  4539.2002  7.17895741E-13
  4541.93994  7.13736091E-13
  4544.68018  6.93296386E-13
  4547.41992  6.84497814E-13
  4550.16016  6.85284457E-13
  4552.8999  6.87298471E-13
  4555.64014  6.88730052E-13
  4558.37988  7.00049448E-13
  4561.12012  6.99582482E-13
  4563.85986  6.92357792E-13
  4566.6001  7.028391E-13
  4569.33984  7.01905114E-13
  4572.08008  6.96838529E-13
  4574.81982  7.03312083E-13
  4577.56006  7.01066809E-13
  4580.2998  6.92303528E-13
  4583.04004  6.87312891E-13
  4585.77979  6.93270907E-13
  4588.52002  6.98347033E-13
  4591.25977  6.9740188E-13
  4594.  6.97390767E-13
  4596.74023  7.0540004E-13
  4599.47998  6.98406665E-13
  4602.22021  6.89997701E-13
  4604.95996  6.97650867E-13
  4607.7002  7.02319388E-13
  4610.43994  7.04206441E-13
  4613.18018  7.01225753E-13
  4615.91992  6.99528272E-13
  4618.66016  6.94780659E-13
  4621.3999  6.97251664E-13
  4624.14014  7.00712654E-13
  4626.87988  6.97759938E-13
  4629.62012  6.97986645E-13
  4632.35986  7.00759383E-13
  4635.1001  6.98104985E-13
  4637.83984  6.96838529E-13
  4640.58008  7.00520913E-13
  4643.31982  6.96729133E-13
  4646.06006  6.89712393E-13
  4648.7998  6.93907768E-13
  4651.54004  6.96059638E-13
  4654.27979  6.91623354E-13
  4657.02002  6.91961733E-13
  4659.75977  6.96505679E-13
  4662.5  6.97627611E-13
  4665.24023  6.94649958E-13
  4667.97998  6.88828985E-13
  4670.72021  6.92388638E-13
  4673.45996  6.96091568E-13
  4676.2002  6.94247557E-13
  4678.93994  6.94443363E-13
  4681.68018  6.91416922E-13
  4684.41992  6.8938079E-13
  4687.16016  6.90508848E-13
  4689.8999  6.89907929E-13
  4692.64014  6.88860915E-13
  4695.37988  6.92731517E-13
  4698.12012  6.92663862E-13
  4700.85986  6.84209959E-13
  4703.6001  6.76391777E-13
  4706.33984  6.77901257E-13
  4709.08008  6.81560927E-13
  4711.81982  6.8562739E-13
  4714.56006  6.84987765E-13
  4717.2998  6.84526004E-13
  4720.04004  6.88670908E-13
  4722.77979  6.90668117E-13
  4725.52002  6.89211112E-13
  4728.25977  6.83693174E-13
  4731.  6.84137859E-13
  4733.74023  6.87142671E-13
  4736.47998  6.83048561E-13
  4739.22021  6.81114833E-13
  4741.95996  6.87132155E-13
  4744.7002  6.88488275E-13
  4747.43994  6.88502315E-13
  4750.18018  6.86630928E-13
  4752.91992  6.8115793E-13
  4755.66016  6.77167469E-13
  4758.3999  6.76132381E-13
  4761.14014  6.8071834E-13
  4763.87988  6.77154784E-13
  4766.62012  6.73430929E-13
  4769.35986  6.76881348E-13
  4772.1001  6.77500374E-13
  4774.83984  6.79046988E-13
  4777.58008  6.72134982E-13
  4780.31982  6.66902731E-13
  4783.06006  6.70598071E-13
  4785.7998  6.72752544E-13
  4788.54004  6.73746378E-13
  4791.27979  6.73583476E-13
  4794.02002  6.75314568E-13
  4796.75977  6.74861534E-13
  4799.5  6.76621682E-13
  4802.24023  6.75092306E-13
  4804.97998  6.6987686E-13
  4807.72021  6.73154295E-13
  4810.45996  6.67978639E-13
  4813.2002  6.64025096E-13
  4815.93994  6.70186237E-13
  4818.68018  6.70739777E-13
  4821.41992  6.69095964E-13
  4824.16016  6.66371526E-13
  4826.8999  6.67673111E-13
  4829.64014  6.67725532E-13
  4832.37988  6.64485502E-13
  4835.12012  6.61286835E-13
  4837.85986  6.6036304E-13
  4840.6001  6.56510491E-13
  4843.33984  6.46234585E-13
  4846.08008  6.42140366E-13
  4848.81982  6.37674104E-13
  4851.56006  6.19264405E-13
  4854.2998  5.96386981E-13
  4857.04004  5.50144132E-13
  4859.77979  4.76477527E-13
  4862.52002  4.70644953E-13
  4865.25977  5.45067734E-13
  4868.  5.92538334E-13
  4870.74023  6.10359473E-13
  4873.47998  6.21624714E-13
  4876.22021  6.3508324E-13
  4878.95996  6.45360989E-13
  4881.7002  6.50045772E-13
  4884.43994  6.52668837E-13
  4887.18018  6.52845562E-13
  4889.91992  6.4300453E-13
  4892.66016  6.45107286E-13
  4895.3999  6.6296621E-13
  4898.14014  6.61097696E-13
  4900.87988  6.56289693E-13
  4903.62012  6.54732074E-13
  4906.35986  6.54843367E-13
  4909.1001  6.56788914E-13
  4911.83984  6.59677879E-13
  4914.58008  6.59295806E-13
  4917.31982  6.50218052E-13
  4920.06006  6.41581243E-13
  4922.7998  6.43705792E-13
  4925.54004  6.47977169E-13
  4928.27979  6.54396513E-13
  4931.02002  6.56593161E-13
  4933.75977  6.49825463E-13
  4936.5  6.48137631E-13
  4939.24023  6.54069951E-13
  4941.97998  6.5544434E-13
  4944.72021  6.57976386E-13
  4947.45996  6.61682081E-13
  4950.2002  6.63201861E-13
  4952.93994  6.5097862E-13
  4955.68018  6.48664716E-13
  4958.41992  6.43290705E-13
  4961.16016  6.49648033E-13
  4963.8999  6.55798115E-13
  4966.64014  6.52768367E-13
  4969.37988  6.51689694E-13
  4972.12012  6.51468788E-13
  4974.85986  6.50662846E-13
  4977.6001  6.49611658E-13
  4980.33984  6.41212344E-13
  4983.08008  6.36664116E-13
  4985.81982  6.40597005E-13
  4988.56006  6.42952976E-13
  4991.2998  6.46324791E-13
  4994.04004  6.46889389E-13
  4996.77979  6.44319504E-13
  4999.52002  6.44195743E-13
  5002.25977  6.40398813E-13
  5005.  6.36742124E-13
  5007.74023  6.34280118E-13
  5010.47998  6.38515553E-13
  5013.22021  6.32741635E-13
  5015.95996  6.32195685E-13
  5018.7002  6.31625449E-13
  5021.43994  6.44281557E-13
  5024.18018  6.39309623E-13
  5026.91992  6.36432964E-13
  5029.66016  6.38992873E-13
  5032.3999  6.38626847E-13
  5035.14014  6.38656012E-13
  5037.87988  6.36420875E-13
  5040.62012  6.32064767E-13
  5043.35986  6.37076871E-13
  5046.1001  6.42952651E-13
  5048.83984  6.35736038E-13
  5051.58008  6.35053696E-13
  5054.31982  6.42406701E-13
  5057.06006  6.42482866E-13
  5059.7998  6.39697171E-13
  5062.54004  6.39303823E-13
  5065.27979  6.35695218E-13
  5068.02002  6.31282353E-13
  5070.75977  6.36506906E-13
  5073.5  6.42045119E-13
  5076.24023  6.37129943E-13
  5078.97998  6.33698226E-13
  5081.72021  6.30157601E-13
  5084.45996  6.28235311E-13
  5087.2002  6.31655427E-13
  5089.93994  6.34240978E-13
  5092.68018  6.32726293E-13
  5095.41992  6.34250248E-13
  5098.16016  6.35476047E-13
  5100.8999  6.30461341E-13
  5103.64014  6.29537438E-13
  5106.37988  6.30597788E-13
  5109.12012  6.26885317E-13
  5111.85986  6.29731727E-13
  5114.6001  6.30327333E-13
  5117.33984  6.29671283E-13
  5120.08008  6.30631073E-13
  5122.81982  6.25874027E-13
  5125.56006  6.25296689E-13
  5128.2998  6.24234768E-13
  5131.04004  6.24350018E-13
  5133.77979  6.27074998E-13
  5136.52002  6.23512581E-13
  5139.25977  6.19701827E-13
  5142.  6.14918327E-13
  5144.74023  6.23556057E-13
  5147.47998  6.22855988E-13
  5150.22021  6.23060793E-13
  5152.95996  6.2313311E-13
  5155.7002  6.20769278E-13
  5158.43994  6.26422417E-13
  5161.18018  6.18710378E-13
  5163.91992  6.08853896E-13
  5166.66016  5.9616602E-13
  5169.3999  5.78839385E-13
  5172.14014  5.84485748E-13
  5174.87988  6.0060328E-13
  5177.62012  6.20917976E-13
  5180.35986  6.10098777E-13
  5183.1001  5.93087482E-13
  5185.83984  5.98350959E-13
  5188.58008  6.13117196E-13
  5191.31982  6.08289244E-13
  5194.06006  6.13050192E-13
  5196.7998  6.14856039E-13
  5199.54004  6.17396976E-13
  5202.27979  6.18529858E-13
  5205.02002  6.03689679E-13
  5207.75977  6.0604771E-13
  5210.5  6.13337668E-13
  5213.24023  6.19774251E-13
  5215.97998  6.16896508E-13
  5218.72021  6.15698031E-13
  5221.45996  6.24849836E-13
  5224.2002  6.14862816E-13
  5226.93994  6.02938706E-13
  5229.68018  6.08423197E-13
  5232.41992  6.12988284E-13
  5235.16016  6.13195638E-13
  5237.8999  6.19112075E-13
  5240.64014  6.194137E-13
  5243.37988  6.20791884E-13
  5246.12012  6.21171463E-13
  5248.85986  6.20116914E-13
  5251.6001  6.19452243E-13
  5254.33984  6.16719403E-13
  5257.08008  6.18602663E-13
  5259.81982  6.09778124E-13
  5262.56006  6.02656976E-13
  5265.2998  5.94494072E-13
  5268.04004  5.94988685E-13
  5270.77979  5.92277421E-13
  5273.52002  6.03220598E-13
  5276.25977  6.09495093E-13
  5279.  6.14709509E-13
  5281.74023  6.11199242E-13
  5284.47998  6.07893781E-13
  5287.22021  6.14077745E-13
  5289.95996  6.1563081E-13
  5292.7002  6.16511237E-13
  5295.43994  6.13349324E-13
  5298.18018  6.08880784E-13
  5300.91992  6.12910818E-13
  5303.66016  6.12196871E-13
  5306.3999  6.13511683E-13
  5309.14014  6.11183684E-13
  5311.87988  6.12358525E-13
  5314.62012  6.08042913E-13
  5317.35986  6.06602225E-13
  5320.1001  6.12574336E-13
  5322.83984  6.01791024E-13
  5325.58008  5.97266269E-13
  5328.31982  5.92328974E-13
  5331.06006  5.99300937E-13
  5333.7998  6.07892155E-13
  5336.54004  6.00484343E-13
  5339.27979  6.03373471E-13
  5342.02002  6.04292332E-13
  5344.75977  6.08349037E-13
  5347.5  6.05204038E-13
  5350.24023  6.03110552E-13
  5352.97998  6.10351613E-13
  5355.72021  6.12154966E-13
  5358.45996  6.05183059E-13
  5361.2002  6.01914406E-13
  5363.93994  5.96233132E-13
  5366.68018  5.91728652E-13
  5369.41992  5.91291068E-13
  5372.16016  5.87869705E-13
  5374.8999  5.98256904E-13
  5377.64014  6.09442238E-13
  5380.37988  6.03663116E-13
  5383.12012  5.9760454E-13
  5385.85986  6.02158893E-13
  5388.6001  5.97318852E-13
  5391.33984  5.94729561E-13
  5394.08008  5.96105901E-13
  5396.81982  5.91943703E-13
  5399.56006  5.89229728E-13
  5402.2998  5.6243172E-13
  5405.04004  5.54722555E-13
  5407.77979  5.86231476E-13
  5410.52002  5.8381403E-13
  5413.25977  5.92241913E-13
  5416.  5.9126792E-13
  5418.74023  5.91038449E-13
  5421.47998  5.91331237E-13
  5424.22021  5.93541546E-13
  5426.95996  5.92470897E-13
  5429.7002  5.82097575E-13
  5432.43994  5.87704093E-13
  5435.18018  5.7961318E-13
  5437.91992  5.91726971E-13
  5440.66016  5.95333895E-13
  5443.3999  5.85962377E-13
  5446.14014  5.7841427E-13
  5448.87988  5.80594166E-13
  5451.62012  5.89835472E-13
  5454.35986  5.84034774E-13
  5457.1001  5.87723988E-13
  5459.83984  5.86045535E-13
  5462.58008  5.84697004E-13
  5465.31982  5.89450418E-13
  5468.06006  5.92591894E-13
  5470.7998  5.82358489E-13
  5473.54004  5.88220553E-13
  5476.27979  5.84276822E-13
  5479.02002  5.90968301E-13
  5481.75977  5.90504967E-13
  5484.5  5.89047095E-13
  5487.24023  5.92048817E-13
  5489.97998  5.83265478E-13
  5492.72021  5.89011587E-13
  5495.45996  5.88306368E-13
  5498.2002  5.80219791E-13
  5500.93994  5.86105491E-13
  5503.68018  5.87432989E-13
  5506.41992  5.83127296E-13
  5509.16016  5.89785761E-13
  5511.8999  5.86058383E-13
  5514.64014  5.83634757E-13
  5517.37988  5.83729083E-13
  5520.12012  5.90625801E-13
  5522.85986  5.90218683E-13
  5525.6001  5.82770486E-13
  5528.33984  5.8033244E-13
  5531.08008  5.82728202E-13
  5533.81982  5.84289778E-13
  5536.56006  5.88225107E-13
  5539.2998  5.88077493E-13
  5542.04004  5.91911231E-13
  5544.77979  5.98045268E-13
  5547.52002  5.92422975E-13
  5550.25977  5.89377668E-13
  5553.  5.89668017E-13
  5555.74023  5.83480692E-13
  5558.47998  5.81903612E-13
  5561.22021  5.83452611E-13
  5563.95996  5.81781964E-13
  5566.7002  5.8156469E-13
  5569.43994  5.79690701E-13
  5572.18018  5.7835762E-13
  5574.91992  5.80302191E-13
  5577.66016  5.78095406E-13
  5580.3999  5.74481923E-13
  5583.14014  5.74742131E-13
  5585.87988  5.68899094E-13
  5588.62012  5.692333E-13
  5591.35986  5.7654543E-13
  5594.1001  5.71978988E-13
  5596.83984  5.68278009E-13
  5599.58008  5.74559822E-13
  5602.31982  5.80105679E-13
  5605.06006  5.77174268E-13
  5607.7998  5.78082124E-13
  5610.54004  5.77178767E-13
  5613.27979  5.78653932E-13
  5616.02002  5.75922502E-13
  5618.75977  5.79699266E-13
  5621.5  5.81855202E-13
  5624.24023  5.76086596E-13
  5626.97998  5.74742239E-13
  5629.72021  5.76749531E-13
  5632.45996  5.74976698E-13
  5635.2002  5.76107304E-13
  5637.93994  5.77028009E-13
  5640.68018  5.79294588E-13
  5643.41992  5.76320567E-13
  5646.16016  5.7268643E-13
  5648.8999  5.75334539E-13
  5651.64014  5.71668906E-13
  5654.37988  5.74776609E-13
  5657.12012  5.88934066E-13
  5659.85986  5.98917237E-13
  5662.6001  5.87158306E-13
  5665.33984  5.76259038E-13
  5668.08008  5.67916807E-13
  5670.81982  5.67273713E-13
  5673.56006  5.73042915E-13
  5676.2998  5.68533935E-13
  5679.04004  5.6218154E-13
  5681.77979  5.62784628E-13
  5684.52002  5.68508619E-13
  5687.25977  5.85817473E-13
  5690.  5.88490031E-13
  5692.74023  5.72524396E-13
  5695.47998  5.70421314E-13
  5698.22021  5.73101354E-13
  5700.95996  5.66131397E-13
  5703.7002  5.58654468E-13
  5706.43994  5.57442872E-13
  5709.18018  5.57145313E-13
  5711.91992  5.56626468E-13
  5714.66016  5.58601017E-13
  5717.3999  5.62872557E-13
  5720.14014  5.61305668E-13
  5722.87988  5.59185023E-13
  5725.62012  5.66734973E-13
  5728.35986  5.73562248E-13
  5731.1001  5.7623974E-13
  5733.83984  5.72119663E-13
  5736.58008  5.57514213E-13
  5739.31982  5.54726675E-13
  5742.06006  5.58373985E-13
  5744.7998  5.66502249E-13
  5747.54004  5.73234819E-13
  5750.27979  5.67054596E-13
  5753.02002  5.64126003E-13
  5755.75977  5.7107769E-13
  5758.5  5.71277346E-13
  5761.24023  5.65938301E-13
  5763.97998  5.69959227E-13
  5766.72021  5.75160579E-13
  5769.45996  5.65253898E-13
  5772.2002  5.55343748E-13
  5774.93994  5.51957839E-13
  5777.68018  5.54780397E-13
  5780.41992  5.6793757E-13
  5783.16016  5.69228367E-13
  5785.8999  5.64173654E-13
  5788.64014  5.59721594E-13
  5791.37988  5.56483462E-13
  5794.12012  5.58714858E-13
  5796.85986  5.61869887E-13
  5799.6001  5.65785916E-13
  5802.33984  5.66868926E-13
  5805.08008  5.65206302E-13
  5807.81982  5.65882139E-13
  5810.56006  5.66316904E-13
  5813.2998  5.60235235E-13
  5816.04004  5.54717242E-13
  5818.77979  5.5589886E-13
  5821.52002  5.53986165E-13
  5824.26025  5.44364304E-13
  5827.  5.47793473E-13
  5829.74023  5.58921778E-13
  5832.47998  5.60912102E-13
  5835.22021  5.59451899E-13
  5837.95996  5.55853052E-13
  5840.7002  5.53036566E-13
  5843.43994  5.52404585E-13
  5846.18018  5.52993849E-13
  5848.91992  5.55276962E-13
  5851.66016  5.541025E-13
  5854.3999  5.51706142E-13
  5857.14014  5.52680785E-13
  5859.87988  5.53757181E-13
  5862.62012  5.52975471E-13
  5865.35986  5.51848552E-13
  5868.1001  5.50511893E-13
  5870.83984  5.4767806E-13
  5873.58008  5.44137652E-13
  5876.31982  5.59446261E-13
  5879.06006  5.75602174E-13
  5881.7998  5.64578495E-13
  5884.54004  5.49871292E-13
  5887.27979  5.36847693E-13
  5890.02002  5.28422683E-13
  5892.76025  5.24111516E-13
  5895.5  5.26596453E-13
  5898.24023  5.33496966E-13
  5900.97998  5.36557235E-13
  5903.72021  5.39889314E-13
  5906.45996  5.47482686E-13
  5909.2002  5.50360159E-13
  5911.93994  5.44705394E-13
  5914.68018  5.42811456E-13
  5917.41992  5.42751662E-13
  5920.16016  5.45146502E-13
  5922.8999  5.48084364E-13
  5925.64014  5.48228943E-13
  5928.37988  5.46087481E-13
  5931.12012  5.3912609E-13
  5933.85986  5.37271399E-13
  5936.6001  5.41770784E-13
  5939.33984  5.41866736E-13
  5942.08008  5.40521783E-13
  5944.81982  5.42226583E-13
  5947.56006  5.44032105E-13
  5950.2998  5.44429031E-13
  5953.04004  5.4250094E-13
  5955.77979  5.35053881E-13
  5958.52002  5.36186601E-13
  5961.26025  5.44102523E-13
  5964.  5.43639786E-13
  5966.74023  5.40517501E-13
  5969.47998  5.40330042E-13
  5972.22021  5.39501332E-13
  5974.95996  5.35637832E-13
  5977.7002  5.34404281E-13
  5980.43994  5.36729732E-13
  5983.18018  5.36989669E-13
  5985.91992  5.36526878E-13
  5988.66016  5.37468724E-13
  5991.3999  5.37125466E-13
  5994.14014  5.30633642E-13
  5996.87988  5.2731452E-13
  5999.62012  5.31722724E-13
  6002.35986  5.31377839E-13
  6005.1001  5.27357834E-13
  6007.83984  5.28222811E-13
  6010.58008  5.30139138E-13
  6013.31982  5.27249576E-13
  6016.06006  5.23847025E-13
  6018.7998  5.19802246E-13
  6021.54004  5.22234382E-13
  6024.27979  5.34917434E-13
  6027.02002  5.38567075E-13
  6029.76025  5.37642576E-13
  6032.5  5.36470933E-13
  6035.24023  5.33694128E-13
  6037.97998  5.27004601E-13
  6040.72021  5.23734322E-13
  6043.45996  5.28005536E-13
  6046.2002  5.30083681E-13
  6048.93994  5.30972076E-13
  6051.68018  5.27917499E-13
  6054.41992  5.23643357E-13
  6057.16016  5.26001551E-13
  6059.8999  5.27886274E-13
  6062.64014  5.24591113E-13
  6065.37988  5.21515611E-13
  6068.12012  5.17322676E-13
  6070.85986  5.21065504E-13
  6073.6001  5.29654337E-13
  6076.33984  5.26286697E-13
  6079.08008  5.19806854E-13
  6081.81982  5.1687078E-13
  6084.56006  5.1712985E-13
  6087.2998  5.24011932E-13
  6090.04004  5.24854899E-13
  6092.77979  5.19862419E-13
  6095.52002  5.16767185E-13
  6098.26025  5.14410888E-13
  6101.  5.14711104E-13
  6103.74023  5.16771955E-13
  6106.47998  5.22693651E-13
  6109.22021  5.2305057E-13
  6111.95996  5.13931942E-13
  6114.7002  5.09036281E-13
  6117.43994  5.06067898E-13
  6120.18018  5.1159798E-13
  6122.91992  5.17296492E-13
  6125.66016  5.06840717E-13
  6128.3999  5.00228602E-13
  6131.14014  5.07753778E-13
  6133.87988  5.1079605E-13
  6136.62012  5.09819346E-13
  6139.35986  5.07129115E-13
  6142.1001  5.03673004E-13
  6144.83984  5.05956063E-13
  6147.58008  5.09663709E-13
  6150.31982  5.13341973E-13
  6153.06006  5.13978346E-13
  6155.7998  5.0952569E-13
  6158.54004  5.07214388E-13
  6161.27979  5.05847751E-13
  6164.02002  5.02163144E-13
  6166.76025  5.00001787E-13
  6169.5  5.0871617E-13
  6172.24023  5.15083473E-13
  6174.97998  5.11832872E-13
  6177.72021  5.09537345E-13
  6180.45996  5.0806527E-13
  6183.2002  5.06811552E-13
  6185.93994  5.05789854E-13
  6188.68018  5.04565248E-13
  6191.41992  5.04246601E-13
  6194.16016  5.0711952E-13
  6196.8999  5.08149837E-13
  6199.64014  5.04597774E-13
  6202.37988  5.05957309E-13
  6205.12012  5.11055282E-13
  6207.85986  5.06026698E-13
  6210.6001  4.99276564E-13
  6213.33984  5.06333202E-13
  6216.08008  5.10375759E-13
  6218.81982  4.98348108E-13
  6221.56006  4.98196536E-13
  6224.2998  5.15610341E-13
  6227.04004  5.14424278E-13
  6229.77979  5.03999674E-13
  6232.52002  4.9480976E-13
  6235.26025  4.89105989E-13
  6238.  4.9621803E-13
  6240.74023  5.01551925E-13
  6243.47998  5.02198272E-13
  6246.22021  4.98352282E-13
  6248.95996  4.89602282E-13
  6251.7002  4.92605522E-13
  6254.43994  4.98818597E-13
  6257.18018  4.92904762E-13
  6259.91992  4.89363053E-13
  6262.66016  4.97898001E-13
  6265.3999  5.0353672E-13
  6268.14014  5.07113991E-13
  6270.87988  4.99968285E-13
  6273.62012  4.86475335E-13
  6276.35986  4.90392991E-13
  6279.1001  4.972471E-13
  6281.83984  4.93651886E-13
  6284.58008  4.90626149E-13
  6287.31982  4.90622191E-13
  6290.06006  4.91314238E-13
  6292.7998  4.929162E-13
  6295.54004  4.95166191E-13
  6298.27979  4.96183986E-13
  6301.02002  4.8620835E-13
  6303.76025  4.79623177E-13
  6306.5  4.897229E-13
  6309.24023  4.94542775E-13
  6311.97998  4.89909274E-13
  6314.72021  4.91645461E-13
  6317.45996  4.95877753E-13
  6320.2002  4.88785119E-13
  6322.93994  4.80740881E-13
  6325.68018  4.85211914E-13
  6328.41992  4.88238519E-13
  6331.16016  4.84983798E-13
  6333.8999  4.82350325E-13
  6336.64014  4.80057237E-13
  6339.37988  4.75579537E-13
  6342.12012  4.71351257E-13
  6344.85986  4.76178016E-13
  6347.6001  4.81604014E-13
  6350.33984  4.81213268E-13
  6353.08008  4.82241092E-13
  6355.81982  4.87408399E-13
  6358.56006  4.85466268E-13
  6361.2998  4.79011633E-13
  6364.04004  4.80312133E-13
  6366.77979  4.82797775E-13
  6369.52002  4.78476904E-13
  6372.26025  4.75909893E-13
  6375.  4.79417667E-13
  6377.74023  4.8060888E-13
  6380.47998  4.79416203E-13
  6383.22021  4.80213579E-13
  6385.95996  4.81540805E-13
  6388.7002  4.80355014E-13
  6391.43994  4.79511504E-13
  6394.18018  4.82340242E-13
  6396.91992  4.82655094E-13
  6399.66016  4.77187625E-13
  6402.3999  4.78458798E-13
  6405.14014  4.84220303E-13
  6407.87988  4.83663619E-13
  6410.62012  4.81241674E-13
  6413.35986  4.80432046E-13
  6416.1001  4.80660759E-13
  6418.83984  4.83577262E-13
  6421.58008  4.82946636E-13
  6424.31982  4.78085345E-13
  6427.06006  4.75049904E-13
  6429.7998  4.72893914E-13
  6432.54004  4.7388211E-13
  6435.27979  4.75706822E-13
  6438.02002  4.76550928E-13
  6440.76025  4.7707747E-13
  6443.5  4.77496135E-13
  6446.24023  4.76808155E-13
  6448.97998  4.75147157E-13
  6451.72021  4.7400083E-13
  6454.45996  4.7321191E-13
  6457.2002  4.73755258E-13
  6459.93994  4.73651337E-13
  6462.68018  4.7071445E-13
  6465.41992  4.70472348E-13
  6468.16016  4.73667871E-13
  6470.8999  4.75771766E-13
  6473.64014  4.77450978E-13
  6476.37988  4.76471185E-13
  6479.12012  4.750917E-13
  6481.85986  4.76547729E-13
  6484.6001  4.7549795E-13
  6487.33984  4.69240261E-13
  6490.08008  4.65372478E-13
  6492.81982  4.62881307E-13
  6495.56006  4.65368304E-13
  6498.2998  4.7001411E-13
  6501.04004  4.72240302E-13
  6503.77979  4.72213197E-13
  6506.52002  4.66955901E-13
  6509.26025  4.66044792E-13
  6512.  4.72017336E-13
  6514.74023  4.71788353E-13
  6517.47998  4.6854301E-13
  6520.22021  4.6648926E-13
  6522.95996  4.65213371E-13
  6525.7002  4.66478527E-13
  6528.43994  4.66736242E-13
  6531.18018  4.64108298E-13
  6533.91992  4.63568149E-13
  6536.66016  4.65071395E-13
  6539.3999  4.60728406E-13
  6542.14014  4.5435945E-13
  6544.87988  4.54144399E-13
  6547.62012  4.51163765E-13
  6550.35986  4.38229937E-13
  6553.1001  4.26645915E-13
  6555.83984  4.21319934E-13
  6558.58008  3.96473409E-13
  6561.31982  3.61176312E-13
  6564.06006  3.65632004E-13
  6566.7998  3.86738005E-13
  6569.54004  4.13002288E-13
  6572.27979  4.33825339E-13
  6575.02002  4.42554115E-13
  6577.76025  4.47842121E-13
  6580.5  4.48424799E-13
  6583.24023  4.53543995E-13
  6585.97998  4.59417769E-13
  6588.72021  4.59894438E-13
  6591.45996  4.58306407E-13
  6594.2002  4.54279436E-13
  6596.93994  4.54181153E-13
  6599.68018  4.60970942E-13
  6602.41992  4.63611788E-13
  6605.16016  4.64136433E-13
  6607.8999  4.61035778E-13
  6610.64014  4.5745146E-13
  6613.37988  4.59133437E-13
  6616.12012  4.60835092E-13
  6618.85986  4.60982543E-13
  6621.6001  4.60566481E-13
  6624.33984  4.59469268E-13
  6627.08008  4.58847153E-13
  6629.81982  4.57932574E-13
  6632.56006  4.52787954E-13
  6635.2998  4.49845131E-13
  6638.04004  4.57650248E-13
  6640.77979  4.60519643E-13
  6643.52002  4.54035572E-13
  6646.26025  4.49722562E-13
  6649.  4.46051453E-13
  6651.74023  4.59509329E-13
  6654.47998  4.75579428E-13
  6657.22021  4.70584943E-13
  6659.95996  4.62861412E-13
  6662.7002  4.57870937E-13
  6665.43994  4.5344498E-13
  6668.18018  4.48469793E-13
  6670.91992  4.52648932E-13
  6673.66016  4.61476397E-13
  6676.3999  4.62658937E-13
  6679.14014  4.60802999E-13
  6681.87988  4.56566154E-13
  6684.62012  4.52359097E-13
  6687.35986  4.47635039E-13
  6690.1001  4.47482871E-13
  6692.83984  4.51119827E-13
  6695.58008  4.50215467E-13
  6698.31982  4.48937897E-13
  6701.06006  4.53597554E-13
  6703.7998  4.57587527E-13
  6706.54004  4.58634595E-13
  6709.27979  4.56050996E-13
  6712.02002  4.48665248E-13
  6714.76025  4.43841307E-13
  6717.5  4.40214515E-13
  6720.24023  4.3957012E-13
  6722.97998  4.40379721E-13
  6725.72021  4.41071062E-13
  6728.45996  4.4329243E-13
  6731.2002  4.49147555E-13
  6733.93994  4.49931406E-13
  6736.68018  4.46527608E-13
  6739.41992  4.46338198E-13
  6742.16016  4.47304276E-13
  6744.8999  4.49636449E-13
  6747.64014  4.49861611E-13
  6750.37988  4.44438513E-13
  6753.12012  4.39768962E-13
  6755.85986  4.34637135E-13
  6758.6001  4.37841224E-13
  6761.33984  4.45902674E-13
  6764.08008  4.45412479E-13
  6766.81982  4.42587942E-13
  6769.56006  4.41080468E-13
  6772.2998  4.39755925E-13
  6775.04004  4.37630753E-13
  6777.77979  4.3968556E-13
  6780.52002  4.46186057E-13
  6783.26025  4.41921727E-13
  6786.  4.34071995E-13
  6788.74023  4.3504485E-13
  6791.47998  4.36165644E-13
  6794.22021  4.32240235E-13
  6796.95996  4.30540532E-13
  6799.7002  4.33010209E-13
  6802.43994  4.3063006E-13
  6805.18018  4.26005612E-13
  6807.91992  4.30166997E-13
  6810.66016  4.35730336E-13
  6813.3999  4.34348304E-13
  6816.14014  4.33730715E-13
  6818.87988  4.37061981E-13
  6821.62012  4.37429146E-13
  6824.35986  4.34956704E-13
  6827.1001  4.34465615E-13
  6829.83984  4.34560292E-13
  6832.58008  4.34278996E-13
  6835.31982  4.33289201E-13
  6838.06006  4.29889685E-13
  6840.7998  4.29093393E-13
  6843.54004  4.33641702E-13
  6846.27979  4.31850709E-13
  6849.02002  4.26419832E-13
  6851.76025  4.26338896E-13
  6854.5  4.27884047E-13
  6857.24023  4.28871809E-13
  6859.97998  4.288923E-13
  6862.72021  4.26014394E-13
  6865.45996  4.27132965E-13
  6868.2002  4.3299484E-13
  6870.93994  4.32083893E-13
  6873.68018  4.28585092E-13
  6876.41992  4.30297697E-13
  6879.16016  4.31869411E-13
  6881.8999  4.29766872E-13
  6884.64014  4.27256348E-13
  6887.37988  4.23535393E-13
  6890.12012  4.24222045E-13
  6892.85986  4.28060636E-13
  6895.6001  4.24240558E-13
  6898.33984  4.20549907E-13
  6901.08008  4.31741638E-13
  6903.81982  4.37362955E-13
  6906.56006  4.24279264E-13
  6909.2998  4.18882865E-13
  6912.04004  4.21842818E-13
  6914.77979  4.21443886E-13
  6917.52002  4.20742054E-13
  6920.26025  4.2463369E-13
  6923.  4.27998159E-13
  6925.74023  4.25719085E-13
  6928.47998  4.23731905E-13
  6931.22021  4.2326437E-13
  6933.95996  4.21787767E-13
  6936.7002  4.19600715E-13
  6939.43994  4.2202781E-13
  6942.18018  4.25047855E-13
  6944.91992  4.21620394E-13
  6947.66016  4.17306326E-13
  6950.3999  4.12495152E-13
  6953.14014  4.13064168E-13
  6955.87988  4.21121552E-13
  6958.62012  4.21877431E-13
  6961.35986  4.19580386E-13
  6964.1001  4.21557727E-13
  6966.83984  4.24211285E-13
  6969.58008  4.25946875E-13
  6972.31982  4.26073402E-13
  6975.06006  4.23670701E-13
  6977.7998  4.21796278E-13
  6980.54004  4.20109423E-13
  6983.27979  4.15878866E-13
  6986.02002  4.12148018E-13
  6988.76025  4.16654612E-13
  6991.5  4.21693632E-13
  6994.24023  4.24550884E-13
  6996.97998  4.23481996E-13
  6999.72021  4.16438477E-13
  7002.45996  4.15472805E-13
  7005.2002  4.17123882E-13
  7007.93994  4.12153195E-13
  7010.68018  4.0833683E-13
  7013.41992  4.15675659E-13
  7016.16016  4.20776451E-13
  7018.8999  4.20239473E-13
  7021.64014  4.16635097E-13
  7024.37988  4.09115206E-13
  7027.12012  4.11869269E-13
  7029.85986  4.18510143E-13
  7032.6001  4.200528E-13
  7035.33984  4.19649531E-13
  7038.08008  4.16542072E-13
  7040.81982  4.15497552E-13
  7043.56006  4.18757422E-13
  7046.2998  4.15223655E-13
  7049.04004  4.08093887E-13
  7051.77979  4.08419528E-13
  7054.52002  4.11369967E-13
  7057.26025  4.15232247E-13
  7060.  4.16305608E-13
  7062.74023  4.11353487E-13
  7065.47998  4.08749748E-13
  7068.22021  4.07842895E-13
  7070.95996  4.08590479E-13
  7073.7002  4.10259148E-13
  7076.43994  4.10503717E-13
  7079.18018  4.10192822E-13
  7081.91992  4.09082382E-13
  7084.66016  4.08792222E-13
  7087.3999  4.10187292E-13
  7090.14014  4.09478061E-13
  7092.87988  4.0763855E-13
  7095.62012  4.09761689E-13
  7098.35986  4.12133245E-13
  7101.1001  4.09521538E-13
  7103.83984  4.07457461E-13
  7106.58008  4.07912013E-13
  7109.31982  4.08735735E-13
  7112.06006  4.10387951E-13
  7114.7998  4.08641084E-13
  7117.54004  4.05873333E-13
  7120.27979  4.09869729E-13
  7123.02002  4.12078547E-13
  7125.76025  4.03212863E-13
  7128.5  3.98983066E-13
  7131.24023  4.03846661E-13
  7133.97998  4.04188429E-13
  7136.72021  4.02334145E-13
  7139.45996  4.02472353E-13
  7142.2002  4.02531903E-13
  7144.93994  3.99449652E-13
  7147.68018  3.97585204E-13
  7150.41992  3.9879539E-13
  7153.16016  4.01605642E-13
  7155.8999  4.07049123E-13
  7158.64014  4.0698445E-13
  7161.37988  4.0388656E-13
  7164.12012  3.99915425E-13
  7166.85986  3.97204323E-13
  7169.6001  3.99963672E-13
  7172.33984  4.01568915E-13
  7175.08008  4.00235427E-13
  7177.81982  4.00297173E-13
  7180.56006  4.01163803E-13
  7183.2998  3.99676738E-13
  7186.04004  3.97993785E-13
  7188.77979  4.00345691E-13
  7191.52002  4.01565445E-13
  7194.26025  3.96868356E-13
  7197.  3.98524123E-13
  7199.74023  4.09242003E-13
  7202.47998  4.09324077E-13
  7205.22021  4.04327694E-13
  7207.95996  4.02310157E-13
  7210.7002  4.01639903E-13
  7213.43994  4.05238641E-13
  7216.18018  4.03884391E-13
  7218.91992  3.9169533E-13
  7221.66016  3.87660119E-13
  7224.3999  3.89470465E-13
  7227.14014  3.91931442E-13
  7229.87988  3.94940401E-13
  7232.62012  3.94549438E-13
  7235.35986  3.94745976E-13
  7238.1001  3.99107424E-13
  7240.83984  3.99351613E-13
  7243.58008  3.93325482E-13
  7246.31982  3.93177976E-13
  7249.06006  3.95850372E-13
  7251.7998  3.97519149E-13
  7254.54004  3.98136385E-13
  7257.27979  3.95215517E-13
  7260.02002  3.93546008E-13
  7262.76025  3.955739E-13
  7265.5  3.9473321E-13
  7268.24023  3.91408612E-13
  7270.97998  3.91552269E-13
  7273.72021  3.93127723E-13
  7276.45996  3.94756303E-13
  7279.2002  3.95175348E-13
  7281.93994  3.91935697E-13
  7284.68018  3.90747656E-13
  7287.41992  3.92493546E-13
  7290.16016  3.93818875E-13
  7292.8999  3.95407665E-13
  7295.64014  3.99236173E-13
  7298.37988  4.01290681E-13
  7301.12012  3.9326642E-13
  7303.85986  3.88670297E-13
  7306.6001  3.94301155E-13
  7309.33984  3.94688324E-13
  7312.08008  3.9032666E-13
  7314.81982  3.9197172E-13
  7317.56006  3.95070939E-13
  7320.2998  3.90515934E-13
  7323.04004  3.86626793E-13
  7325.77979  3.89566336E-13
  7328.52002  3.91332962E-13
  7331.26025  3.9147155E-13
  7334.  3.89233974E-13
  7336.74023  3.85308539E-13
  7339.47998  3.87716118E-13
  7342.22021  3.91387091E-13
  7344.95996  3.91208713E-13
  7347.7002  3.89158215E-13
  7350.43994  3.8313615E-13
  7353.18018  3.83323337E-13
  7355.91992  3.90568166E-13
  7358.66016  3.8900331E-13
  7361.3999  3.83897558E-13
  7364.14014  3.81546059E-13
  7366.87988  3.8189135E-13
  7369.62012  3.89044374E-13
  7372.35986  3.920764E-13
  7375.1001  3.8737248E-13
  7377.83984  3.86903942E-13
  7380.58008  3.88431529E-13
  7383.31982  3.83309622E-13
  7386.06006  3.77359656E-13
  7388.7998  3.78357529E-13
  7391.54004  3.80940098E-13
  7394.27979  3.85296233E-13
  7397.02002  3.8495124E-13
  7399.76025  3.78821161E-13
  7402.5  3.7852539E-13
  7405.24023  3.80367152E-13
  7407.97998  3.77693265E-13
  7410.72021  3.75509004E-13
  7413.45996  3.78999403E-13
  7416.2002  3.79483174E-13
  7418.93994  3.73277527E-13
  7421.68018  3.72398564E-13
  7424.41992  3.7501412E-13
  7427.16016  3.76959829E-13
  7429.8999  3.78888598E-13
  7432.64014  3.79907016E-13
  7435.37988  3.81018378E-13
  7438.12012  3.83818899E-13
  7440.85986  3.82983142E-13
  7443.6001  3.77401561E-13
  7446.33984  3.74927736E-13
  7449.08008  3.74093849E-13
  7451.81982  3.77251968E-13
  7454.56006  3.80331454E-13
  7457.2998  3.78490642E-13
  7460.04004  3.76718025E-13
  7462.77979  3.76018335E-13
  7465.52002  3.74892093E-13
  7468.26025  3.73434682E-13
  7471.  3.74041293E-13
  7473.74023  3.75486399E-13
  7476.47998  3.76341021E-13
  7479.22021  3.76543902E-13
  7481.95996  3.74913696E-13
  7484.7002  3.75389173E-13
  7487.43994  3.79992668E-13
  7490.18018  3.75925961E-13
  7492.91992  3.67479159E-13
  7495.66016  3.67168373E-13
  7498.3999  3.6953299E-13
  7501.14014  3.73109394E-13
  7503.87988  3.7375303E-13
  7506.62012  3.6807089E-13
  7509.35986  3.66114853E-13
  7512.1001  3.66881845E-13
  7514.83984  3.69008995E-13
  7517.58008  3.71256248E-13
  7520.31982  3.6807257E-13
  7523.06006  3.65355722E-13
  7525.7998  3.66647061E-13
  7528.54004  3.6856431E-13
  7531.27979  3.72348067E-13
  7534.02002  3.70214818E-13
  7536.76025  3.64705228E-13
  7539.5  3.65056455E-13
  7542.24023  3.67091123E-13
  7544.97998  3.68643131E-13
  7547.72021  3.68933643E-13
  7550.45996  3.66317382E-13
  7553.2002  3.66242193E-13
  7555.93994  3.68490747E-13
  7558.68018  3.70427701E-13
  7561.41992  3.70645626E-13
  7564.16016  3.58458787E-13
  7566.8999  3.49838024E-13
  7569.64014  3.59079926E-13
  7572.37988  3.65698493E-13
  7575.12012  3.67554999E-13
  7577.85986  3.6913891E-13
  7580.6001  3.69670738E-13
  7583.33984  3.65889448E-13
  7586.08008  3.60925211E-13
  7588.81982  3.57951001E-13
  7591.56006  3.57740096E-13
  7594.2998  3.62389616E-13
  7597.04004  3.6560601E-13
  7599.77979  3.68144371E-13
  7602.52002  3.65818487E-13
  7605.26025  3.61233585E-13
  7608.  3.61487614E-13
  7610.74023  3.61583078E-13
  7613.47998  3.57505963E-13
  7616.22021  3.55440747E-13
  7618.95996  3.57339348E-13
  7621.7002  3.56304396E-13
  7624.43994  3.53718086E-13
  7627.18018  3.56046898E-13
  7629.91992  3.59113238E-13
  7632.66016  3.56796E-13
  7635.3999  3.55544207E-13
  7638.14014  3.58330282E-13
  7640.87988  3.60714117E-13
  7643.62012  3.63497589E-13
  7646.35986  3.60668337E-13
  7649.1001  3.54997336E-13
  7651.83984  3.53344795E-13
  7654.58008  3.52300627E-13
  7657.31982  3.4914999E-13
  7660.06006  3.48924204E-13
  7662.7998  3.54011389E-13
  7665.54004  3.5662578E-13
  7668.27979  3.57955094E-13
  7671.02002  3.5288962E-13
  7673.76025  3.46821096E-13
  7676.5  3.49918906E-13
  7679.24023  3.53857595E-13
  7681.97998  3.563067E-13
  7684.72021  3.56313639E-13
  7687.45996  3.52887289E-13
  7690.2002  3.53809348E-13
  7692.93994  3.56285043E-13
  7695.68018  3.52192803E-13
  7698.41992  3.48988714E-13
  7701.16016  3.56222484E-13
  7703.8999  3.57954172E-13
  7706.64014  3.46635481E-13
  7709.37988  3.45686343E-13
  7712.12012  3.52287725E-13
  7714.85986  3.50879617E-13
  7717.6001  3.47850492E-13
  7720.33984  3.51488641E-13
  7723.08008  3.53916928E-13
  7725.81982  3.49212141E-13
  7728.56006  3.49801866E-13
  7731.2998  3.5889919E-13
  7734.04004  3.57563344E-13
  7736.77979  3.50275554E-13
  7739.52002  3.37912098E-13
  7742.26025  3.28275737E-13
  7745.  3.34071312E-13
  7747.74023  3.41788853E-13
  7750.47998  3.51137657E-13
  7753.22021  3.52573846E-13
  7755.95996  3.46923662E-13
  7758.7002  3.44436963E-13
  7761.43994  3.43006304E-13
  7764.18018  3.4321382E-13
  7766.91992  3.45045336E-13
  7769.66016  3.50520475E-13
  7772.3999  3.51734185E-13
  7775.14014  3.46105441E-13
  7777.87988  3.46257094E-13
  7780.62012  3.49023463E-13
  7783.35986  3.48309679E-13
  7786.1001  3.46430079E-13
  7788.83984  3.44402485E-13
  7791.58008  3.42081452E-13
  7794.31982  3.38896175E-13
  7797.06006  3.37579438E-13
  7799.7998  3.37872037E-13
  7802.54004  3.40634449E-13
  7805.27979  3.43623161E-13
  7808.02002  3.38006587E-13
  7810.76025  3.33608548E-13
  7813.5  3.3835776E-13
  7816.24023  3.41004866E-13
  7818.97998  3.39881226E-13
  7821.72021  3.39936168E-13
  7824.45996  3.40277828E-13
  7827.2002  3.40570725E-13
  7829.93994  3.4102197E-13
  7832.68018  3.4261057E-13
  7835.41992  3.42434143E-13
  7838.16016  3.37849811E-13
  7840.8999  3.36581755E-13
  7843.64014  3.3864136E-13
  7846.37988  3.38031794E-13
  7849.12012  3.36757748E-13
  7851.85986  3.38037758E-13
  7854.6001  3.39248866E-13
  7857.33984  3.39430009E-13
  7860.08008  3.36978655E-13
  7862.81982  3.28798214E-13
  7865.56006  3.29113012E-13
  7868.2998  3.34898911E-13
  7871.04004  3.36124168E-13
  7873.77979  3.36454931E-13
  7876.52002  3.38362124E-13
  7879.26025  3.40110318E-13
  7882.  3.41966445E-13
  7884.74023  3.40908291E-13
  7887.47998  3.36289482E-13
  7890.22021  3.34981744E-13
  7892.95996  3.35082819E-13
  7895.7002  3.34733841E-13
  7898.43994  3.34709338E-13
  7901.18018  3.36437069E-13
  7903.91992  3.35331372E-13
  7906.66016  3.26939972E-13
  7909.3999  3.30283083E-13
  7912.14014  3.42046676E-13
  7914.87988  3.40371259E-13
  7917.62012  3.34223263E-13
  7920.35986  3.30893868E-13
  7923.1001  3.28980089E-13
  7925.83984  3.28654828E-13
  7928.58008  3.30808921E-13
  7931.31982  3.36855896E-13
  7934.06006  3.35874368E-13
  7936.7998  3.31652701E-13
  7939.54004  3.32596093E-13
  7942.27979  3.34212882E-13
  7945.02002  3.33301068E-13
  7947.76025  3.33438545E-13
  7950.5  3.37168769E-13
  7953.24023  3.34502825E-13
  7955.97998  3.26648295E-13
  7958.72021  3.25384197E-13
  7961.45996  3.27223031E-13
  7964.2002  3.30500059E-13
  7966.93994  3.35725615E-13
  7969.68018  3.47220814E-13
  7972.41992  3.46800822E-13
  7975.16016  3.29259108E-13
  7977.8999  3.26405786E-13
  7980.64014  3.30355155E-13
  7983.37988  3.33692763E-13
  7986.12012  3.35237046E-13
  7988.85986  3.2832271E-13
  7991.6001  3.24993694E-13
  7994.33984  3.30924795E-13
  7997.08008  3.3074292E-13
  7999.81982  3.25638686E-13
  8002.56006  3.29312559E-13
  8005.2998  3.35212869E-13
  8008.04004  3.32387953E-13
  8010.77979  3.29720517E-13
  8013.52002  3.32713322E-13
  8016.26025  3.33123286E-13
  8019.  3.2918381E-13
  8021.74023  3.29481261E-13
  8024.47998  3.31876399E-13
  8027.22021  3.3335105E-13
  8029.95996  3.3253001E-13
  8032.7002  3.23519748E-13
  8035.43994  3.18134516E-13
  8038.18018  3.21999778E-13
  8040.91992  3.22699712E-13
  8043.66016  3.20882372E-13
  8046.3999  3.24175853E-13
  8049.14014  3.2835445E-13
  8051.87988  3.22711421E-13
  8054.62012  3.18841768E-13
  8057.35986  3.26698412E-13
  8060.1001  3.29971592E-13
  8062.83984  3.25709267E-13
  8065.58008  3.23437701E-13
  8068.31982  3.21691811E-13
  8071.06006  3.25776217E-13
  8073.7998  3.30821796E-13
  8076.54004  3.30984616E-13
  8079.27979  3.29258593E-13
  8082.02002  3.24216538E-13
  8084.76025  3.24344582E-13
  8087.5  3.30420451E-13
  8090.24023  3.25727319E-13
  8092.97998  3.16678704E-13
  8095.72021  3.12363335E-13
  8098.45996  3.12172515E-13
  8101.2002  3.20951002E-13
  8103.93994  3.25250352E-13
  8106.68018  3.21833841E-13
  8109.41992  3.19671183E-13
  8112.16016  3.17419512E-13
  8114.8999  3.19529261E-13
  8117.64014  3.22276168E-13
  8120.37988  3.19879512E-13
  8123.12012  3.1799048E-13
  8125.85986  3.19029986E-13
  8128.6001  3.19275287E-13
  8131.33984  3.18887549E-13
  8134.08008  3.17501152E-13
  8136.81982  3.15756237E-13
  8139.56006  3.16460996E-13
  8142.2998  3.17347873E-13
  8145.04004  3.16312135E-13
  8147.77979  3.16418224E-13
  8150.52002  3.18928288E-13
  8153.26025  3.19530969E-13
  8156.  3.18932218E-13
  8158.74023  3.18386918E-13
  8161.47998  3.17348063E-13
  8164.22021  3.14015768E-13
  8166.95996  3.1307506E-13
  8169.7002  3.18666588E-13
  8172.43994  3.21317354E-13
  8175.18018  3.2102256E-13
  8177.91992  3.1909577E-13
  8180.66016  3.1578028E-13
  8183.3999  3.1238014E-13
  8186.14014  3.11246526E-13
  8188.87988  3.18243478E-13
  8191.62012  3.21017139E-13
  8194.36035  3.15250159E-13
  8197.09961  3.11387851E-13
  8199.83984  3.08010941E-13
  8202.58008  3.09693162E-13
  8205.32031  3.13978552E-13
  8208.05957  3.19082326E-13
  8210.7998  3.21695443E-13
  8213.54004  3.18881504E-13
  8216.28027  3.14420229E-13
  8219.01953  3.06706212E-13
  8221.75977  3.06392878E-13
  8224.5  3.1010131E-13
  8227.24023  3.1113282E-13
  8229.98047  3.10837646E-13
  8232.71973  3.07059743E-13
  8235.45996  3.06317417E-13
  8238.2002  3.12236809E-13
  8240.94043  3.14846402E-13
  8243.67969  3.15449435E-13
  8246.41992  3.08379217E-13
  8249.16016  2.99866197E-13
  8251.90039  3.05696278E-13
  8254.63965  3.11662425E-13
  8257.37988  3.10900557E-13
  8260.12012  3.0777079E-13
  8262.86035  3.00322375E-13
  8265.59961  2.99888315E-13
  8268.33984  3.03558502E-13
  8271.08008  3.08133917E-13
  8273.82031  3.12246675E-13
  8276.55957  3.12437711E-13
  8279.2998  3.11498792E-13
  8282.04004  3.10443728E-13
  8284.78027  3.06381873E-13
  8287.51953  2.98759525E-13
  8290.25977  3.02003133E-13
  8293.  3.08601696E-13
  8295.74023  3.03073566E-13
  8298.48047  2.98282178E-13
  8301.21973  3.03732679E-13
  8303.95996  3.04310179E-13
  8306.7002  2.94714638E-13
  8309.44043  2.98819265E-13
  8312.17969  3.10241741E-13
  8314.91992  3.05745907E-13
  8317.66016  2.98671976E-13
  8320.40039  3.02391304E-13
  8323.13965  3.0642226E-13
  8325.87988  3.08981437E-13
  8328.62012  3.08363713E-13
  8331.36035  3.04178341E-13
  8334.09961  3.032253E-13
  8336.83984  3.03813235E-13
  8339.58008  3.07043806E-13
  8342.32031  3.07669038E-13
  8345.05957  2.9675489E-13
  8347.7998  2.94801076E-13
  8350.54004  3.09922904E-13
  8353.28027  3.1165321E-13
  8356.01953  3.05986546E-13
  8358.75977  3.00936413E-13
  8361.5  2.96936141E-13
  8364.24023  3.0020127E-13
  8366.98047  3.01969821E-13
  8369.71973  2.97271295E-13
  8372.45996  2.96112879E-13
  8375.2002  2.98762724E-13
  8377.94043  2.98445269E-13
  8380.67969  2.97071775E-13
  8383.41992  2.96732447E-13
  8386.16016  2.96675851E-13
  8388.90039  2.96077073E-13
  8391.63965  2.97511825E-13
  8394.37988  3.03985244E-13
  8397.12012  3.02111526E-13
  8399.86035  2.94404637E-13
  8402.59961  2.96594102E-13
  8405.33984  3.00982275E-13
  8408.08008  2.99037731E-13
  8410.82031  2.96146788E-13
  8413.55957  2.94062138E-13
  8416.2998  2.90632237E-13
  8419.04004  2.84676254E-13
  8421.78027  2.86184704E-13
  8424.51953  2.91254244E-13
  8427.25977  2.89781762E-13
  8430.  2.8806444E-13
  8432.74023  2.90421197E-13
  8435.48047  2.93682586E-13
  8438.21973  2.99309839E-13
  8440.95996  2.98228429E-13
  8443.7002  2.91671689E-13
  8446.44043  2.98009799E-13
  8449.17969  3.0710734E-13
  8451.91992  3.04167417E-13
  8454.66016  2.99518114E-13
  8457.40039  2.95326019E-13
  8460.13965  2.95719287E-13
  8462.87988  3.03202477E-13
  8465.62012  3.00731391E-13
  8468.36035  2.93753845E-13
  8471.09961  2.95547115E-13
  8473.83984  2.98351188E-13
  8476.58008  2.96426783E-13
  8479.32031  2.93798406E-13
  8482.05957  2.91110669E-13
  8484.7998  2.87482359E-13
  8487.54004  2.82832378E-13
  8490.28027  2.81920185E-13
  8493.01953  2.82180664E-13
  8495.75977  2.78001282E-13
  8498.5  2.76884337E-13
  8501.24023  2.85675943E-13
  8503.98047  2.90451772E-13
  8506.71973  2.89786722E-13
  8509.45996  2.89649652E-13
  8512.2002  2.8900195E-13
  8514.94043  2.87863022E-13
  8517.67969  2.87260504E-13
  8520.41992  2.89734355E-13
  8523.16016  2.90538183E-13
  8525.90039  2.88187849E-13
  8528.63965  2.8441553E-13
  8531.37988  2.79061876E-13
  8534.12012  2.71713207E-13
  8536.86035  2.64551618E-13
  8539.59961  2.64053563E-13
  8542.33984  2.67646013E-13
  8545.08008  2.76856148E-13
  8547.82031  2.83480406E-13
  8550.55957  2.86688018E-13
  8553.2998  2.87883243E-13
  8556.04004  2.87224319E-13
  8558.78027  2.89621029E-13
  8561.51953  2.90846205E-13
  8564.25977  2.83503066E-13
  8567.  2.7955123E-13
  8569.74023  2.85127038E-13
  8572.48047  2.87051226E-13
  8575.21973  2.85748421E-13
  8577.95996  2.88064603E-13
  8580.7002  2.90953161E-13
  8583.44043  2.8697067E-13
  8586.17969  2.83916093E-13
  8588.91992  2.88936681E-13
  8591.66016  2.90774593E-13
  8594.40039  2.85918966E-13
  8597.13965  2.87448776E-13
  8599.87988  2.92596784E-13
  8602.62012  2.94704853E-13
  8605.36035  2.94227479E-13
  8608.09961  2.85878634E-13
  8610.83984  2.81994588E-13
  8613.58008  2.91949651E-13
  8616.32031  2.92482564E-13
  8619.05957  2.82413551E-13
  8621.7998  2.84655546E-13
  8624.54004  2.91824074E-13
  8627.28027  2.94015788E-13
  8630.02051  2.93347893E-13
  8632.75977  2.87567442E-13
  8635.5  2.83676077E-13
  8638.24023  2.83048162E-13
  8640.98047  2.83764006E-13
  8643.71973  2.85891346E-13
  8646.45996  2.81181382E-13
  8649.2002  2.74429053E-13
  8651.94043  2.71831169E-13
  8654.67969  2.68826601E-13
  8657.41992  2.62263871E-13
  8660.16016  2.60331958E-13
  8662.90039  2.6261133E-13
  8665.63965  2.7209341E-13
  8668.37988  2.85312301E-13
  8671.12012  2.87569258E-13
  8673.86035  2.85749777E-13
  8676.59961  2.81091827E-13
  8679.33984  2.79760373E-13
  8682.08008  2.85513773E-13
  8684.82031  2.86214737E-13
  8687.55957  2.83580749E-13
  8690.2998  2.82230809E-13
  8693.04004  2.81942384E-13
  8695.78027  2.86977121E-13
  8698.52051  2.8847809E-13
  8701.25977  2.78731519E-13
  8704.  2.73868574E-13
  8706.74023  2.74403682E-13
  8709.48047  2.77240253E-13
  8712.21973  2.81962984E-13
  8714.95996  2.82441442E-13
  8717.7002  2.81649433E-13
  8720.44043  2.81314739E-13
  8723.17969  2.80467815E-13
  8725.91992  2.7829014E-13
  8728.66016  2.78184485E-13
  8731.40039  2.7979233E-13
  8734.13965  2.80825059E-13
  8736.87988  2.81348973E-13
  8739.62012  2.78957359E-13
  8742.36035  2.78225712E-13
  8745.09961  2.83383099E-13
  8747.83984  2.86322859E-13
  8750.58008  2.87802063E-13
  8753.32031  2.81204015E-13
  8756.05957  2.69773136E-13
  8758.7998  2.68548177E-13
  8761.54004  2.71109605E-13
  8764.28027  2.76069667E-13
  8767.02051  2.77119229E-13
  8769.75977  2.68118562E-13
  8772.5  2.69021052E-13
  8775.24023  2.78794349E-13
  8777.98047  2.79271696E-13
  8780.71973  2.76107154E-13
  8783.45996  2.73751318E-13
  8786.2002  2.7115094E-13
  8788.94043  2.66568993E-13
  8791.67969  2.67563668E-13
  8794.41992  2.78619331E-13
  8797.16016  2.77743486E-13
  8799.90039  2.70903173E-13
  8802.63965  2.78061591E-13
  8805.37988  2.85727551E-13
  8808.12012  2.77497941E-13
  8810.86035  2.71459721E-13
  8813.59961  2.74598974E-13
  8816.33984  2.74458434E-13
  8819.08008  2.71695725E-13
  8821.82031  2.68417938E-13
  8824.55957  2.65389354E-13
  8827.2998  2.67238759E-13
  8830.04004  2.70690127E-13
  8832.78027  2.75904679E-13
  8835.52051  2.76372431E-13
  8838.25977  2.67591396E-13
  8841.  2.69010129E-13
  8843.74023  2.76187791E-13
  8846.48047  2.75874809E-13
  8849.21973  2.72990831E-13
  8851.95996  2.70563655E-13
  8854.7002  2.66756777E-13
  8857.44043  2.58176564E-13
  8860.17969  2.58486049E-13
  8862.91992  2.68934506E-13
  8865.66016  2.69247813E-13
  8868.40039  2.66023477E-13
  8871.13965  2.68993324E-13
  8873.87988  2.7258393E-13
  8876.62012  2.74082731E-13
  8879.36035  2.74512753E-13
  8882.09961  2.7371085E-13
  8884.83984  2.72425176E-13
  8887.58008  2.70543462E-13
  8890.32031  2.68676981E-13
  8893.05957  2.67538731E-13
  8895.7998  2.69723669E-13
  8898.54004  2.71365423E-13
  8901.28027  2.70928977E-13
  8904.02051  2.69111366E-13
  8906.75977  2.65110823E-13
  8909.5  2.64833023E-13
  8912.24023  2.67196801E-13
  8914.98047  2.76761036E-13
  8917.71973  2.82654407E-13
  8920.45996  2.69399303E-13
  8923.2002  2.61799046E-13
  8925.94043  2.66100076E-13
  8928.67969  2.69714481E-13
  8931.41992  2.74276397E-13
  8934.16016  2.71145167E-13
  8936.90039  2.65257353E-13
  8939.63965  2.64163501E-13
  8942.37988  2.60994595E-13
  8945.12012  2.48748044E-13
  8947.86035  2.4731527E-13
  8950.59961  2.60106037E-13
  8953.33984  2.63386941E-13
  8956.08008  2.62873273E-13
  8958.82031  2.6300701E-13
  8961.55957  2.6335756E-13
  8964.2998  2.647442E-13
  8967.04004  2.66959469E-13
  8969.78027  2.72180851E-13
  8972.52051  2.69860414E-13
  8975.25977  2.60969414E-13
  8978.  2.61468391E-13
  8980.74023  2.64742221E-13
  8983.48047  2.62961582E-13
  8986.21973  2.60532779E-13
  8988.95996  2.57290147E-13
  8991.7002  2.59113152E-13
  8994.44043  2.68863165E-13
  8997.17969  2.70686658E-13
  8999.91992  2.68237201E-13
  9002.66016  2.63104046E-13
  9005.40039  2.57710086E-13
  9008.13965  2.56589021E-13
  9010.87988  2.55334301E-13
  9013.62012  2.5157052E-13
  9016.36035  2.52665293E-13
  9019.09961  2.58202395E-13
  9021.83984  2.62803885E-13
  9024.58008  2.65610179E-13
  9027.32031  2.56958571E-13
  9030.05957  2.50988222E-13
  9032.7998  2.590951E-13
  9035.54004  2.64834026E-13
  9038.28027  2.67735378E-13
  9041.02051  2.66152362E-13
  9043.75977  2.61319639E-13
  9046.5  2.60736555E-13
  9049.24023  2.61893914E-13
  9051.98047  2.64784966E-13
  9054.71973  2.6642718E-13
  9057.45996  2.65574509E-13
  9060.2002  2.63345823E-13
  9062.94043  2.59147331E-13
  9065.67969  2.60461764E-13
  9068.41992  2.63742804E-13
  9071.16016  2.61440419E-13
  9073.90039  2.60044238E-13
  9076.63965  2.64957381E-13
  9079.37988  2.67403477E-13
  9082.12012  2.66503941E-13
  9084.86035  2.62960199E-13
  9087.59961  2.57173406E-13
  9090.33984  2.57052653E-13
  9093.08008  2.58428695E-13
  9095.82031  2.56981367E-13
  9098.55957  2.56311817E-13
  9101.2998  2.5732579E-13
  9104.04004  2.59942025E-13
  9106.78027  2.64826464E-13
  9109.52051  2.65087052E-13
  9112.25977  2.6302105E-13
  9115.  2.61028747E-13
  9117.74023  2.59979565E-13
  9120.48047  2.62645591E-13
  9123.21973  2.63019803E-13
  9125.95996  2.59604106E-13
  9128.7002  2.55869978E-13
  9131.44043  2.51488825E-13
  9134.17969  2.56007075E-13
  9136.91992  2.61565021E-13
  9139.66016  2.54312061E-13
  9142.40039  2.49908032E-13
  9145.13965  2.58074405E-13
  9147.87988  2.57907302E-13
  9150.62012  2.47544444E-13
  9153.36035  2.4811346E-13
  9156.09961  2.5334254E-13
  9158.83984  2.54448047E-13
  9161.58008  2.54640032E-13
  9164.32031  2.55079567E-13
  9167.05957  2.54403052E-13
  9169.7998  2.5142193E-13
  9172.54004  2.51019962E-13
  9175.28027  2.52434656E-13
  9178.02051  2.52574491E-13
  9180.75977  2.52801577E-13
  9183.5  2.551595E-13
  9186.24023  2.56827871E-13
  9188.98047  2.56427014E-13
  9191.71973  2.55102309E-13
  9194.45996  2.52094542E-13
  9197.2002  2.52974887E-13
  9199.94043  2.55622915E-13
  9202.67969  2.54186944E-13
  9205.41992  2.51838833E-13
  9208.16016  2.50382912E-13
  9210.90039  2.49422824E-13
  9213.63965  2.49864257E-13
  9216.37988  2.47830158E-13
  9219.12012  2.43868754E-13
  9221.86035  2.35177492E-13
  9224.59961  2.27458867E-13
  9227.33984  2.36555675E-13
  9230.08008  2.46566493E-13
  9232.82031  2.5057216E-13
  9235.55957  2.50865111E-13
  9238.2998  2.45068289E-13
  9241.04004  2.48010651E-13
  9243.78027  2.55094042E-13
  9246.52051  2.54323906E-13
  9249.25977  2.52304715E-13
  9252.  2.5476729E-13
  9254.74023  2.55622915E-13
  9257.48047  2.52744738E-13
  9260.21973  2.50673234E-13
  9262.95996  2.48890237E-13
  9265.7002  2.49099461E-13
  9268.44043  2.49823545E-13
  9271.17969  2.47311123E-13
  9273.91992  2.45051971E-13
  9276.66016  2.45559866E-13
  9279.40039  2.44866871E-13
  9282.13965  2.41948497E-13
  9284.87988  2.41526878E-13
  9287.62012  2.42428825E-13
  9290.36035  2.41758978E-13
  9293.09961  2.41639174E-13
  9295.83984  2.45148791E-13
  9298.58008  2.47675063E-13
  9301.32031  2.48343203E-13
  9304.05957  2.45669831E-13
  9306.7998  2.38983963E-13
  9309.54004  2.40318616E-13
  9312.28027  2.44670251E-13
  9315.02051  2.44124382E-13
  9317.75977  2.42544998E-13
  9320.5  2.39229426E-13
  9323.24023  2.41774455E-13
  9325.98047  2.55194466E-13
  9328.71973  2.58236005E-13
  9331.45996  2.55394881E-13
  9334.2002  2.48775637E-13
  9336.94043  2.43949256E-13
  9339.67969  2.56359848E-13
  9342.41992  2.62831884E-13
  9345.16016  2.51448927E-13
  9347.90039  2.44997761E-13
  9350.63965  2.42087437E-13
  9353.37988  2.44570423E-13
  9356.12012  2.49652892E-13
  9358.86035  2.48398063E-13
  9361.59961  2.4466502E-13
  9364.33984  2.37015187E-13
  9367.08008  2.35647656E-13
  9369.82031  2.46573514E-13
  9372.55957  2.46394078E-13
  9375.2998  2.39596537E-13
  9378.04004  2.37446483E-13
  9380.78027  2.37445073E-13
  9383.52051  2.41934104E-13
  9386.25977  2.43954433E-13
  9389.  2.37104417E-13
  9391.74023  2.37999128E-13
  9394.48047  2.48495885E-13
  9397.21973  2.47728921E-13
  9399.95996  2.41863251E-13
  9402.7002  2.38504989E-13
  9405.44043  2.36228599E-13
  9408.17969  2.35090593E-13
  9410.91992  2.36964311E-13
  9413.66016  2.44824641E-13
  9416.40039  2.45761826E-13
  9419.13965  2.41878105E-13
  9421.87988  2.44524236E-13
  9424.62012  2.47639582E-13
  9427.36035  2.41965112E-13
  9430.09961  2.37407641E-13
  9432.83984  2.39069588E-13
  9435.58008  2.40046725E-13
  9438.32031  2.40625879E-13
  9441.05957  2.38563292E-13
  9443.7998  2.35734311E-13
  9446.54004  2.41720787E-13
  9449.28027  2.48365564E-13
  9452.02051  2.49625705E-13
  9454.75977  2.46575194E-13
  9457.5  2.34584135E-13
  9460.24023  2.34911591E-13
  9462.98047  2.45061702E-13
  9465.71973  2.43031886E-13
  9468.45996  2.37748216E-13
  9471.2002  2.39932504E-13
  9473.94043  2.41233465E-13
  9476.67969  2.37533138E-13
  9479.41992  2.33789496E-13
  9482.16016  2.28298663E-13
  9484.90039  2.32730203E-13
  9487.63965  2.42708333E-13
  9490.37988  2.44810167E-13
  9493.12012  2.42958946E-13
  9495.86035  2.35024023E-13
  9498.59961  2.30973579E-13
  9501.33984  2.36054449E-13
  9504.08008  2.37027086E-13
  9506.82031  2.35073869E-13
  9509.55957  2.34912133E-13
  9512.2998  2.35144451E-13
  9515.04004  2.34147716E-13
  9517.78027  2.34259172E-13
  9520.52051  2.40318833E-13
  9523.25977  2.37244496E-13
  9526.  2.17850193E-13
  9528.74023  2.187513E-13
  9531.48047  2.30047291E-13
  9534.21973  2.26826804E-13
  9536.95996  2.19005776E-13
  9539.7002  2.09133383E-13
  9542.44043  2.04953608E-13
  9545.17969  2.12805956E-13
  9547.91992  2.15596638E-13
  9550.66016  2.13915094E-13
  9553.40039  2.21689813E-13
  9556.13965  2.32059679E-13
  9558.87988  2.30854344E-13
  9561.62012  2.28306171E-13
  9564.36035  2.30630809E-13
  9567.09961  2.30716867E-13
  9569.83984  2.2525711E-13
  9572.58008  2.29494375E-13
  9575.32031  2.39306188E-13
  9578.05957  2.37044786E-13
  9580.7998  2.31375628E-13
  9583.54004  2.2858603E-13
  9586.28027  2.28436844E-13
  9589.02051  2.34797181E-13
  9591.75977  2.32695075E-13
  9594.5  2.20737721E-13
  9597.24023  2.25909338E-13
  9599.98047  2.37423633E-13
  9602.71973  2.34910073E-13
  9605.45996  2.30611455E-13
  9608.2002  2.30608474E-13
  9610.94043  2.31899677E-13
  9613.67969  2.35576966E-13
  9616.41992  2.35869104E-13
  9619.16016  2.33954268E-13
  9621.90039  2.32338156E-13
  9624.63965  2.29846713E-13
  9627.37988  2.24188398E-13
  9630.12012  2.20170277E-13
  9632.86035  2.19276813E-13
  9635.59961  2.22620127E-13
  9638.33984  2.3135717E-13
  9641.08008  2.35983E-13
  9643.82031  2.37600196E-13
  9646.55957  2.28444976E-13
  9649.2998  2.19767049E-13
  9652.04004  2.21743766E-13
  9654.78027  2.26644224E-13
  9657.52051  2.37502238E-13
  9660.25977  2.35817144E-13
  9663.  2.24884252E-13
  9665.74023  2.28777175E-13
  9668.48047  2.35899516E-13
  9671.21973  2.33765508E-13
  9673.95996  2.2774927E-13
  9676.7002  2.13926899E-13
  9679.44043  2.12751461E-13
  9682.17969  2.28542933E-13
  9684.91992  2.26847458E-13
  9687.66016  2.18075151E-13
  9690.40039  2.21150355E-13
  9693.13965  2.26270296E-13
  9695.87988  2.27074219E-13
  9698.62012  2.29303745E-13
  9701.36035  2.35148706E-13
  9704.09961  2.38172004E-13
  9706.83984  2.3930074E-13
  9709.58008  2.33790716E-13
  9712.32031  2.26134459E-13
  9715.05957  2.24560808E-13
  9717.7998  2.25407787E-13
  9720.54004  2.29098072E-13
  9723.28027  2.31017733E-13
  9726.02051  2.31377959E-13
  9728.75977  2.28045176E-13
  9731.5  2.22369581E-13
  9734.24023  2.19581948E-13
  9736.98047  2.19883248E-13
  9739.71973  2.28995344E-13
  9742.45996  2.32036856E-13
  9745.2002  2.18530245E-13
  9747.94043  2.22816774E-13
  9750.67969  2.42690064E-13
  9753.41992  2.38435058E-13
  9756.16016  2.25619531E-13
  9758.90039  2.22185849E-13
  9761.63965  2.21353304E-13
  9764.37988  2.22618107E-13
  9767.12012  2.23740893E-13
  9769.86035  2.25069461E-13
  9772.59961  2.23342422E-13
  9775.33984  2.20255441E-13
  9778.08008  2.2707842E-13
  9780.82031  2.35376307E-13
  9783.55957  2.37301308E-13
  9786.2998  2.35671752E-13
  9789.04004  2.28062605E-13
  9791.78027  2.2606362E-13
  9794.52051  2.29350149E-13
  9797.25977  2.25754176E-13
  9800.  2.19791633E-13
  9802.74023  2.1628863E-13
  9805.48047  2.16305042E-13
  9808.21973  2.25368078E-13
  9810.95996  2.27971098E-13
  9813.7002  2.18516028E-13
  9816.44043  2.20086454E-13
  9819.17969  2.27167447E-13
  9821.91992  2.25926686E-13
  9824.66016  2.21180753E-13
  9827.40039  2.1108862E-13
  9830.13965  2.09368926E-13
  9832.87988  2.27086931E-13
  9835.62012  2.36033523E-13
  9838.36035  2.38227488E-13
  9841.09961  2.2982858E-13
  9843.83984  2.17195944E-13
  9846.58008  2.24933407E-13
  9849.32031  2.30988948E-13
  9852.05957  2.15418408E-13
  9854.7998  2.09581443E-13
  9857.54004  2.21557581E-13
  9860.28027  2.26320793E-13
  9863.02051  2.281089E-13
  9865.75977  2.24710726E-13
  9868.5  2.20378932E-13
  9871.24023  2.23426204E-13
  9873.98047  2.25504714E-13
  9876.71973  2.24231969E-13
  9879.45996  2.19414425E-13
  9882.2002  2.09560803E-13
  9884.94043  2.08234363E-13
  9887.67969  2.11297424E-13
  9890.41992  2.14390964E-13
  9893.16016  2.17099328E-13
  9895.90039  2.17178706E-13
  9898.63965  2.17948055E-13
  9901.37988  2.21717596E-13
  9904.12012  2.19024438E-13
  9906.86035  2.11508017E-13
  9909.59961  2.07013971E-13
  9912.33984  2.05749968E-13
  9915.08008  2.15821677E-13
  9917.82031  2.22341243E-13
  9920.55957  2.14595716E-13
  9923.2998  2.13594957E-13
  9926.04004  2.20857742E-13
  9928.78027  2.22933488E-13
  9931.52051  2.22400616E-13
  9934.25977  2.16249436E-13
  9937.  2.11262377E-13
  9939.74023  2.17126908E-13
  9942.48047  2.19477499E-13
  9945.21973  2.13832885E-13
  9947.95996  2.10729885E-13
  9950.7002  2.08827815E-13
  9953.44043  2.08227329E-13
  9956.17969  2.08923726E-13
  9958.91992  2.13173216E-13
  9961.66016  2.13671555E-13
  9964.40039  2.02748964E-13
  9967.13965  1.97623303E-13
  9969.87988  1.98713252E-13
  9972.62012  2.0584138E-13
  9975.36035  2.16276433E-13
  9978.09961  2.07439317E-13
  9980.83984  1.98918545E-13
  9983.58008  2.14590132E-13
  9986.32031  2.22242011E-13
  9989.05957  2.0931702E-13
  9991.7998  2.0651326E-13
  9994.54004  2.11031699E-13
  9997.28027  2.07707332E-13
  10000.0205  2.03333566E-13
  10002.7598  2.08954747E-13
  10005.5  2.15030101E-13
  10008.2402  2.17244205E-13
  10010.9805  2.17490454E-13
  10013.7197  2.16153159E-13
  10016.46  2.10177267E-13
  10019.2002  2.0137036E-13
  10021.9404  2.0157728E-13
  10024.6797  2.0466029E-13
  10027.4199  2.07886903E-13
  10030.1602  2.06896552E-13
  10032.9004  1.95888892E-13
  10035.6396  1.94666982E-13
  10038.3799  2.02660452E-13
  10041.1201  1.98328889E-13
  10043.8604  1.90424906E-13
  10046.5996  1.91561746E-13
  10049.3398  1.96343891E-13
  10052.0801  2.0450506E-13
  10054.8203  2.11942592E-13
  10057.5596  2.20449269E-13
  10060.2998  2.17930031E-13
  10063.04  2.08700231E-13
  10065.7803  2.2100205E-13
  10068.5205  2.33557802E-13
  10071.2598  2.17933934E-13
  10074.  2.04479378E-13
  10076.7402  2.01595807E-13
  10079.4805  2.05251262E-13
  10082.2197  2.17378334E-13
  10084.96  2.1535482E-13
  10087.7002  2.08605607E-13
  10090.4404  2.15038789E-13
  10093.1797  2.22270376E-13
  10095.9199  2.24426773E-13
  10098.6602  2.21967843E-13
  10101.4004  2.10953908E-13
  10104.1396  2.09934622E-13
  10106.8799  2.14907438E-13
  10109.6201  2.15999039E-13
  10112.3604  2.13559557E-13
  10115.0996  1.98514558E-13
  10117.8398  1.91463083E-13
  10120.5801  2.08176236E-13
  10123.3203  2.10863824E-13
  10126.0596  1.99289316E-13
  10128.7998  1.88386551E-13
  10131.54  1.79462443E-13
  10134.2803  1.98022656E-13
  10137.0205  2.17130811E-13
  10139.7598  2.17999989E-13
  10142.5  2.0612746E-13
  10145.2402  1.67587E-13
  10147.9805  1.68846409E-13
  10150.7197  1.97981957E-13
  10153.46  2.192459E-13
  10156.2002  2.33555579E-13
  10158.9404  2.17840543E-13
  10161.6797  2.04622926E-13
  10164.4199  2.1569488E-13
  10167.1602  2.07050468E-13
  10169.9004  1.69796577E-13
  10172.6396  1.82326173E-13
  10175.3799  2.16031294E-13
  10178.1201  1.99634797E-13
  10180.8604  1.7841635E-13
  10183.5996  1.86425189E-13
  10186.3398  1.92022694E-13
  10189.0801  1.90950473E-13
  10191.8203  1.88966979E-13
  10194.5596  1.86484332E-13
  10197.2998  1.0025837E-13
  10200.04 -4.62854505E-15
  10202.7803 -1.07345519E-14
  10205.5205  0.
