BD26D2606 G230LB+G430L+G750L Bohlin 20Sep2013
HST GO12813 FILE WRITTEN BY STISREDUCE.PRO ON 20-Sep-2013 15:52:18.00
2863
 1667.440308  1.3886E-15
 1668.810791  2.5672E-14
 1670.181152  3.4757E-14
 1671.551636  2.1827E-14
 1672.922119  1.5544E-14
 1674.292603  9.1306E-15
 1675.663086  3.1588E-14
 1677.033569  2.3687E-14
 1678.404053  5.1222E-15
 1679.774658  1.9120E-14
 1681.145142  1.7566E-14
 1682.515747  2.9649E-14
 1683.886353  2.7498E-14
 1685.256958  4.1298E-14
 1686.627563  6.9413E-15
 1687.998169  2.4909E-14
 1689.368774  2.1372E-14
 1690.739502  2.2937E-14
 1692.110107  1.3763E-14
 1693.480835  1.3469E-14
 1694.851562  1.6386E-14
 1696.222168  2.2081E-14
 1697.592896  2.0202E-14
 1698.963623  1.3306E-14
 1700.334473  1.2583E-14
 1701.705200  9.0451E-15
 1703.075928  5.7450E-15
 1704.446777  1.3351E-14
 1705.817627  8.2563E-15
 1707.188354  1.7775E-14
 1708.559204  2.3739E-14
 1709.930054  3.1192E-14
 1711.301025  2.2713E-14
 1712.671875  1.9879E-14
 1714.042725  1.8259E-14
 1715.413696  2.1476E-14
 1716.784546  2.1977E-14
 1718.155518  2.6190E-14
 1719.526489  2.7983E-14
 1720.897461  2.5565E-14
 1722.268433  2.3098E-14
 1723.639404  2.2958E-14
 1725.010376  3.1250E-14
 1726.381348  2.5369E-14
 1727.752441  3.1766E-14
 1729.123535  2.6323E-14
 1730.494507  3.3605E-14
 1731.865601  3.3839E-14
 1733.236694  3.3979E-14
 1734.607788  3.0210E-14
 1735.978882  3.4499E-14
 1737.349976  3.7293E-14
 1738.721191  3.5611E-14
 1740.092285  3.5996E-14
 1741.463501  3.7250E-14
 1742.834717  4.7789E-14
 1744.205811  4.7074E-14
 1745.577026  3.5995E-14
 1746.948242  4.6950E-14
 1748.319458  4.5131E-14
 1749.690796  4.2325E-14
 1751.062012  4.6224E-14
 1752.433228  4.9789E-14
 1753.804565  4.5361E-14
 1755.175903  4.7400E-14
 1756.547119  5.0379E-14
 1757.918457  4.8137E-14
 1759.289795  4.8677E-14
 1760.661133  5.3190E-14
 1762.032471  5.3917E-14
 1763.403931  4.9790E-14
 1764.775269  4.2245E-14
 1766.146729  4.6108E-14
 1767.518066  4.9939E-14
 1768.889526  4.6986E-14
 1770.260986  4.8086E-14
 1771.632446  5.4449E-14
 1773.003906  5.8852E-14
 1774.375366  5.2634E-14
 1775.746826  5.1476E-14
 1777.118286  6.1662E-14
 1778.489868  6.1412E-14
 1779.861328  6.1707E-14
 1781.232910  6.0809E-14
 1782.604370  6.2123E-14
 1783.975952  5.9549E-14
 1785.347534  6.5195E-14
 1786.719116  6.5189E-14
 1788.090698  6.6031E-14
 1789.462402  6.0119E-14
 1790.833984  6.5724E-14
 1792.205566  7.2513E-14
 1793.577271  7.1616E-14
 1794.948853  7.2743E-14
 1796.320557  7.3005E-14
 1797.692261  6.8394E-14
 1799.063965  7.1149E-14
 1800.435669  6.7774E-14
 1801.807373  7.3102E-14
 1803.179077  7.0411E-14
 1804.550781  7.5791E-14
 1805.922607  6.6208E-14
 1807.294312  6.1933E-14
 1808.666138  6.7610E-14
 1810.037964  7.1840E-14
 1811.409668  7.4548E-14
 1812.781494  7.2494E-14
 1814.153320  7.1323E-14
 1815.525146  7.6276E-14
 1816.896973  7.2583E-14
 1818.268921  7.5789E-14
 1819.640747  7.1287E-14
 1821.012573  7.0913E-14
 1822.384521  7.4617E-14
 1823.756470  8.3722E-14
 1825.128296  7.8888E-14
 1826.500244  8.1836E-14
 1827.872192  7.5883E-14
 1829.244141  7.8568E-14
 1830.616089  8.1072E-14
 1831.988037  8.1723E-14
 1833.359985  8.8166E-14
 1834.732056  9.0812E-14
 1836.104004  8.6635E-14
 1837.476074  8.4457E-14
 1838.848022  7.8918E-14
 1840.220093  7.3039E-14
 1841.592163  7.7080E-14
 1842.964233  8.0766E-14
 1844.336304  8.0472E-14
 1845.708374  7.3568E-14
 1847.080444  6.5572E-14
 1848.452515  7.1555E-14
 1849.824707  7.2948E-14
 1851.196777  7.4210E-14
 1852.568970  7.5699E-14
 1853.941040  8.9654E-14
 1855.313232  8.7570E-14
 1856.685425  9.0969E-14
 1858.057495  8.5913E-14
 1859.429688  8.9070E-14
 1860.801880  9.7550E-14
 1862.174194  8.9473E-14
 1863.546387  8.9066E-14
 1864.918579  8.9583E-14
 1866.290771  9.0166E-14
 1867.663086  9.3986E-14
 1869.035278  9.7495E-14
 1870.407593  9.5895E-14
 1871.779907  9.0337E-14
 1873.152222  9.5651E-14
 1874.524414  9.0972E-14
 1875.896729  9.1289E-14
 1877.269043  9.9803E-14
 1878.641479  1.0225E-13
 1880.013794  9.8788E-14
 1881.386108  9.6618E-14
 1882.758423  1.0615E-13
 1884.130859  1.0227E-13
 1885.503174  1.0303E-13
 1886.875610  9.8400E-14
 1888.248047  9.8143E-14
 1889.620361  1.0366E-13
 1890.992798  1.0425E-13
 1892.365234  1.0707E-13
 1893.737671  1.0668E-13
 1895.110107  1.0790E-13
 1896.482666  1.0477E-13
 1897.855103  1.0343E-13
 1899.227539  1.0407E-13
 1900.600098  9.6148E-14
 1901.972534  1.0171E-13
 1903.345093  1.0678E-13
 1904.717529  9.9617E-14
 1906.090088  1.0770E-13
 1907.462646  1.0746E-13
 1908.835205  1.0154E-13
 1910.207764  1.0237E-13
 1911.580322  1.0616E-13
 1912.952881  1.1082E-13
 1914.325439  1.0979E-13
 1915.697998  1.1453E-13
 1917.070557  1.1360E-13
 1918.443237  1.1423E-13
 1919.815796  1.1889E-13
 1921.188477  1.1581E-13
 1922.561157  1.1864E-13
 1923.933716  1.1923E-13
 1925.306396  1.1565E-13
 1926.679077  1.0972E-13
 1928.051758  1.1474E-13
 1929.424438  1.0318E-13
 1930.797119  9.4740E-14
 1932.169800  1.1049E-13
 1933.542480  1.1503E-13
 1934.915161  1.1778E-13
 1936.287964  1.1785E-13
 1937.660645  1.2160E-13
 1939.033447  1.2158E-13
 1940.406128  1.1882E-13
 1941.778931  1.2719E-13
 1943.151733  1.2560E-13
 1944.524414  1.2485E-13
 1945.897217  1.2064E-13
 1947.270020  1.2942E-13
 1948.642822  1.2250E-13
 1950.015625  1.2042E-13
 1951.388428  1.2035E-13
 1952.761353  1.2486E-13
 1954.134155  1.2623E-13
 1955.506958  1.2593E-13
 1956.879883  1.2563E-13
 1958.252686  1.2139E-13
 1959.625610  1.2408E-13
 1960.998413  1.2771E-13
 1962.371338  1.2158E-13
 1963.744263  1.2860E-13
 1965.117065  1.3073E-13
 1966.489990  1.3186E-13
 1967.862915  1.3324E-13
 1969.235840  1.3223E-13
 1970.608765  1.3620E-13
 1971.981689  1.3751E-13
 1973.354736  1.3361E-13
 1974.727661  1.3378E-13
 1976.100586  1.3196E-13
 1977.473511  1.2866E-13
 1978.846558  1.2840E-13
 1980.219482  1.2729E-13
 1981.592529  1.3466E-13
 1982.965576  1.3135E-13
 1984.338501  1.3731E-13
 1985.711548  1.4015E-13
 1987.084595  1.3291E-13
 1988.457642  1.2593E-13
 1989.830688  1.3021E-13
 1991.203735  1.3330E-13
 1992.576782  1.3685E-13
 1993.949829  1.3872E-13
 1995.322876  1.4129E-13
 1996.695923  1.4278E-13
 1998.069092  1.4086E-13
 1999.442139  1.3815E-13
 2000.815186  1.4345E-13
 2002.188354  1.3823E-13
 2003.561401  1.3691E-13
 2004.934570  1.4128E-13
 2006.307739  1.4120E-13
 2007.680786  1.3525E-13
 2009.053955  1.4173E-13
 2010.427124  1.4022E-13
 2011.800293  1.3155E-13
 2013.173462  1.3954E-13
 2014.546631  1.3959E-13
 2015.919800  1.4226E-13
 2017.292969  1.4318E-13
 2018.666138  1.4513E-13
 2020.039307  1.4201E-13
 2021.412598  1.4904E-13
 2022.785767  1.4455E-13
 2024.158936  1.4242E-13
 2025.532227  1.3022E-13
 2026.905396  1.3095E-13
 2028.278687  1.4379E-13
 2029.651978  1.4684E-13
 2031.025146  1.5253E-13
 2032.398438  1.4842E-13
 2033.771729  1.4690E-13
 2035.145020  1.4751E-13
 2036.518188  1.5192E-13
 2037.891479  1.5237E-13
 2039.264771  1.5029E-13
 2040.638062  1.5167E-13
 2042.011353  1.5196E-13
 2043.384766  1.5819E-13
 2044.758057  1.5540E-13
 2046.131348  1.5908E-13
 2047.504639  1.6149E-13
 2048.877930  1.6051E-13
 2050.251221  1.6147E-13
 2051.624756  1.5985E-13
 2052.998047  1.5839E-13
 2054.371338  1.5644E-13
 2055.744629  1.4845E-13
 2057.118164  1.4383E-13
 2058.491455  1.4963E-13
 2059.864746  1.5214E-13
 2061.238281  1.4726E-13
 2062.611572  1.4531E-13
 2063.985107  1.5269E-13
 2065.358398  1.5717E-13
 2066.731934  1.5125E-13
 2068.105225  1.5597E-13
 2069.478760  1.6109E-13
 2070.852051  1.6829E-13
 2072.225586  1.7047E-13
 2073.598877  1.6455E-13
 2074.972412  1.6359E-13
 2076.345947  1.6783E-13
 2077.719238  1.6804E-13
 2079.092773  1.6909E-13
 2080.466309  1.6628E-13
 2081.839600  1.6611E-13
 2083.213135  1.6386E-13
 2084.586670  1.6312E-13
 2085.960205  1.6408E-13
 2087.333740  1.6728E-13
 2088.707031  1.6728E-13
 2090.080566  1.7043E-13
 2091.454102  1.6719E-13
 2092.827637  1.7316E-13
 2094.201172  1.6938E-13
 2095.574707  1.7142E-13
 2096.948242  1.7213E-13
 2098.321777  1.7066E-13
 2099.695312  1.6912E-13
 2101.068848  1.6606E-13
 2102.442383  1.6822E-13
 2103.815918  1.6442E-13
 2105.189453  1.7268E-13
 2106.562988  1.7236E-13
 2107.936523  1.6636E-13
 2109.310059  1.6441E-13
 2110.683838  1.6872E-13
 2112.057373  1.6424E-13
 2113.430908  1.6455E-13
 2114.804443  1.6747E-13
 2116.177979  1.7352E-13
 2117.551758  1.7540E-13
 2118.925293  1.7662E-13
 2120.298828  1.7887E-13
 2121.672363  1.7139E-13
 2123.046143  1.6608E-13
 2124.419678  1.5264E-13
 2125.793213  1.6500E-13
 2127.166992  1.7223E-13
 2128.540527  1.7254E-13
 2129.914307  1.6770E-13
 2131.287842  1.6420E-13
 2132.661377  1.6352E-13
 2134.035156  1.5991E-13
 2135.408691  1.6156E-13
 2136.782471  1.6278E-13
 2138.156006  1.6897E-13
 2139.529785  1.6578E-13
 2140.903564  1.7175E-13
 2142.277100  1.7371E-13
 2143.650879  1.7505E-13
 2145.024414  1.7985E-13
 2146.398193  1.7494E-13
 2147.771729  1.6892E-13
 2149.145508  1.7324E-13
 2150.519287  1.7251E-13
 2151.892822  1.7087E-13
 2153.266602  1.7463E-13
 2154.640381  1.7615E-13
 2156.014160  1.7637E-13
 2157.387695  1.7464E-13
 2158.761475  1.6607E-13
 2160.135254  1.6311E-13
 2161.509033  1.6924E-13
 2162.882568  1.7199E-13
 2164.256348  1.6926E-13
 2165.630127  1.6982E-13
 2167.003906  1.6662E-13
 2168.377686  1.7081E-13
 2169.751221  1.7468E-13
 2171.125000  1.7976E-13
 2172.498779  1.7891E-13
 2173.872559  1.7239E-13
 2175.246338  1.6707E-13
 2176.620117  1.7141E-13
 2177.993896  1.7372E-13
 2179.367676  1.8430E-13
 2180.741455  1.8912E-13
 2182.115234  1.9376E-13
 2183.489014  1.9173E-13
 2184.862793  1.8604E-13
 2186.236572  1.8289E-13
 2187.610352  1.7714E-13
 2188.984131  1.8481E-13
 2190.357910  1.9018E-13
 2191.731689  1.8928E-13
 2193.105469  1.9222E-13
 2194.479248  2.0131E-13
 2195.853027  1.9746E-13
 2197.226807  1.9559E-13
 2198.600586  1.9732E-13
 2199.974365  1.9563E-13
 2201.348145  1.8297E-13
 2202.722168  1.9329E-13
 2204.095947  1.9929E-13
 2205.469727  2.0264E-13
 2206.843506  1.9037E-13
 2208.217285  1.7893E-13
 2209.591064  1.8219E-13
 2210.965088  1.7404E-13
 2212.338867  1.7442E-13
 2213.712646  1.8474E-13
 2215.086426  1.8801E-13
 2216.460449  1.8599E-13
 2217.834229  1.7844E-13
 2219.208008  1.9052E-13
 2220.581787  1.9583E-13
 2221.955811  1.9827E-13
 2223.329590  1.9950E-13
 2224.703369  1.9896E-13
 2226.077148  1.9885E-13
 2227.451172  2.0057E-13
 2228.824951  2.0630E-13
 2230.198730  2.0588E-13
 2231.572754  2.0511E-13
 2232.946533  2.1056E-13
 2234.320312  2.0749E-13
 2235.694336  2.1209E-13
 2237.068115  2.1351E-13
 2238.441895  2.1642E-13
 2239.815918  2.1565E-13
 2241.189697  2.1427E-13
 2242.563477  2.1020E-13
 2243.937500  2.0602E-13
 2245.311279  1.9878E-13
 2246.685303  2.0573E-13
 2248.059082  2.0602E-13
 2249.432861  2.0108E-13
 2250.806885  1.9740E-13
 2252.180664  1.9431E-13
 2253.554688  1.9774E-13
 2254.928467  1.9478E-13
 2256.302490  1.9416E-13
 2257.676270  2.0272E-13
 2259.050049  2.0721E-13
 2260.424072  1.9373E-13
 2261.797852  1.9631E-13
 2263.171875  2.0524E-13
 2264.545654  2.0384E-13
 2265.919678  1.9769E-13
 2267.293457  1.9800E-13
 2268.667480  1.9840E-13
 2270.041260  2.0078E-13
 2271.415283  2.0649E-13
 2272.789062  2.0739E-13
 2274.163086  2.1223E-13
 2275.536865  2.0871E-13
 2276.910889  2.0512E-13
 2278.284668  2.0946E-13
 2279.658691  2.1150E-13
 2281.032471  2.1607E-13
 2282.406494  2.2781E-13
 2283.780273  2.1560E-13
 2285.154297  2.1779E-13
 2286.528076  2.1344E-13
 2287.902100  2.0732E-13
 2289.275879  2.1107E-13
 2290.649902  2.0979E-13
 2292.023682  2.1069E-13
 2293.397705  2.1250E-13
 2294.771484  2.1333E-13
 2296.145508  2.1457E-13
 2297.519287  1.9784E-13
 2298.893311  1.9523E-13
 2300.267090  2.0140E-13
 2301.641113  2.0515E-13
 2303.014893  2.0956E-13
 2304.388916  2.1292E-13
 2305.762695  2.2610E-13
 2307.136719  2.2358E-13
 2308.510742  2.2307E-13
 2309.884521  2.2267E-13
 2311.258545  2.1736E-13
 2312.632324  2.0547E-13
 2314.006348  2.0658E-13
 2315.380127  2.1462E-13
 2316.754150  2.2018E-13
 2318.127930  2.2147E-13
 2319.501953  2.1943E-13
 2320.875732  2.1402E-13
 2322.249756  2.1909E-13
 2323.623535  2.2356E-13
 2324.997559  2.2772E-13
 2326.371338  2.1398E-13
 2327.745361  2.1224E-13
 2329.119141  2.2454E-13
 2330.493164  2.2230E-13
 2331.866943  2.1021E-13
 2333.240967  2.0662E-13
 2334.614746  2.1633E-13
 2335.988770  2.2474E-13
 2337.362793  2.1801E-13
 2338.736572  2.0483E-13
 2340.110596  2.1864E-13
 2341.484375  2.2023E-13
 2342.858154  2.0786E-13
 2344.232178  1.6597E-13
 2345.605957  1.8132E-13
 2346.979980  1.9745E-13
 2348.353760  1.9013E-13
 2349.727783  2.1033E-13
 2351.101562  2.3114E-13
 2352.475586  2.3415E-13
 2353.849365  2.3482E-13
 2355.223389  2.2024E-13
 2356.597168  2.2881E-13
 2357.971191  2.3585E-13
 2359.344971  2.1426E-13
 2360.718994  2.0001E-13
 2362.092773  2.1663E-13
 2363.466553  2.2279E-13
 2364.840576  2.1871E-13
 2366.214355  2.1897E-13
 2367.588379  2.2184E-13
 2368.962158  2.2682E-13
 2370.335938  2.3096E-13
 2371.709961  2.3318E-13
 2373.083740  2.2886E-13
 2374.457764  2.1156E-13
 2375.831543  2.2122E-13
 2377.205322  2.3177E-13
 2378.579346  2.3283E-13
 2379.953125  2.0786E-13
 2381.326904  1.8939E-13
 2382.700928  1.4958E-13
 2384.074707  1.7628E-13
 2385.448486  1.9948E-13
 2386.822510  2.0590E-13
 2388.196289  2.0866E-13
 2389.570068  1.9870E-13
 2390.944092  2.3083E-13
 2392.317871  2.3844E-13
 2393.691650  2.4026E-13
 2395.065674  2.1691E-13
 2396.439453  2.0413E-13
 2397.813232  2.2186E-13
 2399.187012  2.2080E-13
 2400.561035  2.2022E-13
 2401.934814  2.4074E-13
 2403.308594  2.3348E-13
 2404.682373  2.0947E-13
 2406.056152  1.9163E-13
 2407.430176  2.0301E-13
 2408.803955  2.2304E-13
 2410.177734  2.2324E-13
 2411.551514  1.9394E-13
 2412.925293  2.1702E-13
 2414.299072  2.1985E-13
 2415.673096  2.3763E-13
 2417.046875  2.4469E-13
 2418.420654  2.5021E-13
 2419.794434  2.6268E-13
 2421.168213  2.6488E-13
 2422.541992  2.6344E-13
 2423.915771  2.4757E-13
 2425.289551  2.3943E-13
 2426.663330  2.5501E-13
 2428.037109  2.6003E-13
 2429.410889  2.5053E-13
 2430.784668  2.5307E-13
 2432.158447  2.5727E-13
 2433.532227  2.5345E-13
 2434.906006  2.4278E-13
 2436.279785  2.3476E-13
 2437.653564  2.4713E-13
 2439.027344  2.4153E-13
 2440.401123  2.4575E-13
 2441.774902  2.5768E-13
 2443.148682  2.5613E-13
 2444.522461  2.5379E-13
 2445.896240  2.5391E-13
 2447.270020  2.5250E-13
 2448.643555  2.5560E-13
 2450.017334  2.5244E-13
 2451.391113  2.5072E-13
 2452.764893  2.5482E-13
 2454.138672  2.5551E-13
 2455.512207  2.6132E-13
 2456.885986  2.6281E-13
 2458.259766  2.6360E-13
 2459.633545  2.6016E-13
 2461.007080  2.5892E-13
 2462.380859  2.4174E-13
 2463.754639  2.4238E-13
 2465.128418  2.4772E-13
 2466.501953  2.4623E-13
 2467.875732  2.5242E-13
 2469.249268  2.5250E-13
 2470.623047  2.5376E-13
 2471.996826  2.5017E-13
 2473.370361  2.4358E-13
 2474.744141  2.5071E-13
 2476.117676  2.5164E-13
 2477.491455  2.4741E-13
 2478.864990  2.4467E-13
 2480.238770  2.3900E-13
 2481.612305  2.5251E-13
 2482.986084  2.3663E-13
 2484.359619  2.2021E-13
 2485.733398  2.4267E-13
 2487.106934  2.4464E-13
 2488.480713  2.3385E-13
 2489.854248  2.2505E-13
 2491.227783  2.0905E-13
 2492.601562  2.3013E-13
 2493.975098  2.4716E-13
 2495.348633  2.6710E-13
 2496.722412  2.7139E-13
 2498.095947  2.6841E-13
 2499.469482  2.6849E-13
 2500.843262  2.6924E-13
 2502.216797  2.5524E-13
 2503.590332  2.5612E-13
 2504.963867  2.5747E-13
 2506.337402  2.4251E-13
 2507.710938  2.3519E-13
 2509.084717  2.6034E-13
 2510.458252  2.6742E-13
 2511.831787  2.5329E-13
 2513.205322  2.4617E-13
 2514.578857  2.2758E-13
 2515.952393  2.0694E-13
 2517.325928  2.0411E-13
 2518.699463  2.1830E-13
 2520.072998  2.2405E-13
 2521.446533  2.4046E-13
 2522.820068  2.2452E-13
 2524.193604  2.0489E-13
 2525.567139  2.0903E-13
 2526.940674  2.1070E-13
 2528.313965  2.0122E-13
 2529.687500  1.9357E-13
 2531.061035  2.2563E-13
 2532.434570  2.4890E-13
 2533.808105  2.5382E-13
 2535.181396  2.4316E-13
 2536.554932  2.3857E-13
 2537.928467  2.3920E-13
 2539.301758  2.3583E-13
 2540.675293  2.4826E-13
 2542.048828  2.4573E-13
 2543.422119  2.5232E-13
 2544.795654  2.4900E-13
 2546.169189  2.4310E-13
 2547.542480  2.4576E-13
 2548.916016  2.4496E-13
 2550.289307  2.3860E-13
 2551.662842  2.6515E-13
 2553.036133  2.8228E-13
 2554.409424  2.8941E-13
 2555.782959  2.8875E-13
 2557.156250  2.8600E-13
 2558.529785  2.9167E-13
 2559.903076  2.9154E-13
 2561.276367  2.8387E-13
 2562.649658  2.6711E-13
 2564.023193  2.6064E-13
 2565.396484  2.8608E-13
 2566.769775  2.8838E-13
 2568.143066  2.8377E-13
 2569.516602  2.9029E-13
 2570.889893  2.8902E-13
 2572.263184  2.9117E-13
 2573.636475  2.9310E-13
 2575.009766  2.8475E-13
 2576.383057  2.7108E-13
 2577.756348  2.7290E-13
 2579.129639  2.8728E-13
 2580.502930  2.9492E-13
 2581.876221  2.9172E-13
 2583.249512  2.8173E-13
 2584.622803  2.8660E-13
 2585.995850  2.5888E-13
 2587.369141  2.6422E-13
 2588.742432  2.8544E-13
 2590.115723  3.0311E-13
 2591.489014  2.9577E-13
 2592.862061  2.8703E-13
 2594.235352  2.7848E-13
 2595.608643  2.9412E-13
 2596.981689  2.9237E-13
 2598.354980  2.4880E-13
 2599.728271  1.9850E-13
 2601.101318  2.5333E-13
 2602.474609  2.9696E-13
 2603.847656  3.0129E-13
 2605.220947  2.8782E-13
 2606.593994  2.5521E-13
 2607.967041  2.5039E-13
 2609.340332  2.7592E-13
 2610.713379  2.7521E-13
 2612.086426  2.4578E-13
 2613.459717  2.4723E-13
 2614.832764  2.6370E-13
 2616.205811  2.9549E-13
 2617.578857  2.8872E-13
 2618.952148  2.7195E-13
 2620.325195  2.8676E-13
 2621.698242  2.8173E-13
 2623.071289  2.8950E-13
 2624.444336  2.8563E-13
 2625.817383  2.8007E-13
 2627.190430  2.7808E-13
 2628.563477  2.7307E-13
 2629.936523  2.5757E-13
 2631.309570  2.4346E-13
 2632.682617  2.5262E-13
 2634.055664  2.9948E-13
 2635.428467  3.1319E-13
 2636.801514  3.1393E-13
 2638.174561  3.1856E-13
 2639.547607  3.2654E-13
 2640.920410  3.2625E-13
 2642.293457  3.2485E-13
 2643.666504  3.2822E-13
 2645.039307  3.2862E-13
 2646.412354  3.2678E-13
 2647.785156  3.3017E-13
 2649.158203  3.3054E-13
 2650.531006  3.2801E-13
 2651.904053  3.2534E-13
 2653.276855  3.2548E-13
 2654.649658  3.2922E-13
 2656.022705  3.3169E-13
 2657.395508  3.3161E-13
 2658.768311  3.2918E-13
 2660.141113  3.2992E-13
 2661.514160  3.2829E-13
 2662.886963  3.1660E-13
 2664.259766  3.0711E-13
 2665.632568  3.1062E-13
 2667.005371  3.0307E-13
 2668.378174  3.0838E-13
 2669.750977  3.1415E-13
 2671.123779  3.1969E-13
 2672.496582  3.1581E-13
 2673.869385  3.1606E-13
 2675.242188  3.2893E-13
 2676.614990  3.2963E-13
 2677.987549  3.1908E-13
 2679.360352  3.0721E-13
 2680.733154  3.1477E-13
 2682.105713  3.2352E-13
 2683.478516  3.2809E-13
 2684.851318  3.2940E-13
 2686.223877  3.3319E-13
 2687.596680  3.2619E-13
 2688.969238  3.1956E-13
 2690.342041  3.1261E-13
 2691.714600  3.1589E-13
 2693.087402  3.1988E-13
 2694.459961  3.2118E-13
 2695.832520  3.2166E-13
 2697.205078  3.2512E-13
 2698.577881  3.1532E-13
 2699.950439  3.1880E-13
 2701.322998  3.2214E-13
 2702.695557  3.2757E-13
 2704.068115  3.2844E-13
 2705.440674  3.2774E-13
 2706.813232  3.2148E-13
 2708.185791  3.2293E-13
 2709.558350  3.2217E-13
 2710.930908  3.2619E-13
 2712.303467  3.1684E-13
 2713.676025  3.1727E-13
 2715.048584  3.1696E-13
 2716.420898  3.1786E-13
 2717.793457  3.1974E-13
 2719.166016  3.0865E-13
 2720.538330  3.0395E-13
 2721.910889  3.1353E-13
 2723.283203  3.1853E-13
 2724.655762  3.1410E-13
 2726.028076  3.1254E-13
 2727.400635  3.1369E-13
 2728.772949  3.1017E-13
 2730.145264  3.2749E-13
 2731.517822  3.2312E-13
 2732.890137  3.2079E-13
 2734.262451  3.1038E-13
 2735.634766  3.1488E-13
 2737.007324  3.0226E-13
 2738.379639  2.9803E-13
 2739.751953  3.0113E-13
 2741.124268  2.9503E-13
 2742.496582  2.9732E-13
 2743.868896  2.7687E-13
 2745.240967  2.8775E-13
 2746.613281  2.9820E-13
 2747.985596  2.7457E-13
 2749.357910  2.8224E-13
 2750.730225  2.6430E-13
 2752.102295  2.9152E-13
 2753.474609  3.1494E-13
 2754.846924  3.0829E-13
 2756.218994  2.9345E-13
 2757.591309  2.9053E-13
 2758.963379  3.2278E-13
 2760.335449  3.2251E-13
 2761.707764  3.2665E-13
 2763.079834  3.1437E-13
 2764.451904  3.2217E-13
 2765.824219  3.3661E-13
 2767.196289  3.2673E-13
 2768.568359  3.2263E-13
 2769.940430  3.2684E-13
 2771.312500  3.3472E-13
 2772.684570  3.3290E-13
 2774.056641  3.3420E-13
 2775.428711  3.3469E-13
 2776.800781  3.2958E-13
 2778.172852  3.2143E-13
 2779.544922  3.1229E-13
 2780.916992  3.1109E-13
 2782.288818  3.1583E-13
 2783.660889  3.2297E-13
 2785.032959  3.2681E-13
 2786.404785  3.3359E-13
 2787.776855  3.2614E-13
 2789.148682  3.1456E-13
 2790.520752  3.0266E-13
 2791.892578  2.6932E-13
 2793.264404  2.2846E-13
 2794.636475  1.6127E-13
 2796.008301  9.0422E-14
 2797.380127  1.0217E-13
 2798.751953  1.5126E-13
 2800.123779  2.0080E-13
 2801.495605  1.8770E-13
 2802.867432  1.2566E-13
 2804.239258  1.1811E-13
 2805.611084  2.0327E-13
 2806.982910  2.6936E-13
 2808.354736  2.9985E-13
 2809.726562  3.2606E-13
 2811.098389  3.3255E-13
 2812.469971  3.3244E-13
 2813.841797  3.3047E-13
 2815.213379  3.4199E-13
 2816.585205  3.4793E-13
 2817.956787  3.4963E-13
 2819.328613  3.4865E-13
 2820.700195  3.4960E-13
 2822.072021  3.4570E-13
 2823.443604  3.4589E-13
 2824.815186  3.4911E-13
 2826.186768  3.4720E-13
 2827.558594  3.4642E-13
 2828.930176  3.4551E-13
 2830.301758  3.4960E-13
 2831.673340  3.4321E-13
 2833.044922  3.4094E-13
 2834.416504  3.5066E-13
 2835.787842  3.3964E-13
 2837.159424  3.3430E-13
 2838.531006  3.4906E-13
 2839.902588  3.4567E-13
 2841.273926  3.3433E-13
 2842.645508  3.3951E-13
 2844.016846  3.3163E-13
 2845.388428  3.3782E-13
 2846.759766  3.4214E-13
 2848.131348  3.3923E-13
 2849.502686  3.2144E-13
 2850.874023  2.9686E-13
 2852.245605  2.3689E-13
 2853.616943  2.3578E-13
 2854.988281  3.1696E-13
 2856.359619  3.2759E-13
 2857.730957  3.3728E-13
 2859.102295  3.3867E-13
 2860.473633  3.4901E-13
 2861.844971  3.4856E-13
 2863.216309  3.4267E-13
 2864.587402  3.4475E-13
 2865.958740  3.4324E-13
 2867.330078  3.3942E-13
 2868.701172  3.3826E-13
 2870.072510  3.4142E-13
 2871.443604  3.5293E-13
 2872.814941  3.5287E-13
 2874.186035  3.4172E-13
 2875.557373  3.4513E-13
 2876.928467  3.3788E-13
 2878.299561  3.3490E-13
 2879.670654  3.4167E-13
 2881.041748  3.2433E-13
 2882.412842  2.9092E-13
 2883.783936  3.3396E-13
 2885.155029  3.4710E-13
 2886.526123  3.6645E-13
 2887.897217  3.6762E-13
 2889.268311  3.6184E-13
 2890.639404  3.5514E-13
 2892.010254  3.5118E-13
 2893.381348  3.4540E-13
 2894.752441  3.5080E-13
 2896.123291  3.5540E-13
 2897.494141  3.6806E-13
 2898.865234  3.7033E-13
 2900.236084  3.7472E-13
 2901.606934  3.7458E-13
 2902.978027  3.7332E-13
 2904.348877  3.7279E-13
 2905.719727  3.7373E-13
 2907.090576  3.6827E-13
 2908.461426  3.6056E-13
 2909.832275  3.5993E-13
 2911.203125  3.6078E-13
 2912.573975  3.7018E-13
 2913.944580  3.7472E-13
 2915.315430  3.7951E-13
 2916.686279  3.7260E-13
 2918.056885  3.7022E-13
 2919.427734  3.7117E-13
 2920.798340  3.7243E-13
 2922.169189  3.7459E-13
 2923.539795  3.6599E-13
 2924.910645  3.5407E-13
 2926.281250  3.6039E-13
 2927.651855  3.5999E-13
 2929.022461  3.5232E-13
 2930.393066  3.6174E-13
 2931.763672  3.7252E-13
 2933.134277  3.7357E-13
 2934.504883  3.7248E-13
 2935.875488  3.7239E-13
 2937.246094  3.5103E-13
 2938.616455  3.5516E-13
 2939.987061  3.5607E-13
 2941.357666  3.6143E-13
 2942.728027  3.6344E-13
 2944.098633  3.6800E-13
 2945.468994  3.5968E-13
 2946.839355  3.6231E-13
 2948.209961  3.5978E-13
 2949.580322  3.5531E-13
 2950.950684  3.6927E-13
 2952.321045  3.7367E-13
 2953.691406  3.6385E-13
 2955.061768  3.6215E-13
 2956.432129  3.7914E-13
 2957.802490  3.7456E-13
 2959.172852  3.7892E-13
 2960.542969  3.7741E-13
 2961.913330  3.8270E-13
 2963.283691  3.8334E-13
 2964.653809  3.7354E-13
 2966.024170  3.5433E-13
 2967.394287  3.6019E-13
 2968.764404  3.6404E-13
 2970.134766  3.5466E-13
 2971.504883  3.4876E-13
 2972.875000  3.6236E-13
 2974.245117  3.6476E-13
 2975.615234  3.7891E-13
 2976.985352  3.7703E-13
 2978.355469  3.8381E-13
 2979.725586  3.7944E-13
 2981.095703  3.6974E-13
 2982.465820  3.6150E-13
 2983.835693  3.6196E-13
 2985.205811  3.5149E-13
 2986.575684  3.5094E-13
 2987.945801  3.6327E-13
 2989.315674  3.7760E-13
 2990.685791  3.8525E-13
 2992.055664  3.8843E-13
 2993.425537  3.8484E-13
 2994.795410  3.7397E-13
 2996.165283  3.7869E-13
 2997.535156  3.8667E-13
 2998.905029  3.8410E-13
 3000.274902  3.7247E-13
 3001.644775  3.6366E-13
 3003.014648  3.5209E-13
 3004.384277  3.5915E-13
 3005.754150  3.8190E-13
 3007.123779  3.8078E-13
 3008.493652  3.7024E-13
 3009.863281  3.7814E-13
 3011.233154  3.8567E-13
 3012.602783  3.7865E-13
 3013.972412  3.8506E-13
 3015.342041  3.8443E-13
 3016.711670  3.7873E-13
 3018.081299  3.6953E-13
 3019.450928  3.6458E-13
 3020.820557  3.4805E-13
 3022.190186  3.4940E-13
 3023.559814  3.8214E-13
 3024.929443  3.8125E-13
 3026.298828  3.7248E-13
 3027.668457  3.8369E-13
 3029.037842  3.9431E-13
 3030.407471  3.8628E-13
 3031.776855  3.8419E-13
 3033.146240  3.8978E-13
 3034.515625  3.9621E-13
 3035.885010  3.9892E-13
 3037.254395  3.8786E-13
 3038.623779  3.7646E-13
 3039.993164  3.8659E-13
 3041.362549  3.8506E-13
 3042.731934  3.7858E-13
 3044.101318  3.8380E-13
 3045.470459  3.8833E-13
 3046.839844  3.9418E-13
 3048.208984  3.8417E-13
 3049.578369  3.9041E-13
 3050.947510  3.9032E-13
 3052.316650  3.9384E-13
 3053.686035  3.9496E-13
 3055.055176  3.9198E-13
 3056.424316  3.9050E-13
 3057.793457  3.6955E-13
 3059.162598  3.6435E-13
 3060.531738  3.8263E-13
 3067.359131  3.6283E-13
 3070.105225  3.7322E-13
 3072.851318  3.7857E-13
 3075.597656  3.7987E-13
 3078.343750  3.8222E-13
 3081.090088  3.8521E-13
 3083.836182  3.8703E-13
 3086.582520  3.7828E-13
 3089.328857  3.6939E-13
 3092.075195  3.6318E-13
 3094.821533  3.6559E-13
 3097.567627  3.6549E-13
 3100.314209  3.5864E-13
 3103.060547  3.7064E-13
 3105.806885  3.8493E-13
 3108.553223  3.9359E-13
 3111.299561  3.9336E-13
 3114.046143  3.9144E-13
 3116.792480  3.8272E-13
 3119.539062  3.7800E-13
 3122.285400  3.8187E-13
 3125.031982  3.7994E-13
 3127.778564  3.8987E-13
 3130.525146  3.9135E-13
 3133.271729  3.9154E-13
 3136.018311  3.9336E-13
 3138.764893  3.9168E-13
 3141.511475  3.8896E-13
 3144.258057  3.8056E-13
 3147.004639  3.8763E-13
 3149.751221  3.9898E-13
 3152.498047  3.9497E-13
 3155.244629  3.8962E-13
 3157.991455  3.8368E-13
 3160.738037  3.8088E-13
 3163.484863  3.9073E-13
 3166.231689  3.9875E-13
 3168.978271  3.9880E-13
 3171.725098  4.0212E-13
 3174.471924  4.0285E-13
 3177.218750  3.9431E-13
 3179.965576  3.8141E-13
 3182.712402  3.9105E-13
 3185.459473  3.9681E-13
 3188.206299  3.9840E-13
 3190.953125  3.8988E-13
 3193.699951  3.8764E-13
 3196.447021  3.8884E-13
 3199.193848  4.0042E-13
 3201.940918  4.0565E-13
 3204.687988  4.0694E-13
 3207.434814  4.0045E-13
 3210.181885  3.9597E-13
 3212.928955  3.8526E-13
 3215.676025  3.8955E-13
 3218.423096  3.9706E-13
 3221.170166  4.0382E-13
 3223.917236  3.9899E-13
 3226.664307  3.8984E-13
 3229.411377  3.8799E-13
 3232.158447  3.8941E-13
 3234.905762  3.8651E-13
 3237.652832  3.9196E-13
 3240.399902  3.9967E-13
 3243.147217  4.0353E-13
 3245.894287  4.1341E-13
 3248.641602  4.0255E-13
 3251.388916  4.0615E-13
 3254.135986  4.0752E-13
 3256.883301  4.1671E-13
 3259.630615  4.2515E-13
 3262.377930  4.1681E-13
 3265.125244  4.2088E-13
 3267.872559  4.2156E-13
 3270.619873  4.1277E-13
 3273.367188  4.1250E-13
 3276.114502  4.1071E-13
 3278.861816  4.0734E-13
 3281.609375  4.1264E-13
 3284.356689  4.2065E-13
 3287.104004  4.1785E-13
 3289.851562  4.1964E-13
 3292.598877  4.2916E-13
 3295.346436  4.2812E-13
 3298.093750  4.2830E-13
 3300.841309  4.3140E-13
 3303.588867  4.2384E-13
 3306.336426  4.1951E-13
 3309.083740  4.2238E-13
 3311.831299  4.2905E-13
 3314.578857  4.2446E-13
 3317.326416  4.1975E-13
 3320.073975  4.1684E-13
 3322.821533  4.1015E-13
 3325.569092  4.1603E-13
 3328.316895  4.2008E-13
 3331.064453  4.1548E-13
 3333.812012  4.1664E-13
 3336.559814  4.1387E-13
 3339.307373  4.1656E-13
 3342.054932  4.1191E-13
 3344.802734  4.1375E-13
 3347.550293  4.1425E-13
 3350.298096  4.0599E-13
 3353.045898  4.2131E-13
 3355.793457  4.2936E-13
 3358.541260  4.2020E-13
 3361.289062  4.1552E-13
 3364.036865  4.2135E-13
 3366.784668  4.2161E-13
 3369.532227  4.1488E-13
 3372.280029  4.0725E-13
 3375.027832  4.2096E-13
 3377.775879  4.2235E-13
 3380.523682  4.0874E-13
 3383.271484  4.1466E-13
 3386.019287  4.2025E-13
 3388.767090  4.1730E-13
 3391.515137  4.1986E-13
 3394.262939  4.1712E-13
 3397.010742  4.3001E-13
 3399.758789  4.2914E-13
 3402.506592  4.2595E-13
 3405.254639  4.1896E-13
 3408.002441  4.1692E-13
 3410.750488  4.2183E-13
 3413.498535  4.1589E-13
 3416.246338  4.2263E-13
 3418.994385  4.2525E-13
 3421.742432  4.2384E-13
 3424.490479  4.2206E-13
 3427.238281  4.2948E-13
 3429.986328  4.3421E-13
 3432.734375  4.2783E-13
 3435.482422  4.2553E-13
 3438.230469  4.2333E-13
 3440.978516  4.1177E-13
 3443.726562  4.0765E-13
 3446.474854  4.1592E-13
 3449.222900  4.2207E-13
 3451.970947  4.2351E-13
 3454.718994  4.2514E-13
 3457.467285  4.3114E-13
 3460.215332  4.1996E-13
 3462.963379  4.2220E-13
 3465.711670  4.2674E-13
 3468.459717  4.2855E-13
 3471.208008  4.3008E-13
 3473.956055  4.2476E-13
 3476.704346  4.1697E-13
 3479.452393  4.2819E-13
 3482.200684  4.3125E-13
 3484.948975  4.2975E-13
 3487.697021  4.3133E-13
 3490.445312  4.2358E-13
 3493.193604  4.2138E-13
 3495.941895  4.2601E-13
 3498.690186  4.2763E-13
 3501.438232  4.2708E-13
 3504.186523  4.3131E-13
 3506.934814  4.3063E-13
 3509.683105  4.2809E-13
 3512.431396  4.2363E-13
 3515.179688  4.2156E-13
 3517.928223  4.3143E-13
 3520.676514  4.2876E-13
 3523.424805  4.2537E-13
 3526.173096  4.1944E-13
 3528.921387  4.2155E-13
 3531.669678  4.3328E-13
 3534.418213  4.3437E-13
 3537.166504  4.3627E-13
 3539.914795  4.3726E-13
 3542.663330  4.3721E-13
 3545.411621  4.4239E-13
 3548.160156  4.4107E-13
 3550.908447  4.4228E-13
 3553.656982  4.4274E-13
 3556.405273  4.3198E-13
 3559.153809  4.3014E-13
 3561.902100  4.3930E-13
 3564.650635  4.3368E-13
 3567.399170  4.2255E-13
 3570.147461  4.1738E-13
 3572.895996  4.2026E-13
 3575.644531  4.2990E-13
 3578.392822  4.3225E-13
 3581.141357  4.2669E-13
 3583.889893  4.2745E-13
 3586.638428  4.1469E-13
 3589.386963  4.2590E-13
 3592.135498  4.3280E-13
 3594.883789  4.3363E-13
 3597.632324  4.3097E-13
 3600.380859  4.4107E-13
 3603.129395  4.3736E-13
 3605.877930  4.3085E-13
 3608.626465  4.2739E-13
 3611.375000  4.2693E-13
 3614.123535  4.3228E-13
 3616.872314  4.3609E-13
 3619.620850  4.3075E-13
 3622.369385  4.3620E-13
 3625.117920  4.4178E-13
 3627.866455  4.4405E-13
 3630.614990  4.3887E-13
 3633.363770  4.2788E-13
 3636.112305  4.4040E-13
 3638.860840  4.4005E-13
 3641.609619  4.4460E-13
 3644.358154  4.3855E-13
 3647.106689  4.3637E-13
 3649.855469  4.3442E-13
 3652.604004  4.4289E-13
 3655.352539  4.4872E-13
 3658.101318  4.4932E-13
 3660.849854  4.4803E-13
 3663.598633  4.4769E-13
 3666.347168  4.5064E-13
 3669.095947  4.4910E-13
 3671.844482  4.4757E-13
 3674.593262  4.4898E-13
 3677.341797  4.4747E-13
 3680.090576  4.4157E-13
 3682.839355  4.4009E-13
 3685.587891  4.3516E-13
 3688.336670  4.3687E-13
 3691.085205  4.4899E-13
 3693.833984  4.5252E-13
 3696.582764  4.5649E-13
 3699.331299  4.5360E-13
 3702.080078  4.6046E-13
 3704.828857  4.3922E-13
 3707.577637  4.4206E-13
 3710.326172  4.4946E-13
 3713.074951  4.3175E-13
 3715.823730  4.6309E-13
 3718.572510  4.7617E-13
 3721.321289  4.4151E-13
 3724.069824  4.2447E-13
 3726.818604  4.6982E-13
 3729.567383  4.8996E-13
 3732.316162  4.6571E-13
 3735.064941  4.1180E-13
 3737.813721  4.2871E-13
 3740.562500  4.6843E-13
 3743.311035  5.0224E-13
 3746.059814  4.7921E-13
 3748.808594  4.3397E-13
 3751.557373  4.1110E-13
 3754.306152  4.5652E-13
 3757.054932  5.0324E-13
 3759.803711  5.0815E-13
 3762.552490  5.1685E-13
 3765.301270  5.0638E-13
 3768.050049  4.7445E-13
 3770.798828  4.1792E-13
 3773.547607  4.2803E-13
 3776.296387  4.9590E-13
 3779.045166  5.3993E-13
 3781.793945  5.6302E-13
 3784.542725  5.6338E-13
 3787.291504  5.5701E-13
 3790.040283  5.4696E-13
 3792.789062  5.2308E-13
 3795.537842  4.7499E-13
 3798.286865  4.1204E-13
 3801.035645  4.2136E-13
 3803.784424  4.9709E-13
 3806.533203  5.2734E-13
 3809.281982  5.5342E-13
 3812.030762  5.7291E-13
 3814.779541  5.7194E-13
 3817.528320  5.6935E-13
 3820.277100  5.6977E-13
 3823.026123  5.6041E-13
 3825.774902  5.4457E-13
 3828.523682  5.2330E-13
 3831.272461  4.9569E-13
 3834.021240  4.3639E-13
 3836.770020  3.8439E-13
 3839.518799  4.3004E-13
 3842.267578  4.9392E-13
 3845.016602  5.3805E-13
 3847.765381  5.5925E-13
 3850.514160  5.7288E-13
 3853.262939  5.8140E-13
 3856.011719  5.8933E-13
 3858.760498  5.8099E-13
 3861.509521  5.8627E-13
 3864.258301  5.9040E-13
 3867.007080  5.9471E-13
 3869.755859  5.9654E-13
 3872.504639  5.8877E-13
 3875.253418  5.7830E-13
 3878.002197  5.6590E-13
 3880.751221  5.4679E-13
 3883.500000  5.3930E-13
 3886.248779  4.8771E-13
 3888.997559  4.1584E-13
 3891.746338  4.1004E-13
 3894.495117  4.6970E-13
 3897.243896  5.2135E-13
 3899.992676  5.4270E-13
 3902.741699  5.5540E-13
 3905.490479  5.6433E-13
 3908.239258  5.7391E-13
 3910.988037  5.9077E-13
 3913.736816  5.9729E-13
 3916.485596  5.9665E-13
 3919.234375  5.9845E-13
 3921.983154  5.8855E-13
 3924.731934  5.8920E-13
 3927.480713  5.8277E-13
 3930.229492  5.4662E-13
 3932.978516  4.6000E-13
 3935.727295  4.2061E-13
 3938.476074  5.1369E-13
 3941.224854  5.7713E-13
 3943.973633  5.8296E-13
 3946.722412  5.9377E-13
 3949.471191  5.8889E-13
 3952.219971  5.8811E-13
 3954.968750  5.8528E-13
 3957.717529  5.7599E-13
 3960.466309  5.6425E-13
 3963.215088  5.3732E-13
 3965.963867  4.6516E-13
 3968.712646  3.7711E-13
 3971.461182  3.4066E-13
 3974.209961  4.2960E-13
 3976.958740  5.0512E-13
 3979.707520  5.4596E-13
 3982.456299  5.6317E-13
 3985.205078  5.7650E-13
 3987.953857  5.8509E-13
 3990.702637  5.9343E-13
 3993.451416  6.0441E-13
 3996.199951  6.0583E-13
 3998.948730  6.0324E-13
 4001.697510  6.1044E-13
 4004.446289  6.0898E-13
 4007.195068  6.0430E-13
 4009.943604  6.1299E-13
 4012.692383  6.1539E-13
 4015.441162  6.1564E-13
 4018.189697  6.1188E-13
 4020.938477  6.1581E-13
 4023.687256  6.1178E-13
 4026.436035  6.1433E-13
 4029.184570  6.1017E-13
 4031.933350  6.0333E-13
 4034.681885  6.1030E-13
 4037.430664  6.1210E-13
 4040.179443  6.1686E-13
 4042.927979  6.1374E-13
 4045.676758  6.0324E-13
 4048.425293  6.0352E-13
 4051.174072  6.0991E-13
 4053.922607  6.1246E-13
 4056.671387  6.0646E-13
 4059.419922  6.1084E-13
 4062.168701  6.0802E-13
 4064.917236  5.9744E-13
 4067.666016  6.0244E-13
 4070.414551  5.9683E-13
 4073.163086  5.9458E-13
 4075.911865  5.9824E-13
 4078.660400  5.8825E-13
 4081.408936  5.9154E-13
 4084.157471  5.9207E-13
 4086.906250  5.8678E-13
 4089.654785  5.8235E-13
 4092.403320  5.6759E-13
 4095.151855  5.5128E-13
 4097.900391  5.2165E-13
 4100.648926  4.6161E-13
 4103.397461  4.0285E-13
 4106.145996  4.5857E-13
 4108.894531  5.1326E-13
 4111.643555  5.4742E-13
 4114.392090  5.6774E-13
 4117.140625  5.8028E-13
 4119.889160  5.8664E-13
 4122.637207  5.9124E-13
 4125.385742  5.9577E-13
 4128.134277  6.0100E-13
 4130.882812  5.9018E-13
 4133.631348  5.9796E-13
 4136.379883  6.0083E-13
 4139.128418  6.0651E-13
 4141.876953  6.0275E-13
 4144.625488  6.0066E-13
 4147.374023  6.0156E-13
 4150.122559  6.0622E-13
 4152.870605  6.0971E-13
 4155.619141  6.0722E-13
 4158.367676  6.0324E-13
 4161.116211  6.0587E-13
 4163.864746  6.0883E-13
 4166.612793  6.0726E-13
 4169.361328  6.0148E-13
 4172.109863  6.0474E-13
 4174.857910  5.9826E-13
 4177.606445  5.9906E-13
 4180.354980  5.9987E-13
 4183.103516  6.0323E-13
 4185.851562  5.9887E-13
 4188.600098  6.0028E-13
 4191.348145  6.0212E-13
 4194.096680  6.0251E-13
 4196.845215  5.9950E-13
 4199.593262  5.9772E-13
 4202.341797  5.9199E-13
 4205.089844  5.9614E-13
 4207.838379  6.0089E-13
 4210.586426  6.0232E-13
 4213.334961  6.0165E-13
 4216.083008  5.9628E-13
 4218.831543  5.9527E-13
 4221.579590  5.9363E-13
 4224.328125  5.9760E-13
 4227.076172  5.8719E-13
 4229.824219  5.8694E-13
 4232.572754  5.9434E-13
 4235.320801  5.9539E-13
 4238.068848  5.9665E-13
 4240.817383  5.9608E-13
 4243.565430  6.0035E-13
 4246.313477  5.9490E-13
 4249.062012  5.8826E-13
 4251.810059  5.8709E-13
 4254.558105  5.9206E-13
 4257.306152  5.9051E-13
 4260.054199  5.9261E-13
 4262.802734  5.9523E-13
 4265.550781  5.9322E-13
 4268.298828  5.9626E-13
 4271.046875  5.8345E-13
 4273.794922  5.7946E-13
 4276.542969  5.8267E-13
 4279.291016  5.9160E-13
 4282.039062  5.8988E-13
 4284.787109  5.8183E-13
 4287.535156  5.8178E-13
 4290.283203  5.7070E-13
 4293.031250  5.6688E-13
 4295.779297  5.6933E-13
 4298.527344  5.6924E-13
 4301.275391  5.5991E-13
 4304.023438  5.6215E-13
 4306.770996  5.6536E-13
 4309.519043  5.5616E-13
 4312.267090  5.6535E-13
 4315.015137  5.6888E-13
 4317.763184  5.7033E-13
 4320.510742  5.7068E-13
 4323.258789  5.6616E-13
 4326.006836  5.5444E-13
 4328.754395  5.4590E-13
 4331.502441  5.4710E-13
 4334.250488  5.2718E-13
 4336.998047  4.9879E-13
 4339.746094  4.4556E-13
 4342.493652  3.9419E-13
 4345.241699  4.5185E-13
 4347.989258  5.0542E-13
 4350.737305  5.3604E-13
 4353.484863  5.4453E-13
 4356.232910  5.5544E-13
 4358.980469  5.6709E-13
 4361.728027  5.7074E-13
 4364.476074  5.7659E-13
 4367.223633  5.7609E-13
 4369.971191  5.7627E-13
 4372.719238  5.7625E-13
 4375.466797  5.7467E-13
 4378.214355  5.7647E-13
 4380.961914  5.8222E-13
 4383.709961  5.7440E-13
 4386.457520  5.7234E-13
 4389.205078  5.8273E-13
 4391.952637  5.8214E-13
 4394.700195  5.8219E-13
 4397.447754  5.7578E-13
 4400.195312  5.8150E-13
 4402.942871  5.8152E-13
 4405.690430  5.7435E-13
 4408.437988  5.8000E-13
 4411.185547  5.7978E-13
 4413.933105  5.8178E-13
 4416.680664  5.7762E-13
 4419.428223  5.8073E-13
 4422.175781  5.8229E-13
 4424.922852  5.7875E-13
 4427.670410  5.7595E-13
 4430.417969  5.8116E-13
 4433.165527  5.8133E-13
 4435.912598  5.7921E-13
 4438.660156  5.8207E-13
 4441.407715  5.8361E-13
 4444.154785  5.8083E-13
 4446.902344  5.7978E-13
 4449.649414  5.7691E-13
 4452.396973  5.8006E-13
 4455.144043  5.8093E-13
 4457.891602  5.7883E-13
 4460.638672  5.8146E-13
 4463.386230  5.7637E-13
 4466.133301  5.8294E-13
 4468.880371  5.7401E-13
 4471.627930  5.7533E-13
 4474.375000  5.7581E-13
 4477.122070  5.7965E-13
 4479.869141  5.8214E-13
 4482.616699  5.7996E-13
 4485.363770  5.7876E-13
 4488.110840  5.7790E-13
 4490.857910  5.8126E-13
 4493.604980  5.8442E-13
 4496.352051  5.7884E-13
 4499.099121  5.8088E-13
 4501.846191  5.7791E-13
 4504.593262  5.8126E-13
 4507.340332  5.8297E-13
 4510.087402  5.8233E-13
 4512.834473  5.7785E-13
 4515.581543  5.7542E-13
 4518.328125  5.8293E-13
 4521.075195  5.8281E-13
 4523.822266  5.7536E-13
 4526.569336  5.7737E-13
 4529.315918  5.7264E-13
 4532.062988  5.6860E-13
 4534.809570  5.7304E-13
 4537.556641  5.7632E-13
 4540.303711  5.7751E-13
 4543.050293  5.7687E-13
 4545.797363  5.7794E-13
 4548.543945  5.6883E-13
 4551.290527  5.6799E-13
 4554.037598  5.6825E-13
 4556.784180  5.7413E-13
 4559.530762  5.7469E-13
 4562.277832  5.7495E-13
 4565.024414  5.7342E-13
 4567.770996  5.7640E-13
 4570.517578  5.7398E-13
 4573.264160  5.7121E-13
 4576.011230  5.7531E-13
 4578.757812  5.7309E-13
 4581.504395  5.7260E-13
 4584.250977  5.7189E-13
 4586.997559  5.7446E-13
 4589.744141  5.7253E-13
 4592.490723  5.7201E-13
 4595.236816  5.7181E-13
 4597.983398  5.7048E-13
 4600.729980  5.7175E-13
 4603.476562  5.7144E-13
 4606.222656  5.7238E-13
 4608.969238  5.7142E-13
 4611.715820  5.6976E-13
 4614.461914  5.7185E-13
 4617.208496  5.7101E-13
 4619.955078  5.6953E-13
 4622.701172  5.6788E-13
 4625.447754  5.6997E-13
 4628.193848  5.7311E-13
 4630.939941  5.7157E-13
 4633.686523  5.7147E-13
 4636.432617  5.7240E-13
 4639.178711  5.6918E-13
 4641.925293  5.7288E-13
 4644.671387  5.6824E-13
 4647.417480  5.6660E-13
 4650.163574  5.7129E-13
 4652.909668  5.6114E-13
 4655.655762  5.6674E-13
 4658.401855  5.6787E-13
 4661.147949  5.6595E-13
 4663.894043  5.6843E-13
 4666.640137  5.6824E-13
 4669.386230  5.6855E-13
 4672.132324  5.6769E-13
 4674.878418  5.6236E-13
 4677.624023  5.6656E-13
 4680.370117  5.6566E-13
 4683.116211  5.6702E-13
 4685.861816  5.6246E-13
 4688.607910  5.6192E-13
 4691.353516  5.6712E-13
 4694.099609  5.6558E-13
 4696.845215  5.6634E-13
 4699.591309  5.6536E-13
 4702.336914  5.6135E-13
 4705.083008  5.6005E-13
 4707.828613  5.6228E-13
 4710.574219  5.6375E-13
 4713.319824  5.6124E-13
 4716.065918  5.6230E-13
 4718.811523  5.6036E-13
 4721.557129  5.6459E-13
 4724.302734  5.6255E-13
 4727.048340  5.6132E-13
 4729.793945  5.6157E-13
 4732.539551  5.5858E-13
 4735.285156  5.6178E-13
 4738.030762  5.5493E-13
 4740.775879  5.5712E-13
 4743.521484  5.5616E-13
 4746.267090  5.5437E-13
 4749.012695  5.5979E-13
 4751.757812  5.6171E-13
 4754.503418  5.5841E-13
 4757.248535  5.5767E-13
 4759.994141  5.5605E-13
 4762.739258  5.5404E-13
 4765.484863  5.5510E-13
 4768.229980  5.5781E-13
 4770.975586  5.5709E-13
 4773.720703  5.5334E-13
 4776.465820  5.5399E-13
 4779.210938  5.5396E-13
 4781.956055  5.5260E-13
 4784.701660  5.4905E-13
 4787.446777  5.4797E-13
 4790.191895  5.4830E-13
 4792.937012  5.4766E-13
 4795.682129  5.4499E-13
 4798.427246  5.4873E-13
 4801.171875  5.4898E-13
 4803.916992  5.4700E-13
 4806.662109  5.4366E-13
 4809.407227  5.4240E-13
 4812.151855  5.4471E-13
 4814.896973  5.4443E-13
 4817.642090  5.4140E-13
 4820.386719  5.4014E-13
 4823.131836  5.3989E-13
 4825.876465  5.4415E-13
 4828.621094  5.4319E-13
 4831.366211  5.4141E-13
 4834.110840  5.4012E-13
 4836.855469  5.3517E-13
 4839.600586  5.3394E-13
 4842.345215  5.3565E-13
 4845.089844  5.3263E-13
 4847.834473  5.2276E-13
 4850.579102  5.1989E-13
 4853.323730  5.0877E-13
 4856.068359  4.9339E-13
 4858.812988  4.5618E-13
 4861.557617  4.0917E-13
 4864.301758  3.8172E-13
 4867.046387  4.3786E-13
 4869.791016  4.7447E-13
 4872.535156  4.9677E-13
 4875.279785  5.0908E-13
 4878.024414  5.1692E-13
 4880.768555  5.2191E-13
 4883.512695  5.2796E-13
 4886.257324  5.2636E-13
 4889.001465  5.3023E-13
 4891.746094  5.2913E-13
 4894.490234  5.2812E-13
 4897.234375  5.3079E-13
 4899.978516  5.3395E-13
 4902.722656  5.3543E-13
 4905.466797  5.3679E-13
 4908.210938  5.3977E-13
 4910.955078  5.3834E-13
 4913.699219  5.3597E-13
 4916.443359  5.3802E-13
 4919.187500  5.3507E-13
 4921.931152  5.2715E-13
 4924.675293  5.2969E-13
 4927.419434  5.3388E-13
 4930.163086  5.3748E-13
 4932.907227  5.3649E-13
 4935.650879  5.3728E-13
 4938.395020  5.3550E-13
 4941.138672  5.3533E-13
 4943.882812  5.3528E-13
 4946.626465  5.3892E-13
 4949.370117  5.3835E-13
 4952.113770  5.3525E-13
 4954.857422  5.3536E-13
 4957.601562  5.3499E-13
 4960.345215  5.2724E-13
 4963.088867  5.3370E-13
 4965.832031  5.3280E-13
 4968.575684  5.3362E-13
 4971.319336  5.3647E-13
 4974.062988  5.3824E-13
 4976.806641  5.3579E-13
 4979.549805  5.3943E-13
 4982.293457  5.3384E-13
 4985.036621  5.3502E-13
 4987.780273  5.3187E-13
 4990.523438  5.3303E-13
 4993.267090  5.3372E-13
 4996.010254  5.3469E-13
 4998.753418  5.3159E-13
 5001.497070  5.3193E-13
 5004.240234  5.3091E-13
 5006.983398  5.2963E-13
 5009.726562  5.3017E-13
 5012.469727  5.3048E-13
 5015.212891  5.3208E-13
 5017.956055  5.3067E-13
 5020.699219  5.2845E-13
 5023.441895  5.2936E-13
 5026.185059  5.2540E-13
 5028.928223  5.3239E-13
 5031.670898  5.3287E-13
 5034.414062  5.3039E-13
 5037.156738  5.3144E-13
 5039.899902  5.2637E-13
 5042.642578  5.2380E-13
 5045.385742  5.2825E-13
 5048.128418  5.2950E-13
 5050.871094  5.1772E-13
 5053.613770  5.2630E-13
 5056.356445  5.3062E-13
 5059.099121  5.3095E-13
 5061.841797  5.2718E-13
 5064.584473  5.2473E-13
 5067.327148  5.2598E-13
 5070.069824  5.2659E-13
 5072.812500  5.2531E-13
 5075.554688  5.2835E-13
 5078.297363  5.2548E-13
 5081.040039  5.2675E-13
 5083.782227  5.2072E-13
 5086.524902  5.2189E-13
 5089.267090  5.2388E-13
 5092.009277  5.2544E-13
 5094.751953  5.2621E-13
 5097.494141  5.2413E-13
 5100.236328  5.2491E-13
 5102.978516  5.2504E-13
 5105.720703  5.2234E-13
 5108.462891  5.2423E-13
 5111.205078  5.2030E-13
 5113.947266  5.2088E-13
 5116.689453  5.2237E-13
 5119.431641  5.2050E-13
 5122.173340  5.1950E-13
 5124.915527  5.1804E-13
 5127.657715  5.1411E-13
 5130.399414  5.2298E-13
 5133.141602  5.1981E-13
 5135.883301  5.1702E-13
 5138.625000  5.1502E-13
 5141.367188  5.1624E-13
 5144.108887  5.1999E-13
 5146.850586  5.1862E-13
 5149.592285  5.1937E-13
 5152.333984  5.1703E-13
 5155.075684  5.1584E-13
 5157.817383  5.1630E-13
 5160.559082  5.1407E-13
 5163.300781  5.1562E-13
 5166.041992  5.1003E-13
 5168.783691  5.0076E-13
 5171.525391  4.9851E-13
 5174.266602  4.9729E-13
 5177.008301  5.0501E-13
 5179.749512  5.0964E-13
 5182.490723  5.0804E-13
 5185.232422  5.0497E-13
 5187.973633  5.0291E-13
 5190.714844  5.0868E-13
 5193.456055  5.0729E-13
 5196.197266  5.1020E-13
 5198.938477  5.1240E-13
 5201.679688  5.1272E-13
 5204.420898  5.1116E-13
 5207.162109  5.0673E-13
 5209.902832  5.0910E-13
 5212.644043  5.1172E-13
 5215.384766  5.1146E-13
 5218.125977  5.1123E-13
 5220.866699  5.1138E-13
 5223.607910  5.1306E-13
 5226.348633  5.1028E-13
 5229.089355  5.0662E-13
 5231.830566  5.0935E-13
 5234.571289  5.0411E-13
 5237.312012  5.0745E-13
 5240.052734  5.0891E-13
 5242.793457  5.1091E-13
 5245.534180  5.0654E-13
 5248.274414  5.0831E-13
 5251.015137  5.0734E-13
 5253.755859  5.0645E-13
 5256.496094  5.0631E-13
 5259.236816  5.0875E-13
 5261.977051  5.0705E-13
 5264.717773  5.0135E-13
 5267.458008  5.0158E-13
 5270.198242  4.9488E-13
 5272.938477  5.0001E-13
 5275.679199  4.9965E-13
 5278.419434  5.0213E-13
 5281.159668  5.0498E-13
 5283.899902  5.0463E-13
 5286.639648  5.0398E-13
 5289.379883  5.0478E-13
 5292.120117  5.0689E-13
 5294.860352  5.0243E-13
 5297.600098  5.0561E-13
 5300.340332  5.0393E-13
 5303.080078  5.0422E-13
 5305.820312  5.0725E-13
 5308.560059  5.0475E-13
 5311.299805  5.0250E-13
 5314.039551  5.0206E-13
 5316.779297  4.9954E-13
 5319.519043  4.9744E-13
 5322.258789  5.0089E-13
 5324.998535  4.9854E-13
 5327.738281  4.9202E-13
 5330.478027  4.9111E-13
 5333.217285  4.9499E-13
 5335.957031  4.9965E-13
 5338.696777  5.0050E-13
 5341.436035  4.9672E-13
 5344.175781  4.9981E-13
 5346.915039  4.9984E-13
 5349.654297  4.9982E-13
 5352.393555  5.0247E-13
 5355.132812  4.9183E-13
 5357.872070  4.9875E-13
 5360.611328  4.9890E-13
 5363.350586  5.0104E-13
 5366.089844  4.9761E-13
 5368.829102  4.9730E-13
 5371.568359  4.9069E-13
 5374.307129  4.8935E-13
 5377.046387  4.9620E-13
 5379.785156  4.9525E-13
 5382.524414  4.9430E-13
 5385.263184  4.9053E-13
 5388.001953  4.9545E-13
 5390.740723  4.9398E-13
 5393.479980  4.9481E-13
 5396.218750  4.9223E-13
 5398.957520  4.8919E-13
 5401.695801  4.8941E-13
 5404.434570  4.8846E-13
 5407.173340  4.8741E-13
 5409.912109  4.8897E-13
 5412.650391  4.8603E-13
 5415.389160  4.8795E-13
 5418.127441  4.9017E-13
 5420.866211  4.9086E-13
 5423.604492  4.9368E-13
 5426.342773  4.8967E-13
 5429.081055  4.8796E-13
 5431.819336  4.8770E-13
 5434.557617  4.8570E-13
 5437.295898  4.8916E-13
 5440.034180  4.8747E-13
 5442.772461  4.8781E-13
 5445.510742  4.8633E-13
 5448.248535  4.8342E-13
 5454.544434  4.8099E-13
 5459.415527  4.8404E-13
 5464.286621  4.8886E-13
 5469.157715  4.8460E-13
 5474.028809  4.8470E-13
 5478.899902  4.8553E-13
 5483.771484  4.8441E-13
 5488.642578  4.8461E-13
 5493.514160  4.8595E-13
 5498.385742  4.8389E-13
 5503.256836  4.8310E-13
 5508.128418  4.8330E-13
 5513.000000  4.8205E-13
 5517.871582  4.8362E-13
 5522.743652  4.8367E-13
 5527.615234  4.8442E-13
 5532.487305  4.8196E-13
 5537.358887  4.7971E-13
 5542.230957  4.7579E-13
 5547.103027  4.7916E-13
 5551.975098  4.8022E-13
 5556.847168  4.7987E-13
 5561.719238  4.7762E-13
 5566.591309  4.7359E-13
 5571.463379  4.7635E-13
 5576.335938  4.7561E-13
 5581.208496  4.7732E-13
 5586.080566  4.7354E-13
 5590.953125  4.7077E-13
 5595.825684  4.7022E-13
 5600.698242  4.7167E-13
 5605.570801  4.6969E-13
 5610.443359  4.7105E-13
 5615.316406  4.7074E-13
 5620.188965  4.6809E-13
 5625.062012  4.7243E-13
 5629.934570  4.7296E-13
 5634.807617  4.6869E-13
 5639.680664  4.6472E-13
 5644.553711  4.6749E-13
 5649.426758  4.6829E-13
 5654.299805  4.6531E-13
 5659.172852  4.6678E-13
 5664.046387  4.6637E-13
 5668.919434  4.6612E-13
 5673.792969  4.6396E-13
 5678.666504  4.6223E-13
 5683.539551  4.6418E-13
 5688.413086  4.6024E-13
 5693.286621  4.6417E-13
 5698.160645  4.6187E-13
 5703.034180  4.6276E-13
 5707.907715  4.6484E-13
 5712.781250  4.6132E-13
 5717.655273  4.6196E-13
 5722.529297  4.5976E-13
 5727.402832  4.5880E-13
 5732.276855  4.5859E-13
 5737.150879  4.5906E-13
 5742.024902  4.5942E-13
 5746.898926  4.5867E-13
 5751.773438  4.5816E-13
 5756.647461  4.5747E-13
 5761.521484  4.5465E-13
 5766.395996  4.5660E-13
 5771.270508  4.5481E-13
 5776.144531  4.5511E-13
 5781.019043  4.5650E-13
 5785.893555  4.5304E-13
 5790.768066  4.5281E-13
 5795.642578  4.5366E-13
 5800.517090  4.5123E-13
 5805.392090  4.5283E-13
 5810.266602  4.4908E-13
 5815.141602  4.5061E-13
 5820.016113  4.5138E-13
 5824.891113  4.5058E-13
 5829.766113  4.5062E-13
 5834.641113  4.4749E-13
 5839.516113  4.5053E-13
 5844.391113  4.4769E-13
 5849.266113  4.4772E-13
 5854.141113  4.4580E-13
 5859.016602  4.4232E-13
 5863.891602  4.4221E-13
 5868.767090  4.4492E-13
 5873.642578  4.4611E-13
 5878.517578  4.4432E-13
 5883.393066  4.4522E-13
 5888.268555  4.3973E-13
 5893.144043  4.3488E-13
 5898.019531  4.3723E-13
 5902.895508  4.4211E-13
 5907.770996  4.4194E-13
 5912.646484  4.4224E-13
 5917.522461  4.4180E-13
 5922.398438  4.4234E-13
 5927.273926  4.3707E-13
 5932.149902  4.3977E-13
 5937.025879  4.4032E-13
 5941.901855  4.4163E-13
 5946.777832  4.3178E-13
 5951.653809  4.3787E-13
 5956.529785  4.3884E-13
 5961.406250  4.3590E-13
 5966.282227  4.3667E-13
 5971.158691  4.3543E-13
 5976.034668  4.3597E-13
 5980.911133  4.3637E-13
 5985.787598  4.3611E-13
 5990.664062  4.3541E-13
 5995.540527  4.3342E-13
 6000.416992  4.3386E-13
 6005.293457  4.3256E-13
 6010.169922  4.3054E-13
 6015.046875  4.3133E-13
 6019.923340  4.3109E-13
 6024.800293  4.3121E-13
 6029.676758  4.3126E-13
 6034.553711  4.3230E-13
 6039.430664  4.2779E-13
 6044.307129  4.3455E-13
 6049.184082  4.3095E-13
 6054.061035  4.2843E-13
 6058.937988  4.2631E-13
 6063.815430  4.2333E-13
 6068.692383  4.2507E-13
 6073.569336  4.2522E-13
 6078.446777  4.2428E-13
 6083.323730  4.2348E-13
 6088.201172  4.2211E-13
 6093.078613  4.2236E-13
 6097.955566  4.2323E-13
 6102.833008  4.2278E-13
 6107.710449  4.2354E-13
 6112.587891  4.2118E-13
 6117.465332  4.1962E-13
 6122.343262  4.1924E-13
 6127.220703  4.1715E-13
 6132.098145  4.2067E-13
 6136.976074  4.2396E-13
 6141.853516  4.1930E-13
 6146.731445  4.1922E-13
 6151.609375  4.1687E-13
 6156.487305  4.1721E-13
 6161.364746  4.1737E-13
 6166.242676  4.1642E-13
 6171.120605  4.1476E-13
 6175.998535  4.1685E-13
 6180.876953  4.1681E-13
 6185.754883  4.1257E-13
 6190.632812  4.1642E-13
 6195.511230  4.1420E-13
 6200.389160  4.1469E-13
 6205.267578  4.1419E-13
 6210.145508  4.1241E-13
 6215.023926  4.1299E-13
 6219.902344  4.1091E-13
 6224.780762  4.1169E-13
 6229.659180  4.1081E-13
 6234.537598  4.1337E-13
 6239.416016  4.1258E-13
 6244.294434  4.0772E-13
 6249.173340  4.0867E-13
 6254.051758  4.0887E-13
 6258.930176  4.1062E-13
 6263.809082  4.0711E-13
 6268.687988  4.0640E-13
 6273.566406  4.0703E-13
 6278.445312  4.0656E-13
 6283.324219  4.0501E-13
 6288.203125  4.0310E-13
 6293.082031  4.0612E-13
 6297.960938  4.0750E-13
 6302.839844  4.0761E-13
 6307.718750  4.0304E-13
 6312.597656  4.0380E-13
 6317.477051  4.0077E-13
 6322.355957  3.9665E-13
 6327.235352  3.9435E-13
 6332.114258  3.9452E-13
 6336.993652  3.9318E-13
 6341.873047  3.9682E-13
 6346.751953  3.9833E-13
 6351.631348  4.0080E-13
 6356.510742  4.0079E-13
 6361.390137  4.0053E-13
 6366.269531  3.9991E-13
 6371.148926  3.9646E-13
 6376.028809  3.9682E-13
 6380.908203  3.9528E-13
 6385.787598  3.9783E-13
 6390.667480  3.9763E-13
 6395.546875  3.9637E-13
 6400.426758  3.9928E-13
 6405.306152  3.9645E-13
 6410.186035  3.9241E-13
 6415.065918  3.9189E-13
 6419.945801  3.9299E-13
 6424.825684  3.9313E-13
 6429.705566  3.8945E-13
 6434.585449  3.9046E-13
 6439.465332  3.8928E-13
 6444.345215  3.8594E-13
 6449.225098  3.8422E-13
 6454.104980  3.8729E-13
 6458.985352  3.8708E-13
 6463.865234  3.8707E-13
 6468.745605  3.8747E-13
 6473.625488  3.8840E-13
 6478.505859  3.8565E-13
 6483.386230  3.8402E-13
 6488.266602  3.8557E-13
 6493.146484  3.8460E-13
 6498.026855  3.8426E-13
 6502.907227  3.8405E-13
 6507.787598  3.8324E-13
 6512.667969  3.8405E-13
 6517.548828  3.8133E-13
 6522.429199  3.7765E-13
 6527.309570  3.7735E-13
 6532.190430  3.8019E-13
 6537.070801  3.7961E-13
 6541.951172  3.7538E-13
 6546.832031  3.6820E-13
 6551.712891  3.6138E-13
 6556.593262  3.4030E-13
 6561.474121  3.2193E-13
 6566.354980  3.1278E-13
 6571.235840  3.2832E-13
 6576.116699  3.5022E-13
 6580.997559  3.6160E-13
 6585.878418  3.6721E-13
 6590.759277  3.7335E-13
 6595.640137  3.7169E-13
 6600.520996  3.7449E-13
 6605.401855  3.7379E-13
 6610.283203  3.7537E-13
 6615.164062  3.7414E-13
 6620.045410  3.7566E-13
 6624.926270  3.7408E-13
 6629.807617  3.7431E-13
 6634.688477  3.7269E-13
 6639.569824  3.7129E-13
 6644.451172  3.7281E-13
 6649.332520  3.6948E-13
 6654.213867  3.7128E-13
 6659.095215  3.7149E-13
 6663.976562  3.7263E-13
 6668.857910  3.7210E-13
 6673.739258  3.7120E-13
 6678.620605  3.7126E-13
 6683.501953  3.7117E-13
 6688.383301  3.7092E-13
 6693.265137  3.7139E-13
 6698.146484  3.7094E-13
 6703.028320  3.6899E-13
 6707.909668  3.6795E-13
 6712.791504  3.6837E-13
 6717.672852  3.6783E-13
 6722.554688  3.6710E-13
 6727.436523  3.6569E-13
 6732.317871  3.6623E-13
 6737.199707  3.6630E-13
 6742.081543  3.6711E-13
 6746.963379  3.6756E-13
 6751.845215  3.6572E-13
 6756.727051  3.6461E-13
 6761.608887  3.6450E-13
 6766.490723  3.6490E-13
 6771.373047  3.6454E-13
 6776.254883  3.6182E-13
 6781.136719  3.6404E-13
 6786.018555  3.6243E-13
 6790.900879  3.6047E-13
 6795.782715  3.6162E-13
 6800.665039  3.6247E-13
 6805.546875  3.6311E-13
 6810.429199  3.5956E-13
 6815.311523  3.6171E-13
 6820.193359  3.6448E-13
 6825.075684  3.5925E-13
 6829.958008  3.5892E-13
 6834.840332  3.5823E-13
 6839.722656  3.5650E-13
 6844.604980  3.5769E-13
 6849.487305  3.5622E-13
 6854.369629  3.5443E-13
 6859.251953  3.5493E-13
 6864.134277  3.5513E-13
 6869.016602  3.5618E-13
 6873.898926  3.5512E-13
 6878.781738  3.5575E-13
 6883.664062  3.5240E-13
 6888.546387  3.5450E-13
 6893.429199  3.5299E-13
 6898.311523  3.5325E-13
 6903.194336  3.5246E-13
 6908.076660  3.5221E-13
 6912.959473  3.5210E-13
 6917.842285  3.5083E-13
 6922.724609  3.5042E-13
 6927.607422  3.5125E-13
 6932.490234  3.5178E-13
 6937.373047  3.4892E-13
 6942.255859  3.5002E-13
 6947.138184  3.4892E-13
 6952.020996  3.4693E-13
 6956.903809  3.4704E-13
 6961.787109  3.4876E-13
 6966.669922  3.4864E-13
 6971.552734  3.4703E-13
 6976.435547  3.4647E-13
 6981.318359  3.4727E-13
 6986.201172  3.4520E-13
 6991.084473  3.4467E-13
 6995.967285  3.4533E-13
 7000.850098  3.4408E-13
 7005.733398  3.4352E-13
 7010.616211  3.4342E-13
 7015.499512  3.4396E-13
 7020.382324  3.4248E-13
 7025.265625  3.4292E-13
 7030.148926  3.4200E-13
 7035.031738  3.4227E-13
 7039.915039  3.4131E-13
 7044.798340  3.4052E-13
 7049.681641  3.3919E-13
 7054.564453  3.3863E-13
 7059.447754  3.3941E-13
 7064.331055  3.3993E-13
 7069.214355  3.3890E-13
 7074.097656  3.3843E-13
 7078.980957  3.3694E-13
 7083.864258  3.3838E-13
 7088.747559  3.3529E-13
 7093.630859  3.3795E-13
 7098.514648  3.3654E-13
 7103.397949  3.3628E-13
 7108.281250  3.3524E-13
 7113.164551  3.3466E-13
 7118.048340  3.3499E-13
 7122.931641  3.3571E-13
 7127.814941  3.3534E-13
 7132.698730  3.3295E-13
 7137.582031  3.3385E-13
 7142.465820  3.3206E-13
 7147.349121  3.3382E-13
 7152.232910  3.3234E-13
 7157.116211  3.3150E-13
 7162.000000  3.3345E-13
 7166.883789  3.3333E-13
 7171.767090  3.3006E-13
 7176.650879  3.3027E-13
 7181.534668  3.2939E-13
 7186.418457  3.3077E-13
 7191.301758  3.2857E-13
 7196.185547  3.2928E-13
 7201.069336  3.2906E-13
 7205.953125  3.2931E-13
 7210.836914  3.2811E-13
 7215.720703  3.2812E-13
 7220.604492  3.2785E-13
 7225.488281  3.2604E-13
 7230.372070  3.2598E-13
 7235.255859  3.2602E-13
 7240.139648  3.2542E-13
 7245.023438  3.2400E-13
 7249.907715  3.2273E-13
 7254.791504  3.2392E-13
 7259.675293  3.2338E-13
 7264.559082  3.2268E-13
 7269.443359  3.2159E-13
 7274.327148  3.2438E-13
 7279.210938  3.2154E-13
 7284.095215  3.2237E-13
 7288.979004  3.2122E-13
 7293.863281  3.2025E-13
 7298.747070  3.2090E-13
 7303.631348  3.1978E-13
 7308.515137  3.1863E-13
 7313.399414  3.1926E-13
 7318.283203  3.1985E-13
 7323.167480  3.1942E-13
 7328.051270  3.1760E-13
 7332.935547  3.1760E-13
 7337.819824  3.1742E-13
 7342.703613  3.1733E-13
 7347.587891  3.1552E-13
 7352.472168  3.1702E-13
 7357.356445  3.1643E-13
 7362.240234  3.1663E-13
 7367.124512  3.1649E-13
 7372.008789  3.1514E-13
 7376.893066  3.1502E-13
 7381.777344  3.1437E-13
 7386.661621  3.1446E-13
 7391.545898  3.1208E-13
 7396.430176  3.1269E-13
 7401.314453  3.1268E-13
 7406.198730  3.1272E-13
 7411.083008  3.1077E-13
 7415.967285  3.1035E-13
 7420.851562  3.0976E-13
 7425.735840  3.0965E-13
 7430.620117  3.0864E-13
 7435.504395  3.0911E-13
 7440.388672  3.0934E-13
 7445.272949  3.1033E-13
 7450.157715  3.0880E-13
 7455.041992  3.0821E-13
 7459.926270  3.0634E-13
 7464.810547  3.0833E-13
 7469.694824  3.0759E-13
 7474.579590  3.0675E-13
 7479.463867  3.0660E-13
 7484.348145  3.0677E-13
 7489.232910  3.0579E-13
 7494.117188  3.0548E-13
 7499.001465  3.0444E-13
 7503.886230  3.0474E-13
 7508.770508  3.0462E-13
 7513.655273  3.0424E-13
 7518.539551  3.0421E-13
 7523.424316  3.0302E-13
 7528.308594  3.0242E-13
 7533.192871  3.0011E-13
 7538.077637  3.0078E-13
 7542.962402  3.0249E-13
 7547.846680  3.0287E-13
 7552.731445  3.0074E-13
 7557.615723  3.0133E-13
 7562.500488  3.0094E-13
 7567.384766  3.0006E-13
 7572.269531  2.9987E-13
 7577.154297  3.0011E-13
 7582.038574  3.0049E-13
 7586.923340  2.9875E-13
 7591.807617  2.9949E-13
 7596.692383  2.9761E-13
 7601.577148  2.9815E-13
 7606.461914  2.9555E-13
 7611.346191  2.9583E-13
 7616.230957  2.9535E-13
 7621.115723  2.9684E-13
 7626.000000  2.9550E-13
 7630.884766  2.9445E-13
 7635.769531  2.9472E-13
 7640.654297  2.9426E-13
 7645.538574  2.9450E-13
 7650.423340  2.9305E-13
 7655.308105  2.9324E-13
 7660.192871  2.9264E-13
 7665.077637  2.9201E-13
 7669.962402  2.9176E-13
 7674.846680  2.9395E-13
 7679.731445  2.9163E-13
 7684.616211  2.9054E-13
 7689.500977  2.9154E-13
 7694.385742  2.9009E-13
 7699.270508  2.9102E-13
 7704.155273  2.9029E-13
 7709.039551  2.9089E-13
 7713.924316  2.8931E-13
 7718.809082  2.8925E-13
 7723.693848  2.9006E-13
 7728.578613  2.8981E-13
 7733.463379  2.9049E-13
 7738.348145  2.9020E-13
 7743.232910  2.8826E-13
 7748.117676  2.8711E-13
 7753.002441  2.8794E-13
 7757.887207  2.8734E-13
 7762.771973  2.8929E-13
 7767.656738  2.8873E-13
 7772.541504  2.8865E-13
 7777.426270  2.8620E-13
 7782.311035  2.8560E-13
 7787.195801  2.8552E-13
 7792.080566  2.8498E-13
 7796.965332  2.8401E-13
 7801.850098  2.8605E-13
 7806.734863  2.8474E-13
 7811.619629  2.8483E-13
 7816.504395  2.8636E-13
 7821.389160  2.8502E-13
 7826.273926  2.8478E-13
 7831.158691  2.8436E-13
 7836.043457  2.8241E-13
 7840.928223  2.8316E-13
 7845.812988  2.8059E-13
 7850.697754  2.7902E-13
 7855.582520  2.8166E-13
 7860.467285  2.8156E-13
 7865.352051  2.8231E-13
 7870.236816  2.8236E-13
 7875.121582  2.8118E-13
 7880.006348  2.8015E-13
 7884.891113  2.7924E-13
 7889.775879  2.8069E-13
 7894.660645  2.8033E-13
 7899.545410  2.8091E-13
 7904.430176  2.8113E-13
 7909.314941  2.7953E-13
 7914.199707  2.7787E-13
 7919.084473  2.7712E-13
 7923.969238  2.7745E-13
 7928.854004  2.7804E-13
 7933.738770  2.7707E-13
 7938.623535  2.7694E-13
 7943.508301  2.7750E-13
 7948.392578  2.7647E-13
 7953.277344  2.7661E-13
 7958.162109  2.7589E-13
 7963.046875  2.7515E-13
 7967.931641  2.7395E-13
 7972.816406  2.7218E-13
 7977.701172  2.7550E-13
 7982.585938  2.7617E-13
 7987.470703  2.7567E-13
 7992.355469  2.7583E-13
 7997.240234  2.7407E-13
 8002.125000  2.7263E-13
 8007.009766  2.7248E-13
 8011.894531  2.7261E-13
 8016.778809  2.7215E-13
 8021.663574  2.7421E-13
 8026.548340  2.7285E-13
 8031.433105  2.7183E-13
 8036.317871  2.6967E-13
 8041.202637  2.6884E-13
 8046.087402  2.7003E-13
 8050.971680  2.6789E-13
 8055.856445  2.6873E-13
 8060.741211  2.6961E-13
 8065.625977  2.6927E-13
 8070.510742  2.6856E-13
 8075.395020  2.6597E-13
 8080.279785  2.6610E-13
 8085.164551  2.6551E-13
 8090.049316  2.6572E-13
 8094.933594  2.6716E-13
 8099.818359  2.6701E-13
 8104.703125  2.6722E-13
 8109.587891  2.6577E-13
 8114.472168  2.6453E-13
 8119.356934  2.6477E-13
 8124.241699  2.6530E-13
 8129.125977  2.6602E-13
 8134.010742  2.6627E-13
 8138.895508  2.6323E-13
 8143.779785  2.6215E-13
 8148.664551  2.6340E-13
 8153.548828  2.6144E-13
 8158.433594  2.6356E-13
 8163.317871  2.6405E-13
 8168.202637  2.6316E-13
 8173.086914  2.6138E-13
 8177.971680  2.6115E-13
 8182.855957  2.6183E-13
 8187.740723  2.5908E-13
 8192.625000  2.6145E-13
 8197.509766  2.6030E-13
 8202.394531  2.6106E-13
 8207.278320  2.5961E-13
 8212.163086  2.5883E-13
 8217.047852  2.5822E-13
 8221.931641  2.5799E-13
 8226.816406  2.5779E-13
 8231.701172  2.5872E-13
 8236.584961  2.5739E-13
 8241.469727  2.5707E-13
 8246.354492  2.5727E-13
 8251.238281  2.5721E-13
 8256.123047  2.5776E-13
 8261.007812  2.5576E-13
 8265.891602  2.5533E-13
 8270.776367  2.5538E-13
 8275.660156  2.5626E-13
 8280.544922  2.5514E-13
 8285.428711  2.5499E-13
 8290.313477  2.5460E-13
 8295.197266  2.5373E-13
 8300.082031  2.5466E-13
 8304.966797  2.5200E-13
 8309.850586  2.5271E-13
 8314.735352  2.5253E-13
 8319.619141  2.5285E-13
 8324.502930  2.5283E-13
 8329.387695  2.5107E-13
 8334.271484  2.5079E-13
 8339.156250  2.5165E-13
 8344.040039  2.5005E-13
 8348.924805  2.5042E-13
 8353.808594  2.5160E-13
 8358.692383  2.5069E-13
 8363.577148  2.4863E-13
 8368.460938  2.4749E-13
 8373.345703  2.4855E-13
 8378.229492  2.4970E-13
 8383.113281  2.5075E-13
 8387.998047  2.5155E-13
 8392.881836  2.5008E-13
 8397.765625  2.5203E-13
 8402.649414  2.5022E-13
 8407.534180  2.4773E-13
 8412.417969  2.4890E-13
 8417.301758  2.4708E-13
 8422.185547  2.4734E-13
 8427.070312  2.4850E-13
 8431.954102  2.4669E-13
 8436.837891  2.4755E-13
 8441.721680  2.4518E-13
 8446.605469  2.4399E-13
 8451.489258  2.4494E-13
 8456.374023  2.4477E-13
 8461.257812  2.4473E-13
 8466.141602  2.4594E-13
 8471.025391  2.4590E-13
 8475.909180  2.4491E-13
 8480.792969  2.4471E-13
 8485.676758  2.4371E-13
 8490.560547  2.4326E-13
 8495.444336  2.4054E-13
 8500.328125  2.3917E-13
 8505.211914  2.3940E-13
 8510.095703  2.4140E-13
 8514.979492  2.4169E-13
 8519.863281  2.4171E-13
 8524.747070  2.4143E-13
 8529.630859  2.4096E-13
 8534.514648  2.3925E-13
 8539.397461  2.3795E-13
 8544.281250  2.3366E-13
 8549.165039  2.3132E-13
 8554.048828  2.3827E-13
 8558.932617  2.3920E-13
 8563.816406  2.4094E-13
 8568.699219  2.4228E-13
 8573.583008  2.4092E-13
 8578.466797  2.4116E-13
 8583.350586  2.3903E-13
 8588.233398  2.3762E-13
 8593.117188  2.3753E-13
 8598.000977  2.3676E-13
 8602.883789  2.3608E-13
 8607.767578  2.3517E-13
 8612.650391  2.3725E-13
 8617.534180  2.3619E-13
 8622.417969  2.3945E-13
 8627.300781  2.3648E-13
 8632.184570  2.3523E-13
 8637.067383  2.3433E-13
 8641.951172  2.3410E-13
 8646.833984  2.3469E-13
 8651.717773  2.3437E-13
 8656.600586  2.3186E-13
 8661.484375  2.2942E-13
 8666.367188  2.2769E-13
 8671.250000  2.3026E-13
 8676.133789  2.3274E-13
 8681.016602  2.3256E-13
 8685.899414  2.3384E-13
 8690.783203  2.3341E-13
 8695.666016  2.3317E-13
 8700.548828  2.3294E-13
 8705.431641  2.3391E-13
 8710.315430  2.3467E-13
 8715.198242  2.3345E-13
 8720.081055  2.3162E-13
 8724.963867  2.3292E-13
 8729.846680  2.3216E-13
 8734.729492  2.3199E-13
 8739.613281  2.3129E-13
 8744.496094  2.2863E-13
 8749.378906  2.2782E-13
 8754.261719  2.2681E-13
 8759.144531  2.2855E-13
 8764.027344  2.3127E-13
 8768.910156  2.3117E-13
 8773.792969  2.3046E-13
 8778.675781  2.2872E-13
 8783.558594  2.2760E-13
 8788.440430  2.2833E-13
 8793.323242  2.2794E-13
 8798.206055  2.2784E-13
 8803.088867  2.2861E-13
 8807.971680  2.2955E-13
 8812.853516  2.2909E-13
 8817.736328  2.2670E-13
 8822.619141  2.2823E-13
 8827.501953  2.2674E-13
 8832.383789  2.2755E-13
 8837.266602  2.2789E-13
 8842.149414  2.2620E-13
 8847.031250  2.2671E-13
 8851.914062  2.2345E-13
 8856.795898  2.2278E-13
 8861.678711  2.2058E-13
 8866.560547  2.1952E-13
 8871.443359  2.2025E-13
 8876.325195  2.2220E-13
 8881.208008  2.2336E-13
 8886.089844  2.2481E-13
 8890.972656  2.2396E-13
 8895.854492  2.2363E-13
 8900.736328  2.2196E-13
 8905.619141  2.2116E-13
 8910.500977  2.2192E-13
 8915.382812  2.2216E-13
 8920.264648  2.2358E-13
 8925.147461  2.2491E-13
 8930.029297  2.2404E-13
 8934.911133  2.2252E-13
 8939.792969  2.2130E-13
 8944.674805  2.1972E-13
 8949.556641  2.2125E-13
 8954.438477  2.2076E-13
 8959.320312  2.2365E-13
 8964.202148  2.2250E-13
 8969.083984  2.2032E-13
 8973.965820  2.2000E-13
 8978.847656  2.2060E-13
 8983.729492  2.2053E-13
 8988.611328  2.1798E-13
 8993.493164  2.2131E-13
 8998.375000  2.1758E-13
 9003.255859  2.1630E-13
 9008.137695  2.1342E-13
 9013.019531  2.1069E-13
 9017.901367  2.1159E-13
 9022.782227  2.1275E-13
 9027.664062  2.1606E-13
 9032.545898  2.1640E-13
 9037.426758  2.1876E-13
 9042.308594  2.1703E-13
 9047.189453  2.1578E-13
 9052.071289  2.1718E-13
 9056.952148  2.1460E-13
 9061.833984  2.1691E-13
 9066.714844  2.1725E-13
 9071.596680  2.1479E-13
 9076.477539  2.1796E-13
 9081.358398  2.1819E-13
 9086.240234  2.1627E-13
 9091.121094  2.1358E-13
 9096.001953  2.1343E-13
 9100.882812  2.1380E-13
 9105.764648  2.1474E-13
 9110.645508  2.1412E-13
 9115.526367  2.1488E-13
 9120.407227  2.1396E-13
 9125.288086  2.1327E-13
 9130.168945  2.1321E-13
 9135.049805  2.1315E-13
 9139.930664  2.1196E-13
 9144.811523  2.1280E-13
 9149.692383  2.1374E-13
 9154.573242  2.1269E-13
 9159.454102  2.1474E-13
 9164.333984  2.1448E-13
 9169.214844  2.1145E-13
 9174.095703  2.0939E-13
 9178.976562  2.0963E-13
 9183.856445  2.0860E-13
 9188.737305  2.1212E-13
 9193.618164  2.1108E-13
 9198.498047  2.1225E-13
 9203.378906  2.1004E-13
 9208.258789  2.0801E-13
 9213.139648  2.0719E-13
 9218.019531  2.0403E-13
 9222.900391  2.0404E-13
 9227.780273  2.0285E-13
 9232.661133  2.0023E-13
 9237.541016  2.0136E-13
 9242.420898  2.0296E-13
 9247.301758  2.0231E-13
 9252.181641  2.0420E-13
 9257.061523  2.0508E-13
 9261.941406  2.0590E-13
 9266.821289  2.0544E-13
 9271.701172  2.0547E-13
 9276.581055  2.0567E-13
 9281.461914  2.0620E-13
 9286.341797  2.0562E-13
 9291.220703  2.0811E-13
 9296.100586  2.0578E-13
 9300.980469  2.0535E-13
 9305.860352  2.0532E-13
 9310.740234  2.0519E-13
 9315.620117  2.0349E-13
 9320.500000  2.0266E-13
 9325.378906  2.0326E-13
 9330.258789  2.0433E-13
 9335.138672  2.0346E-13
 9340.017578  2.0342E-13
 9344.897461  2.0216E-13
 9349.776367  2.0356E-13
 9354.656250  2.0331E-13
 9359.535156  2.0449E-13
 9364.415039  2.0310E-13
 9369.293945  2.0199E-13
 9374.173828  2.0205E-13
 9379.052734  2.0015E-13
 9383.931641  2.0140E-13
 9388.811523  2.0077E-13
 9393.690430  2.0081E-13
 9398.569336  2.0003E-13
 9403.448242  2.0122E-13
 9408.327148  1.9947E-13
 9413.206055  1.9903E-13
 9418.084961  1.9877E-13
 9422.963867  1.9744E-13
 9427.842773  1.9859E-13
 9432.721680  1.9818E-13
 9437.600586  1.9817E-13
 9442.479492  2.0077E-13
 9447.358398  1.9980E-13
 9452.237305  1.9832E-13
 9457.115234  1.9640E-13
 9461.994141  1.9842E-13
 9466.873047  1.9792E-13
 9471.750977  1.9890E-13
 9476.629883  1.9968E-13
 9481.507812  1.9885E-13
 9486.386719  1.9643E-13
 9491.264648  1.9628E-13
 9496.143555  1.9598E-13
 9501.021484  1.9531E-13
 9505.900391  1.9445E-13
 9510.778320  1.9668E-13
 9515.656250  1.9526E-13
 9520.534180  1.9401E-13
 9525.413086  1.9249E-13
 9530.291016  1.9338E-13
 9535.168945  1.9240E-13
 9540.046875  1.8883E-13
 9544.924805  1.8514E-13
 9549.802734  1.8212E-13
 9554.680664  1.8328E-13
 9559.558594  1.8498E-13
 9564.436523  1.8943E-13
 9569.313477  1.9201E-13
 9574.191406  1.9117E-13
 9579.069336  1.9117E-13
 9583.947266  1.8870E-13
 9588.824219  1.9098E-13
 9593.702148  1.9125E-13
 9598.580078  1.9153E-13
 9603.457031  1.9015E-13
 9608.334961  1.9041E-13
 9613.211914  1.9052E-13
 9618.089844  1.9269E-13
 9622.966797  1.9010E-13
 9627.843750  1.9286E-13
 9632.720703  1.9137E-13
 9637.598633  1.9105E-13
 9642.475586  1.8922E-13
 9647.352539  1.8657E-13
 9652.229492  1.8842E-13
 9657.106445  1.8667E-13
 9661.983398  1.8699E-13
 9666.860352  1.8817E-13
 9671.737305  1.8765E-13
 9676.614258  1.8889E-13
 9681.491211  1.8714E-13
 9686.368164  1.8749E-13
 9691.245117  1.8902E-13
 9696.121094  1.8976E-13
 9700.998047  1.9029E-13
 9705.875000  1.8854E-13
 9710.750977  1.8640E-13
 9715.627930  1.8585E-13
 9720.503906  1.8562E-13
 9725.380859  1.8393E-13
 9730.256836  1.8482E-13
 9735.133789  1.8655E-13
 9740.009766  1.8472E-13
 9744.885742  1.8404E-13
 9749.761719  1.8397E-13
 9754.638672  1.8542E-13
 9759.514648  1.8554E-13
 9764.390625  1.8348E-13
 9769.266602  1.8409E-13
 9774.142578  1.8474E-13
 9779.018555  1.8480E-13
 9783.894531  1.8575E-13
 9788.770508  1.8512E-13
 9793.645508  1.8419E-13
 9798.521484  1.8232E-13
 9803.397461  1.8277E-13
 9808.273438  1.8296E-13
 9813.148438  1.8206E-13
 9818.024414  1.8213E-13
 9822.899414  1.8004E-13
 9827.775391  1.8103E-13
 9832.650391  1.7981E-13
 9837.526367  1.8132E-13
 9842.401367  1.8008E-13
 9847.276367  1.8079E-13
 9852.152344  1.8246E-13
 9857.027344  1.8191E-13
 9861.902344  1.8135E-13
 9866.777344  1.8175E-13
 9871.652344  1.7877E-13
 9876.527344  1.7961E-13
 9881.402344  1.8150E-13
 9886.277344  1.8114E-13
 9891.152344  1.8024E-13
 9896.027344  1.7905E-13
 9900.902344  1.7933E-13
 9905.776367  1.7771E-13
 9910.651367  1.7778E-13
 9915.526367  1.7790E-13
 9920.400391  1.7525E-13
 9925.275391  1.7912E-13
 9930.149414  1.7769E-13
 9935.024414  1.7976E-13
 9939.898438  1.7687E-13
 9944.773438  1.7733E-13
 9949.647461  1.7867E-13
 9954.521484  1.7764E-13
 9959.395508  1.7711E-13
 9964.269531  1.7893E-13
 9969.144531  1.7688E-13
 9974.018555  1.7551E-13
 9978.892578  1.7592E-13
 9983.765625  1.7761E-13
 9988.639648  1.7680E-13
 9993.513672  1.7510E-13
 9998.387695  1.7504E-13
10003.261719  1.7476E-13
10008.134766  1.7530E-13
10013.008789  1.7553E-13
10017.882812  1.7554E-13
10022.755859  1.7408E-13
10027.629883  1.7351E-13
10032.502930  1.7203E-13
10037.375977  1.6996E-13
10042.250000  1.6699E-13
10047.123047  1.6579E-13
10051.996094  1.6309E-13
10056.869141  1.6383E-13
10061.743164  1.6501E-13
10066.616211  1.6641E-13
10071.489258  1.6977E-13
10076.362305  1.7060E-13
10081.234375  1.6892E-13
10086.107422  1.6913E-13
10090.980469  1.6880E-13
10095.853516  1.7091E-13
10100.726562  1.7011E-13
10105.598633  1.6781E-13
10110.471680  1.6913E-13
10115.343750  1.7069E-13
10120.216797  1.6997E-13
10125.088867  1.7014E-13
10129.961914  1.7031E-13
10134.833984  1.7097E-13
10139.706055  1.7194E-13
10144.578125  1.6906E-13
10149.450195  1.7121E-13
10154.323242  1.6913E-13
10159.195312  1.7034E-13
10164.067383  1.6974E-13
10168.938477  1.6690E-13
10173.810547  1.6814E-13
10178.682617  1.6919E-13
10183.554688  1.6860E-13
10188.426758  1.6934E-13
10193.297852  1.6672E-13
10198.169922  1.6815E-13
10203.041016  1.6802E-13
10207.913086  1.6797E-13
10212.784180  1.6917E-13
10217.656250  1.6859E-13
10222.527344  1.6731E-13
10227.398438  1.7188E-13
