BD29D2091 G230LB+G430L+G750L Bohlin 20Sep2013
HST GO12813 FILE WRITTEN BY STISREDUCE.PRO ON 20-Sep-2013 15:52:18.00
2863
 1666.911133  8.5475E-15
 1668.281616 -3.3990E-15
 1669.652222  5.8849E-15
 1671.022827  1.7436E-14
 1672.393433 -2.1833E-15
 1673.764038 -1.7382E-15
 1675.134644 -3.5135E-15
 1676.505249  2.6325E-15
 1677.875854  1.1761E-14
 1679.246582  8.3052E-15
 1680.617188  9.0203E-15
 1681.987915  1.6829E-14
 1683.358643  1.8208E-14
 1684.729248  3.7377E-14
 1686.099976  2.2765E-14
 1687.470825  1.1546E-14
 1688.841553 -4.8463E-16
 1690.212280  2.2513E-16
 1691.583130  8.6489E-15
 1692.953857  5.9100E-15
 1694.324707 -2.3266E-15
 1695.695557  6.3845E-15
 1697.066406  2.6049E-15
 1698.437256 -4.1997E-15
 1699.808105  3.5166E-15
 1701.179077  6.5811E-15
 1702.549927  4.6751E-15
 1703.920898  1.0493E-15
 1705.291748  3.5667E-15
 1706.662720  1.7860E-14
 1708.033691  1.3336E-14
 1709.404663  1.0663E-14
 1710.775635  4.1146E-15
 1712.146606  3.3644E-15
 1713.517700  1.1840E-15
 1714.888672  6.0779E-15
 1716.259766  1.1245E-14
 1717.630737 -4.5599E-15
 1719.001831  6.9335E-15
 1720.372925  2.2031E-16
 1721.744019  2.2740E-15
 1723.115112 -5.9619E-15
 1724.486328  5.2931E-15
 1725.857422 -1.5207E-15
 1727.228516  2.0765E-15
 1728.599731  5.2241E-15
 1729.970947  8.1499E-16
 1731.342041  1.2356E-15
 1732.713257  3.0297E-16
 1734.084473  6.1762E-15
 1735.455811  4.3217E-15
 1736.827026  9.4058E-15
 1738.198242  5.3389E-16
 1739.569580  1.6331E-14
 1740.940796 -3.1529E-15
 1742.312134 -3.1423E-16
 1743.683472  4.2939E-15
 1745.054810  6.5596E-16
 1746.426147 -4.0097E-15
 1747.797485  7.6079E-15
 1749.168823  3.7231E-15
 1750.540161  3.3261E-15
 1751.911621  5.9541E-15
 1753.282959  6.3619E-15
 1754.654419  8.1596E-16
 1756.025879  7.4139E-15
 1757.397339  3.8626E-15
 1758.768799  1.0889E-15
 1760.140259 -1.9128E-15
 1761.511719  5.5121E-16
 1762.883179  4.0263E-15
 1764.254639  3.5746E-15
 1765.626221  5.3556E-16
 1766.997803  5.6011E-15
 1768.369263  4.9441E-15
 1769.740845  7.1831E-15
 1771.112427  4.0770E-15
 1772.484009  4.3767E-15
 1773.855591  6.2250E-15
 1775.227173  1.7112E-15
 1776.598877  2.8784E-15
 1777.970459  9.4315E-15
 1779.342041  7.8107E-15
 1780.713745  9.7399E-16
 1782.085449  2.1643E-15
 1783.457153  7.0427E-15
 1784.828857  4.8431E-15
 1786.200562  5.2483E-15
 1787.572266  4.3633E-15
 1788.943970  5.7242E-15
 1790.315674  4.8039E-15
 1791.687500  5.0567E-15
 1793.059204  2.7416E-15
 1794.431030 -1.3884E-16
 1795.802734  5.1171E-15
 1797.174561  9.1696E-15
 1798.546387  3.2975E-15
 1799.918213  4.7341E-15
 1801.290039  6.9147E-15
 1802.661865  8.0837E-15
 1804.033813  6.0722E-15
 1805.405640  5.6747E-15
 1806.777588  4.1006E-15
 1808.149414  3.7353E-15
 1809.521362  5.9853E-15
 1810.893311  6.3123E-15
 1812.265259  8.9451E-15
 1813.637207  6.8087E-15
 1815.009155  6.1353E-15
 1816.381104  7.0868E-15
 1817.753052  1.2147E-14
 1819.125000  8.2981E-15
 1820.497070  5.0225E-15
 1821.869019  8.2266E-15
 1823.241089  6.4595E-15
 1824.613159  8.5048E-15
 1825.985107  1.0187E-14
 1827.357178  7.7227E-15
 1828.729248  9.8752E-15
 1830.101318  6.8531E-15
 1831.473511  5.3616E-15
 1832.845581  8.2024E-15
 1834.217651  7.7177E-15
 1835.589844  7.2509E-15
 1836.961914  1.2840E-14
 1838.334106  9.4019E-15
 1839.706299  7.2627E-15
 1841.078369  8.3008E-15
 1842.450562  5.5992E-15
 1843.822754  5.0422E-15
 1845.194946  5.7547E-15
 1846.567261  8.1303E-15
 1847.939453  9.7326E-15
 1849.311646  1.3584E-14
 1850.683960  7.4687E-15
 1852.056152  7.5938E-15
 1853.428467  9.4540E-15
 1854.800659  1.0513E-14
 1856.172974  1.4505E-14
 1857.545288  1.2230E-14
 1858.917603  1.0092E-14
 1860.289917  1.0651E-14
 1861.662231  1.2576E-14
 1863.034546  1.0812E-14
 1864.406982  1.2592E-14
 1865.779297  1.1254E-14
 1867.151611  9.8589E-15
 1868.524048  1.7062E-14
 1869.896484  1.3597E-14
 1871.268799  1.3402E-14
 1872.641235  1.3066E-14
 1874.013672  1.3526E-14
 1875.386108  1.3832E-14
 1876.758545  1.1895E-14
 1878.130981  1.1768E-14
 1879.503418  1.4462E-14
 1880.875977  1.2678E-14
 1882.248413  1.3810E-14
 1883.620972  1.2040E-14
 1884.993408  1.5957E-14
 1886.365967  1.2388E-14
 1887.738403  1.4924E-14
 1889.110962  1.5100E-14
 1890.483521  1.5193E-14
 1891.856079  1.5825E-14
 1893.228638  1.2459E-14
 1894.601196  1.5872E-14
 1895.973755  1.4160E-14
 1897.346436  1.6109E-14
 1898.718994  1.6355E-14
 1900.091553  1.6048E-14
 1901.464233  1.1439E-14
 1902.836792  1.8074E-14
 1904.209473  1.5039E-14
 1905.582153  1.8529E-14
 1906.954834  1.4101E-14
 1908.327515  1.9427E-14
 1909.700073  1.7535E-14
 1911.072876  1.5475E-14
 1912.445557  2.1240E-14
 1913.818237  2.0142E-14
 1915.190918  2.2119E-14
 1916.563599  2.4832E-14
 1917.936401  2.1413E-14
 1919.309082  2.1833E-14
 1920.681885  2.2366E-14
 1922.054688  2.1362E-14
 1923.427368  2.1428E-14
 1924.800171  2.0158E-14
 1926.172974  2.0113E-14
 1927.545776  2.1540E-14
 1928.918579  1.9334E-14
 1930.291382  1.9349E-14
 1931.664185  1.4946E-14
 1933.036987  1.6368E-14
 1934.409912  1.9572E-14
 1935.782715  2.1471E-14
 1937.155518  2.0456E-14
 1938.528442  1.8790E-14
 1939.901367  2.3888E-14
 1941.274170  2.2688E-14
 1942.647095  2.7129E-14
 1944.020020  2.5807E-14
 1945.392944  2.1121E-14
 1946.765747  2.4992E-14
 1948.138794  2.7113E-14
 1949.511719  2.7781E-14
 1950.884644  2.3892E-14
 1952.257568  2.4632E-14
 1953.630493  2.5417E-14
 1955.003540  2.3533E-14
 1956.376465  2.5008E-14
 1957.749390  2.4966E-14
 1959.122437  2.3454E-14
 1960.495483  2.5053E-14
 1961.868408  2.4242E-14
 1963.241455  2.6612E-14
 1964.614502  2.7200E-14
 1965.987549  2.8160E-14
 1967.360596  3.1042E-14
 1968.733643  2.9533E-14
 1970.106689  3.0535E-14
 1971.479736  2.8423E-14
 1972.852783  3.0601E-14
 1974.225830  2.9935E-14
 1975.598999  2.5602E-14
 1976.972046  2.6958E-14
 1978.345215  2.4913E-14
 1979.718262  2.2520E-14
 1981.091431  2.6279E-14
 1982.464478  2.6798E-14
 1983.837646  2.9153E-14
 1985.210815  2.7750E-14
 1986.583984  2.6823E-14
 1987.957153  2.4827E-14
 1989.330322  2.3752E-14
 1990.703491  2.7299E-14
 1992.076660  2.9992E-14
 1993.449829  3.0446E-14
 1994.822998  3.2687E-14
 1996.196167  3.2161E-14
 1997.569458  3.5392E-14
 1998.942627  3.5064E-14
 2000.315796  3.3989E-14
 2001.689087  3.4426E-14
 2003.062378  3.3269E-14
 2004.435547  3.2947E-14
 2005.808838  3.4225E-14
 2007.182129  3.2898E-14
 2008.555298  3.2395E-14
 2009.928589  3.3535E-14
 2011.301880  3.6788E-14
 2012.675171  3.6461E-14
 2014.048462  3.6218E-14
 2015.421753  3.5772E-14
 2016.795044  3.6681E-14
 2018.168335  3.6660E-14
 2019.541748  3.7465E-14
 2020.915039  3.7362E-14
 2022.288330  3.6148E-14
 2023.661743  3.8372E-14
 2025.035034  3.5326E-14
 2026.408447  2.7502E-14
 2027.781738  3.2600E-14
 2029.155151  3.6952E-14
 2030.528564  3.7645E-14
 2031.901855  4.2196E-14
 2033.275269  4.2247E-14
 2034.648682  3.9163E-14
 2036.022095  4.0396E-14
 2037.395508  4.3574E-14
 2038.768921  4.2302E-14
 2040.142334  4.2805E-14
 2041.515747  4.2518E-14
 2042.889160  4.5791E-14
 2044.262573  4.2989E-14
 2045.636108  4.6249E-14
 2047.009521  4.8562E-14
 2048.383057  4.5426E-14
 2049.756348  4.5861E-14
 2051.129883  4.5438E-14
 2052.503418  4.2955E-14
 2053.876953  4.4084E-14
 2055.250244  4.2941E-14
 2056.623779  3.8766E-14
 2057.997314  3.8358E-14
 2059.370850  3.7977E-14
 2060.744385  3.8437E-14
 2062.117920  3.8016E-14
 2063.491455  3.8367E-14
 2064.864990  4.0490E-14
 2066.238525  3.9887E-14
 2067.612061  4.3025E-14
 2068.985596  4.4951E-14
 2070.359131  4.6378E-14
 2071.732666  4.6257E-14
 2073.106201  4.8843E-14
 2074.479736  4.9952E-14
 2075.853271  5.3893E-14
 2077.227051  5.2813E-14
 2078.600586  5.3255E-14
 2079.974121  5.2682E-14
 2081.347656  5.2409E-14
 2082.721191  5.0342E-14
 2084.094971  5.0645E-14
 2085.468506  4.9385E-14
 2086.842041  5.1406E-14
 2088.215820  5.1586E-14
 2089.589355  5.4999E-14
 2090.962891  5.2855E-14
 2092.336670  5.5344E-14
 2093.710205  5.6317E-14
 2095.083984  5.3501E-14
 2096.457520  5.6023E-14
 2097.831299  5.8976E-14
 2099.204834  5.7303E-14
 2100.578613  5.4649E-14
 2101.952148  5.6376E-14
 2103.325928  5.4532E-14
 2104.699463  5.5044E-14
 2106.073242  5.6903E-14
 2107.447021  5.6029E-14
 2108.820557  5.5431E-14
 2110.194336  5.5780E-14
 2111.568115  5.4967E-14
 2112.941650  5.6591E-14
 2114.315430  5.7401E-14
 2115.689209  5.5163E-14
 2117.062988  6.0058E-14
 2118.436523  6.1499E-14
 2119.810303  6.1552E-14
 2121.184082  6.3305E-14
 2122.557861  5.5262E-14
 2123.931641  4.3473E-14
 2125.305420  4.1373E-14
 2126.679199  5.2467E-14
 2128.052734  6.0462E-14
 2129.426514  5.8194E-14
 2130.800293  5.9018E-14
 2132.174072  5.8015E-14
 2133.547852  5.6354E-14
 2134.921631  5.4442E-14
 2136.295410  5.4919E-14
 2137.669189  5.9369E-14
 2139.042969  5.5919E-14
 2140.416748  5.7795E-14
 2141.790771  6.9621E-14
 2143.164551  6.5577E-14
 2144.538330  6.5212E-14
 2145.912109  6.3362E-14
 2147.285889  6.2470E-14
 2148.659668  6.2129E-14
 2150.033447  6.3701E-14
 2151.407227  5.7557E-14
 2152.781250  6.1290E-14
 2154.155029  6.5215E-14
 2155.528809  6.6024E-14
 2156.902588  6.4164E-14
 2158.276611  6.1690E-14
 2159.650391  5.7539E-14
 2161.024170  6.0034E-14
 2162.398193  6.4723E-14
 2163.771973  6.2315E-14
 2165.145752  6.2453E-14
 2166.519775  5.7438E-14
 2167.893555  5.2478E-14
 2169.267334  5.9199E-14
 2170.641357  6.4271E-14
 2172.015137  6.5470E-14
 2173.388916  6.4715E-14
 2174.762939  6.1947E-14
 2176.136719  6.1504E-14
 2177.510742  6.1766E-14
 2178.884521  6.1775E-14
 2180.258545  6.9714E-14
 2181.632324  7.3989E-14
 2183.006348  7.5170E-14
 2184.380127  7.2893E-14
 2185.754150  6.9609E-14
 2187.127930  6.5225E-14
 2188.501953  6.7681E-14
 2189.875732  7.2259E-14
 2191.249756  7.1614E-14
 2192.623535  7.0910E-14
 2193.997559  7.8076E-14
 2195.371582  8.0908E-14
 2196.745361  7.6827E-14
 2198.119385  7.8253E-14
 2199.493408  8.1381E-14
 2200.867188  7.4031E-14
 2202.241211  7.1158E-14
 2203.615234  7.8640E-14
 2204.989014  8.0760E-14
 2206.363037  7.7029E-14
 2207.737061  7.1809E-14
 2209.110840  6.6229E-14
 2210.484863  6.5455E-14
 2211.858887  5.0487E-14
 2213.232666  6.2793E-14
 2214.606689  7.0164E-14
 2215.980713  7.1172E-14
 2217.354736  5.8648E-14
 2218.728760  5.9191E-14
 2220.102539  7.2375E-14
 2221.476562  7.7202E-14
 2222.850586  7.8743E-14
 2224.224609  7.8833E-14
 2225.598389  8.0168E-14
 2226.972412  8.3571E-14
 2228.346436  8.2092E-14
 2229.720459  8.3277E-14
 2231.094482  8.5146E-14
 2232.468506  8.6113E-14
 2233.842529  8.9169E-14
 2235.216309  8.9093E-14
 2236.590332  8.9788E-14
 2237.964355  8.7748E-14
 2239.338379  9.1119E-14
 2240.712402  9.0936E-14
 2242.086426  8.7159E-14
 2243.460449  8.6394E-14
 2244.834473  8.3893E-14
 2246.208496  8.5348E-14
 2247.582275  8.6665E-14
 2248.956299  8.6403E-14
 2250.330322  8.0737E-14
 2251.704346  7.9262E-14
 2253.078369  8.0758E-14
 2254.452393  7.7451E-14
 2255.826416  8.0193E-14
 2257.200439  8.2077E-14
 2258.574463  8.8116E-14
 2259.948486  8.1167E-14
 2261.322510  7.4324E-14
 2262.696533  8.2730E-14
 2264.070557  8.0904E-14
 2265.444580  7.8813E-14
 2266.818604  7.6835E-14
 2268.192627  7.6428E-14
 2269.566650  7.7444E-14
 2270.940674  8.0029E-14
 2272.314697  8.2414E-14
 2273.688721  8.3974E-14
 2275.062744  8.3818E-14
 2276.436768  7.9957E-14
 2277.810791  8.4045E-14
 2279.184814  8.3599E-14
 2280.558838  8.5970E-14
 2281.932861  9.1446E-14
 2283.306885  9.2856E-14
 2284.680908  8.8022E-14
 2286.054932  8.9831E-14
 2287.428955  8.5161E-14
 2288.802979  8.2422E-14
 2290.177002  8.3048E-14
 2291.551025  8.1317E-14
 2292.925049  8.2599E-14
 2294.299316  8.6725E-14
 2295.673340  8.7186E-14
 2297.047363  8.3152E-14
 2298.421387  7.0898E-14
 2299.795410  7.4761E-14
 2301.169434  8.0256E-14
 2302.543457  8.4359E-14
 2303.917480  8.4167E-14
 2305.291504  8.9905E-14
 2306.665527  9.2060E-14
 2308.039551  9.3385E-14
 2309.413574  9.2709E-14
 2310.787598  8.9754E-14
 2312.161621  7.7027E-14
 2313.535645  7.7967E-14
 2314.909668  7.8727E-14
 2316.283691  8.7652E-14
 2317.657715  8.8284E-14
 2319.031982  8.9901E-14
 2320.406006  8.4603E-14
 2321.780029  8.2960E-14
 2323.154053  9.0151E-14
 2324.528076  9.8106E-14
 2325.902100  8.8201E-14
 2327.276123  8.3303E-14
 2328.650146  8.2545E-14
 2330.024170  9.3098E-14
 2331.398193  8.3916E-14
 2332.772217  7.3310E-14
 2334.146240  7.3799E-14
 2335.520264  8.6598E-14
 2336.894287  9.0790E-14
 2338.268311  7.5294E-14
 2339.642334  7.5447E-14
 2341.016357  8.4828E-14
 2342.390381  8.5817E-14
 2343.764404  6.5543E-14
 2345.138428  4.8323E-14
 2346.512451  6.2987E-14
 2347.886475  6.8332E-14
 2349.260498  6.9589E-14
 2350.634521  8.5192E-14
 2352.008545  9.4527E-14
 2353.382568  9.6336E-14
 2354.756592  9.4469E-14
 2356.130615  8.7775E-14
 2357.504639  9.6117E-14
 2358.878662  9.2667E-14
 2360.252686  7.5611E-14
 2361.626709  7.0484E-14
 2363.000732  8.3432E-14
 2364.374756  9.0726E-14
 2365.748779  7.7803E-14
 2367.122803  8.4604E-14
 2368.496826  8.6436E-14
 2369.870850  8.9154E-14
 2371.244873  9.4246E-14
 2372.618896  9.6988E-14
 2373.992676  8.2961E-14
 2375.366699  8.3467E-14
 2376.740723  8.7932E-14
 2378.114746  9.7780E-14
 2379.488770  8.2313E-14
 2380.862793  6.8718E-14
 2382.236816  4.7310E-14
 2383.610840  3.8764E-14
 2384.984619  6.1994E-14
 2386.358643  7.4905E-14
 2387.732666  7.7874E-14
 2389.106689  7.1506E-14
 2390.480713  7.6750E-14
 2391.854736  9.7492E-14
 2393.228516  9.7779E-14
 2394.602539  9.2126E-14
 2395.976562  6.2524E-14
 2397.350586  6.1013E-14
 2398.724609  7.1471E-14
 2400.098389  7.0195E-14
 2401.472412  8.8166E-14
 2402.846436  9.1084E-14
 2404.220459  7.8465E-14
 2405.594238  5.7808E-14
 2406.968262  5.9440E-14
 2408.342285  7.0671E-14
 2409.716309  8.7674E-14
 2411.090088  6.8283E-14
 2412.464111  6.1856E-14
 2413.838135  7.3744E-14
 2415.211914  8.5019E-14
 2416.585938  9.8869E-14
 2417.959961  1.0342E-13
 2419.333740  1.0720E-13
 2420.707764  1.1034E-13
 2422.081543  1.1575E-13
 2423.455566  1.1166E-13
 2424.829590  1.0074E-13
 2426.203369  1.0468E-13
 2427.577393  1.1251E-13
 2428.951172  1.1192E-13
 2430.325195  1.0862E-13
 2431.698975  1.1268E-13
 2433.072998  1.1043E-13
 2434.446777  1.0439E-13
 2435.820801  9.0643E-14
 2437.194580  9.4560E-14
 2438.568604  9.9737E-14
 2439.942383  9.7141E-14
 2441.316406  1.0171E-13
 2442.690186  1.0653E-13
 2444.064209  1.0872E-13
 2445.437988  1.0859E-13
 2446.811768  1.0833E-13
 2448.185791  1.0802E-13
 2449.559570  1.0868E-13
 2450.933594  1.0587E-13
 2452.307373  1.0035E-13
 2453.681152  1.0397E-13
 2455.055176  1.0437E-13
 2456.428955  1.1133E-13
 2457.802734  1.0977E-13
 2459.176514  1.1034E-13
 2460.550537  1.1048E-13
 2461.924316  1.0110E-13
 2463.298096  8.8984E-14
 2464.671875  9.3490E-14
 2466.045898  1.0043E-13
 2467.419678  1.0224E-13
 2468.793457  1.0385E-13
 2470.167236  1.0558E-13
 2471.541016  1.0555E-13
 2472.914795  9.8734E-14
 2474.288574  9.0402E-14
 2475.662354  1.0446E-13
 2477.036377  1.0437E-13
 2478.410156  1.0011E-13
 2479.783936  8.7831E-14
 2481.157715  8.7670E-14
 2482.531494  9.2376E-14
 2483.905273  6.7415E-14
 2485.279053  6.8961E-14
 2486.652832  8.9345E-14
 2488.026611  8.0224E-14
 2489.400146  6.3033E-14
 2490.773926  5.9754E-14
 2492.147705  5.7124E-14
 2493.521484  8.6284E-14
 2494.895264  9.8519E-14
 2496.269043  1.1537E-13
 2497.642822  1.0828E-13
 2499.016357  1.0960E-13
 2500.390137  1.1289E-13
 2501.763916  1.0172E-13
 2503.137695  1.0252E-13
 2504.511230  1.0371E-13
 2505.885010  9.6306E-14
 2507.258789  6.9849E-14
 2508.632324  7.1953E-14
 2510.006104  9.8001E-14
 2511.379883  9.4989E-14
 2512.753418  8.6607E-14
 2514.127197  7.3627E-14
 2515.500977  4.2907E-14
 2516.874512  3.2699E-14
 2518.248291  4.1237E-14
 2519.621826  4.9146E-14
 2520.995605  6.5965E-14
 2522.369141  7.1022E-14
 2523.742920  5.2323E-14
 2525.116455  4.4427E-14
 2526.489990  5.9600E-14
 2527.863770  6.0239E-14
 2529.237305  4.0958E-14
 2530.610840  5.8726E-14
 2531.984619  8.7787E-14
 2533.358154  9.5668E-14
 2534.731689  9.3734E-14
 2536.105469  9.2518E-14
 2537.479004  9.2427E-14
 2538.852539  9.6995E-14
 2540.226074  9.4581E-14
 2541.599609  9.4691E-14
 2542.973389  9.5782E-14
 2544.346924  1.0322E-13
 2545.720459  1.0053E-13
 2547.093994  9.7753E-14
 2548.467529  1.0015E-13
 2549.841064  9.1688E-14
 2551.214600  9.7899E-14
 2552.588135  1.1972E-13
 2553.961670  1.1931E-13
 2555.335205  1.2648E-13
 2556.708740  1.2473E-13
 2558.082275  1.2577E-13
 2559.455811  1.3070E-13
 2560.829102  1.2704E-13
 2562.202637  1.2003E-13
 2563.576172  1.0080E-13
 2564.949707  1.0963E-13
 2566.323242  1.2875E-13
 2567.696533  1.2704E-13
 2569.070068  1.2596E-13
 2570.443604  1.2812E-13
 2571.816895  1.2960E-13
 2573.190430  1.3293E-13
 2574.563965  1.3637E-13
 2575.937256  1.2301E-13
 2577.310791  1.1310E-13
 2578.684082  1.2782E-13
 2580.057617  1.3358E-13
 2581.430908  1.3355E-13
 2582.804443  1.3259E-13
 2584.177734  1.2523E-13
 2585.551025  1.2006E-13
 2586.924561  9.3983E-14
 2588.297852  1.2065E-13
 2589.671143  1.3221E-13
 2591.044678  1.4103E-13
 2592.417969  1.3166E-13
 2593.791260  1.2952E-13
 2595.164551  1.2551E-13
 2596.538086  1.3427E-13
 2597.911377  1.2010E-13
 2599.284668  7.2674E-14
 2600.657959  7.1725E-14
 2602.031250  1.0998E-13
 2603.404541  1.3246E-13
 2604.777832  1.2889E-13
 2606.151123  1.1694E-13
 2607.524414  9.1655E-14
 2608.897705  1.0146E-13
 2610.270996  1.1845E-13
 2611.644287  1.0758E-13
 2613.017334  7.9490E-14
 2614.390625  8.8272E-14
 2615.763916  1.0869E-13
 2617.137207  1.2892E-13
 2618.510254  1.1005E-13
 2619.883545  1.2183E-13
 2621.256836  1.2696E-13
 2622.629883  1.2269E-13
 2624.003174  1.2670E-13
 2625.376465  1.2711E-13
 2626.749512  1.1093E-13
 2628.122803  1.1237E-13
 2629.495850  1.0584E-13
 2630.869141  1.0143E-13
 2632.242188  8.4392E-14
 2633.615234  1.0873E-13
 2634.988525  1.4002E-13
 2636.361572  1.4749E-13
 2637.734619  1.5444E-13
 2639.107910  1.6086E-13
 2640.480957  1.6191E-13
 2641.854004  1.5982E-13
 2643.227051  1.6234E-13
 2644.600098  1.6482E-13
 2645.973145  1.6258E-13
 2647.346191  1.6100E-13
 2648.719238  1.6515E-13
 2650.092285  1.6375E-13
 2651.465332  1.6218E-13
 2652.838379  1.6356E-13
 2654.211426  1.6383E-13
 2655.584473  1.6876E-13
 2656.957520  1.6846E-13
 2658.330566  1.6757E-13
 2659.703613  1.6366E-13
 2661.076416  1.6256E-13
 2662.449463  1.5745E-13
 2663.822510  1.5349E-13
 2665.195312  1.4807E-13
 2666.568359  1.4969E-13
 2667.941162  1.4931E-13
 2669.314209  1.5184E-13
 2670.687012  1.5503E-13
 2672.060059  1.5817E-13
 2673.432861  1.4975E-13
 2674.805908  1.6153E-13
 2676.178711  1.6893E-13
 2677.551514  1.5971E-13
 2678.924561  1.5104E-13
 2680.297363  1.5124E-13
 2681.670166  1.5907E-13
 2683.042969  1.6293E-13
 2684.415771  1.6222E-13
 2685.788818  1.6221E-13
 2687.161621  1.6212E-13
 2688.534424  1.5912E-13
 2689.907227  1.5342E-13
 2691.280029  1.5010E-13
 2692.652832  1.5609E-13
 2694.025391  1.5586E-13
 2695.398193  1.5933E-13
 2696.770996  1.5232E-13
 2698.143799  1.5350E-13
 2699.516602  1.5132E-13
 2700.889160  1.5599E-13
 2702.261963  1.6176E-13
 2703.634766  1.6413E-13
 2705.007324  1.6654E-13
 2706.380127  1.5970E-13
 2707.752686  1.5487E-13
 2709.125488  1.5912E-13
 2710.498047  1.5826E-13
 2711.870850  1.5686E-13
 2713.243408  1.5599E-13
 2714.615967  1.5219E-13
 2715.988770  1.4486E-13
 2717.361328  1.5028E-13
 2718.733887  1.4504E-13
 2720.106445  1.2523E-13
 2721.479004  1.2924E-13
 2722.851562  1.3867E-13
 2724.224121  1.4325E-13
 2725.596680  1.4195E-13
 2726.969238  1.4690E-13
 2728.341797  1.4311E-13
 2729.714355  1.4852E-13
 2731.086914  1.5744E-13
 2732.459473  1.5318E-13
 2733.832031  1.4828E-13
 2735.204346  1.3959E-13
 2736.576904  1.3790E-13
 2737.949463  1.2337E-13
 2739.321777  1.2814E-13
 2740.694336  1.2311E-13
 2742.066650  1.3095E-13
 2743.439209  1.2085E-13
 2744.811523  1.2046E-13
 2746.184082  1.3316E-13
 2747.556396  1.1693E-13
 2748.928711  1.1311E-13
 2750.301270  1.0742E-13
 2751.673584  1.1447E-13
 2753.045898  1.4222E-13
 2754.418213  1.4544E-13
 2755.790527  1.3435E-13
 2757.162842  1.1184E-13
 2758.535156  1.3584E-13
 2759.907471  1.5742E-13
 2761.279785  1.6016E-13
 2762.652100  1.5375E-13
 2764.024414  1.4545E-13
 2765.396729  1.5675E-13
 2766.768799  1.5839E-13
 2768.141113  1.5477E-13
 2769.513428  1.5125E-13
 2770.885498  1.5225E-13
 2772.257812  1.6123E-13
 2773.629883  1.5589E-13
 2775.002197  1.6320E-13
 2776.374268  1.5801E-13
 2777.746582  1.5056E-13
 2779.118652  1.4151E-13
 2780.490723  1.3334E-13
 2781.863037  1.3180E-13
 2783.235107  1.3562E-13
 2784.607178  1.3835E-13
 2785.979248  1.4098E-13
 2787.351318  1.3647E-13
 2788.723389  1.2264E-13
 2790.095459  1.0729E-13
 2791.467529  8.5201E-14
 2792.839600  5.9729E-14
 2794.211670  3.6548E-14
 2795.583740  2.1163E-14
 2796.955811  1.8251E-14
 2798.327637  1.7926E-14
 2799.699707  2.5141E-14
 2801.071777  3.0179E-14
 2802.443604  2.3165E-14
 2803.815674  1.9564E-14
 2805.187500  2.6809E-14
 2806.559326  4.8542E-14
 2807.931396  7.6306E-14
 2809.303223  1.0310E-13
 2810.675049  1.1826E-13
 2812.047119  1.2767E-13
 2813.418945  1.2922E-13
 2814.790771  1.3718E-13
 2816.162598  1.5184E-13
 2817.534424  1.5344E-13
 2818.906250  1.5466E-13
 2820.278076  1.5861E-13
 2821.649902  1.6020E-13
 2823.021729  1.6168E-13
 2824.393555  1.6289E-13
 2825.765137  1.6908E-13
 2827.136963  1.5878E-13
 2828.508789  1.6595E-13
 2829.880371  1.6536E-13
 2831.252197  1.6569E-13
 2832.623779  1.6662E-13
 2833.995605  1.6377E-13
 2835.367188  1.6346E-13
 2836.739014  1.5479E-13
 2838.110596  1.6447E-13
 2839.482178  1.7186E-13
 2840.853760  1.6224E-13
 2842.225342  1.6321E-13
 2843.597168  1.6370E-13
 2844.968750  1.5069E-13
 2846.340332  1.5809E-13
 2847.711914  1.5228E-13
 2849.083252  1.3695E-13
 2850.454834  1.1000E-13
 2851.826416  7.0235E-14
 2853.197998  4.1023E-14
 2854.569336  5.6551E-14
 2855.940918  1.0019E-13
 2857.312500  1.2869E-13
 2858.683838  1.4824E-13
 2860.055420  1.5615E-13
 2861.426758  1.6864E-13
 2862.798096  1.6664E-13
 2864.169678  1.6648E-13
 2865.541016  1.6817E-13
 2866.912354  1.6875E-13
 2868.283691  1.6500E-13
 2869.655029  1.6756E-13
 2871.026611  1.7001E-13
 2872.397949  1.8027E-13
 2873.769043  1.7708E-13
 2875.140381  1.7064E-13
 2876.511719  1.6489E-13
 2877.883057  1.6265E-13
 2879.254395  1.6344E-13
 2880.625488  1.5447E-13
 2881.996826  1.1527E-13
 2883.368164  1.0700E-13
 2884.739258  1.5161E-13
 2886.110352  1.7232E-13
 2887.481689  1.7907E-13
 2888.852783  1.8162E-13
 2890.223877  1.7702E-13
 2891.595215  1.7476E-13
 2892.966309  1.7287E-13
 2894.337402  1.6619E-13
 2895.708496  1.7077E-13
 2897.079590  1.8254E-13
 2898.450684  1.8886E-13
 2899.821777  1.8750E-13
 2901.192871  1.9422E-13
 2902.563965  1.9164E-13
 2903.934814  1.9518E-13
 2905.305908  1.9514E-13
 2906.676758  1.9899E-13
 2908.047852  1.9482E-13
 2909.418945  1.8402E-13
 2910.789795  1.8324E-13
 2912.160645  1.8756E-13
 2913.531738  1.9331E-13
 2914.902588  1.9567E-13
 2916.273438  1.9699E-13
 2917.644287  1.9496E-13
 2919.015137  1.8800E-13
 2920.385986  1.8950E-13
 2921.756836  1.9400E-13
 2923.127686  1.9557E-13
 2924.498535  1.8714E-13
 2925.869385  1.8414E-13
 2927.240234  1.8576E-13
 2928.610840  1.8785E-13
 2929.981689  1.7772E-13
 2931.352539  1.9394E-13
 2932.723145  2.0035E-13
 2934.093750  2.0092E-13
 2935.464600  1.9576E-13
 2936.835205  1.8957E-13
 2938.205811  1.6750E-13
 2939.576660  1.8224E-13
 2940.947266  1.8568E-13
 2942.317871  1.8573E-13
 2943.688477  1.9230E-13
 2945.059082  1.9162E-13
 2946.429688  1.8830E-13
 2947.800293  1.9079E-13
 2949.170654  1.6912E-13
 2950.541260  1.8244E-13
 2951.911865  1.9560E-13
 2953.282227  1.9561E-13
 2954.652832  1.8219E-13
 2956.023193  1.9261E-13
 2957.393799  1.9873E-13
 2958.764160  1.9247E-13
 2960.134521  2.0017E-13
 2961.505127  1.9865E-13
 2962.875488  2.0259E-13
 2964.245850  1.9953E-13
 2965.616211  1.8976E-13
 2966.986572  1.7827E-13
 2968.356934  1.7276E-13
 2969.727295  1.8460E-13
 2971.097412  1.6901E-13
 2972.467773  1.8080E-13
 2973.838135  1.8299E-13
 2975.208252  1.9203E-13
 2976.578613  2.0019E-13
 2977.948730  2.0525E-13
 2979.319092  2.0933E-13
 2980.689209  2.0103E-13
 2982.059326  1.9131E-13
 2983.429688  1.8648E-13
 2984.799805  1.7415E-13
 2986.169922  1.7217E-13
 2987.540039  1.8048E-13
 2988.910156  1.8507E-13
 2990.280273  2.0344E-13
 2991.650391  2.0457E-13
 2993.020264  2.0533E-13
 2994.390381  2.0146E-13
 2995.760498  1.8843E-13
 2997.130371  2.0202E-13
 2998.500488  2.1041E-13
 2999.870361  2.0120E-13
 3001.240479  1.8359E-13
 3002.610352  1.7838E-13
 3003.980225  1.7780E-13
 3005.350098  1.9692E-13
 3006.719971  2.0564E-13
 3008.089844  1.9572E-13
 3009.459717  1.8661E-13
 3010.829590  1.9791E-13
 3012.199463  2.0527E-13
 3013.569336  2.0315E-13
 3014.939209  2.0480E-13
 3016.308838  2.0069E-13
 3017.678711  1.9703E-13
 3019.048340  1.8559E-13
 3020.418213  1.7740E-13
 3021.787842  1.4462E-13
 3023.157471  1.7935E-13
 3024.527344  2.0391E-13
 3025.896973  1.9637E-13
 3027.266602  1.9227E-13
 3028.636230  2.1390E-13
 3030.005859  2.1361E-13
 3031.375488  2.0427E-13
 3032.745117  2.0234E-13
 3034.114502  2.1138E-13
 3035.484131  2.1905E-13
 3036.853760  2.1616E-13
 3038.223145  1.9845E-13
 3039.592773  2.0221E-13
 3040.962158  2.1339E-13
 3042.331543  2.0013E-13
 3043.701172  2.0101E-13
 3045.070557  2.0854E-13
 3046.439941  2.1206E-13
 3047.809326  2.0759E-13
 3049.178711  1.9843E-13
 3050.548096  2.1383E-13
 3051.917480  2.1141E-13
 3053.286621  2.1951E-13
 3054.656006  2.1218E-13
 3056.025391  2.1061E-13
 3057.394531  2.0840E-13
 3058.763916  1.8560E-13
 3060.133057  1.9006E-13
 3066.874268  1.7452E-13
 3069.620850  1.8827E-13
 3072.367188  1.9585E-13
 3075.113525  1.9776E-13
 3077.860107  1.9760E-13
 3080.606445  1.9924E-13
 3083.353027  1.9936E-13
 3086.099609  1.9419E-13
 3088.846191  1.8401E-13
 3091.592529  1.7798E-13
 3094.339111  1.7833E-13
 3097.085693  1.7716E-13
 3099.832275  1.7314E-13
 3102.579102  1.8629E-13
 3105.325684  1.9963E-13
 3108.072266  2.0928E-13
 3110.818848  2.0852E-13
 3113.565674  2.0936E-13
 3116.312256  2.0554E-13
 3119.059082  1.9411E-13
 3121.805908  1.9206E-13
 3124.552490  1.9217E-13
 3127.299316  1.9568E-13
 3130.046143  1.9920E-13
 3132.792969  2.0470E-13
 3135.539795  2.0812E-13
 3138.286621  2.0507E-13
 3141.033447  2.0011E-13
 3143.780273  1.8098E-13
 3146.527100  1.9175E-13
 3149.274170  2.0582E-13
 3152.020996  2.0634E-13
 3154.768066  2.0370E-13
 3157.514893  1.9368E-13
 3160.261963  1.8874E-13
 3163.009033  1.9741E-13
 3165.755859  2.0515E-13
 3168.502930  2.0742E-13
 3171.250000  2.1480E-13
 3173.997070  2.1920E-13
 3176.744141  2.1208E-13
 3179.491211  1.9493E-13
 3182.238281  1.9683E-13
 3184.985352  2.0449E-13
 3187.732666  2.0932E-13
 3190.479736  2.0873E-13
 3193.226807  2.0178E-13
 3195.974121  2.0677E-13
 3198.721191  2.1518E-13
 3201.468506  2.2021E-13
 3204.215820  2.2667E-13
 3206.962891  2.2512E-13
 3209.710205  2.1450E-13
 3212.457520  2.0906E-13
 3215.204834  2.1987E-13
 3217.952148  2.1711E-13
 3220.699463  2.2187E-13
 3223.446777  2.1744E-13
 3226.194092  2.1620E-13
 3228.941406  2.0926E-13
 3231.688965  2.0924E-13
 3234.436279  2.0709E-13
 3237.183594  2.1264E-13
 3239.931152  2.1970E-13
 3242.678467  2.2276E-13
 3245.426025  2.2800E-13
 3248.173340  2.2273E-13
 3250.920898  2.2490E-13
 3253.668457  2.2747E-13
 3256.416016  2.3777E-13
 3259.163330  2.4323E-13
 3261.910889  2.3997E-13
 3264.658447  2.4054E-13
 3267.406006  2.4211E-13
 3270.153809  2.4256E-13
 3272.901367  2.3727E-13
 3275.648926  2.3691E-13
 3278.396484  2.3318E-13
 3281.144043  2.3580E-13
 3283.891846  2.4035E-13
 3286.639404  2.3806E-13
 3289.387207  2.4052E-13
 3292.134766  2.4738E-13
 3294.882568  2.5117E-13
 3297.630127  2.5375E-13
 3300.377930  2.5426E-13
 3303.125732  2.5063E-13
 3305.873535  2.4335E-13
 3308.621338  2.4629E-13
 3311.369141  2.5125E-13
 3314.116699  2.4933E-13
 3316.864502  2.4452E-13
 3319.612549  2.4822E-13
 3322.360352  2.3764E-13
 3325.108154  2.4394E-13
 3327.855957  2.4376E-13
 3330.603760  2.4151E-13
 3333.351807  2.4299E-13
 3336.099609  2.4088E-13
 3338.847412  2.4182E-13
 3341.595459  2.3816E-13
 3344.343506  2.4382E-13
 3347.091309  2.4385E-13
 3349.839355  2.3127E-13
 3352.587158  2.4511E-13
 3355.335205  2.5039E-13
 3358.083252  2.4627E-13
 3360.831299  2.3763E-13
 3363.579346  2.4155E-13
 3366.327148  2.4710E-13
 3369.075195  2.4125E-13
 3371.823242  2.3229E-13
 3374.571533  2.4107E-13
 3377.319580  2.4899E-13
 3380.067627  2.3785E-13
 3382.815674  2.3672E-13
 3385.563721  2.4209E-13
 3388.311768  2.4623E-13
 3391.060059  2.4678E-13
 3393.808105  2.4065E-13
 3396.556396  2.4998E-13
 3399.304443  2.5460E-13
 3402.052734  2.5227E-13
 3404.800781  2.4428E-13
 3407.549072  2.4194E-13
 3410.297119  2.4387E-13
 3413.045410  2.4014E-13
 3415.793701  2.3938E-13
 3418.541992  2.4955E-13
 3421.290039  2.5247E-13
 3424.038330  2.4736E-13
 3426.786621  2.5021E-13
 3429.534912  2.5636E-13
 3432.283203  2.5285E-13
 3435.031494  2.5099E-13
 3437.779785  2.4920E-13
 3440.528076  2.3430E-13
 3443.276367  2.2691E-13
 3446.024902  2.3700E-13
 3448.773193  2.4497E-13
 3451.521484  2.4888E-13
 3454.269775  2.4758E-13
 3457.018311  2.5405E-13
 3459.766602  2.4945E-13
 3462.515137  2.4677E-13
 3465.263428  2.5261E-13
 3468.011719  2.5131E-13
 3470.760254  2.5579E-13
 3473.508789  2.4802E-13
 3476.257080  2.3929E-13
 3479.005615  2.4919E-13
 3481.754150  2.5951E-13
 3484.502441  2.5479E-13
 3487.250977  2.5563E-13
 3489.999512  2.4870E-13
 3492.748047  2.4397E-13
 3495.496338  2.4958E-13
 3498.244873  2.4788E-13
 3500.993408  2.5362E-13
 3503.741943  2.5587E-13
 3506.490479  2.5605E-13
 3509.239014  2.5436E-13
 3511.987549  2.4912E-13
 3514.736084  2.4487E-13
 3517.484863  2.5327E-13
 3520.233398  2.5263E-13
 3522.981934  2.4679E-13
 3525.730469  2.3943E-13
 3528.479004  2.3995E-13
 3531.227783  2.5227E-13
 3533.976318  2.5655E-13
 3536.724854  2.5969E-13
 3539.473633  2.6184E-13
 3542.222168  2.6155E-13
 3544.970947  2.6620E-13
 3547.719482  2.6609E-13
 3550.468262  2.6680E-13
 3553.216797  2.6399E-13
 3555.965576  2.5788E-13
 3558.714111  2.5652E-13
 3561.462891  2.6401E-13
 3564.211670  2.6051E-13
 3566.960205  2.4670E-13
 3569.708984  2.4260E-13
 3572.457764  2.4057E-13
 3575.206543  2.4564E-13
 3577.955078  2.5224E-13
 3580.703857  2.4690E-13
 3583.452637  2.3963E-13
 3586.201416  2.3575E-13
 3588.950195  2.3918E-13
 3591.698975  2.5084E-13
 3594.447754  2.5710E-13
 3597.196533  2.6022E-13
 3599.945312  2.6686E-13
 3602.694092  2.6267E-13
 3605.442871  2.5374E-13
 3608.191650  2.5007E-13
 3610.940430  2.4919E-13
 3613.689209  2.5499E-13
 3616.437988  2.5775E-13
 3619.186768  2.5009E-13
 3621.935791  2.5269E-13
 3624.684570  2.6067E-13
 3627.433350  2.6854E-13
 3630.182129  2.6324E-13
 3632.931152  2.4750E-13
 3635.679932  2.5628E-13
 3638.428711  2.6127E-13
 3641.177734  2.6883E-13
 3643.926514  2.6042E-13
 3646.675293  2.5542E-13
 3649.424316  2.5166E-13
 3652.173096  2.6008E-13
 3654.922119  2.6822E-13
 3657.670898  2.7410E-13
 3660.419922  2.7298E-13
 3663.168701  2.7373E-13
 3665.917725  2.7247E-13
 3668.666504  2.7447E-13
 3671.415527  2.7292E-13
 3674.164307  2.7347E-13
 3676.913330  2.7168E-13
 3679.662354  2.6549E-13
 3682.411133  2.6459E-13
 3685.160156  2.5963E-13
 3687.909180  2.5769E-13
 3690.657959  2.6786E-13
 3693.406982  2.7452E-13
 3696.156006  2.7641E-13
 3698.904785  2.7551E-13
 3701.653809  2.8073E-13
 3704.402832  2.6584E-13
 3707.151855  2.5525E-13
 3709.900879  2.6080E-13
 3712.649658  2.6262E-13
 3715.398682  2.7718E-13
 3718.147705  2.7711E-13
 3720.896729  2.5651E-13
 3723.645752  2.4968E-13
 3726.394775  2.6875E-13
 3729.143799  2.7667E-13
 3731.892578  2.6993E-13
 3734.641602  2.4256E-13
 3737.390625  2.3197E-13
 3740.139648  2.5560E-13
 3742.888672  2.7847E-13
 3745.637695  2.6394E-13
 3748.386719  2.4460E-13
 3751.135742  2.3992E-13
 3753.884766  2.6150E-13
 3756.633789  2.8485E-13
 3759.382812  2.7558E-13
 3762.131836  2.8008E-13
 3764.880859  2.8150E-13
 3767.629883  2.7545E-13
 3770.378906  2.5886E-13
 3773.127930  2.5799E-13
 3775.877197  2.8538E-13
 3778.626221  3.0352E-13
 3781.375244  3.1455E-13
 3784.124268  3.1317E-13
 3786.873291  3.0823E-13
 3789.622314  3.0285E-13
 3792.371338  2.9798E-13
 3795.120361  2.8250E-13
 3797.869385  2.5339E-13
 3800.618652  2.4768E-13
 3803.367676  2.8497E-13
 3806.116699  3.0075E-13
 3808.865723  3.0330E-13
 3811.614746  3.1265E-13
 3814.363770  3.0368E-13
 3817.112793  2.9440E-13
 3819.862061  3.0011E-13
 3822.611084  2.9174E-13
 3825.360107  2.8618E-13
 3828.109131  2.7175E-13
 3830.858154  2.6288E-13
 3833.607422  2.4000E-13
 3836.356445  2.1694E-13
 3839.105469  2.2844E-13
 3841.854492  2.5949E-13
 3844.603516  2.9216E-13
 3847.352539  3.0313E-13
 3850.101807  3.0995E-13
 3852.850830  3.1184E-13
 3855.599854  3.1783E-13
 3858.348877  3.0610E-13
 3861.098145  2.9756E-13
 3863.847168  3.1032E-13
 3866.596191  3.2017E-13
 3869.345215  3.1964E-13
 3872.094238  3.1670E-13
 3874.843506  3.0106E-13
 3877.592529  3.0335E-13
 3880.341553  2.9425E-13
 3883.090576  3.0326E-13
 3885.839600  2.8510E-13
 3888.588623  2.4811E-13
 3891.337891  2.3776E-13
 3894.086914  2.6561E-13
 3896.835938  2.8358E-13
 3899.584961  2.9251E-13
 3902.333984  2.9463E-13
 3905.083252  2.9372E-13
 3907.832275  2.9608E-13
 3910.581299  3.1144E-13
 3913.330322  3.1663E-13
 3916.079346  3.1389E-13
 3918.828369  3.1157E-13
 3921.577393  2.9756E-13
 3924.326660  2.9793E-13
 3927.075684  2.9174E-13
 3929.824707  2.5439E-13
 3932.573730  1.8602E-13
 3935.322754  1.3286E-13
 3938.071777  1.8860E-13
 3940.820801  2.6314E-13
 3943.569824  2.9033E-13
 3946.318848  3.0066E-13
 3949.067871  3.0570E-13
 3951.817139  3.0783E-13
 3954.566162  3.1010E-13
 3957.315186  3.0735E-13
 3960.064209  3.0456E-13
 3962.813232  2.8848E-13
 3965.562256  2.4441E-13
 3968.311279  1.8329E-13
 3971.060303  1.5274E-13
 3973.809326  2.1177E-13
 3976.558350  2.7285E-13
 3979.307373  2.9915E-13
 3982.056396  3.1139E-13
 3984.805176  3.1796E-13
 3987.554199  3.2186E-13
 3990.303223  3.2211E-13
 3993.052246  3.2829E-13
 3995.801270  3.2806E-13
 3998.550293  3.2515E-13
 4001.299316  3.2710E-13
 4004.048340  3.3053E-13
 4006.797119  3.2527E-13
 4009.546143  3.2965E-13
 4012.295166  3.3270E-13
 4015.044189  3.3298E-13
 4017.793213  3.3414E-13
 4020.541992  3.3561E-13
 4023.291016  3.3342E-13
 4026.040039  3.3331E-13
 4028.789062  3.3190E-13
 4031.537842  3.2477E-13
 4034.286865  3.2413E-13
 4037.035889  3.2768E-13
 4039.784668  3.3535E-13
 4042.533691  3.3601E-13
 4045.282715  3.2629E-13
 4048.031494  3.2446E-13
 4050.780518  3.2999E-13
 4053.529297  3.3576E-13
 4056.278320  3.3033E-13
 4059.027100  3.3434E-13
 4061.776123  3.3383E-13
 4064.524902  3.2450E-13
 4067.273926  3.2457E-13
 4070.022705  3.2754E-13
 4072.771729  3.2266E-13
 4075.520508  3.2748E-13
 4078.269287  3.2404E-13
 4081.018311  3.2838E-13
 4083.767090  3.3265E-13
 4086.515869  3.3178E-13
 4089.264893  3.3273E-13
 4092.013672  3.3167E-13
 4094.762451  3.2407E-13
 4097.511230  3.1382E-13
 4100.260254  2.9044E-13
 4103.008789  2.5356E-13
 4105.757812  2.7248E-13
 4108.506836  3.0168E-13
 4111.255371  3.1715E-13
 4114.004395  3.2759E-13
 4116.752930  3.3165E-13
 4119.501953  3.3150E-13
 4122.250488  3.3114E-13
 4124.999512  3.3211E-13
 4127.748047  3.3477E-13
 4130.497070  3.3331E-13
 4133.245605  3.3206E-13
 4135.994629  3.3210E-13
 4138.743164  3.3517E-13
 4141.491699  3.3595E-13
 4144.240723  3.3118E-13
 4146.989258  3.3140E-13
 4149.738281  3.3500E-13
 4152.486816  3.3531E-13
 4155.235352  3.3206E-13
 4157.984375  3.3127E-13
 4160.732910  3.3302E-13
 4163.481445  3.3623E-13
 4166.230469  3.3701E-13
 4168.979004  3.3631E-13
 4171.727539  3.3500E-13
 4174.476074  3.2727E-13
 4177.225098  3.2792E-13
 4179.973633  3.2891E-13
 4182.722168  3.3209E-13
 4185.470703  3.2860E-13
 4188.219238  3.2658E-13
 4190.967773  3.2559E-13
 4193.716797  3.2923E-13
 4196.465332  3.2993E-13
 4199.213867  3.2507E-13
 4201.962402  3.2153E-13
 4204.710938  3.2702E-13
 4207.459473  3.2911E-13
 4210.208008  3.3197E-13
 4212.956543  3.2922E-13
 4215.705078  3.2859E-13
 4218.453613  3.2696E-13
 4221.202148  3.2532E-13
 4223.950684  3.2621E-13
 4226.699219  3.1648E-13
 4229.447754  3.0708E-13
 4232.196289  3.2434E-13
 4234.944824  3.2405E-13
 4237.692871  3.2409E-13
 4240.441406  3.2435E-13
 4243.189941  3.2768E-13
 4245.938477  3.2621E-13
 4248.687012  3.2308E-13
 4251.435547  3.1896E-13
 4254.183594  3.2370E-13
 4256.932129  3.2129E-13
 4259.680664  3.2827E-13
 4262.428711  3.2608E-13
 4265.177246  3.2781E-13
 4267.925781  3.2883E-13
 4270.673828  3.1892E-13
 4273.422363  3.1194E-13
 4276.170898  3.1430E-13
 4278.918945  3.2283E-13
 4281.667480  3.2350E-13
 4284.415527  3.1683E-13
 4287.164062  3.1645E-13
 4289.912109  3.1187E-13
 4292.660645  3.0288E-13
 4295.408691  3.0884E-13
 4298.157227  3.0533E-13
 4300.905273  2.9141E-13
 4303.653320  2.8715E-13
 4306.401855  2.8873E-13
 4309.149902  2.8346E-13
 4311.898438  2.8445E-13
 4314.646484  2.9930E-13
 4317.394531  3.1059E-13
 4320.142578  3.2208E-13
 4322.891113  3.2059E-13
 4325.639160  3.0887E-13
 4328.387207  3.0559E-13
 4331.135254  3.1725E-13
 4333.883301  3.1874E-13
 4336.631348  3.0748E-13
 4339.379883  2.8039E-13
 4342.127930  2.4602E-13
 4344.875977  2.7095E-13
 4347.624023  2.9848E-13
 4350.372070  3.1586E-13
 4353.120117  3.1395E-13
 4355.868164  3.1847E-13
 4358.616211  3.2358E-13
 4361.364258  3.2640E-13
 4364.111816  3.2945E-13
 4366.859863  3.2649E-13
 4369.607910  3.2518E-13
 4372.355957  3.2415E-13
 4375.104004  3.2364E-13
 4377.852051  3.2219E-13
 4380.599609  3.2589E-13
 4383.347656  3.2150E-13
 4386.095703  3.1225E-13
 4388.843262  3.2158E-13
 4391.591309  3.2653E-13
 4394.339355  3.2756E-13
 4397.086914  3.2497E-13
 4399.834961  3.2848E-13
 4402.582520  3.2760E-13
 4405.330566  3.2453E-13
 4408.078125  3.2548E-13
 4410.826172  3.2902E-13
 4413.573730  3.3246E-13
 4416.321777  3.2705E-13
 4419.069336  3.2910E-13
 4421.816895  3.3125E-13
 4424.564941  3.3013E-13
 4427.312500  3.2996E-13
 4430.060059  3.3131E-13
 4432.808105  3.3344E-13
 4435.555664  3.3080E-13
 4438.303223  3.3100E-13
 4441.050781  3.3300E-13
 4443.798340  3.3047E-13
 4446.545898  3.2898E-13
 4449.293457  3.2667E-13
 4452.041504  3.3089E-13
 4454.789062  3.2895E-13
 4457.536621  3.2636E-13
 4460.284180  3.2880E-13
 4463.031250  3.2794E-13
 4465.778809  3.3194E-13
 4468.526367  3.2459E-13
 4471.273926  3.2592E-13
 4474.021484  3.2821E-13
 4476.769043  3.3161E-13
 4479.516113  3.3196E-13
 4482.263672  3.3037E-13
 4485.011230  3.2952E-13
 4487.758789  3.3147E-13
 4490.505859  3.3285E-13
 4493.253418  3.3416E-13
 4496.000488  3.3152E-13
 4498.748047  3.3303E-13
 4501.495117  3.3113E-13
 4504.242676  3.3370E-13
 4506.989746  3.3610E-13
 4509.737305  3.3619E-13
 4512.484375  3.3744E-13
 4515.231934  3.2934E-13
 4517.979004  3.3409E-13
 4520.726074  3.3429E-13
 4523.473633  3.2817E-13
 4526.220703  3.3083E-13
 4528.967773  3.2664E-13
 4531.714844  3.2362E-13
 4534.461914  3.2544E-13
 4537.208984  3.2729E-13
 4539.956543  3.2983E-13
 4542.703613  3.3446E-13
 4545.450684  3.3290E-13
 4548.197754  3.2969E-13
 4550.944336  3.2696E-13
 4553.691406  3.2634E-13
 4556.438477  3.2873E-13
 4559.185547  3.3243E-13
 4561.932617  3.3401E-13
 4564.679688  3.3240E-13
 4567.426270  3.3284E-13
 4570.173340  3.3331E-13
 4572.920410  3.3198E-13
 4575.667480  3.3306E-13
 4578.414062  3.3352E-13
 4581.161133  3.3441E-13
 4583.907715  3.3080E-13
 4586.654785  3.3062E-13
 4589.401367  3.3134E-13
 4592.148438  3.3099E-13
 4594.895020  3.3091E-13
 4597.641602  3.3242E-13
 4600.388672  3.3232E-13
 4603.135254  3.3093E-13
 4605.881836  3.3070E-13
 4608.628906  3.3120E-13
 4611.375488  3.3231E-13
 4614.122070  3.3342E-13
 4616.868652  3.3280E-13
 4619.615234  3.3052E-13
 4622.361816  3.3007E-13
 4625.108398  3.3278E-13
 4627.854980  3.3226E-13
 4630.601562  3.3335E-13
 4633.348145  3.3268E-13
 4636.094727  3.3223E-13
 4638.841309  3.3249E-13
 4641.587402  3.3587E-13
 4644.333984  3.3040E-13
 4647.080566  3.2815E-13
 4649.827148  3.3165E-13
 4652.573242  3.2896E-13
 4655.319824  3.3110E-13
 4658.065918  3.3084E-13
 4660.812500  3.2918E-13
 4663.558594  3.3149E-13
 4666.305176  3.3208E-13
 4669.051270  3.2986E-13
 4671.797852  3.3015E-13
 4674.543945  3.2853E-13
 4677.290039  3.3082E-13
 4680.036133  3.3035E-13
 4682.782715  3.3088E-13
 4685.528809  3.2754E-13
 4688.274902  3.2658E-13
 4691.020996  3.3296E-13
 4693.767090  3.3080E-13
 4696.513184  3.3074E-13
 4699.259277  3.3119E-13
 4702.005371  3.2939E-13
 4704.751465  3.2622E-13
 4707.497559  3.2563E-13
 4710.243164  3.2788E-13
 4712.989258  3.2680E-13
 4715.735352  3.2916E-13
 4718.481445  3.2789E-13
 4721.227051  3.3046E-13
 4723.973145  3.2777E-13
 4726.718750  3.2807E-13
 4729.464844  3.3041E-13
 4732.210449  3.2678E-13
 4734.956543  3.2887E-13
 4737.702148  3.2814E-13
 4740.448242  3.2663E-13
 4743.193848  3.2717E-13
 4745.939453  3.2850E-13
 4748.685059  3.3080E-13
 4751.431152  3.3068E-13
 4754.176758  3.2832E-13
 4756.922363  3.2691E-13
 4759.667969  3.2682E-13
 4762.413574  3.2509E-13
 4765.159180  3.2610E-13
 4767.904785  3.2861E-13
 4770.650391  3.2846E-13
 4773.395996  3.2522E-13
 4776.141113  3.2639E-13
 4778.886719  3.2641E-13
 4781.632324  3.2710E-13
 4784.377441  3.2488E-13
 4787.123047  3.2405E-13
 4789.868652  3.2349E-13
 4792.613770  3.2201E-13
 4795.359375  3.2194E-13
 4798.104492  3.2451E-13
 4800.850098  3.2367E-13
 4803.595215  3.2306E-13
 4806.340332  3.2293E-13
 4809.085449  3.2333E-13
 4811.831055  3.2381E-13
 4814.576172  3.2169E-13
 4817.321289  3.1879E-13
 4820.066406  3.2054E-13
 4822.811523  3.2090E-13
 4825.556641  3.2419E-13
 4828.301758  3.2407E-13
 4831.046875  3.2269E-13
 4833.791992  3.2313E-13
 4836.537109  3.2049E-13
 4839.281738  3.2048E-13
 4842.026855  3.2082E-13
 4844.771973  3.2010E-13
 4847.516602  3.1732E-13
 4850.261719  3.1567E-13
 4853.006348  3.1404E-13
 4855.751465  3.0796E-13
 4858.496094  2.9141E-13
 4861.241211  2.6357E-13
 4863.985840  2.4008E-13
 4866.730469  2.7018E-13
 4869.475098  2.9418E-13
 4872.220215  3.0304E-13
 4874.964844  3.0712E-13
 4877.709473  3.1038E-13
 4880.454102  3.1382E-13
 4883.198730  3.1606E-13
 4885.943359  3.1403E-13
 4888.687988  3.1684E-13
 4891.432617  3.1519E-13
 4894.176758  3.1281E-13
 4896.921387  3.1717E-13
 4899.666016  3.1746E-13
 4902.410156  3.1967E-13
 4905.154785  3.1876E-13
 4907.899414  3.2052E-13
 4910.643555  3.1891E-13
 4913.387695  3.1686E-13
 4916.132324  3.2096E-13
 4918.876465  3.1575E-13
 4921.621094  3.1127E-13
 4924.365234  3.1297E-13
 4927.109375  3.1514E-13
 4929.853516  3.1830E-13
 4932.597656  3.1723E-13
 4935.341797  3.1809E-13
 4938.085938  3.1708E-13
 4940.830078  3.1776E-13
 4943.574219  3.1762E-13
 4946.318359  3.1979E-13
 4949.062500  3.2056E-13
 4951.806152  3.1813E-13
 4954.550293  3.1752E-13
 4957.294434  3.1635E-13
 4960.038086  3.0936E-13
 4962.782227  3.1520E-13
 4965.525879  3.1633E-13
 4968.270020  3.1751E-13
 4971.013672  3.1928E-13
 4973.757324  3.1796E-13
 4976.501465  3.1882E-13
 4979.245117  3.2019E-13
 4981.988770  3.1639E-13
 4984.732422  3.1494E-13
 4987.476074  3.1422E-13
 4990.219727  3.1608E-13
 4992.963379  3.1619E-13
 4995.707031  3.1819E-13
 4998.450684  3.1612E-13
 5001.193848  3.1552E-13
 5003.937500  3.1559E-13
 5006.681152  3.1457E-13
 5009.424316  3.1118E-13
 5012.167969  3.1333E-13
 5014.911133  3.1273E-13
 5017.654785  3.1356E-13
 5020.397949  3.1374E-13
 5023.141113  3.1612E-13
 5025.884766  3.1081E-13
 5028.627930  3.1508E-13
 5031.371094  3.1429E-13
 5034.114258  3.1615E-13
 5036.857422  3.1629E-13
 5039.600586  3.1150E-13
 5042.343750  3.1079E-13
 5045.086914  3.1176E-13
 5047.830078  3.1508E-13
 5050.573242  3.1470E-13
 5053.315918  3.1230E-13
 5056.059082  3.1386E-13
 5058.802246  3.1677E-13
 5061.544922  3.1449E-13
 5064.288086  3.1353E-13
 5067.030762  3.1480E-13
 5069.773438  3.1383E-13
 5072.516602  3.1265E-13
 5075.259277  3.1391E-13
 5078.001953  3.1311E-13
 5080.744629  3.1301E-13
 5083.487305  3.0908E-13
 5086.229980  3.1268E-13
 5088.972656  3.1277E-13
 5091.715332  3.1378E-13
 5094.458008  3.1156E-13
 5097.200684  3.1288E-13
 5099.943359  3.1249E-13
 5102.685547  3.1283E-13
 5105.428223  3.1240E-13
 5108.170410  3.1226E-13
 5110.913086  3.0826E-13
 5113.655273  3.0928E-13
 5116.397949  3.1159E-13
 5119.140137  3.1084E-13
 5121.882324  3.1326E-13
 5124.624512  3.1053E-13
 5127.367188  3.0691E-13
 5130.109375  3.1036E-13
 5132.851562  3.0918E-13
 5135.593750  3.0741E-13
 5138.335449  3.0753E-13
 5141.077637  3.0497E-13
 5143.819824  3.0607E-13
 5146.562012  3.0799E-13
 5149.303711  3.0926E-13
 5152.045898  3.0835E-13
 5154.787598  3.0877E-13
 5157.529785  3.1002E-13
 5160.271484  3.0819E-13
 5163.013672  3.0810E-13
 5165.755371  3.0430E-13
 5168.497070  2.9278E-13
 5171.238770  2.8607E-13
 5173.980469  2.8628E-13
 5176.722168  2.9188E-13
 5179.463867  3.0210E-13
 5182.205566  3.0120E-13
 5184.947266  2.9358E-13
 5187.688965  2.8955E-13
 5190.430176  2.9972E-13
 5193.171875  3.0197E-13
 5195.913574  3.0009E-13
 5198.654785  3.0371E-13
 5201.396484  3.0563E-13
 5204.137695  3.0401E-13
 5206.878906  3.0180E-13
 5209.620605  3.0038E-13
 5212.361816  3.0217E-13
 5215.103027  3.0669E-13
 5217.844238  3.0342E-13
 5220.585449  3.0517E-13
 5223.326660  3.0724E-13
 5226.067871  3.0650E-13
 5228.809082  3.0070E-13
 5231.549805  3.0109E-13
 5234.291016  3.0042E-13
 5237.032227  3.0266E-13
 5239.772949  3.0559E-13
 5242.514160  3.0749E-13
 5245.254883  3.0405E-13
 5247.995605  3.0581E-13
 5250.736816  3.0535E-13
 5253.477539  3.0501E-13
 5256.218262  3.0536E-13
 5258.958984  3.0539E-13
 5261.699707  3.0462E-13
 5264.440430  3.0069E-13
 5267.181152  2.9793E-13
 5269.921875  2.9223E-13
 5272.662109  2.9281E-13
 5275.402832  2.9993E-13
 5278.143555  3.0204E-13
 5280.883789  3.0310E-13
 5283.624512  3.0188E-13
 5286.364746  3.0230E-13
 5289.104980  3.0434E-13
 5291.845703  3.0618E-13
 5294.585938  3.0408E-13
 5297.326172  3.0484E-13
 5300.066406  3.0286E-13
 5302.806641  3.0355E-13
 5305.546875  3.0251E-13
 5308.287109  3.0403E-13
 5311.027344  3.0400E-13
 5313.767090  3.0200E-13
 5316.507324  3.0229E-13
 5319.247559  3.0229E-13
 5321.987305  3.0193E-13
 5324.727539  3.0045E-13
 5327.467285  2.9626E-13
 5330.207031  2.9236E-13
 5332.946777  2.9649E-13
 5335.687012  2.9887E-13
 5338.426758  3.0040E-13
 5341.166504  2.9756E-13
 5343.906250  2.9823E-13
 5346.645996  2.9922E-13
 5349.385254  3.0069E-13
 5352.125000  3.0467E-13
 5354.864746  2.9715E-13
 5357.604004  3.0096E-13
 5360.343750  3.0212E-13
 5363.083008  3.0202E-13
 5365.822754  3.0089E-13
 5368.562012  3.0056E-13
 5371.301270  2.9438E-13
 5374.040527  2.9178E-13
 5376.780273  2.9864E-13
 5379.519531  2.9981E-13
 5382.258301  2.9947E-13
 5384.997559  2.9735E-13
 5387.736816  2.9849E-13
 5390.476074  2.9967E-13
 5393.215332  2.9973E-13
 5395.954102  2.9739E-13
 5398.693359  2.9391E-13
 5401.432129  2.9296E-13
 5404.170898  2.9471E-13
 5406.910156  2.9322E-13
 5409.648926  2.9609E-13
 5412.387695  2.9527E-13
 5415.126465  2.9574E-13
 5417.865234  2.9791E-13
 5420.604004  2.9817E-13
 5423.342773  2.9869E-13
 5426.081543  2.9502E-13
 5428.819824  2.9589E-13
 5431.558594  2.9580E-13
 5434.297363  2.9407E-13
 5437.035645  2.9303E-13
 5439.774414  2.9588E-13
 5442.512695  2.9616E-13
 5445.250977  2.9514E-13
 5447.989258  2.9287E-13
 5451.963867  2.9341E-13
 5456.834961  2.9285E-13
 5461.706543  2.9771E-13
 5466.578125  2.9534E-13
 5471.449707  2.9603E-13
 5476.321289  2.9677E-13
 5481.192871  2.9491E-13
 5486.064941  2.9491E-13
 5490.936523  2.9475E-13
 5495.808594  2.9397E-13
 5500.680176  2.9308E-13
 5505.552246  2.9313E-13
 5510.424316  2.9303E-13
 5515.296387  2.9315E-13
 5520.168457  2.9337E-13
 5525.040527  2.9312E-13
 5529.913086  2.9170E-13
 5534.785156  2.9049E-13
 5539.657715  2.8876E-13
 5544.530273  2.9176E-13
 5549.402344  2.9293E-13
 5554.274902  2.9200E-13
 5559.147461  2.9089E-13
 5564.020020  2.8895E-13
 5568.893066  2.9056E-13
 5573.765625  2.8809E-13
 5578.638184  2.8955E-13
 5583.511230  2.8781E-13
 5588.384277  2.8593E-13
 5593.256836  2.8492E-13
 5598.129883  2.8579E-13
 5603.002930  2.8806E-13
 5607.875977  2.8767E-13
 5612.749023  2.8684E-13
 5617.622559  2.8579E-13
 5622.495605  2.8916E-13
 5627.369141  2.8859E-13
 5632.242188  2.8699E-13
 5637.115723  2.8415E-13
 5641.989258  2.8679E-13
 5646.862793  2.8536E-13
 5651.736328  2.8481E-13
 5656.609863  2.8449E-13
 5661.483398  2.8485E-13
 5666.357422  2.8537E-13
 5671.230957  2.8567E-13
 5676.104980  2.8451E-13
 5680.978516  2.8513E-13
 5685.852539  2.8342E-13
 5690.726562  2.8483E-13
 5695.600586  2.8448E-13
 5700.474609  2.8428E-13
 5705.348633  2.8334E-13
 5710.222656  2.8163E-13
 5715.097168  2.8294E-13
 5719.971191  2.8172E-13
 5724.845703  2.8304E-13
 5729.720215  2.8290E-13
 5734.594238  2.8261E-13
 5739.468750  2.8324E-13
 5744.343262  2.8247E-13
 5749.217773  2.8154E-13
 5754.092773  2.8162E-13
 5758.967285  2.8017E-13
 5763.841797  2.8160E-13
 5768.716797  2.8054E-13
 5773.591797  2.8066E-13
 5778.466309  2.8120E-13
 5783.341309  2.8034E-13
 5788.216309  2.7928E-13
 5793.091309  2.8023E-13
 5797.966309  2.7865E-13
 5802.841309  2.7903E-13
 5807.716309  2.7702E-13
 5812.591797  2.7778E-13
 5817.466797  2.7856E-13
 5822.342285  2.7782E-13
 5827.217773  2.7779E-13
 5832.092773  2.7556E-13
 5836.968262  2.7779E-13
 5841.843750  2.7548E-13
 5846.719238  2.7586E-13
 5851.595215  2.7402E-13
 5856.470703  2.7303E-13
 5861.346191  2.7252E-13
 5866.222168  2.7466E-13
 5871.097656  2.7515E-13
 5875.973633  2.7410E-13
 5880.849609  2.7470E-13
 5885.725098  2.7195E-13
 5890.601074  2.6721E-13
 5895.477051  2.6741E-13
 5900.353027  2.6988E-13
 5905.229492  2.7167E-13
 5910.105469  2.7390E-13
 5914.981445  2.7298E-13
 5919.857910  2.7334E-13
 5924.733887  2.7011E-13
 5929.610352  2.7214E-13
 5934.486816  2.7239E-13
 5939.363281  2.7180E-13
 5944.239746  2.6990E-13
 5949.116211  2.7143E-13
 5953.992676  2.7176E-13
 5958.869141  2.7025E-13
 5963.745605  2.6928E-13
 5968.622559  2.7112E-13
 5973.499023  2.7073E-13
 5978.375977  2.7064E-13
 5983.252441  2.6962E-13
 5988.129395  2.6996E-13
 5993.006348  2.6808E-13
 5997.883301  2.6854E-13
 6002.760254  2.6846E-13
 6007.637207  2.6721E-13
 6012.514160  2.6739E-13
 6017.391602  2.6791E-13
 6022.268555  2.6804E-13
 6027.145508  2.6673E-13
 6032.022949  2.6712E-13
 6036.900391  2.6637E-13
 6041.777344  2.6951E-13
 6046.654785  2.6664E-13
 6051.532227  2.6667E-13
 6056.409668  2.6435E-13
 6061.287109  2.6465E-13
 6066.164551  2.6372E-13
 6071.042480  2.6369E-13
 6075.919922  2.6320E-13
 6080.797363  2.6607E-13
 6085.675293  2.6275E-13
 6090.552734  2.6197E-13
 6095.430664  2.6153E-13
 6100.308594  2.6197E-13
 6105.186523  2.6311E-13
 6110.064453  2.6154E-13
 6114.942383  2.6055E-13
 6119.820312  2.6106E-13
 6124.698242  2.5913E-13
 6129.576172  2.6028E-13
 6134.454102  2.6269E-13
 6139.332520  2.6024E-13
 6144.210449  2.6069E-13
 6149.088867  2.6029E-13
 6153.967285  2.6027E-13
 6158.845215  2.6018E-13
 6163.723633  2.5815E-13
 6168.602051  2.5806E-13
 6173.480469  2.5956E-13
 6178.358887  2.5977E-13
 6183.237305  2.5725E-13
 6188.115723  2.5962E-13
 6192.994629  2.5830E-13
 6197.873047  2.5858E-13
 6202.751953  2.5766E-13
 6207.630371  2.5712E-13
 6212.509277  2.5796E-13
 6217.387695  2.5604E-13
 6222.266602  2.5627E-13
 6227.145508  2.5618E-13
 6232.024414  2.5684E-13
 6236.903320  2.5719E-13
 6241.782227  2.5392E-13
 6246.661133  2.5456E-13
 6251.540527  2.5393E-13
 6256.419434  2.5485E-13
 6261.298340  2.5318E-13
 6266.177734  2.5277E-13
 6271.056641  2.5513E-13
 6275.936035  2.5537E-13
 6280.815430  2.5385E-13
 6285.694336  2.5436E-13
 6290.573730  2.5528E-13
 6295.453125  2.5475E-13
 6300.332520  2.5494E-13
 6305.211914  2.5126E-13
 6310.091309  2.5260E-13
 6314.971191  2.5019E-13
 6319.850586  2.4834E-13
 6324.729980  2.4722E-13
 6329.609863  2.4685E-13
 6334.489258  2.4682E-13
 6339.369141  2.4733E-13
 6344.249023  2.4974E-13
 6349.128418  2.4992E-13
 6354.008301  2.5161E-13
 6358.888184  2.5148E-13
 6363.768066  2.5026E-13
 6368.647949  2.4927E-13
 6373.527832  2.4862E-13
 6378.407715  2.4918E-13
 6383.288086  2.4967E-13
 6388.167969  2.4944E-13
 6393.047852  2.4797E-13
 6397.928223  2.4917E-13
 6402.808105  2.4745E-13
 6407.688477  2.4544E-13
 6412.568359  2.4519E-13
 6417.448730  2.4579E-13
 6422.329102  2.4632E-13
 6427.209473  2.4509E-13
 6432.089844  2.4482E-13
 6436.970215  2.4459E-13
 6441.850586  2.4342E-13
 6446.730957  2.4142E-13
 6451.611328  2.4253E-13
 6456.491699  2.4382E-13
 6461.372559  2.4243E-13
 6466.252930  2.4244E-13
 6471.133789  2.4362E-13
 6476.014160  2.4231E-13
 6480.895020  2.4093E-13
 6485.775391  2.4311E-13
 6490.656250  2.4226E-13
 6495.537109  2.4092E-13
 6500.417969  2.4053E-13
 6505.298828  2.4019E-13
 6510.179688  2.4133E-13
 6515.060547  2.4072E-13
 6519.941406  2.3923E-13
 6524.822266  2.3814E-13
 6529.703125  2.4005E-13
 6534.584473  2.4015E-13
 6539.465332  2.3763E-13
 6544.346680  2.3530E-13
 6549.227539  2.3267E-13
 6554.108887  2.2376E-13
 6558.989746  2.1534E-13
 6563.871094  2.0185E-13
 6568.752441  2.0561E-13
 6573.633789  2.2111E-13
 6578.514648  2.2868E-13
 6583.395996  2.3287E-13
 6588.277344  2.3558E-13
 6593.158691  2.3496E-13
 6598.040527  2.3669E-13
 6602.921875  2.3566E-13
 6607.803223  2.3650E-13
 6612.684570  2.3614E-13
 6617.566406  2.3712E-13
 6622.447754  2.3583E-13
 6627.329590  2.3659E-13
 6632.210938  2.3571E-13
 6637.092773  2.3428E-13
 6641.974121  2.3446E-13
 6646.855957  2.3353E-13
 6651.737793  2.3545E-13
 6656.619629  2.3496E-13
 6661.501465  2.3445E-13
 6666.382812  2.3456E-13
 6671.264648  2.3381E-13
 6676.146973  2.3335E-13
 6681.028809  2.3366E-13
 6685.910645  2.3331E-13
 6690.792480  2.3385E-13
 6695.674316  2.3426E-13
 6700.556641  2.3332E-13
 6705.438477  2.3188E-13
 6710.320801  2.3206E-13
 6715.202637  2.3180E-13
 6720.084961  2.3108E-13
 6724.966797  2.3019E-13
 6729.849121  2.3107E-13
 6734.731445  2.3147E-13
 6739.613281  2.3192E-13
 6744.495605  2.3237E-13
 6749.377930  2.3086E-13
 6754.260254  2.3168E-13
 6759.142578  2.3094E-13
 6764.024902  2.3070E-13
 6768.907227  2.2899E-13
 6773.789551  2.2902E-13
 6778.671875  2.2847E-13
 6783.554688  2.2843E-13
 6788.437012  2.2829E-13
 6793.319336  2.2825E-13
 6798.202148  2.2871E-13
 6803.084473  2.2835E-13
 6807.967285  2.2738E-13
 6812.849609  2.2718E-13
 6817.732422  2.2765E-13
 6822.615234  2.2680E-13
 6827.497559  2.2761E-13
 6832.380371  2.2709E-13
 6837.263184  2.2618E-13
 6842.145996  2.2603E-13
 6847.028809  2.2597E-13
 6851.911621  2.2439E-13
 6856.793945  2.2395E-13
 6861.677246  2.2440E-13
 6866.560059  2.2503E-13
 6871.442871  2.2529E-13
 6876.325684  2.2498E-13
 6881.208496  2.2280E-13
 6886.091309  2.2525E-13
 6890.974609  2.2387E-13
 6895.857422  2.2364E-13
 6900.740723  2.2309E-13
 6905.623535  2.2272E-13
 6910.506836  2.2354E-13
 6915.389648  2.2258E-13
 6920.272949  2.2164E-13
 6925.155762  2.2111E-13
 6930.039062  2.2294E-13
 6934.922363  2.2181E-13
 6939.805664  2.2222E-13
 6944.688477  2.2154E-13
 6949.571777  2.2038E-13
 6954.455078  2.1979E-13
 6959.338379  2.2065E-13
 6964.221680  2.2120E-13
 6969.104980  2.2035E-13
 6973.988281  2.1944E-13
 6978.871582  2.1925E-13
 6983.755371  2.1975E-13
 6988.638672  2.1815E-13
 6993.521973  2.1871E-13
 6998.405273  2.1884E-13
 7003.289062  2.1728E-13
 7008.172363  2.1734E-13
 7013.055664  2.1829E-13
 7017.939453  2.1734E-13
 7022.822754  2.1704E-13
 7027.706543  2.1735E-13
 7032.589844  2.1800E-13
 7037.473633  2.1627E-13
 7042.357422  2.1775E-13
 7047.240723  2.1514E-13
 7052.124512  2.1609E-13
 7057.008301  2.1601E-13
 7061.892090  2.1553E-13
 7066.775879  2.1566E-13
 7071.659668  2.1551E-13
 7076.542969  2.1463E-13
 7081.426758  2.1549E-13
 7086.310547  2.1289E-13
 7091.194336  2.1328E-13
 7096.078125  2.1324E-13
 7100.962402  2.1349E-13
 7105.846191  2.1265E-13
 7110.729980  2.1256E-13
 7115.613770  2.1217E-13
 7120.497559  2.1374E-13
 7125.381836  2.1279E-13
 7130.265625  2.1162E-13
 7135.149414  2.1082E-13
 7140.033691  2.1223E-13
 7144.917480  2.1190E-13
 7149.801758  2.1076E-13
 7154.685547  2.1069E-13
 7159.569824  2.1119E-13
 7164.453613  2.1075E-13
 7169.337891  2.0951E-13
 7174.221680  2.1020E-13
 7179.105957  2.0966E-13
 7183.990234  2.0970E-13
 7188.874512  2.0886E-13
 7193.758301  2.0835E-13
 7198.642578  2.0857E-13
 7203.526855  2.1029E-13
 7208.411133  2.0905E-13
 7213.295410  2.0952E-13
 7218.179688  2.0866E-13
 7223.063477  2.0810E-13
 7227.947754  2.0853E-13
 7232.832031  2.0759E-13
 7237.716309  2.0710E-13
 7242.601074  2.0661E-13
 7247.485352  2.0557E-13
 7252.369629  2.0625E-13
 7257.253906  2.0608E-13
 7262.138184  2.0576E-13
 7267.022461  2.0562E-13
 7271.907227  2.0768E-13
 7276.791504  2.0594E-13
 7281.675781  2.0632E-13
 7286.560059  2.0358E-13
 7291.444824  2.0523E-13
 7296.329102  2.0416E-13
 7301.213867  2.0450E-13
 7306.098145  2.0311E-13
 7310.982422  2.0315E-13
 7315.867188  2.0435E-13
 7320.751465  2.0339E-13
 7325.636230  2.0260E-13
 7330.520996  2.0332E-13
 7335.405273  2.0299E-13
 7340.290039  2.0407E-13
 7345.174316  2.0193E-13
 7350.059082  2.0306E-13
 7354.943848  2.0136E-13
 7359.828125  2.0301E-13
 7364.712891  2.0294E-13
 7369.597656  2.0147E-13
 7374.482422  2.0158E-13
 7379.366699  2.0142E-13
 7384.251465  2.0116E-13
 7389.136230  1.9978E-13
 7394.020996  1.9942E-13
 7398.905762  2.0031E-13
 7403.790527  1.9985E-13
 7408.675293  1.9879E-13
 7413.560059  1.9792E-13
 7418.444824  1.9892E-13
 7423.329590  1.9834E-13
 7428.214355  1.9871E-13
 7433.099121  1.9894E-13
 7437.983887  1.9836E-13
 7442.868652  1.9881E-13
 7447.753418  1.9807E-13
 7452.638184  1.9797E-13
 7457.522949  1.9644E-13
 7462.407715  1.9828E-13
 7467.292969  1.9585E-13
 7472.177734  1.9635E-13
 7477.062500  1.9580E-13
 7481.947266  1.9701E-13
 7486.832520  1.9567E-13
 7491.717285  1.9458E-13
 7496.602051  1.9538E-13
 7501.486816  1.9535E-13
 7506.372070  1.9537E-13
 7511.256836  1.9450E-13
 7516.141602  1.9547E-13
 7521.026855  1.9494E-13
 7525.911621  1.9267E-13
 7530.796875  1.9452E-13
 7535.681641  1.9410E-13
 7540.566406  1.9421E-13
 7545.451660  1.9497E-13
 7550.336426  1.9302E-13
 7555.221680  1.9314E-13
 7560.106445  1.9397E-13
 7564.991699  1.9372E-13
 7569.876465  1.9293E-13
 7574.761719  1.9295E-13
 7579.646484  1.9272E-13
 7584.531738  1.9199E-13
 7589.416992  1.9235E-13
 7594.301758  1.9112E-13
 7599.187012  1.9175E-13
 7604.071777  1.9111E-13
 7608.957031  1.9030E-13
 7613.842285  1.9045E-13
 7618.727051  1.9041E-13
 7623.612305  1.9030E-13
 7628.497559  1.9076E-13
 7633.382324  1.9019E-13
 7638.267578  1.9013E-13
 7643.152832  1.8994E-13
 7648.037598  1.8867E-13
 7652.922852  1.8894E-13
 7657.808105  1.8968E-13
 7662.693359  1.8888E-13
 7667.578125  1.8860E-13
 7672.463379  1.8957E-13
 7677.348633  1.9030E-13
 7682.233887  1.8815E-13
 7687.119141  1.8841E-13
 7692.003906  1.8662E-13
 7696.889160  1.8724E-13
 7701.774414  1.8685E-13
 7706.659668  1.8737E-13
 7711.544922  1.8722E-13
 7716.429688  1.8716E-13
 7721.314941  1.8839E-13
 7726.200195  1.8675E-13
 7731.085449  1.8746E-13
 7735.970703  1.8693E-13
 7740.855957  1.8625E-13
 7745.741211  1.8529E-13
 7750.625977  1.8548E-13
 7755.511230  1.8455E-13
 7760.396484  1.8552E-13
 7765.281738  1.8514E-13
 7770.166992  1.8517E-13
 7775.052246  1.8546E-13
 7779.937500  1.8393E-13
 7784.822754  1.8434E-13
 7789.708008  1.8416E-13
 7794.593262  1.8269E-13
 7799.478027  1.8421E-13
 7804.363281  1.8339E-13
 7809.248535  1.8375E-13
 7814.133789  1.8283E-13
 7819.019043  1.8337E-13
 7823.904297  1.8324E-13
 7828.789551  1.8344E-13
 7833.674805  1.8210E-13
 7838.560059  1.8327E-13
 7843.445312  1.8162E-13
 7848.330566  1.8099E-13
 7853.215820  1.8098E-13
 7858.101074  1.8121E-13
 7862.986328  1.8172E-13
 7867.871094  1.8221E-13
 7872.756348  1.8191E-13
 7877.641602  1.7995E-13
 7882.526855  1.7957E-13
 7887.412109  1.8026E-13
 7892.297363  1.8150E-13
 7897.182617  1.8187E-13
 7902.067871  1.8084E-13
 7906.953125  1.7872E-13
 7911.838379  1.7817E-13
 7916.723633  1.7897E-13
 7921.608887  1.7828E-13
 7926.494141  1.7919E-13
 7931.379395  1.7823E-13
 7936.264160  1.7855E-13
 7941.149414  1.7692E-13
 7946.034668  1.7673E-13
 7950.919922  1.7902E-13
 7955.805176  1.7621E-13
 7960.690430  1.7735E-13
 7965.575684  1.7774E-13
 7970.460938  1.7651E-13
 7975.346191  1.7817E-13
 7980.230957  1.7799E-13
 7985.116211  1.7768E-13
 7990.001465  1.7661E-13
 7994.886719  1.7584E-13
 7999.771973  1.7494E-13
 8004.657227  1.7489E-13
 8009.541992  1.7569E-13
 8014.427246  1.7619E-13
 8019.312500  1.7721E-13
 8024.197754  1.7568E-13
 8029.083008  1.7695E-13
 8033.967773  1.7477E-13
 8038.853027  1.7424E-13
 8043.738281  1.7437E-13
 8048.623535  1.7463E-13
 8053.508789  1.7358E-13
 8058.393555  1.7274E-13
 8063.278809  1.7396E-13
 8068.164062  1.7348E-13
 8073.048828  1.7235E-13
 8077.934082  1.7252E-13
 8082.819336  1.7232E-13
 8087.704590  1.7097E-13
 8092.589355  1.7199E-13
 8097.474609  1.7164E-13
 8102.359375  1.7309E-13
 8107.244629  1.7194E-13
 8112.129883  1.7146E-13
 8117.014648  1.7082E-13
 8121.899902  1.7210E-13
 8126.785156  1.7157E-13
 8131.669922  1.7252E-13
 8136.555176  1.6914E-13
 8141.439941  1.6981E-13
 8146.325195  1.6948E-13
 8151.209961  1.7049E-13
 8156.095215  1.7020E-13
 8160.979980  1.6970E-13
 8165.865234  1.6958E-13
 8170.750000  1.6909E-13
 8175.635254  1.7041E-13
 8180.520020  1.6928E-13
 8185.405273  1.6672E-13
 8190.290039  1.6869E-13
 8195.174805  1.6903E-13
 8200.059570  1.6874E-13
 8204.945312  1.6784E-13
 8209.830078  1.6740E-13
 8214.714844  1.6779E-13
 8219.599609  1.6859E-13
 8224.484375  1.6695E-13
 8229.369141  1.6687E-13
 8234.253906  1.6678E-13
 8239.138672  1.6685E-13
 8244.024414  1.6721E-13
 8248.909180  1.6645E-13
 8253.793945  1.6673E-13
 8258.678711  1.6554E-13
 8263.563477  1.6491E-13
 8268.448242  1.6591E-13
 8273.333008  1.6535E-13
 8278.217773  1.6546E-13
 8283.102539  1.6568E-13
 8287.987305  1.6512E-13
 8292.872070  1.6417E-13
 8297.756836  1.6533E-13
 8302.641602  1.6514E-13
 8307.526367  1.6486E-13
 8312.411133  1.6497E-13
 8317.295898  1.6469E-13
 8322.180664  1.6450E-13
 8327.065430  1.6330E-13
 8331.950195  1.6306E-13
 8336.834961  1.6276E-13
 8341.719727  1.6236E-13
 8346.603516  1.6234E-13
 8351.488281  1.6243E-13
 8356.373047  1.6275E-13
 8361.257812  1.6086E-13
 8366.142578  1.5999E-13
 8371.027344  1.6050E-13
 8375.912109  1.6131E-13
 8380.795898  1.6240E-13
 8385.680664  1.6234E-13
 8390.565430  1.6129E-13
 8395.450195  1.6194E-13
 8400.333984  1.6167E-13
 8405.218750  1.6112E-13
 8410.103516  1.6101E-13
 8414.988281  1.5989E-13
 8419.872070  1.6181E-13
 8424.756836  1.6140E-13
 8429.641602  1.6037E-13
 8434.525391  1.6101E-13
 8439.410156  1.5837E-13
 8444.294922  1.5817E-13
 8449.178711  1.5740E-13
 8454.063477  1.5812E-13
 8458.947266  1.5812E-13
 8463.832031  1.6005E-13
 8468.716797  1.5939E-13
 8473.600586  1.5885E-13
 8478.485352  1.5949E-13
 8483.369141  1.5838E-13
 8488.253906  1.5779E-13
 8493.137695  1.5770E-13
 8498.022461  1.5555E-13
 8502.906250  1.5315E-13
 8507.790039  1.5535E-13
 8512.674805  1.5632E-13
 8517.558594  1.5576E-13
 8522.443359  1.5549E-13
 8527.327148  1.5638E-13
 8532.210938  1.5410E-13
 8537.095703  1.5211E-13
 8541.979492  1.4810E-13
 8546.863281  1.4430E-13
 8551.748047  1.5146E-13
 8556.631836  1.5386E-13
 8561.515625  1.5370E-13
 8566.399414  1.5564E-13
 8571.284180  1.5591E-13
 8576.167969  1.5634E-13
 8581.051758  1.5590E-13
 8585.935547  1.5514E-13
 8590.819336  1.5468E-13
 8595.704102  1.5485E-13
 8600.587891  1.5424E-13
 8605.471680  1.5296E-13
 8610.355469  1.5472E-13
 8615.239258  1.5259E-13
 8620.123047  1.5547E-13
 8625.006836  1.5305E-13
 8629.890625  1.5403E-13
 8634.774414  1.5317E-13
 8639.658203  1.5241E-13
 8644.541992  1.5323E-13
 8649.425781  1.5298E-13
 8654.309570  1.5071E-13
 8659.193359  1.4767E-13
 8664.077148  1.4463E-13
 8668.959961  1.4507E-13
 8673.843750  1.4863E-13
 8678.727539  1.4856E-13
 8683.611328  1.5020E-13
 8688.495117  1.5133E-13
 8693.377930  1.5088E-13
 8698.261719  1.5109E-13
 8703.145508  1.5105E-13
 8708.029297  1.5091E-13
 8712.912109  1.5103E-13
 8717.795898  1.4939E-13
 8722.679688  1.4989E-13
 8727.562500  1.4958E-13
 8732.446289  1.5019E-13
 8737.329102  1.5010E-13
 8742.212891  1.4953E-13
 8747.095703  1.4861E-13
 8751.979492  1.4861E-13
 8756.862305  1.4940E-13
 8761.746094  1.5064E-13
 8766.628906  1.5053E-13
 8771.512695  1.5016E-13
 8776.395508  1.4950E-13
 8781.279297  1.4848E-13
 8786.162109  1.4828E-13
 8791.044922  1.4753E-13
 8795.928711  1.4813E-13
 8800.811523  1.4678E-13
 8805.694336  1.4804E-13
 8810.577148  1.4741E-13
 8815.460938  1.4640E-13
 8820.343750  1.4714E-13
 8825.226562  1.4660E-13
 8830.109375  1.4766E-13
 8834.992188  1.4678E-13
 8839.875000  1.4633E-13
 8844.758789  1.4734E-13
 8849.641602  1.4672E-13
 8854.524414  1.4631E-13
 8859.407227  1.4481E-13
 8864.290039  1.4384E-13
 8869.172852  1.4447E-13
 8874.055664  1.4445E-13
 8878.937500  1.4578E-13
 8883.820312  1.4556E-13
 8888.703125  1.4572E-13
 8893.585938  1.4467E-13
 8898.468750  1.4318E-13
 8903.351562  1.4301E-13
 8908.233398  1.4369E-13
 8913.116211  1.4531E-13
 8917.999023  1.4511E-13
 8922.881836  1.4609E-13
 8927.763672  1.4507E-13
 8932.646484  1.4418E-13
 8937.529297  1.4315E-13
 8942.411133  1.4209E-13
 8947.293945  1.4298E-13
 8952.175781  1.4262E-13
 8957.058594  1.4496E-13
 8961.940430  1.4382E-13
 8966.823242  1.4412E-13
 8971.705078  1.4251E-13
 8976.587891  1.4361E-13
 8981.469727  1.4317E-13
 8986.351562  1.4133E-13
 8991.234375  1.4258E-13
 8996.116211  1.4122E-13
 9000.998047  1.4210E-13
 9005.879883  1.4130E-13
 9010.762695  1.3992E-13
 9015.644531  1.4011E-13
 9020.526367  1.4051E-13
 9025.408203  1.4180E-13
 9030.290039  1.4076E-13
 9035.171875  1.4184E-13
 9040.053711  1.4061E-13
 9044.935547  1.4016E-13
 9049.817383  1.4069E-13
 9054.699219  1.3992E-13
 9059.581055  1.3993E-13
 9064.462891  1.3955E-13
 9069.344727  1.3864E-13
 9074.226562  1.4069E-13
 9079.108398  1.4124E-13
 9083.990234  1.4032E-13
 9088.871094  1.3873E-13
 9093.752930  1.3797E-13
 9098.634766  1.3783E-13
 9103.515625  1.3775E-13
 9108.397461  1.3808E-13
 9113.279297  1.3929E-13
 9118.160156  1.3881E-13
 9123.041992  1.3759E-13
 9127.922852  1.3798E-13
 9132.804688  1.3740E-13
 9137.685547  1.3791E-13
 9142.567383  1.3864E-13
 9147.448242  1.3949E-13
 9152.329102  1.3893E-13
 9157.210938  1.4031E-13
 9162.091797  1.3956E-13
 9166.972656  1.3670E-13
 9171.854492  1.3692E-13
 9176.735352  1.3606E-13
 9181.616211  1.3492E-13
 9186.497070  1.3686E-13
 9191.377930  1.3709E-13
 9196.258789  1.3742E-13
 9201.139648  1.3746E-13
 9206.020508  1.3590E-13
 9210.901367  1.3407E-13
 9215.782227  1.3202E-13
 9220.663086  1.3407E-13
 9225.543945  1.3454E-13
 9230.424805  1.3371E-13
 9235.305664  1.3328E-13
 9240.186523  1.3283E-13
 9245.066406  1.3203E-13
 9249.947266  1.3343E-13
 9254.828125  1.3379E-13
 9259.708984  1.3324E-13
 9264.588867  1.3321E-13
 9269.469727  1.3317E-13
 9274.349609  1.3392E-13
 9279.230469  1.3335E-13
 9284.110352  1.3360E-13
 9288.991211  1.3517E-13
 9293.871094  1.3577E-13
 9298.751953  1.3351E-13
 9303.631836  1.3463E-13
 9308.511719  1.3306E-13
 9313.392578  1.3255E-13
 9318.272461  1.3120E-13
 9323.152344  1.3219E-13
 9328.032227  1.3158E-13
 9332.912109  1.3104E-13
 9337.791992  1.3151E-13
 9342.671875  1.3028E-13
 9347.552734  1.2994E-13
 9352.432617  1.3047E-13
 9357.311523  1.3074E-13
 9362.191406  1.3110E-13
 9367.071289  1.3100E-13
 9371.951172  1.3063E-13
 9376.831055  1.3039E-13
 9381.710938  1.2982E-13
 9386.590820  1.2906E-13
 9391.469727  1.2965E-13
 9396.349609  1.3013E-13
 9401.229492  1.2986E-13
 9406.108398  1.2886E-13
 9410.988281  1.3089E-13
 9415.867188  1.2814E-13
 9420.747070  1.2800E-13
 9425.625977  1.2836E-13
 9430.505859  1.2920E-13
 9435.384766  1.2958E-13
 9440.263672  1.2970E-13
 9445.143555  1.2910E-13
 9450.022461  1.2853E-13
 9454.901367  1.2768E-13
 9459.780273  1.2854E-13
 9464.659180  1.2816E-13
 9469.539062  1.2777E-13
 9474.417969  1.2894E-13
 9479.296875  1.2812E-13
 9484.175781  1.2648E-13
 9489.054688  1.2610E-13
 9493.933594  1.2715E-13
 9498.811523  1.2657E-13
 9503.690430  1.2683E-13
 9508.569336  1.2715E-13
 9513.448242  1.2661E-13
 9518.327148  1.2646E-13
 9523.205078  1.2416E-13
 9528.083984  1.2551E-13
 9532.961914  1.2523E-13
 9537.840820  1.2445E-13
 9542.719727  1.2402E-13
 9547.597656  1.2304E-13
 9552.475586  1.2224E-13
 9557.354492  1.2188E-13
 9562.232422  1.2478E-13
 9567.111328  1.2476E-13
 9571.989258  1.2529E-13
 9576.867188  1.2459E-13
 9581.745117  1.2239E-13
 9586.623047  1.2400E-13
 9591.501953  1.2368E-13
 9596.379883  1.2469E-13
 9601.257812  1.2483E-13
 9606.135742  1.2408E-13
 9611.013672  1.2413E-13
 9615.890625  1.2670E-13
 9620.768555  1.2398E-13
 9625.646484  1.2311E-13
 9630.524414  1.2250E-13
 9635.402344  1.2361E-13
 9640.279297  1.2287E-13
 9645.157227  1.2055E-13
 9650.035156  1.2345E-13
 9654.912109  1.2131E-13
 9659.790039  1.2177E-13
 9664.666992  1.2135E-13
 9669.544922  1.2126E-13
 9674.421875  1.2109E-13
 9679.298828  1.2066E-13
 9684.176758  1.2144E-13
 9689.053711  1.2108E-13
 9693.930664  1.2234E-13
 9698.807617  1.2364E-13
 9703.684570  1.2302E-13
 9708.562500  1.2022E-13
 9713.439453  1.1971E-13
 9718.316406  1.1985E-13
 9723.193359  1.1940E-13
 9728.069336  1.1948E-13
 9732.946289  1.2044E-13
 9737.823242  1.1952E-13
 9742.700195  1.1914E-13
 9747.577148  1.1976E-13
 9752.453125  1.2063E-13
 9757.330078  1.2141E-13
 9762.207031  1.2037E-13
 9767.083008  1.1977E-13
 9771.959961  1.1970E-13
 9776.835938  1.2036E-13
 9781.711914  1.2022E-13
 9786.588867  1.2021E-13
 9791.464844  1.1842E-13
 9796.340820  1.1788E-13
 9801.217773  1.1717E-13
 9806.093750  1.1835E-13
 9810.969727  1.1839E-13
 9815.845703  1.1713E-13
 9820.721680  1.1618E-13
 9825.597656  1.1613E-13
 9830.473633  1.1739E-13
 9835.349609  1.1735E-13
 9840.225586  1.1703E-13
 9845.101562  1.1568E-13
 9849.976562  1.1692E-13
 9854.852539  1.1636E-13
 9859.728516  1.1755E-13
 9864.603516  1.1719E-13
 9869.479492  1.1524E-13
 9874.354492  1.1546E-13
 9879.230469  1.1750E-13
 9884.105469  1.1537E-13
 9888.981445  1.1707E-13
 9893.856445  1.1683E-13
 9898.731445  1.1593E-13
 9903.607422  1.1598E-13
 9908.482422  1.1714E-13
 9913.357422  1.1553E-13
 9918.232422  1.1237E-13
 9923.107422  1.1597E-13
 9927.982422  1.1544E-13
 9932.857422  1.1550E-13
 9937.732422  1.1353E-13
 9942.607422  1.1433E-13
 9947.481445  1.1583E-13
 9952.356445  1.1502E-13
 9957.231445  1.1522E-13
 9962.105469  1.1539E-13
 9966.980469  1.1464E-13
 9971.855469  1.1352E-13
 9976.729492  1.1313E-13
 9981.603516  1.1457E-13
 9986.478516  1.1435E-13
 9991.352539  1.1239E-13
 9996.226562  1.1435E-13
10001.101562  1.1280E-13
10005.975586  1.1483E-13
10010.849609  1.1465E-13
10015.723633  1.1257E-13
10020.597656  1.1296E-13
10025.471680  1.1219E-13
10030.345703  1.1163E-13
10035.219727  1.1243E-13
10040.093750  1.1074E-13
10044.966797  1.1020E-13
10049.840820  1.0847E-13
10054.714844  1.0850E-13
10059.587891  1.0833E-13
10064.461914  1.1128E-13
10069.334961  1.0856E-13
10074.208984  1.1141E-13
10079.082031  1.1102E-13
10083.956055  1.0942E-13
10088.829102  1.0912E-13
10093.702148  1.1098E-13
10098.575195  1.1111E-13
10103.449219  1.0837E-13
10108.322266  1.1060E-13
10113.195312  1.1069E-13
10118.068359  1.0854E-13
10122.941406  1.1046E-13
10127.813477  1.0978E-13
10132.686523  1.1282E-13
10137.559570  1.1089E-13
10142.432617  1.0973E-13
10147.304688  1.1033E-13
10152.177734  1.1098E-13
10157.049805  1.0874E-13
10161.922852  1.0901E-13
10166.794922  1.0816E-13
10171.667969  1.0833E-13
10176.540039  1.1045E-13
10181.412109  1.0973E-13
10186.284180  1.0810E-13
10191.157227  1.0850E-13
10196.029297  1.0982E-13
10200.901367  1.0853E-13
10205.773438  1.1084E-13
10210.645508  1.1152E-13
10215.517578  1.0895E-13
10220.388672  1.1089E-13
10225.260742  1.1146E-13
