#*CD-3018140
#*
#*  Heap-Lindler STIS
#set .z.units = "Ergs/s/cm**2/A"
#set .z.label = "Flux"
#set .table.bandwidth = 2.74
#*
  2950.  2.86566479E-13
  2952.73999  2.95357624E-13
  2955.47998  2.96867294E-13
  2958.21997  3.01813235E-13
  2960.95996  3.02229135E-13
  2963.69995  3.00581147E-13
  2966.43994  2.82060318E-13
  2969.17993  2.79432104E-13
  2971.91992  2.85538601E-13
  2974.65991  3.02093935E-13
  2977.3999  3.09039388E-13
  2980.13989  2.98206392E-13
  2982.87988  2.85219656E-13
  2985.62012  2.73567166E-13
  2988.36011  2.91687383E-13
  2991.1001  3.10236944E-13
  2993.84009  3.04436272E-13
  2996.58008  3.05172093E-13
  2999.32007  2.98719952E-13
  3002.06006  2.83025746E-13
  3004.80005  3.00565237E-13
  3007.54004  3.01075923E-13
  3010.28003  3.03623148E-13
  3013.02002  3.10113317E-13
  3015.76001  3.03847876E-13
  3018.5  2.90313157E-13
  3021.23999  2.86389212E-13
  3023.97998  3.11556933E-13
  3026.71997  3.12032789E-13
  3029.45996  3.11999287E-13
  3032.19995  3.11817087E-13
  3034.93994  3.2040985E-13
  3037.67993  3.09906967E-13
  3040.41992  3.03290623E-13
  3043.15991  3.03348221E-13
  3045.8999  3.12089953E-13
  3048.63989  3.11850128E-13
  3051.37988  3.15383245E-13
  3054.12012  3.09935671E-13
  3056.86011  3.0227749E-13
  3059.6001  2.92118163E-13
  3062.34009  3.04813466E-13
  3065.08008  2.93013199E-13
  3067.82007  3.04781265E-13
  3070.56006  3.11289704E-13
  3073.30005  2.99191553E-13
  3076.04004  2.97940817E-13
  3078.78003  3.07954644E-13
  3081.52002  3.11443932E-13
  3084.26001  3.11625779E-13
  3087.  3.02689975E-13
  3089.73999  2.92758954E-13
  3092.47998  2.88690079E-13
  3095.21997  2.95017239E-13
  3097.95996  2.94722797E-13
  3100.69995  2.88614401E-13
  3103.43994  3.03879101E-13
  3106.17993  3.09817222E-13
  3108.91992  3.20399523E-13
  3111.65991  3.2390586E-13
  3114.3999  3.1805873E-13
  3117.13989  3.09717638E-13
  3119.87988  2.95824834E-13
  3122.62012  3.01693132E-13
  3125.36011  3.06615708E-13
  3128.1001  3.04174844E-13
  3130.84009  3.09555089E-13
  3133.58008  3.13660231E-13
  3136.32007  3.10590231E-13
  3139.06006  3.04539299E-13
  3141.80005  3.02538187E-13
  3144.54004  3.06169207E-13
  3147.28003  3.13176053E-13
  3150.02002  3.14763867E-13
  3152.76001  3.12762403E-13
  3155.5  3.07050636E-13
  3158.23999  3.02259899E-13
  3160.97998  2.95461545E-13
  3163.71997  2.95285958E-13
  3166.45996  3.12686319E-13
  3169.19995  3.22698682E-13
  3171.93994  3.26910943E-13
  3174.67993  3.28301676E-13
  3177.41992  3.16393342E-13
  3180.15991  3.00631075E-13
  3182.8999  2.95146042E-13
  3185.63989  3.06174302E-13
  3188.37988  3.14778016E-13
  3191.12012  3.09083163E-13
  3193.86011  3.09141683E-13
  3196.6001  3.13200935E-13
  3199.34009  3.23526362E-13
  3202.08008  3.27562332E-13
  3204.82007  3.27663054E-13
  3207.56006  3.29341291E-13
  3210.30005  3.15202508E-13
  3213.04004  3.01727745E-13
  3215.78003  3.03551319E-13
  3218.52002  3.1637014E-13
  3221.26001  3.22814529E-13
  3224.  3.22760238E-13
  3226.73999  3.12254671E-13
  3229.47998  2.98681273E-13
  3232.21997  2.9631801E-13
  3234.95996  2.97398391E-13
  3237.69995  3.07152226E-13
  3240.43994  3.15160197E-13
  3243.17993  3.23473751E-13
  3245.91992  3.23041995E-13
  3248.65991  3.15975951E-13
  3251.3999  3.14218866E-13
  3254.13989  3.17171663E-13
  3256.87988  3.27342428E-13
  3259.62012  3.34866819E-13
  3262.36011  3.37077019E-13
  3265.1001  3.3117755E-13
  3267.84009  3.31220294E-13
  3270.58008  3.3599485E-13
  3273.32007  3.30657783E-13
  3276.06006  3.24834696E-13
  3278.80005  3.25034785E-13
  3281.54004  3.28898313E-13
  3284.28003  3.34647837E-13
  3287.02002  3.34820333E-13
  3289.76001  3.38740375E-13
  3292.5  3.46026999E-13
  3295.23999  3.38471059E-13
  3297.97998  3.4279258E-13
  3300.71997  3.48124985E-13
  3303.45996  3.40663018E-13
  3306.19995  3.30729774E-13
  3308.93994  3.2950018E-13
  3311.67993  3.40570644E-13
  3314.41992  3.41132775E-13
  3317.15991  3.38053777E-13
  3319.8999  3.33729707E-13
  3322.63989  3.26199191E-13
  3325.37988  3.28149915E-13
  3328.12012  3.3089151E-13
  3330.86011  3.34167752E-13
  3333.6001  3.38269045E-13
  3336.34009  3.31949962E-13
  3339.08008  3.25154671E-13
  3341.82007  3.21907187E-13
  3344.56006  3.27384522E-13
  3347.30005  3.29568648E-13
  3350.04004  3.21591847E-13
  3352.78003  3.32711126E-13
  3355.52002  3.42064213E-13
  3358.26001  3.41019612E-13
  3361.  3.21300034E-13
  3363.73999  3.26582782E-13
  3366.47998  3.3868237E-13
  3369.21997  3.28599642E-13
  3371.95996  3.19062946E-13
  3374.69995  3.27952997E-13
  3377.43994  3.36450648E-13
  3380.17993  3.22583621E-13
  3382.91992  3.25585885E-13
  3385.65991  3.30960682E-13
  3388.3999  3.31673952E-13
  3391.13989  3.32032389E-13
  3393.87988  3.28311705E-13
  3396.62012  3.44990773E-13
  3399.36011  3.48638111E-13
  3402.1001  3.40529959E-13
  3404.84009  3.29291119E-13
  3407.58008  3.320129E-13
  3410.32007  3.33949068E-13
  3413.06006  3.30879448E-13
  3415.80005  3.35537506E-13
  3418.54004  3.42421295E-13
  3421.28003  3.42163472E-13
  3424.02002  3.32178783E-13
  3426.76001  3.45121962E-13
  3429.5  3.56226116E-13
  3432.23999  3.37741852E-13
  3434.97998  3.32445687E-13
  3437.71997  3.37795764E-13
  3440.45996  3.2765972E-13
  3443.19995  3.19170661E-13
  3445.93994  3.23067446E-13
  3448.67993  3.36872321E-13
  3451.41992  3.39553228E-13
  3454.15991  3.39681218E-13
  3456.8999  3.41555614E-13
  3459.63989  3.34657486E-13
  3462.37988  3.31053571E-13
  3465.12012  3.378957E-13
  3467.86011  3.43641836E-13
  3470.6001  3.41645847E-13
  3473.34009  3.3355759E-13
  3476.08008  3.29183349E-13
  3478.82007  3.31356958E-13
  3481.56006  3.40677736E-13
  3484.30005  3.38770732E-13
  3487.04004  3.39877323E-13
  3489.78003  3.32033636E-13
  3492.52002  3.28087465E-13
  3495.26001  3.35557428E-13
  3498.  3.34382722E-13
  3500.73999  3.367803E-13
  3503.47998  3.34678628E-13
  3506.21997  3.36948758E-13
  3508.95996  3.38916449E-13
  3511.69995  3.28637399E-13
  3514.43994  3.3028498E-13
  3517.17993  3.37718975E-13
  3519.91992  3.44158079E-13
  3522.65991  3.33830267E-13
  3525.3999  3.22175744E-13
  3528.13989  3.28889666E-13
  3530.87988  3.42694081E-13
  3533.62012  3.45858623E-13
  3536.36011  3.45125241E-13
  3539.1001  3.45777552E-13
  3541.84009  3.49900718E-13
  3544.58008  3.50665704E-13
  3547.32007  3.54088991E-13
  3550.06006  3.49746247E-13
  3552.80005  3.46590378E-13
  3555.54004  3.43504874E-13
  3558.28003  3.39491754E-13
  3561.02002  3.4521195E-13
  3563.76001  3.44344399E-13
  3566.5  3.3458704E-13
  3569.23999  3.30222584E-13
  3571.97998  3.25631557E-13
  3574.71997  3.30411886E-13
  3577.45996  3.32615066E-13
  3580.19995  3.27909466E-13
  3582.93994  3.32942116E-13
  3585.67993  3.27231677E-13
  3588.41992  3.24942167E-13
  3591.15991  3.3654969E-13
  3593.8999  3.43415834E-13
  3596.63989  3.46236413E-13
  3599.37988  3.42755474E-13
  3602.12012  3.44268261E-13
  3604.86011  3.38820823E-13
  3607.6001  3.40879858E-13
  3610.34009  3.35870817E-13
  3613.08008  3.38929487E-13
  3615.82007  3.43329531E-13
  3618.56006  3.35319608E-13
  3621.30005  3.42571755E-13
  3624.04004  3.43471264E-13
  3626.78003  3.49769204E-13
  3629.52002  3.439224E-13
  3632.26001  3.32646644E-13
  3635.  3.45362383E-13
  3637.73999  3.48968711E-13
  3640.47998  3.5035527E-13
  3643.21997  3.40106063E-13
  3645.95996  3.43169883E-13
  3648.69995  3.44729643E-13
  3651.43994  3.44097526E-13
  3654.17993  3.51246511E-13
  3656.91992  3.5171982E-13
  3659.65991  3.56908351E-13
  3662.3999  3.62084521E-13
  3665.13989  3.62334376E-13
  3667.87988  3.6048985E-13
  3670.62012  3.55756928E-13
  3673.36011  3.57231768E-13
  3676.1001  3.586727E-13
  3678.84009  3.48112029E-13
  3681.58008  3.45093312E-13
  3684.32007  3.409525E-13
  3687.06006  3.452187E-13
  3689.80005  3.51182272E-13
  3692.54004  3.56424173E-13
  3695.28003  3.57424187E-13
  3698.02002  3.54412734E-13
  3700.76001  3.59980763E-13
  3703.5  3.43013161E-13
  3706.23999  3.30756581E-13
  3708.97998  3.46830366E-13
  3711.71997  3.44580863E-13
  3714.45996  3.52584525E-13
  3717.19995  3.86136408E-13
  3719.93994  3.63556624E-13
  3722.67993  3.28618263E-13
  3725.41992  3.59589474E-13
  3728.15991  3.89119807E-13
  3730.8999  3.82665877E-13
  3733.63989  3.39555966E-13
  3736.37988  3.12174765E-13
  3739.12012  3.69766907E-13
  3741.86011  4.08104323E-13
  3744.6001  3.87471413E-13
  3747.34009  3.45365853E-13
  3750.08008  3.22542828E-13
  3752.82007  3.41470802E-13
  3755.56006  4.10043744E-13
  3758.30005  4.20443953E-13
  3761.04004  4.11572848E-13
  3763.78003  4.102315E-13
  3766.52002  4.03496735E-13
  3769.26001  3.47828808E-13
  3772.  3.26917801E-13
  3774.73999  3.8646419E-13
  3777.47998  4.35613107E-13
  3780.21997  4.65107119E-13
  3782.95996  4.73167349E-13
  3785.69995  4.53702966E-13
  3788.43994  4.56783537E-13
  3791.17993  4.4108166E-13
  3793.91992  4.02150372E-13
  3796.65991  3.41337229E-13
  3799.3999  3.16334442E-13
  3802.13989  3.88612536E-13
  3804.87988  4.32772633E-13
  3807.62012  4.45352685E-13
  3810.36011  4.67460272E-13
  3813.1001  4.72874181E-13
  3815.84009  4.62447409E-13
  3818.58008  4.69894794E-13
  3821.32007  4.68125918E-13
  3824.06006  4.54941152E-13
  3826.80005  4.32804237E-13
  3829.54004  4.04171136E-13
  3832.28003  3.64895451E-13
  3835.02002  3.0676625E-13
  3837.76001  3.27307219E-13
  3840.5  3.86845964E-13
  3843.23999  4.31618066E-13
  3845.97998  4.66276811E-13
  3848.71997  4.76358753E-13
  3851.45996  4.81234735E-13
  3854.19995  4.87580516E-13
  3856.93994  4.84941514E-13
  3859.67993  4.79387255E-13
  3862.41992  4.90745086E-13
  3865.15991  4.95537368E-13
  3867.8999  4.96915389E-13
  3870.63989  4.88551419E-13
  3873.37988  4.74124863E-13
  3876.12012  4.68940262E-13
  3878.86011  4.57416873E-13
  3881.6001  4.46602418E-13
  3884.34009  4.18698903E-13
  3887.08008  3.52189577E-13
  3889.82007  3.13167569E-13
  3892.56006  3.63311486E-13
  3895.30005  4.2085305E-13
  3898.04004  4.4035145E-13
  3900.78003  4.5126549E-13
  3903.52002  4.6343425E-13
  3906.26001  4.63885766E-13
  3909.  4.83422222E-13
  3911.73999  4.89435695E-13
  3914.47998  4.97374602E-13
  3917.21997  4.86830736E-13
  3919.95996  4.79711214E-13
  3922.69995  4.81001035E-13
  3925.43994  4.73797054E-13
  3928.17993  4.51021273E-13
  3930.91992  3.69929429E-13
  3933.65991  2.68020035E-13
  3936.3999  3.22591942E-13
  3939.13989  4.37589038E-13
  3941.87988  4.62455432E-13
  3944.62012  4.83498387E-13
  3947.36011  4.83705144E-13
  3950.1001  4.78216642E-13
  3952.84009  4.81054107E-13
  3955.58008  4.79712841E-13
  3958.32007  4.61745713E-13
  3961.06006  4.47406923E-13
  3963.80005  4.04963552E-13
  3966.54004  3.23495083E-13
  3969.28003  2.29719726E-13
  3972.02002  2.91456041E-13
  3974.76001  3.89506325E-13
  3977.5  4.37798154E-13
  3980.23999  4.55773277E-13
  3982.97998  4.76967424E-13
  3985.71997  4.85875934E-13
  3988.45996  4.92285954E-13
  3991.19995  4.9948099E-13
  3993.93994  4.97628197E-13
  3996.67993  5.02777724E-13
  3999.41992  4.98444493E-13
  4002.15991  5.07460176E-13
  4004.8999  5.11249626E-13
  4007.63989  4.96992638E-13
  4010.37988  5.07880142E-13
  4013.12012  5.14575145E-13
  4015.86011  5.1325231E-13
  4018.6001  5.14539745E-13
  4021.34009  5.13005545E-13
  4024.08008  5.12992209E-13
  4026.82007  5.14167376E-13
  4029.56006  5.05951509E-13
  4032.30005  5.04204209E-13
  4035.04004  5.02382858E-13
  4037.78003  5.14285446E-13
  4040.52002  5.11936739E-13
  4043.26001  5.13780696E-13
  4046.  5.00937996E-13
  4048.73999  5.1150566E-13
  4051.47998  5.14860344E-13
  4054.21997  5.07689539E-13
  4056.95996  5.1174619E-13
  4059.69995  5.08057192E-13
  4062.43994  5.04516567E-13
  4065.17993  4.9929261E-13
  4067.91992  5.04770271E-13
  4070.65991  5.00753193E-13
  4073.3999  4.94916987E-13
  4076.13989  4.8726008E-13
  4078.87988  4.864266E-13
  4081.62012  4.95605564E-13
  4084.36011  4.90810192E-13
  4087.1001  4.86479726E-13
  4089.84009  4.81870295E-13
  4092.58008  4.65848443E-13
  4095.32007  4.41475524E-13
  4098.06006  3.98583049E-13
  4100.7998  3.41885862E-13
  4103.54004  3.31865449E-13
  4106.27979  4.06702206E-13
  4109.02002  4.39906141E-13
  4111.75977  4.63852318E-13
  4114.5  4.747846E-13
  4117.24023  4.8070353E-13
  4119.97998  4.8993356E-13
  4122.72021  4.89453584E-13
  4125.45996  4.97180856E-13
  4128.2002  4.91510424E-13
  4130.93994  4.92092857E-13
  4133.68018  4.88044609E-13
  4136.41992  4.97793701E-13
  4139.16016  5.00288342E-13
  4141.8999  4.97458682E-13
  4144.64014  4.94267333E-13
  4147.37988  4.99638904E-13
  4150.12012  4.97549755E-13
  4152.85986  4.96824045E-13
  4155.6001  4.94582619E-13
  4158.33984  5.03078265E-13
  4161.08008  5.04645262E-13
  4163.81982  5.01254854E-13
  4166.56006  4.98609021E-13
  4169.2998  5.03299605E-13
  4172.04004  4.92058651E-13
  4174.77979  4.83537852E-13
  4177.52002  4.91148084E-13
  4180.25977  4.92306608E-13
  4183.  4.89686687E-13
  4185.74023  4.90468885E-13
  4188.47998  4.87735828E-13
  4191.22021  4.96834561E-13
  4193.95996  4.95854172E-13
  4196.7002  4.94250094E-13
  4199.43994  4.84461375E-13
  4202.18018  4.85077202E-13
  4204.91992  4.9512266E-13
  4207.66016  5.00278638E-13
  4210.3999  4.90429583E-13
  4213.14014  4.88326502E-13
  4215.87988  4.85598486E-13
  4218.62012  4.91215033E-13
  4221.35986  4.95067312E-13
  4224.1001  4.88041844E-13
  4226.83984  4.73891434E-13
  4229.58008  4.84972468E-13
  4232.31982  4.89379912E-13
  4235.06006  4.79791283E-13
  4237.7998  4.85810068E-13
  4240.54004  4.94027291E-13
  4243.27979  5.00342769E-13
  4246.02002  4.89293827E-13
  4248.75977  4.83075331E-13
  4251.5  4.79166728E-13
  4254.24023  4.83249508E-13
  4256.97998  4.94469808E-13
  4259.72021  4.84121586E-13
  4262.45996  4.93093955E-13
  4265.2002  4.96924225E-13
  4267.93994  4.9161673E-13
  4270.68018  4.80313543E-13
  4273.41992  4.83232486E-13
  4276.16016  4.84281994E-13
  4278.8999  4.92407655E-13
  4281.64014  4.8924352E-13
  4284.37988  4.81656978E-13
  4287.12012  4.76061302E-13
  4289.85986  4.64592123E-13
  4292.6001  4.71035862E-13
  4295.33984  4.7667328E-13
  4298.08008  4.66567486E-13
  4300.81982  4.5619037E-13
  4303.56006  4.63711263E-13
  4306.2998  4.66935681E-13
  4309.04004  4.59753546E-13
  4311.77979  4.59329298E-13
  4314.52002  4.59610052E-13
  4317.25977  4.70767631E-13
  4320.  4.68622049E-13
  4322.74023  4.61695244E-13
  4325.47998  4.54595779E-13
  4328.22021  4.51655613E-13
  4330.95996  4.50683734E-13
  4333.7002  4.27264533E-13
  4336.43994  3.93292007E-13
  4339.18018  3.3129074E-13
  4341.91992  3.25413551E-13
  4344.66016  3.8811337E-13
  4347.3999  4.3131945E-13
  4350.14014  4.40791067E-13
  4352.87988  4.480411E-13
  4355.62012  4.65306775E-13
  4358.35986  4.75362967E-13
  4361.1001  4.81305967E-13
  4363.83984  4.78204553E-13
  4366.58008  4.82073745E-13
  4369.31982  4.750447E-13
  4372.06006  4.78075966E-13
  4374.7998  4.666063E-13
  4377.54004  4.74696888E-13
  4380.27979  4.797561E-13
  4383.02002  4.70079379E-13
  4385.75977  4.75121244E-13
  4388.5  4.79383731E-13
  4391.24023  4.785084E-13
  4393.97998  4.77905367E-13
  4396.72021  4.77942772E-13
  4399.45996  4.73134336E-13
  4402.2002  4.74226886E-13
  4404.93994  4.73620492E-13
  4407.68018  4.68127165E-13
  4410.41992  4.83661993E-13
  4413.16016  4.84009154E-13
  4415.8999  4.73546116E-13
  4418.64014  4.7870708E-13
  4421.37988  4.78289771E-13
  4424.12012  4.8060747E-13
  4426.85986  4.75499739E-13
  4429.6001  4.82983987E-13
  4432.33984  4.7953991E-13
  4435.08008  4.72847022E-13
  4437.81982  4.7996302E-13
  4440.56006  4.78796907E-13
  4443.2998  4.70791212E-13
  4446.04004  4.7932204E-13
  4448.77979  4.80473408E-13
  4451.52002  4.75008271E-13
  4454.25977  4.71025183E-13
  4457.  4.71435824E-13
  4459.74023  4.75763905E-13
  4462.47998  4.69241399E-13
  4465.22021  4.6725037E-13
  4467.95996  4.7022824E-13
  4470.7002  4.70274861E-13
  4473.43994  4.76827616E-13
  4476.18018  4.78128062E-13
  4478.91992  4.75173178E-13
  4481.66016  4.73673943E-13
  4484.3999  4.74343492E-13
  4487.14014  4.75393217E-13
  4489.87988  4.76242797E-13
  4492.62012  4.6980616E-13
  4495.35986  4.71968764E-13
  4498.1001  4.75199144E-13
  4500.83984  4.67771926E-13
  4503.58008  4.73229854E-13
  4506.31982  4.7128859E-13
  4509.06006  4.69705655E-13
  4511.7998  4.68371327E-13
  4514.54004  4.67594062E-13
  4517.27979  4.67399557E-13
  4520.02002  4.69896528E-13
  4522.75977  4.66153537E-13
  4525.5  4.66549163E-13
  4528.24023  4.63031848E-13
  4530.97998  4.6384977E-13
  4533.72021  4.59637211E-13
  4536.45996  4.63241912E-13
  4539.2002  4.66955034E-13
  4541.93994  4.65542752E-13
  4544.68018  4.64638202E-13
  4547.41992  4.57399906E-13
  4550.16016  4.58867428E-13
  4552.8999  4.59736036E-13
  4555.64014  4.60353598E-13
  4558.37988  4.63746988E-13
  4561.12012  4.6323248E-13
  4563.85986  4.58242602E-13
  4566.6001  4.62402686E-13
  4569.33984  4.63859908E-13
  4572.08008  4.6331759E-13
  4574.81982  4.64120875E-13
  4577.56006  4.61590076E-13
  4580.2998  4.64842466E-13
  4583.04004  4.60372138E-13
  4585.77979  4.62759117E-13
  4588.52002  4.63976188E-13
  4591.25977  4.63620624E-13
  4594.  4.62046579E-13
  4596.74023  4.63776966E-13
  4599.47998  4.60852764E-13
  4602.22021  4.65328514E-13
  4604.95996  4.66601475E-13
  4607.7002  4.64230379E-13
  4610.43994  4.62184273E-13
  4613.18018  4.63427636E-13
  4615.91992  4.60273204E-13
  4618.66016  4.62549595E-13
  4621.3999  4.66274155E-13
  4624.14014  4.65987817E-13
  4626.87988  4.60790369E-13
  4629.62012  4.65203668E-13
  4632.35986  4.61693617E-13
  4635.1001  4.61786371E-13
  4637.83984  4.61727932E-13
  4640.58008  4.65554244E-13
  4643.31982  4.62086153E-13
  4646.06006  4.61080772E-13
  4648.7998  4.59570533E-13
  4651.54004  4.59245543E-13
  4654.27979  4.60206309E-13
  4657.02002  4.5702179E-13
  4659.75977  4.56321721E-13
  4662.5  4.5610114E-13
  4665.24023  4.57988573E-13
  4667.97998  4.58530729E-13
  4670.72021  4.57786803E-13
  4673.45996  4.56264204E-13
  4676.2002  4.57954312E-13
  4678.93994  4.55036399E-13
  4681.68018  4.57843778E-13
  4684.41992  4.57781599E-13
  4687.16016  4.57385594E-13
  4689.8999  4.58787251E-13
  4692.64014  4.56454265E-13
  4695.37988  4.52569514E-13
  4698.12012  4.54807199E-13
  4700.85986  4.56074035E-13
  4703.6001  4.50305185E-13
  4706.33984  4.4805598E-13
  4709.08008  4.53389523E-13
  4711.81982  4.57838737E-13
  4714.56006  4.54797062E-13
  4717.2998  4.49232963E-13
  4720.04004  4.52822919E-13
  4722.77979  4.54638443E-13
  4725.52002  4.54509748E-13
  4728.25977  4.54324105E-13
  4731.  4.516033E-13
  4733.74023  4.50433094E-13
  4736.47998  4.52758707E-13
  4739.22021  4.56883012E-13
  4741.95996  4.52810939E-13
  4744.7002  4.50215657E-13
  4747.43994  4.46366278E-13
  4750.18018  4.47839194E-13
  4752.91992  4.49549333E-13
  4755.66016  4.4324215E-13
  4758.3999  4.43774114E-13
  4761.14014  4.43724837E-13
  4763.87988  4.48063651E-13
  4766.62012  4.49923464E-13
  4769.35986  4.45615495E-13
  4772.1001  4.46102194E-13
  4774.83984  4.44827768E-13
  4777.58008  4.43896412E-13
  4780.31982  4.45849764E-13
  4783.06006  4.46286535E-13
  4785.7998  4.45934278E-13
  4788.54004  4.43451265E-13
  4791.27979  4.42726666E-13
  4794.02002  4.45329185E-13
  4796.75977  4.44302554E-13
  4799.5  4.44055925E-13
  4802.24023  4.43091175E-13
  4804.97998  4.41769126E-13
  4807.72021  4.41208783E-13
  4810.45996  4.40656273E-13
  4813.2002  4.41585109E-13
  4815.93994  4.43474874E-13
  4818.68018  4.4513514E-13
  4821.41992  4.43283756E-13
  4824.16016  4.38056167E-13
  4826.8999  4.34240046E-13
  4829.64014  4.35706348E-13
  4832.37988  4.3714213E-13
  4835.12012  4.31532685E-13
  4837.85986  4.30061477E-13
  4840.6001  4.34624098E-13
  4843.33984  4.29683388E-13
  4846.08008  4.21727648E-13
  4848.81982  4.15584694E-13
  4851.56006  4.05534493E-13
  4854.2998  3.92924354E-13
  4857.04004  3.61979273E-13
  4859.77979  3.10550061E-13
  4862.52002  3.06693825E-13
  4865.25977  3.51902237E-13
  4868.  3.86759011E-13
  4870.74023  4.02002379E-13
  4873.47998  4.11476978E-13
  4876.22021  4.19353544E-13
  4878.95996  4.25199101E-13
  4881.7002  4.27942485E-13
  4884.43994  4.27478826E-13
  4887.18018  4.27772889E-13
  4889.91992  4.25753725E-13
  4892.66016  4.26431947E-13
  4895.3999  4.32301628E-13
  4898.14014  4.32514647E-13
  4900.87988  4.29879494E-13
  4903.62012  4.31196853E-13
  4906.35986  4.32561024E-13
  4909.1001  4.34000709E-13
  4911.83984  4.31441043E-13
  4914.58008  4.31085208E-13
  4917.31982  4.26739373E-13
  4920.06006  4.21791942E-13
  4922.7998  4.27879737E-13
  4925.54004  4.318345E-13
  4928.27979  4.34119998E-13
  4931.02002  4.30290433E-13
  4933.75977  4.25718055E-13
  4936.5  4.27357856E-13
  4939.24023  4.29396102E-13
  4941.97998  4.2657265E-13
  4944.72021  4.2571445E-13
  4947.45996  4.30681803E-13
  4950.2002  4.29178042E-13
  4952.93994  4.30382563E-13
  4955.68018  4.27381139E-13
  4958.41992  4.21506471E-13
  4961.16016  4.27050376E-13
  4963.8999  4.24748778E-13
  4966.64014  4.23692223E-13
  4969.37988  4.28608131E-13
  4972.12012  4.25805712E-13
  4974.85986  4.26864897E-13
  4977.6001  4.29144594E-13
  4980.33984  4.2489501E-13
  4983.08008  4.19973274E-13
  4985.81982  4.21932861E-13
  4988.56006  4.23142641E-13
  4991.2998  4.22497568E-13
  4994.04004  4.24123573E-13
  4996.77979  4.21638012E-13
  4999.52002  4.20644964E-13
  5002.25977  4.25278844E-13
  5005.  4.21370024E-13
  5007.74023  4.17000473E-13
  5010.47998  4.17553606E-13
  5013.22021  4.18476614E-13
  5015.95996  4.12525428E-13
  5018.7002  4.11456053E-13
  5021.43994  4.17013158E-13
  5024.18018  4.17214494E-13
  5026.91992  4.2326399E-13
  5029.66016  4.20841909E-13
  5032.3999  4.14954095E-13
  5035.14014  4.19957661E-13
  5037.87988  4.19435238E-13
  5040.62012  4.13863767E-13
  5043.35986  4.1386889E-13
  5046.1001  4.17959233E-13
  5048.83984  4.16263649E-13
  5051.58008  4.14375619E-13
  5054.31982  4.18188108E-13
  5057.06006  4.16254271E-13
  5059.7998  4.17213437E-13
  5062.54004  4.26096766E-13
  5065.27979  4.21597056E-13
  5068.02002  4.12749668E-13
  5070.75977  4.16973991E-13
  5073.5  4.1383135E-13
  5076.24023  4.12543345E-13
  5078.97998  4.13397913E-13
  5081.72021  4.13200236E-13
  5084.45996  4.22629678E-13
  5087.2002  4.23337662E-13
  5089.93994  4.10480054E-13
  5092.68018  4.11015894E-13
  5095.41992  4.14249527E-13
  5098.16016  4.13294046E-13
  5100.8999  4.12722319E-13
  5103.64014  4.16512419E-13
  5106.37988  4.12171382E-13
  5109.12012  4.11651263E-13
  5111.85986  4.16029705E-13
  5114.6001  4.12058761E-13
  5117.33984  4.15492049E-13
  5120.08008  4.13279437E-13
  5122.81982  4.05910169E-13
  5125.56006  4.08717087E-13
  5128.2998  4.12085622E-13
  5131.04004  4.09820696E-13
  5133.77979  4.08594572E-13
  5136.52002  4.07693464E-13
  5139.25977  4.05681917E-13
  5142.  4.08453463E-13
  5144.74023  4.09983462E-13
  5147.47998  4.11228614E-13
  5150.22021  4.06706244E-13
  5152.95996  4.05056576E-13
  5155.7002  4.04158586E-13
  5158.43994  4.09564499E-13
  5161.18018  4.06328617E-13
  5163.91992  3.98975042E-13
  5166.66016  3.93422843E-13
  5169.3999  3.85636591E-13
  5172.14014  3.89675136E-13
  5174.87988  3.9453724E-13
  5177.62012  4.0221472E-13
  5180.35986  4.02903134E-13
  5183.1001  3.95282412E-13
  5185.83984  3.90380328E-13
  5188.58008  4.02390496E-13
  5191.31982  3.98105187E-13
  5194.06006  3.96627094E-13
  5196.7998  4.00660381E-13
  5199.54004  4.06909315E-13
  5202.27979  4.02310292E-13
  5205.02002  3.98320699E-13
  5207.75977  3.97111868E-13
  5210.5  3.99668173E-13
  5213.24023  4.02341219E-13
  5215.97998  4.00402828E-13
  5218.72021  4.01710186E-13
  5221.45996  4.0340203E-13
  5224.2002  3.99754015E-13
  5226.93994  3.88616521E-13
  5229.68018  3.91810418E-13
  5232.41992  3.95842511E-13
  5235.16016  4.028425E-13
  5237.8999  4.0445563E-13
  5240.64014  4.03773315E-13
  5243.37988  4.01403222E-13
  5246.12012  4.00034064E-13
  5248.85986  3.9849325E-13
  5251.6001  4.0001959E-13
  5254.33984  4.01437645E-13
  5257.08008  4.0115315E-13
  5259.81982  3.98762837E-13
  5262.56006  3.96875349E-13
  5265.2998  3.95376901E-13
  5268.04004  3.90378918E-13
  5270.77979  3.8986151E-13
  5273.52002  3.97814973E-13
  5276.25977  3.98969784E-13
  5279.  3.97302281E-13
  5281.74023  3.92974417E-13
  5284.47998  3.97695847E-13
  5287.22021  4.00619533E-13
  5289.95996  3.97214705E-13
  5292.7002  3.95778245E-13
  5295.43994  3.93859641E-13
  5298.18018  3.91851563E-13
  5300.91992  3.93719074E-13
  5303.66016  3.93037762E-13
  5306.3999  3.96153325E-13
  5309.14014  3.94166335E-13
  5311.87988  3.94783679E-13
  5314.62012  3.95512941E-13
  5317.35986  3.91371207E-13
  5320.1001  3.94487042E-13
  5322.83984  3.88533227E-13
  5325.58008  3.87107257E-13
  5328.31982  3.85304066E-13
  5331.06006  3.88714831E-13
  5333.7998  3.94063769E-13
  5336.54004  3.9204737E-13
  5339.27979  3.90233418E-13
  5342.02002  3.87169707E-13
  5344.75977  3.9718085E-13
  5347.5  4.03262737E-13
  5350.24023  3.87224324E-13
  5352.97998  3.85359903E-13
  5355.72021  3.90232985E-13
  5358.45996  3.92956718E-13
  5361.2002  3.88030808E-13
  5363.93994  3.86632946E-13
  5366.68018  3.85807136E-13
  5369.41992  3.85611383E-13
  5372.16016  3.82988725E-13
  5374.8999  3.84997156E-13
  5377.64014  3.85638976E-13
  5380.37988  3.8735825E-13
  5383.12012  3.84893641E-13
  5385.85986  3.83428993E-13
  5388.6001  3.88734943E-13
  5391.33984  3.85222426E-13
  5394.08008  3.80704691E-13
  5396.81982  3.81108502E-13
  5399.56006  3.81437991E-13
  5402.2998  3.82768307E-13
  5405.04004  3.77415032E-13
  5407.77979  3.82600012E-13
  5410.52002  3.81136637E-13
  5413.25977  3.82645548E-13
  5416.  3.84700681E-13
  5418.74023  3.7906882E-13
  5421.47998  3.80502162E-13
  5424.22021  3.82441014E-13
  5426.95996  3.78469418E-13
  5429.7002  3.8006287E-13
  5432.43994  3.76307221E-13
  5435.18018  3.75236382E-13
  5437.91992  3.79019136E-13
  5440.66016  3.79245328E-13
  5443.3999  3.78937929E-13
  5446.14014  3.79754198E-13
  5448.87988  3.75371799E-13
  5451.62012  3.77236057E-13
  5454.35986  3.74195792E-13
  5457.1001  3.77647024E-13
  5459.83984  3.76015977E-13
  5462.58008  3.76406182E-13
  5465.31982  3.78079865E-13
  5468.06006  3.76986989E-13
  5470.7998  3.77943418E-13
  5473.54004  3.76232601E-13
  5476.27979  3.75620487E-13
  5479.02002  3.79237955E-13
  5481.75977  3.77284873E-13
  5484.5  3.78536449E-13
  5487.24023  3.80199615E-13
  5489.97998  3.762004E-13
  5492.72021  3.80157359E-13
  5495.45996  3.74800858E-13
  5498.2002  3.75491251E-13
  5500.93994  3.83764228E-13
  5503.68018  3.76880764E-13
  5506.41992  3.73809084E-13
  5509.16016  3.72109272E-13
  5511.8999  3.72890087E-13
  5514.64014  3.75040493E-13
  5517.37988  3.72740169E-13
  5520.12012  3.72354952E-13
  5522.85986  3.75102537E-13
  5525.6001  3.71885926E-13
  5528.33984  3.67002517E-13
  5531.08008  3.66301173E-13
  5533.81982  3.70085473E-13
  5536.56006  3.7336139E-13
  5539.2998  3.68331559E-13
  5542.04004  3.71336263E-13
  5544.77979  3.68809177E-13
  5547.52002  3.68283718E-13
  5550.25977  3.71416846E-13
  5553.  3.74002939E-13
  5555.74023  3.71379631E-13
  5558.47998  3.68307761E-13
  5561.22021  3.68814408E-13
  5563.95996  3.69289994E-13
  5566.7002  3.71985998E-13
  5569.43994  3.69958675E-13
  5572.18018  3.66500992E-13
  5574.91992  3.67262319E-13
  5577.66016  3.64528584E-13
  5580.3999  3.66274854E-13
  5583.14014  3.65040301E-13
  5585.87988  3.61671739E-13
  5588.62012  3.59756794E-13
  5591.35986  3.64727725E-13
  5594.1001  3.67197754E-13
  5596.83984  3.70674845E-13
  5599.58008  3.68206062E-13
  5602.31982  3.64157462E-13
  5605.06006  3.63946666E-13
  5607.7998  3.64208826E-13
  5610.54004  3.64886642E-13
  5613.27979  3.6673293E-13
  5616.02002  3.67363719E-13
  5618.75977  3.63499812E-13
  5621.5  3.61173195E-13
  5624.24023  3.64998342E-13
  5626.97998  3.66961507E-13
  5629.72021  3.66513921E-13
  5632.45996  3.60499418E-13
  5635.2002  3.62213975E-13
  5637.93994  3.65958457E-13
  5640.68018  3.66184595E-13
  5643.41992  3.67241366E-13
  5646.16016  3.65613356E-13
  5648.8999  3.66614833E-13
  5651.64014  3.59921484E-13
  5654.37988  3.54384491E-13
  5657.12012  3.53610316E-13
  5659.85986  3.56105445E-13
  5662.6001  3.5380081E-13
  5665.33984  3.51581259E-13
  5668.08008  3.57565811E-13
  5670.81982  3.61829951E-13
  5673.56006  3.59589555E-13
  5676.2998  3.56590761E-13
  5679.04004  3.52101079E-13
  5681.77979  3.51405753E-13
  5684.52002  3.51946282E-13
  5687.25977  3.44211367E-13
  5690.  3.37625517E-13
  5692.74023  3.43061788E-13
  5695.47998  3.44745689E-13
  5698.22021  3.35133776E-13
  5700.95996  3.39246209E-13
  5703.7002  3.53898687E-13
  5706.43994  3.58614885E-13
  5709.18018  3.59282699E-13
  5711.91992  3.57848029E-13
  5714.66016  3.55452863E-13
  5717.3999  3.5532547E-13
  5720.14014  3.47268275E-13
  5722.87988  3.24506562E-13
  5725.62012  3.31797957E-13
  5728.35986  3.54397067E-13
  5731.1001  3.5317921E-13
  5733.83984  3.47874751E-13
  5736.58008  3.51758309E-13
  5739.31982  3.55281261E-13
  5742.06006  3.5733577E-13
  5744.7998  3.57166092E-13
  5747.54004  3.54936295E-13
  5750.27979  3.50321307E-13
  5753.02002  3.45139336E-13
  5755.75977  3.44683293E-13
  5758.5  3.45495795E-13
  5761.24023  3.45725564E-13
  5763.97998  3.48121515E-13
  5766.72021  3.55630293E-13
  5769.45996  3.51849355E-13
  5772.2002  3.41584156E-13
  5774.93994  3.37843035E-13
  5777.68018  3.37300852E-13
  5780.41992  3.41099951E-13
  5783.16016  3.44936834E-13
  5785.8999  3.47036012E-13
  5788.64014  3.50175563E-13
  5791.37988  3.54338276E-13
  5794.12012  3.57638425E-13
  5796.85986  3.59191762E-13
  5799.6001  3.52729998E-13
  5802.33984  3.46295312E-13
  5805.08008  3.45444945E-13
  5807.81982  3.45674281E-13
  5810.56006  3.46881486E-13
  5813.2998  3.48879806E-13
  5816.04004  3.51537376E-13
  5818.77979  3.51296547E-13
  5821.52002  3.49455816E-13
  5824.26025  3.45931319E-13
  5827.  3.43201921E-13
  5829.74023  3.42554462E-13
  5832.47998  3.42206379E-13
  5835.22021  3.42277069E-13
  5837.95996  3.42455366E-13
  5840.7002  3.42924284E-13
  5843.43994  3.44775586E-13
  5846.18018  3.45641213E-13
  5848.91992  3.42717337E-13
  5851.66016  3.40459269E-13
  5854.3999  3.38889968E-13
  5857.14014  3.40339492E-13
  5859.87988  3.44129158E-13
  5862.62012  3.43509238E-13
  5865.35986  3.41956904E-13
  5868.1001  3.44348085E-13
  5870.83984  3.44382346E-13
  5873.58008  3.37096453E-13
  5876.31982  3.35171696E-13
  5879.06006  3.3982829E-13
  5881.7998  3.36828059E-13
  5884.54004  3.31110627E-13
  5887.27979  3.33065661E-13
  5890.02002  3.3620654E-13
  5892.76025  3.37030154E-13
  5895.5  3.35789475E-13
  5898.24023  3.29409487E-13
  5900.97998  3.32491169E-13
  5903.72021  3.4277526E-13
  5906.45996  3.38661309E-13
  5909.2002  3.30692234E-13
  5911.93994  3.31942563E-13
  5914.68018  3.33806144E-13
  5917.41992  3.32404216E-13
  5920.16016  3.34199465E-13
  5922.8999  3.41036417E-13
  5925.64014  3.39540055E-13
  5928.37988  3.34158753E-13
  5931.12012  3.35837315E-13
  5933.85986  3.38475179E-13
  5936.6001  3.37966173E-13
  5939.33984  3.36872105E-13
  5942.08008  3.35162508E-13
  5944.81982  3.34107037E-13
  5947.56006  3.33464782E-13
  5950.2998  3.35501917E-13
  5953.04004  3.37855449E-13
  5955.77979  3.34641088E-13
  5958.52002  3.31649991E-13
  5961.26025  3.31847966E-13
  5964.  3.3278656E-13
  5966.74023  3.35087752E-13
  5969.47998  3.34734573E-13
  5972.22021  3.33026656E-13
  5974.95996  3.33922749E-13
  5977.7002  3.35000392E-13
  5980.43994  3.34245435E-13
  5983.18018  3.32815779E-13
  5985.91992  3.30415925E-13
  5988.66016  3.28973312E-13
  5991.3999  3.28263377E-13
  5994.14014  3.28563267E-13
  5996.87988  3.29478117E-13
  5999.62012  3.30728256E-13
  6002.35986  3.30401044E-13
  6005.1001  3.25371484E-13
  6007.83984  3.22919832E-13
  6010.58008  3.23990644E-13
  6013.31982  3.26196454E-13
  6016.06006  3.2960177E-13
  6018.7998  3.29676309E-13
  6021.54004  3.28915308E-13
  6024.27979  3.29986201E-13
  6027.02002  3.30023362E-13
  6029.76025  3.27509883E-13
  6032.5  3.26148586E-13
  6035.24023  3.25788197E-13
  6037.97998  3.25176003E-13
  6040.72021  3.24457692E-13
  6043.45996  3.22738906E-13
  6046.2002  3.2174003E-13
  6048.93994  3.2344239E-13
  6051.68018  3.24452406E-13
  6054.41992  3.22440398E-13
  6057.16016  3.28318075E-13
  6059.8999  3.39300013E-13
  6062.64014  3.37788228E-13
  6065.37988  3.31100924E-13
  6068.12012  3.20714402E-13
  6070.85986  3.18340406E-13
  6073.6001  3.37681489E-13
  6076.33984  3.39669428E-13
  6079.08008  3.2210584E-13
  6081.81982  3.21642046E-13
  6084.56006  3.27503243E-13
  6087.2998  3.26079523E-13
  6090.04004  3.23464346E-13
  6092.77979  3.22233668E-13
  6095.52002  3.20674151E-13
  6098.26025  3.17923747E-13
  6101.  3.17665897E-13
  6103.74023  3.1924585E-13
  6106.47998  3.18110745E-13
  6109.22021  3.16232229E-13
  6111.95996  3.1505503E-13
  6114.7002  3.15178439E-13
  6117.43994  3.18427359E-13
  6120.18018  3.19014319E-13
  6122.91992  3.16207862E-13
  6125.66016  3.15798603E-13
  6128.3999  3.16814364E-13
  6131.14014  3.22554077E-13
  6133.87988  3.26560068E-13
  6136.62012  3.19534275E-13
  6139.35986  3.15664189E-13
  6142.1001  3.19400187E-13
  6144.83984  3.20531633E-13
  6147.58008  3.20335311E-13
  6150.31982  3.17571598E-13
  6153.06006  3.1455421E-13
  6155.7998  3.17144802E-13
  6158.54004  3.19832919E-13
  6161.27979  3.20283622E-13
  6164.02002  3.19587727E-13
  6166.76025  3.17355246E-13
  6169.5  3.15416855E-13
  6172.24023  3.14010265E-13
  6174.97998  3.20064071E-13
  6177.72021  3.25580031E-13
  6180.45996  3.20219301E-13
  6183.2002  3.16126519E-13
  6185.93994  3.16210952E-13
  6188.68018  3.17621553E-13
  6191.41992  3.20856623E-13
  6194.16016  3.19058717E-13
  6196.8999  3.15330851E-13
  6199.64014  3.14443052E-13
  6202.37988  3.12977861E-13
  6205.12012  3.07638436E-13
  6207.85986  3.0660015E-13
  6210.6001  3.12625549E-13
  6213.33984  3.12367726E-13
  6216.08008  3.09265092E-13
  6218.81982  3.11914313E-13
  6221.56006  3.15213621E-13
  6224.2998  3.14754841E-13
  6227.04004  3.12683337E-13
  6229.77979  3.07668442E-13
  6232.52002  3.06822195E-13
  6235.26025  3.09995004E-13
  6238.  3.1104153E-13
  6240.74023  3.1056215E-13
  6243.47998  3.03181769E-13
  6246.22021  2.98998456E-13
  6248.95996  3.09018273E-13
  6251.7002  3.14034497E-13
  6254.43994  3.10361654E-13
  6257.18018  3.09122763E-13
  6259.91992  3.08411825E-13
  6262.66016  3.09638084E-13
  6265.3999  3.11227823E-13
  6268.14014  3.10800702E-13
  6270.87988  3.1033089E-13
  6273.62012  3.10692742E-13
  6276.35986  3.10093558E-13
  6279.1001  3.08613459E-13
  6281.83984  3.06052357E-13
  6284.58008  3.03177026E-13
  6287.31982  3.03352531E-13
  6290.06006  3.04075314E-13
  6292.7998  3.03864898E-13
  6295.54004  3.03374106E-13
  6298.27979  3.01662829E-13
  6301.02002  3.03652015E-13
  6303.76025  3.08294785E-13
  6306.5  3.0895482E-13
  6309.24023  3.07910435E-13
  6311.97998  3.05521911E-13
  6314.72021  3.04585486E-13
  6317.45996  3.08400413E-13
  6320.2002  3.08134133E-13
  6322.93994  3.02952894E-13
  6325.68018  3.0128184E-13
  6328.41992  3.01371287E-13
  6331.16016  3.04017065E-13
  6333.8999  3.07139974E-13
  6336.64014  3.09658142E-13
  6339.37988  3.08968535E-13
  6342.12012  3.02357125E-13
  6344.85986  2.99922847E-13
  6347.6001  3.00163377E-13
  6350.33984  3.02661569E-13
  6353.08008  3.05214513E-13
  6355.81982  3.0162808E-13
  6358.56006  2.97538117E-13
  6361.2998  2.94523358E-13
  6364.04004  2.94196064E-13
  6366.77979  2.97569234E-13
  6369.52002  2.97783011E-13
  6372.26025  2.96858756E-13
  6375.  2.99035102E-13
  6377.74023  3.01369796E-13
  6380.47998  3.01831016E-13
  6383.22021  3.00595838E-13
  6385.95996  2.96284969E-13
  6388.7002  2.94654844E-13
  6391.43994  2.95006722E-13
  6394.18018  2.96599496E-13
  6396.91992  2.98855179E-13
  6399.66016  2.99948976E-13
  6402.3999  3.00301098E-13
  6405.14014  2.99002685E-13
  6407.87988  2.9960298E-13
  6410.62012  3.03817843E-13
  6413.35986  3.02263748E-13
  6416.1001  2.97521095E-13
  6418.83984  2.94908249E-13
  6421.58008  2.93475124E-13
  6424.31982  2.94815875E-13
  6427.06006  2.94892176E-13
  6429.7998  2.91009025E-13
  6432.54004  2.90865964E-13
  6435.27979  2.94024625E-13
  6438.02002  2.96433125E-13
  6440.76025  2.98054414E-13
  6443.5  2.94719517E-13
  6446.24023  2.91661606E-13
  6448.97998  2.92743667E-13
  6451.72021  2.9352394E-13
  6454.45996  2.93310298E-13
  6457.2002  2.94812568E-13
  6459.93994  2.97197867E-13
  6462.68018  2.95233212E-13
  6465.41992  2.92551627E-13
  6468.16016  2.93528385E-13
  6470.8999  2.94220404E-13
  6473.64014  2.93352094E-13
  6476.37988  2.92626627E-13
  6479.12012  2.91968245E-13
  6481.85986  2.91095951E-13
  6484.6001  2.90195819E-13
  6487.33984  2.89671715E-13
  6490.08008  2.89667704E-13
  6492.81982  2.91025965E-13
  6495.56006  2.91205157E-13
  6498.2998  2.89220416E-13
  6501.04004  2.88589004E-13
  6503.77979  2.88650912E-13
  6506.52002  2.87905116E-13
  6509.26025  2.88080269E-13
  6512.  2.93672042E-13
  6514.74023  2.96610094E-13
  6517.47998  2.91957837E-13
  6520.22021  2.89210387E-13
  6522.95996  2.88152315E-13
  6525.7002  2.87473523E-13
  6528.43994  2.87158914E-13
  6531.18018  2.86049477E-13
  6533.91992  2.8496392E-13
  6536.66016  2.84104798E-13
  6539.3999  2.84441904E-13
  6542.14014  2.89389525E-13
  6544.87988  2.82696962E-13
  6547.62012  2.67154137E-13
  6550.35986  2.64168245E-13
  6553.1001  2.63869655E-13
  6555.83984  2.56257743E-13
  6558.58008  2.45014133E-13
  6561.31982  2.23751898E-13
  6564.06006  2.21277491E-13
  6566.7998  2.41809638E-13
  6569.54004  2.53387778E-13
  6572.27979  2.6270983E-13
  6575.02002  2.69560009E-13
  6577.76025  2.75156363E-13
  6580.5  2.81553047E-13
  6583.24023  2.85440074E-13
  6585.97998  2.84838369E-13
  6588.72021  2.86546855E-13
  6591.45996  2.89792767E-13
  6594.2002  2.88454942E-13
  6596.93994  2.85783902E-13
  6599.68018  2.87305336E-13
  6602.41992  2.87895413E-13
  6605.16016  2.84125533E-13
  6607.8999  2.82027982E-13
  6610.64014  2.81328048E-13
  6613.37988  2.85473847E-13
  6616.12012  2.91870911E-13
  6618.85986  2.83556002E-13
  6621.6001  2.74154207E-13
  6624.33984  2.77521007E-13
  6627.08008  2.82255176E-13
  6629.81982  2.87478076E-13
  6632.56006  2.88861898E-13
  6635.2998  2.86739816E-13
  6638.04004  2.86473482E-13
  6640.77979  2.86368341E-13
  6643.52002  2.85077924E-13
  6646.26025  2.8297758E-13
  6649.  2.78712058E-13
  6651.74023  2.77776039E-13
  6654.47998  2.81561151E-13
  6657.22021  2.84607353E-13
  6659.95996  2.87707954E-13
  6662.7002  2.87303222E-13
  6665.43994  2.85734246E-13
  6668.18018  2.85772328E-13
  6670.91992  2.8432771E-13
  6673.66016  2.78588974E-13
  6676.3999  2.78107263E-13
  6679.14014  2.82837447E-13
  6681.87988  2.83482818E-13
  6684.62012  2.82476597E-13
  6687.35986  2.80772747E-13
  6690.1001  2.79030732E-13
  6692.83984  2.78396392E-13
  6695.58008  2.7700078E-13
  6698.31982  2.73144273E-13
  6701.06006  2.75012191E-13
  6703.7998  2.80472097E-13
  6706.54004  2.78272116E-13
  6709.27979  2.74780524E-13
  6712.02002  2.77717221E-13
  6714.76025  2.79138258E-13
  6717.5  2.74581762E-13
  6720.24023  2.74362835E-13
  6722.97998  2.78815626E-13
  6725.72021  2.79558847E-13
  6728.45996  2.79016095E-13
  6731.2002  2.80377501E-13
  6733.93994  2.81004142E-13
  6736.68018  2.7799887E-13
  6739.41992  2.76826088E-13
  6742.16016  2.80283419E-13
  6744.8999  2.77425272E-13
  6747.64014  2.70316674E-13
  6750.37988  2.71587359E-13
  6753.12012  2.75322435E-13
  6755.85986  2.75870554E-13
  6758.6001  2.75269445E-13
  6761.33984  2.72846632E-13
  6764.08008  2.72246445E-13
  6766.81982  2.74085117E-13
  6769.56006  2.72276749E-13
  6772.2998  2.69338561E-13
  6775.04004  2.73416733E-13
  6777.77979  2.77000428E-13
  6780.52002  2.72140193E-13
  6783.26025  2.69527347E-13
  6786.  2.72409455E-13
  6788.74023  2.72507657E-13
  6791.47998  2.70872246E-13
  6794.22021  2.72303474E-13
  6796.95996  2.73819216E-13
  6799.7002  2.68599894E-13
  6802.43994  2.6689279E-13
  6805.18018  2.78286292E-13
  6807.91992  2.80551109E-13
  6810.66016  2.70400727E-13
  6813.3999  2.68417368E-13
  6816.14014  2.69793546E-13
  6818.87988  2.70625861E-13
  6821.62012  2.71406107E-13
  6824.35986  2.71799591E-13
  6827.1001  2.70914394E-13
  6829.83984  2.67599148E-13
  6832.58008  2.65904865E-13
  6835.31982  2.65294676E-13
  6838.06006  2.67328396E-13
  6840.7998  2.70444637E-13
  6843.54004  2.7149325E-13
  6846.27979  2.71553884E-13
  6849.02002  2.7078944E-13
  6851.76025  2.68963047E-13
  6854.5  2.65010426E-13
  6857.24023  2.65270743E-13
  6859.97998  2.67661679E-13
  6862.72021  2.63596409E-13
  6865.45996  2.60005288E-13
  6868.2002  2.66532646E-13
  6870.93994  2.69674257E-13
  6873.68018  2.62761655E-13
  6876.41992  2.62201068E-13
  6879.16016  2.67276734E-13
  6881.8999  2.66956216E-13
  6884.64014  2.64802557E-13
  6887.37988  2.64707066E-13
  6890.12012  2.64457184E-13
  6892.85986  2.62420782E-13
  6895.6001  2.61983902E-13
  6898.33984  2.6430461E-13
  6901.08008  2.64655621E-13
  6903.81982  2.64145829E-13
  6906.56006  2.65999137E-13
  6909.2998  2.67625332E-13
  6912.04004  2.64560319E-13
  6914.77979  2.63603565E-13
  6917.52002  2.69728901E-13
  6920.26025  2.69222307E-13
  6923.  2.61694041E-13
  6925.74023  2.60799032E-13
  6928.47998  2.62602087E-13
  6931.22021  2.64050636E-13
  6933.95996  2.64417448E-13
  6936.7002  2.61366558E-13
  6939.43994  2.59232333E-13
  6942.18018  2.57599579E-13
  6944.91992  2.61197449E-13
  6947.66016  2.6869281E-13
  6950.3999  2.67999869E-13
  6953.14014  2.64024913E-13
  6955.87988  2.58759431E-13
  6958.62012  2.56642526E-13
  6961.35986  2.63199158E-13
  6964.1001  2.63429361E-13
  6966.83984  2.55973275E-13
  6969.58008  2.57566023E-13
  6972.31982  2.62665107E-13
  6975.06006  2.60703162E-13
  6977.7998  2.58535652E-13
  6980.54004  2.6167767E-13
  6983.27979  2.63028938E-13
  6986.02002  2.60366517E-13
  6988.76025  2.60246387E-13
  6991.5  2.61704883E-13
  6994.24023  2.59345415E-13
  6996.97998  2.56290486E-13
  6999.72021  2.57231817E-13
  7002.45996  2.5823156E-13
  7005.2002  2.57552036E-13
  7007.93994  2.57262175E-13
  7010.68018  2.57611884E-13
  7013.41992  2.56746501E-13
  7016.16016  2.55172917E-13
  7018.8999  2.5316633E-13
  7021.64014  2.51865233E-13
  7024.37988  2.52784555E-13
  7027.12012  2.54950493E-13
  7029.85986  2.58904362E-13
  7032.6001  2.61882746E-13
  7035.33984  2.64348602E-13
  7038.08008  2.63483462E-13
  7040.81982  2.60683592E-13
  7043.56006  2.57178718E-13
  7046.2998  2.54251888E-13
  7049.04004  2.53179585E-13
  7051.77979  2.52474474E-13
  7054.52002  2.51620014E-13
  7057.26025  2.5404185E-13
  7060.  2.58268586E-13
  7062.74023  2.57616438E-13
  7065.47998  2.55605162E-13
  7068.22021  2.54241452E-13
  7070.95996  2.54056081E-13
  7073.7002  2.5622668E-13
  7076.43994  2.56907587E-13
  7079.18018  2.56504047E-13
  7081.91992  2.54583301E-13
  7084.66016  2.52230284E-13
  7087.3999  2.527259E-13
  7090.14014  2.53658395E-13
  7092.87988  2.54353125E-13
  7095.62012  2.53574044E-13
  7098.35986  2.49415235E-13
  7101.1001  2.52007074E-13
  7103.83984  2.58262731E-13
  7106.58008  2.55483108E-13
  7109.31982  2.50041632E-13
  7112.06006  2.45825414E-13
  7114.7998  2.44450591E-13
  7117.54004  2.48767451E-13
  7120.27979  2.50225974E-13
  7123.02002  2.49264503E-13
  7125.76025  2.48504017E-13
  7128.5  2.4760646E-13
  7131.24023  2.4688777E-13
  7133.97998  2.47308711E-13
  7136.72021  2.51259219E-13
  7139.45996  2.52378901E-13
  7142.2002  2.48301352E-13
  7144.93994  2.47819967E-13
  7147.68018  2.49179014E-13
  7150.41992  2.49639854E-13
  7153.16016  2.49532003E-13
  7155.8999  2.47468929E-13
  7158.64014  2.46497755E-13
  7161.37988  2.48103458E-13
  7164.12012  2.5048087E-13
  7166.85986  2.54537873E-13
  7169.6001  2.51900145E-13
  7172.33984  2.46413106E-13
  7175.08008  2.4725713E-13
  7177.81982  2.49357148E-13
  7180.56006  2.50957187E-13
  7183.2998  2.50164391E-13
  7186.04004  2.45049722E-13
  7188.77979  2.42892349E-13
  7191.52002  2.42484038E-13
  7194.26025  2.44465825E-13
  7197.  2.46728934E-13
  7199.74023  2.44867467E-13
  7202.47998  2.42022792E-13
  7205.22021  2.37203974E-13
  7207.95996  2.38390335E-13
  7210.7002  2.47378751E-13
  7213.43994  2.49808502E-13
  7216.18018  2.48877416E-13
  7218.91992  2.4370794E-13
  7221.66016  2.38843233E-13
  7224.3999  2.39845063E-13
  7227.14014  2.41639933E-13
  7229.87988  2.44378736E-13
  7232.62012  2.44210793E-13
  7235.35986  2.4166468E-13
  7238.1001  2.43429625E-13
  7240.83984  2.46209981E-13
  7243.58008  2.4573014E-13
  7246.31982  2.44237573E-13
  7249.06006  2.41457814E-13
  7251.7998  2.40813256E-13
  7254.54004  2.43096206E-13
  7257.27979  2.43508691E-13
  7260.02002  2.43239131E-13
  7262.76025  2.43784268E-13
  7265.5  2.4447092E-13
  7268.24023  2.45119382E-13
  7270.97998  2.45196767E-13
  7273.72021  2.44044531E-13
  7276.45996  2.44075458E-13
  7279.2002  2.45115343E-13
  7281.93994  2.44877848E-13
  7284.68018  2.43832867E-13
  7287.41992  2.40681336E-13
  7290.16016  2.39334269E-13
  7292.8999  2.44605036E-13
  7295.64014  2.45714663E-13
  7298.37988  2.4031165E-13
  7301.12012  2.39045031E-13
  7303.85986  2.39497712E-13
  7306.6001  2.38116953E-13
  7309.33984  2.37179959E-13
  7312.08008  2.38871152E-13
  7314.81982  2.41666794E-13
  7317.56006  2.47250706E-13
  7320.2998  2.46779268E-13
  7323.04004  2.40423485E-13
  7325.77979  2.36957643E-13
  7328.52002  2.34889365E-13
  7331.26025  2.3677013E-13
  7334.  2.38720149E-13
  7336.74023  2.37251977E-13
  7339.47998  2.37335244E-13
  7342.22021  2.41287405E-13
  7344.95996  2.38599694E-13
  7347.7002  2.32074234E-13
  7350.43994  2.34673067E-13
  7353.18018  2.38764737E-13
  7355.91992  2.35288351E-13
  7358.66016  2.33440844E-13
  7361.3999  2.37802725E-13
  7364.14014  2.38388682E-13
  7366.87988  2.35110244E-13
  7369.62012  2.348676E-13
  7372.35986  2.35649851E-13
  7375.1001  2.35081242E-13
  7377.83984  2.34692284E-13
  7380.58008  2.36103238E-13
  7383.31982  2.35783154E-13
  7386.06006  2.30204527E-13
  7388.7998  2.3582224E-13
  7391.54004  2.49008035E-13
  7394.27979  2.42853372E-13
  7397.02002  2.31861161E-13
  7399.76025  2.32329618E-13
  7402.5  2.34481569E-13
  7405.24023  2.36794417E-13
  7407.97998  2.36663879E-13
  7410.72021  2.3328396E-13
  7413.45996  2.34806776E-13
  7416.2002  2.37993978E-13
  7418.93994  2.34074966E-13
  7421.68018  2.30228922E-13
  7424.41992  2.32654038E-13
  7427.16016  2.34813145E-13
  7429.8999  2.36628425E-13
  7432.64014  2.34360139E-13
  7435.37988  2.28649321E-13
  7438.12012  2.30289393E-13
  7440.85986  2.33872383E-13
  7443.6001  2.32401582E-13
  7446.33984  2.30760479E-13
  7449.08008  2.31084032E-13
  7451.81982  2.30326419E-13
  7454.56006  2.27888915E-13
  7457.2998  2.27809498E-13
  7460.04004  2.29142118E-13
  7462.77979  2.32213961E-13
  7465.52002  2.34416924E-13
  7468.26025  2.3158675E-13
  7471.  2.29344321E-13
  7473.74023  2.28920507E-13
  7476.47998  2.29152824E-13
  7479.22021  2.3021171E-13
  7481.95996  2.2880531E-13
  7484.7002  2.27018789E-13
  7487.43994  2.29484156E-13
  7490.18018  2.30715512E-13
  7492.91992  2.26554073E-13
  7495.66016  2.24190566E-13
  7498.3999  2.24063362E-13
  7501.14014  2.24976301E-13
  7503.87988  2.26625833E-13
  7506.62012  2.24161889E-13
  7509.35986  2.21302699E-13
  7512.1001  2.21182095E-13
  7514.83984  2.23340904E-13
  7517.58008  2.30511031E-13
  7520.31982  2.30829082E-13
  7523.06006  2.24916196E-13
  7525.7998  2.22568044E-13
  7528.54004  2.21901572E-13
  7531.27979  2.24983511E-13
  7534.02002  2.27801691E-13
  7536.76025  2.27322081E-13
  7539.5  2.26547906E-13
  7542.24023  2.25567489E-13
  7544.97998  2.24537565E-13
  7547.72021  2.23402907E-13
  7550.45996  2.2244061E-13
  7553.2002  2.21339386E-13
  7555.93994  2.19368509E-13
  7558.68018  2.1796093E-13
  7561.41992  2.17118072E-13
  7564.16016  2.18817328E-13
  7566.8999  2.23517412E-13
  7569.64014  2.24013489E-13
  7572.37988  2.2256715E-13
  7575.12012  2.21245467E-13
  7577.85986  2.20077713E-13
  7580.6001  2.19423627E-13
  7583.33984  2.19650646E-13
  7586.08008  2.21286422E-13
  7588.81982  2.22262733E-13
  7591.56006  2.22876418E-13
  7594.2998  2.20399274E-13
  7597.04004  2.16962841E-13
  7599.77979  2.14894197E-13
  7602.52002  2.14218644E-13
  7605.26025  2.16113911E-13
  7608.  2.16632485E-13
  7610.74023  2.1534307E-13
  7613.47998  2.18192963E-13
  7616.22021  2.22705765E-13
  7618.95996  2.22933678E-13
  7621.7002  2.22639358E-13
  7624.43994  2.24548841E-13
  7627.18018  2.25467824E-13
  7629.91992  2.25239234E-13
  7632.66016  2.22701293E-13
  7635.3999  2.18138848E-13
  7638.14014  2.16134565E-13
  7640.87988  2.15453767E-13
  7643.62012  2.16066639E-13
  7646.35986  2.17257785E-13
  7649.1001  2.19254397E-13
  7651.83984  2.19609202E-13
  7654.58008  2.17737232E-13
  7657.31982  2.18283874E-13
  7660.06006  2.19919691E-13
  7662.7998  2.20639574E-13
  7665.54004  2.21345904E-13
  7668.27979  2.23447806E-13
  7671.02002  2.23013624E-13
  7673.76025  2.17242009E-13
  7676.5  2.16033463E-13
  7679.24023  2.18154447E-13
  7681.97998  2.1752153E-13
  7684.72021  2.16146911E-13
  7687.45996  2.15509522E-13
  7690.2002  2.15025738E-13
  7692.93994  2.13933228E-13
  7695.68018  2.15098555E-13
  7698.41992  2.19746123E-13
  7701.16016  2.20797447E-13
  7703.8999  2.19790128E-13
  7706.64014  2.1554835E-13
  7709.37988  2.12453197E-13
  7712.12012  2.18711591E-13
  7714.85986  2.21132249E-13
  7717.6001  2.1359844E-13
  7720.33984  2.11860531E-13
  7723.08008  2.14600568E-13
  7725.81982  2.14666718E-13
  7728.56006  2.14065473E-13
  7731.2998  2.14190482E-13
  7734.04004  2.13963789E-13
  7736.77979  2.1176874E-13
  7739.52002  2.12450934E-13
  7742.26025  2.17870996E-13
  7745.  2.19347516E-13
  7747.74023  2.18776223E-13
  7750.47998  2.16986842E-13
  7753.22021  2.15074757E-13
  7755.95996  2.15384229E-13
  7758.7002  2.1560729E-13
  7761.43994  2.14799329E-13
  7764.18018  2.15145244E-13
  7766.91992  2.16826421E-13
  7769.66016  2.14840434E-13
  7772.3999  2.11405681E-13
  7775.14014  2.10451123E-13
  7777.87988  2.09849309E-13
  7780.62012  2.08147871E-13
  7783.35986  2.08122107E-13
  7786.1001  2.11209603E-13
  7788.83984  2.11275157E-13
  7791.58008  2.0970427E-13
  7794.31982  2.09942496E-13
  7797.06006  2.10572716E-13
  7799.7998  2.10488473E-13
  7802.54004  2.10609077E-13
  7805.27979  2.11145649E-13
  7808.02002  2.12285796E-13
  7810.76025  2.14604186E-13
  7813.5  2.11244623E-13
  7816.24023  2.06158373E-13
  7818.97998  2.11639327E-13
  7821.72021  2.1664872E-13
  7824.45996  2.12293697E-13
  7827.2002  2.08393293E-13
  7829.93994  2.05458155E-13
  7832.68018  2.05610878E-13
  7835.41992  2.08215091E-13
  7838.16016  2.0739931E-13
  7840.8999  2.06411019E-13
  7843.64014  2.10737677E-13
  7846.37988  2.12207842E-13
  7849.12012  2.03888257E-13
  7851.85986  2.03405232E-13
  7854.6001  2.12395829E-13
  7857.33984  2.1443005E-13
  7860.08008  2.13063887E-13
  7862.81982  2.06870396E-13
  7865.56006  2.01627926E-13
  7868.2998  2.04776571E-13
  7871.04004  2.07374469E-13
  7873.77979  2.08452545E-13
  7876.52002  2.06774539E-13
  7879.26025  2.02599181E-13
  7882.  2.03055116E-13
  7884.74023  2.05165881E-13
  7887.47998  2.05977976E-13
  7890.22021  2.06802742E-13
  7892.95996  2.08521717E-13
  7895.7002  2.08369739E-13
  7898.43994  2.0559181E-13
  7901.18018  2.05393591E-13
  7903.91992  2.0611552E-13
  7906.66016  2.03368897E-13
  7909.3999  2.00412874E-13
  7912.14014  1.9960429E-13
  7914.87988  2.00703359E-13
  7917.62012  2.05411778E-13
  7920.35986  2.06325422E-13
  7923.1001  2.0416191E-13
  7925.83984  2.05781694E-13
  7928.58008  2.07507121E-13
  7931.31982  2.01284912E-13
  7934.06006  1.9750827E-13
  7936.7998  2.03355141E-13
  7939.54004  2.09147099E-13
  7942.27979  2.17135622E-13
  7945.02002  2.11783336E-13
  7947.76025  1.98833829E-13
  7950.5  2.00830495E-13
  7953.24023  2.06274031E-13
  7955.97998  2.07248606E-13
  7958.72021  2.06666105E-13
  7961.45996  2.03605186E-13
  7964.2002  2.02761378E-13
  7966.93994  2.03807972E-13
  7969.68018  2.04635733E-13
  7972.41992  2.05140687E-13
  7975.16016  2.04095841E-13
  7977.8999  2.00387179E-13
  7980.64014  1.88119973E-13
  7983.37988  1.86999423E-13
  7986.12012  2.05394051E-13
  7988.85986  2.07652621E-13
  7991.6001  2.01918967E-13
  7994.33984  2.0212983E-13
  7997.08008  2.03547045E-13
  7999.81982  2.04500425E-13
  8002.56006  2.04621503E-13
  8005.2998  2.03222733E-13
  8008.04004  2.01926922E-13
  8010.77979  2.00465566E-13
  8013.52002  2.00708116E-13
  8016.26025  2.01780202E-13
  8019.  2.02121333E-13
  8021.74023  2.02036792E-13
  8024.47998  2.00850878E-13
  8027.22021  2.00859525E-13
  8029.95996  2.03680754E-13
  8032.7002  2.02302598E-13
  8035.43994  1.98267916E-13
  8038.18018  1.98754451E-13
  8040.91992  2.00961914E-13
  8043.66016  2.03327074E-13
  8046.3999  2.05333146E-13
  8049.14014  2.07488269E-13
  8051.87988  2.05695338E-13
  8054.62012  1.99013657E-13
  8057.35986  1.9682201E-13
  8060.1001  1.9690464E-13
  8062.83984  1.99264189E-13
  8065.58008  2.01797536E-13
  8068.31982  2.02563931E-13
  8071.06006  2.01810641E-13
  8073.7998  1.9806597E-13
  8076.54004  1.9809298E-13
  8079.27979  2.00760063E-13
  8082.02002  2.02119232E-13
  8084.76025  2.02193459E-13
  8087.5  1.97733784E-13
  8090.24023  1.94033551E-13
  8092.97998  1.94276669E-13
  8095.72021  1.93675249E-13
  8098.45996  1.91338834E-13
  8101.2002  1.94724608E-13
  8103.93994  2.00716437E-13
  8106.68018  1.9953318E-13
  8109.41992  1.96487724E-13
  8112.16016  1.94613152E-13
  8114.8999  1.93075658E-13
  8117.64014  1.91068705E-13
  8120.37988  1.92868602E-13
  8123.12012  1.98104052E-13
  8125.85986  1.97104065E-13
  8128.6001  1.94202822E-13
  8131.33984  1.94938426E-13
  8134.08008  1.9593165E-13
  8136.81982  1.95822159E-13
  8139.56006  1.96087938E-13
  8142.2998  1.96430938E-13
  8145.04004  1.9968284E-13
  8147.77979  2.03948376E-13
  8150.52002  1.96843843E-13
  8153.26025  1.88684192E-13
  8156.  1.89889174E-13
  8158.74023  1.92701974E-13
  8161.47998  1.9621445E-13
  8164.22021  1.99809746E-13
  8166.95996  2.04181249E-13
  8169.7002  1.97265923E-13
  8172.43994  1.86686143E-13
  8175.18018  1.87988866E-13
  8177.91992  1.90988759E-13
  8180.66016  1.90948657E-13
  8183.3999  1.91943358E-13
  8186.14014  1.95042523E-13
  8188.87988  1.95209341E-13
  8191.62012  1.93710147E-13
  8194.36035  1.93571924E-13
  8197.09961  1.93160578E-13
  8199.83984  1.9030666E-13
  8202.58008  1.8868224E-13
  8205.32031  1.88644768E-13
  8208.05957  1.93326339E-13
  8210.7998  2.03675062E-13
  8213.54004  2.03730831E-13
  8216.28027  1.9898105E-13
  8219.01953  1.94986605E-13
  8221.75977  1.92363988E-13
  8224.5  1.93386431E-13
  8227.24023  1.95274962E-13
  8229.98047  2.00224264E-13
  8232.71973  1.95714999E-13
  8235.45996  1.85114714E-13
  8238.2002  1.85719265E-13
  8240.94043  1.8931822E-13
  8243.67969  1.88970936E-13
  8246.41992  1.87854872E-13
  8249.16016  1.85308081E-13
  8251.90039  1.86106515E-13
  8254.63965  1.90659541E-13
  8257.37988  1.92578362E-13
  8260.12012  1.93400051E-13
  8262.86035  1.94159169E-13
  8265.59961  1.93327898E-13
  8268.33984  1.88391634E-13
  8271.08008  1.85045352E-13
  8273.82031  1.84124661E-13
  8276.55957  1.85078136E-13
  8279.2998  1.87844979E-13
  8282.04004  1.88926931E-13
  8284.78027  1.89676928E-13
  8287.51953  1.91554089E-13
  8290.25977  1.92559862E-13
  8293.  1.91535942E-13
  8295.74023  1.90445912E-13
  8298.48047  1.89406352E-13
  8301.21973  1.86556513E-13
  8303.95996  1.83330103E-13
  8306.7002  1.86886991E-13
  8309.44043  1.90377865E-13
  8312.17969  1.86962249E-13
  8314.91992  1.84490593E-13
  8317.66016  1.84958846E-13
  8320.40039  1.83545318E-13
  8323.13965  1.80770912E-13
  8325.87988  1.85645255E-13
  8328.62012  1.92495922E-13
  8331.36035  1.92860051E-13
  8334.09961  1.90693625E-13
  8336.83984  1.84622107E-13
  8339.58008  1.83797381E-13
  8342.32031  1.90499594E-13
  8345.05957  1.90393816E-13
  8347.7998  1.86999518E-13
  8350.54004  1.82859953E-13
  8353.28027  1.80125907E-13
  8356.01953  1.84227823E-13
  8358.75977  1.86404467E-13
  8361.5  1.83045622E-13
  8364.24023  1.83260864E-13
  8366.98047  1.86327733E-13
  8369.71973  1.84404494E-13
  8372.45996  1.81394803E-13
  8375.2002  1.84364609E-13
  8377.94043  1.8670883E-13
  8380.67969  1.83867692E-13
  8383.41992  1.83129553E-13
  8386.16016  1.85145708E-13
  8388.90039  1.88204934E-13
  8391.63965  1.91867938E-13
  8394.37988  1.88189986E-13
  8397.12012  1.82689936E-13
  8399.86035  1.80239978E-13
  8402.59961  1.79177406E-13
  8405.33984  1.78487799E-13
  8408.08008  1.83092297E-13
  8410.82031  1.93630498E-13
  8413.55957  1.93346654E-13
  8416.2998  1.88558316E-13
  8419.04004  1.86836129E-13
  8421.78027  1.86719347E-13
  8424.51953  1.90594732E-13
  8427.25977  1.90668539E-13
  8430.  1.82774924E-13
  8432.74023  1.85638465E-13
  8435.48047  1.94367688E-13
  8438.21973  1.90746778E-13
  8440.95996  1.84050691E-13
  8443.7002  1.82244953E-13
  8446.44043  1.81325956E-13
  8449.17969  1.81228405E-13
  8451.91992  1.79571974E-13
  8454.66016  1.7570907E-13
  8457.40039  1.79107841E-13
  8460.13965  1.85582168E-13
  8462.87988  1.86892372E-13
  8465.62012  1.86523065E-13
  8468.36035  1.85735216E-13
  8471.09961  1.83488343E-13
  8473.83984  1.78103124E-13
  8476.58008  1.77445135E-13
  8479.32031  1.79909419E-13
  8482.05957  1.81051192E-13
  8484.7998  1.81223295E-13
  8487.54004  1.77990489E-13
  8490.28027  1.75677642E-13
  8493.01953  1.76189819E-13
  8495.75977  1.77937824E-13
  8498.5  1.81680883E-13
  8501.24023  1.81144718E-13
  8503.98047  1.78678212E-13
  8506.71973  1.78437343E-13
  8509.45996  1.79953085E-13
  8512.2002  1.86215667E-13
  8514.94043  1.87922242E-13
  8517.67969  1.79781496E-13
  8520.41992  1.80662207E-13
  8523.16016  1.87667251E-13
  8525.90039  1.87218107E-13
  8528.63965  1.83890053E-13
  8531.37988  1.8106755E-13
  8534.12012  1.76131584E-13
  8536.86035  1.64838222E-13
  8539.59961  1.61757408E-13
  8542.33984  1.68407213E-13
  8545.08008  1.74502977E-13
  8547.82031  1.8090946E-13
  8550.55957  1.78675298E-13
  8553.2998  1.74968926E-13
  8556.04004  1.76677087E-13
  8558.78027  1.76780858E-13
  8561.51953  1.72113395E-13
  8564.25977  1.72735131E-13
  8567.  1.77578831E-13
  8569.74023  1.79775628E-13
  8572.48047  1.80361517E-13
  8575.21973  1.7598252E-13
  8577.95996  1.73830663E-13
  8580.7002  1.8043008E-13
  8583.44043  1.83463176E-13
  8586.17969  1.82166538E-13
  8588.91992  1.7919642E-13
  8591.66016  1.7465837E-13
  8594.40039  1.7255762E-13
  8597.13965  1.72219701E-13
  8599.87988  1.75483014E-13
  8602.62012  1.77076954E-13
  8605.36035  1.73707267E-13
  8608.09961  1.74844107E-13
  8610.83984  1.80082159E-13
  8613.58008  1.79270268E-13
  8616.32031  1.76447019E-13
  8619.05957  1.77237768E-13
  8621.7998  1.7833906E-13
  8624.54004  1.78195539E-13
  8627.28027  1.78520257E-13
  8630.02051  1.80318908E-13
  8632.75977  1.7850207E-13
  8635.5  1.74509062E-13
  8638.24023  1.73096455E-13
  8640.98047  1.72632592E-13
  8643.71973  1.71916897E-13
  8646.45996  1.7316026E-13
  8649.2002  1.79804888E-13
  8651.94043  1.79060068E-13
  8654.67969  1.709575E-13
  8657.41992  1.66939691E-13
  8660.16016  1.64481533E-13
  8662.90039  1.62667148E-13
  8665.63965  1.64347987E-13
  8668.37988  1.74559369E-13
  8671.12012  1.81084545E-13
  8673.86035  1.82355013E-13
  8676.59961  1.80285501E-13
  8679.33984  1.75044685E-13
  8682.08008  1.74101808E-13
  8684.82031  1.74475533E-13
  8687.55957  1.74404179E-13
  8690.2998  1.73824063E-13
  8693.04004  1.71832261E-13
  8695.78027  1.71436501E-13
  8698.52051  1.72993564E-13
  8701.25977  1.7165967E-13
  8704.  1.69133235E-13
  8706.74023  1.67273056E-13
  8709.48047  1.68068508E-13
  8712.21973  1.77093813E-13
  8714.95996  1.80988796E-13
  8717.7002  1.75185726E-13
  8720.44043  1.731986E-13
  8723.17969  1.72918212E-13
  8725.91992  1.74398514E-13
  8728.66016  1.7589165E-13
  8731.40039  1.72424344E-13
  8734.13965  1.70576755E-13
  8736.87988  1.75386046E-13
  8739.62012  1.75245411E-13
  8742.36035  1.68773077E-13
  8745.09961  1.68477726E-13
  8747.83984  1.70404814E-13
  8750.58008  1.66581308E-13
  8753.32031  1.6161062E-13
  8756.05957  1.57112198E-13
  8758.7998  1.56317315E-13
  8761.54004  1.61602041E-13
  8764.28027  1.65536177E-13
  8767.02051  1.69166113E-13
  8769.75977  1.7108282E-13
  8772.5  1.71905323E-13
  8775.24023  1.72358736E-13
  8777.98047  1.71778824E-13
  8780.71973  1.68411061E-13
  8783.45996  1.68716305E-13
  8786.2002  1.75538783E-13
  8788.94043  1.69995718E-13
  8791.67969  1.58769889E-13
  8794.41992  1.63513558E-13
  8797.16016  1.71030372E-13
  8799.90039  1.71337581E-13
  8802.63965  1.69738897E-13
  8805.37988  1.64986907E-13
  8808.12012  1.65279858E-13
  8810.86035  1.69907559E-13
  8813.59961  1.72026591E-13
  8816.33984  1.73202354E-13
  8819.08008  1.73815687E-13
  8821.82031  1.7267058E-13
  8824.55957  1.67100085E-13
  8827.2998  1.65269179E-13
  8830.04004  1.69219253E-13
  8832.78027  1.69825444E-13
  8835.52051  1.68921436E-13
  8838.25977  1.65975537E-13
  8841.  1.62956047E-13
  8843.74023  1.63068059E-13
  8846.48047  1.63214779E-13
  8849.21973  1.63245001E-13
  8851.95996  1.60744831E-13
  8854.7002  1.55349122E-13
  8857.44043  1.55736697E-13
  8860.17969  1.58970154E-13
  8862.91992  1.62892635E-13
  8865.66016  1.65339069E-13
  8868.40039  1.6251166E-13
  8871.13965  1.61779187E-13
  8873.87988  1.65332903E-13
  8876.62012  1.64517569E-13
  8879.36035  1.6143933E-13
  8882.09961  1.64258106E-13
  8884.83984  1.68129304E-13
  8887.58008  1.68192527E-13
  8890.32031  1.6695224E-13
  8893.05957  1.63909928E-13
  8895.7998  1.6285977E-13
  8898.54004  1.63720491E-13
  8901.28027  1.64882946E-13
  8904.02051  1.66348394E-13
  8906.75977  1.67000826E-13
  8909.5  1.66694363E-13
  8912.24023  1.64064617E-13
  8914.98047  1.63034313E-13
  8917.71973  1.64899873E-13
  8920.45996  1.65803718E-13
  8923.2002  1.66315461E-13
  8925.94043  1.6295579E-13
  8928.67969  1.59402805E-13
  8931.41992  1.62285007E-13
  8934.16016  1.65204357E-13
  8936.90039  1.66315773E-13
  8939.63965  1.65314336E-13
  8942.37988  1.61509017E-13
  8945.12012  1.60991473E-13
  8947.86035  1.61677177E-13
  8950.59961  1.58816712E-13
  8953.33984  1.56958851E-13
  8956.08008  1.60997179E-13
  8958.82031  1.63868918E-13
  8961.55957  1.64056282E-13
  8964.2998  1.64305581E-13
  8967.04004  1.64291147E-13
  8969.78027  1.62309456E-13
  8972.52051  1.60658609E-13
  8975.25977  1.65728447E-13
  8978.  1.68391383E-13
  8980.74023  1.61747325E-13
  8983.48047  1.59652944E-13
  8986.21973  1.63861736E-13
  8988.95996  1.61858835E-13
  8991.7002  1.57128379E-13
  8994.44043  1.55425816E-13
  8997.17969  1.54988029E-13
  8999.91992  1.56313723E-13
  9002.66016  1.56458207E-13
  9005.40039  1.53573917E-13
  9008.13965  1.5346032E-13
  9010.87988  1.55564431E-13
  9013.62012  1.54344622E-13
  9016.36035  1.52745045E-13
  9019.09961  1.562624E-13
  9021.83984  1.59317587E-13
  9024.58008  1.58347375E-13
  9027.32031  1.58475677E-13
  9030.05957  1.60616556E-13
  9032.7998  1.59990321E-13
  9035.54004  1.57887633E-13
  9038.28027  1.56826063E-13
  9041.02051  1.56847964E-13
  9043.75977  1.60259555E-13
  9046.5  1.61605768E-13
  9049.24023  1.57691758E-13
  9051.98047  1.57280764E-13
  9054.71973  1.60082776E-13
  9057.45996  1.55400378E-13
  9060.2002  1.49536498E-13
  9062.94043  1.5795324E-13
  9065.67969  1.64607314E-13
  9068.41992  1.56079834E-13
  9071.16016  1.54892334E-13
  9073.90039  1.67264938E-13
  9076.63965  1.67295688E-13
  9079.37988  1.6102221E-13
  9082.12012  1.60777723E-13
  9084.86035  1.61751824E-13
  9087.59961  1.61170854E-13
  9090.33984  1.60424056E-13
  9093.08008  1.593081E-13
  9095.82031  1.59688763E-13
  9098.55957  1.61948078E-13
  9101.2998  1.59199192E-13
  9104.04004  1.55047606E-13
  9106.78027  1.58469605E-13
  9109.52051  1.62259027E-13
  9112.25977  1.61963514E-13
  9115.  1.6078435E-13
  9117.74023  1.58598368E-13
  9120.48047  1.56680116E-13
  9123.21973  1.54820519E-13
  9125.95996  1.55449614E-13
  9128.7002  1.55954487E-13
  9131.44043  1.50961071E-13
  9134.17969  1.48123511E-13
  9136.91992  1.51454492E-13
  9139.66016  1.54085552E-13
  9142.40039  1.56497469E-13
  9145.13965  1.57201915E-13
  9147.87988  1.56427741E-13
  9150.62012  1.51699738E-13
  9153.36035  1.48669759E-13
  9156.09961  1.54877318E-13
  9158.83984  1.58037171E-13
  9161.58008  1.54327994E-13
  9164.32031  1.54993002E-13
  9167.05957  1.5827125E-13
  9169.7998  1.57986864E-13
  9172.54004  1.56319429E-13
  9175.28027  1.54515398E-13
  9178.02051  1.52831632E-13
  9180.75977  1.51264662E-13
  9183.5  1.51064518E-13
  9186.24023  1.52383233E-13
  9188.98047  1.5451037E-13
  9191.71973  1.5677432E-13
  9194.45996  1.53471067E-13
  9197.2002  1.49431913E-13
  9199.94043  1.4851438E-13
  9202.67969  1.48766063E-13
  9205.41992  1.51470389E-13
  9208.16016  1.49725677E-13
  9210.90039  1.44356112E-13
  9213.63965  1.43559738E-13
  9216.37988  1.45326988E-13
  9219.12012  1.51951246E-13
  9221.86035  1.54957332E-13
  9224.59961  1.45751792E-13
  9227.33984  1.42407258E-13
  9230.08008  1.47175851E-13
  9232.82031  1.4749279E-13
  9235.55957  1.46300534E-13
  9238.2998  1.47314046E-13
  9241.04004  1.48682065E-13
  9243.78027  1.48686903E-13
  9246.52051  1.49909788E-13
  9249.25977  1.54688938E-13
  9252.  1.54529669E-13
  9254.74023  1.49995901E-13
  9257.48047  1.49194811E-13
  9260.21973  1.49418021E-13
  9262.95996  1.4801299E-13
  9265.7002  1.46519583E-13
  9268.44043  1.45044946E-13
  9271.17969  1.45188251E-13
  9273.91992  1.47651368E-13
  9276.66016  1.49250173E-13
  9279.40039  1.50598189E-13
  9282.13965  1.51875745E-13
  9284.87988  1.51645176E-13
  9287.62012  1.45567139E-13
  9290.36035  1.42845493E-13
  9293.09961  1.48827822E-13
  9295.83984  1.50481054E-13
  9298.58008  1.48479644E-13
  9301.32031  1.47393111E-13
  9304.05957  1.47040745E-13
  9306.7998  1.51806424E-13
  9309.54004  1.55057662E-13
  9312.28027  1.49829042E-13
  9315.02051  1.48267195E-13
  9317.75977  1.53885734E-13
  9320.5  1.53438921E-13
  9323.24023  1.49864699E-13
  9325.98047  1.51815965E-13
  9328.71973  1.54771378E-13
  9331.45996  1.54441618E-13
  9334.2002  1.53341681E-13
  9336.94043  1.51803524E-13
  9339.67969  1.50172423E-13
  9342.41992  1.47873277E-13
  9345.16016  1.50995807E-13
  9347.90039  1.56208339E-13
  9350.63965  1.54813946E-13
  9353.37988  1.51675168E-13
  9356.12012  1.48867003E-13
  9358.86035  1.4642168E-13
  9361.59961  1.4465855E-13
  9364.33984  1.42251811E-13
  9367.08008  1.39520353E-13
  9369.82031  1.414696E-13
  9372.55957  1.44737724E-13
  9375.2998  1.44942421E-13
  9378.04004  1.44361573E-13
  9380.78027  1.42285042E-13
  9383.52051  1.43739011E-13
  9386.25977  1.49868968E-13
  9389.  1.50385089E-13
  9391.74023  1.48218081E-13
  9394.48047  1.46453569E-13
  9397.21973  1.4554578E-13
  9399.95996  1.48118442E-13
  9402.7002  1.48722533E-13
  9405.44043  1.45040799E-13
  9408.17969  1.44113901E-13
  9410.91992  1.44968429E-13
  9413.66016  1.43595585E-13
  9416.40039  1.4296588E-13
  9419.13965  1.5016547E-13
  9421.87988  1.54934388E-13
  9424.62012  1.50489091E-13
  9427.36035  1.47744975E-13
  9430.09961  1.47393464E-13
  9432.83984  1.44268928E-13
  9435.58008  1.40263018E-13
  9438.32031  1.42175334E-13
  9441.05957  1.45371481E-13
  9443.7998  1.45838419E-13
  9446.54004  1.46997757E-13
  9449.28027  1.50081201E-13
  9452.02051  1.51893255E-13
  9454.75977  1.52921987E-13
  9457.5  1.49664108E-13
  9460.24023  1.44307309E-13
  9462.98047  1.39574075E-13
  9465.71973  1.37019153E-13
  9468.45996  1.39585446E-13
  9471.2002  1.4081485E-13
  9473.94043  1.3955231E-13
  9476.67969  1.41587873E-13
  9479.41992  1.45265405E-13
  9482.16016  1.46248817E-13
  9484.90039  1.45153597E-13
  9487.63965  1.39890608E-13
  9490.37988  1.35934504E-13
  9493.12012  1.35045851E-13
  9495.86035  1.35510472E-13
  9498.59961  1.3750348E-13
  9501.33984  1.40357737E-13
  9504.08008  1.43353333E-13
  9506.82031  1.4294673E-13
  9509.55957  1.42648331E-13
  9512.2998  1.46284392E-13
  9515.04004  1.45392026E-13
  9517.78027  1.36053793E-13
  9520.52051  1.35258138E-13
  9523.25977  1.39157308E-13
  9526.  1.43073677E-13
  9528.74023  1.45671629E-13
  9531.48047  1.41667738E-13
  9534.21973  1.37271217E-13
  9536.95996  1.34330942E-13
  9539.7002  1.31515025E-13
  9542.44043  1.28523873E-13
  9545.17969  1.29408298E-13
  9547.91992  1.32275525E-13
  9550.66016  1.33102351E-13
  9553.40039  1.34231249E-13
  9556.13965  1.3767393E-13
  9558.87988  1.3934417E-13
  9561.62012  1.37494969E-13
  9564.36035  1.39148133E-13
  9567.09961  1.42733847E-13
  9569.83984  1.37886298E-13
  9572.58008  1.32838984E-13
  9575.32031  1.41489522E-13
  9578.05957  1.475581E-13
  9580.7998  1.43125434E-13
  9583.54004  1.41137631E-13
  9586.28027  1.41881204E-13
  9589.02051  1.37993404E-13
  9591.75977  1.32659061E-13
  9594.5  1.34716199E-13
  9597.24023  1.37973495E-13
  9599.98047  1.37954494E-13
  9602.71973  1.38729157E-13
  9605.45996  1.41949901E-13
  9608.2002  1.41370178E-13
  9610.94043  1.38009626E-13
  9613.67969  1.4100361E-13
  9616.41992  1.44697432E-13
  9619.16016  1.39749283E-13
  9621.90039  1.35815296E-13
  9624.63965  1.37247893E-13
  9627.37988  1.39826139E-13
  9630.12012  1.45105634E-13
  9632.86035  1.41933869E-13
  9635.59961  1.34253855E-13
  9638.33984  1.29833806E-13
  9641.08008  1.28328893E-13
  9643.82031  1.34445203E-13
  9646.55957  1.36867107E-13
  9649.2998  1.30480099E-13
  9652.04004  1.29395409E-13
  9654.78027  1.31874221E-13
  9657.52051  1.36789018E-13
  9660.25977  1.42096662E-13
  9663.  1.41239695E-13
  9665.74023  1.3960236E-13
  9668.48047  1.39330388E-13
  9671.21973  1.39631498E-13
  9673.95996  1.41008123E-13
  9676.7002  1.40491419E-13
  9679.44043  1.3881119E-13
  9682.17969  1.35421351E-13
  9684.91992  1.33770572E-13
  9687.66016  1.41030972E-13
  9690.40039  1.44910261E-13
  9693.13965  1.41371994E-13
  9695.87988  1.36268479E-13
  9698.62012  1.28442057E-13
  9701.36035  1.31326766E-13
  9704.09961  1.38241577E-13
  9706.83984  1.38636146E-13
  9709.58008  1.37227591E-13
  9712.32031  1.34376451E-13
  9715.05957  1.33232008E-13
  9717.7998  1.36353602E-13
  9720.54004  1.30063034E-13
  9723.28027  1.18733474E-13
  9726.02051  1.21897203E-13
  9728.75977  1.28192297E-13
  9731.5  1.25633336E-13
  9734.24023  1.26537913E-13
  9736.98047  1.37675759E-13
  9739.71973  1.41010264E-13
  9742.45996  1.37198467E-13
  9745.2002  1.3542562E-13
  9747.94043  1.34196744E-13
  9750.67969  1.36175847E-13
  9753.41992  1.37507993E-13
  9756.16016  1.34521138E-13
  9758.90039  1.32672004E-13
  9761.63965  1.32744347E-13
  9764.37988  1.32871172E-13
  9767.12012  1.33350105E-13
  9769.86035  1.34481646E-13
  9772.59961  1.35827818E-13
  9775.33984  1.3676095E-13
  9778.08008  1.37516666E-13
  9780.82031  1.3929366E-13
  9783.55957  1.36667086E-13
  9786.2998  1.28577365E-13
  9789.04004  1.27978032E-13
  9791.78027  1.30948515E-13
  9794.52051  1.33681491E-13
  9797.25977  1.35617686E-13
  9800.  1.34576486E-13
  9802.74023  1.33855139E-13
  9805.48047  1.35279036E-13
  9808.21973  1.31381722E-13
  9810.95996  1.23593193E-13
  9813.7002  1.20472236E-13
  9816.44043  1.21203666E-13
  9819.17969  1.31332445E-13
  9821.91992  1.39233636E-13
  9824.66016  1.38413654E-13
  9827.40039  1.37388365E-13
  9830.13965  1.35347503E-13
  9832.87988  1.38165263E-13
  9835.62012  1.42295193E-13
  9838.36035  1.32400723E-13
  9841.09961  1.24097686E-13
  9843.83984  1.35157497E-13
  9846.58008  1.40333234E-13
  9849.32031  1.32005423E-13
  9852.05957  1.2853912E-13
  9854.7998  1.27524402E-13
  9857.54004  1.30024409E-13
  9860.28027  1.33972477E-13
  9863.02051  1.34853513E-13
  9865.75977  1.35791741E-13
  9868.5  1.38760178E-13
  9871.24023  1.3950138E-13
  9873.98047  1.37932227E-13
  9876.71973  1.33902668E-13
  9879.45996  1.28349507E-13
  9882.2002  1.27395747E-13
  9884.94043  1.28367775E-13
  9887.67969  1.3040842E-13
  9890.41992  1.3222988E-13
  9893.16016  1.34445555E-13
  9895.90039  1.32199509E-13
  9898.63965  1.25725697E-13
  9901.37988  1.24165354E-13
  9904.12012  1.25697955E-13
  9906.86035  1.33106647E-13
  9909.59961  1.39510785E-13
  9912.33984  1.40756113E-13
  9915.08008  1.38738386E-13
  9917.82031  1.30881972E-13
  9920.55957  1.31718204E-13
  9923.2998  1.37396279E-13
  9926.04004  1.4264764E-13
  9928.78027  1.44457945E-13
  9931.52051  1.32217032E-13
  9934.25977  1.24741526E-13
  9937.  1.30682683E-13
  9939.74023  1.3150875E-13
  9942.48047  1.28276865E-13
  9945.21973  1.29302832E-13
  9947.95996  1.30928525E-13
  9950.7002  1.24712849E-13
  9953.44043  1.20801643E-13
  9956.17969  1.28713527E-13
  9958.91992  1.32043925E-13
  9961.66016  1.2812921E-13
  9964.40039  1.24249122E-13
  9967.13965  1.1967719E-13
  9969.87988  1.24282868E-13
  9972.62012  1.30771967E-13
  9975.36035  1.29393444E-13
  9978.09961  1.30049346E-13
  9980.83984  1.4000079E-13
  9983.58008  1.37416323E-13
  9986.32031  1.20793227E-13
  9989.05957  1.2139275E-13
  9991.7998  1.29275442E-13
  9994.54004  1.33125038E-13
  9997.28027  1.35540084E-13
  10000.0205  1.3609811E-13
  10002.7598  1.34998756E-13
  10005.5  1.3036825E-13
  10008.2402  1.32038952E-13
  10010.9805  1.37714642E-13
  10013.7197  1.31119155E-13
  10016.46  1.21879367E-13
  10019.2002  1.21981174E-13
  10021.9404  1.22377965E-13
  10024.6797  1.20906987E-13
  10027.4199  1.16512431E-13
  10030.1602  1.06320016E-13
  10032.9004  1.18468955E-13
  10035.6396  1.38896327E-13
  10038.3799  1.21848441E-13
  10041.1201  1.05872254E-13
  10043.8604  1.26625083E-13
  10046.5996  1.39178911E-13
  10049.3398  1.33107853E-13
  10052.0801  1.31743832E-13
  10054.8203  1.31954411E-13
  10057.5596  1.26802323E-13
  10060.2998  1.21557034E-13
  10063.04  1.27175695E-13
  10065.7803  1.30256903E-13
  10068.5205  1.22562686E-13
  10071.2598  1.17654936E-13
  10074.  1.14780662E-13
  10076.7402  1.19156218E-13
  10079.4805  1.27805698E-13
  10082.2197  1.30529973E-13
  10084.96  1.30391019E-13
  10087.7002  1.27261103E-13
  10090.4404  1.23200902E-13
  10093.1797  1.16417049E-13
  10095.9199  1.17951262E-13
  10098.6602  1.26835527E-13
  10101.4004  1.21515116E-13
  10104.1396  1.13294763E-13
  10106.8799  1.2115821E-13
  10109.6201  1.28687656E-13
  10112.3604  1.27532601E-13
  10115.0996  1.26395557E-13
  10117.8398  1.2554374E-13
  10120.5801  1.23920473E-13
  10123.3203  1.21958216E-13
  10126.0596  1.22048002E-13
  10128.7998  1.23608385E-13
  10131.54  1.27716143E-13
  10134.2803  1.30507963E-13
  10137.0205  1.2966814E-13
  10139.7598  1.31965172E-13
  10142.5  1.37588834E-13
  10145.2402  1.28820498E-13
  10147.9805  1.1602904E-13
  10150.7197  1.21713525E-13
  10153.46  1.26780259E-13
  10156.2002  1.18282134E-13
  10158.9404  1.14757501E-13
  10161.6797  1.19924687E-13
  10164.4199  1.18883486E-13
  10167.1602  1.14912542E-13
  10169.9004  1.12494859E-13
  10172.6396  1.10802643E-13
  10175.3799  1.09504304E-13
  10178.1201  1.11310009E-13
  10180.8604  1.19921949E-13
  10183.5996  1.22328607E-13
  10186.3398  1.1818339E-13
  10189.0801  1.2661233E-13
  10191.8203  1.37016524E-13
  10194.5596  1.30122082E-13
  10197.2998  1.02915946E-13
  10200.04  2.9288668E-14
  10202.7803 -1.19787213E-14
  10205.5205 -2.34298922E-16
