#*G13-35
#*
#*  Heap-Lindler STIS
#set .z.units = "Ergs/s/cm**2/A"
#set .z.label = "Flux"
#set .table.bandwidth = 2.74
#*
     2950.00    3.44109E-13
     2952.74    3.53909E-13
     2955.48    3.56978E-13
     2958.22    3.65897E-13
     2960.96    3.68782E-13
     2963.70    3.67657E-13
     2966.44    3.39432E-13
     2969.18    3.35786E-13
     2971.92    3.40802E-13
     2974.66    3.62917E-13
     2977.40    3.76648E-13
     2980.14    3.61046E-13
     2982.88    3.40905E-13
     2985.62    3.24832E-13
     2988.36    3.53843E-13
     2991.10    3.78917E-13
     2993.84    3.69619E-13
     2996.58    3.67438E-13
     2999.32    3.54158E-13
     3002.06    3.45038E-13
     3004.80    3.59175E-13
     3007.54    3.64477E-13
     3010.28    3.74833E-13
     3013.02    3.73601E-13
     3015.76    3.59709E-13
     3018.50    3.42048E-13
     3021.24    3.42380E-13
     3023.98    3.72082E-13
     3026.72    3.70062E-13
     3029.46    3.88394E-13
     3032.20    3.85620E-13
     3034.94    3.86716E-13
     3037.68    3.77823E-13
     3040.42    3.75233E-13
     3043.16    3.72718E-13
     3045.90    3.81824E-13
     3048.64    3.80067E-13
     3051.38    3.89275E-13
     3054.12    3.82159E-13
     3056.86    3.61645E-13
     3059.60    3.54448E-13
     3062.34    3.56559E-13
     3065.08    3.39722E-13
     3067.82    3.50512E-13
     3070.56    3.57990E-13
     3073.30    3.57971E-13
     3076.04    3.68019E-13
     3078.78    3.65599E-13
     3081.52    3.72883E-13
     3084.26    3.75004E-13
     3087.00    3.53636E-13
     3089.74    3.39839E-13
     3092.48    3.40900E-13
     3095.22    3.52000E-13
     3097.96    3.45752E-13
     3100.70    3.43676E-13
     3103.44    3.58763E-13
     3106.18    3.80737E-13
     3108.92    3.93230E-13
     3111.66    3.87106E-13
     3114.40    3.79386E-13
     3117.14    3.64447E-13
     3119.88    3.59967E-13
     3122.62    3.64240E-13
     3125.36    3.59042E-13
     3128.10    3.67495E-13
     3130.84    3.76215E-13
     3133.58    3.74960E-13
     3136.32    3.79076E-13
     3139.06    3.78869E-13
     3141.80    3.66881E-13
     3144.54    3.58938E-13
     3147.28    3.71439E-13
     3150.02    3.80820E-13
     3152.76    3.84065E-13
     3155.50    3.75432E-13
     3158.24    3.63570E-13
     3160.98    3.64661E-13
     3163.72    3.73492E-13
     3166.46    3.80068E-13
     3169.20    3.89613E-13
     3171.94    3.98464E-13
     3174.68    3.90899E-13
     3177.42    3.78287E-13
     3180.16    3.60507E-13
     3182.90    3.73801E-13
     3185.64    3.81444E-13
     3188.38    3.70072E-13
     3191.12    3.73617E-13
     3193.86    3.68697E-13
     3196.60    3.77267E-13
     3199.34    3.94314E-13
     3202.08    4.01144E-13
     3204.82    4.03798E-13
     3207.56    3.96693E-13
     3210.30    3.76601E-13
     3213.04    3.65489E-13
     3215.78    3.75966E-13
     3218.52    3.87022E-13
     3221.26    3.94426E-13
     3224.00    3.88156E-13
     3226.74    3.73310E-13
     3229.48    3.65771E-13
     3232.22    3.60063E-13
     3234.96    3.69060E-13
     3237.70    3.81332E-13
     3240.44    3.88181E-13
     3243.18    3.96393E-13
     3245.92    3.93550E-13
     3248.66    3.87988E-13
     3251.40    3.88924E-13
     3254.14    4.05140E-13
     3256.88    4.12273E-13
     3259.62    4.10750E-13
     3262.36    4.09787E-13
     3265.10    4.08032E-13
     3267.84    4.17477E-13
     3270.58    4.14491E-13
     3273.32    4.08832E-13
     3276.06    4.00418E-13
     3278.80    4.07636E-13
     3281.54    4.09540E-13
     3284.28    4.09194E-13
     3287.02    4.18186E-13
     3289.76    4.25662E-13
     3292.50    4.32855E-13
     3295.24    4.29768E-13
     3297.98    4.36088E-13
     3300.72    4.30095E-13
     3303.46    4.15497E-13
     3306.20    4.16328E-13
     3308.94    4.23644E-13
     3311.68    4.26819E-13
     3314.42    4.21796E-13
     3317.16    4.22907E-13
     3319.90    4.20549E-13
     3322.64    4.08887E-13
     3325.38    4.10095E-13
     3328.12    4.13942E-13
     3330.86    4.10671E-13
     3333.60    4.09035E-13
     3336.34    4.09465E-13
     3339.08    4.11274E-13
     3341.82    4.13600E-13
     3344.56    4.13285E-13
     3347.30    4.06143E-13
     3350.04    4.01817E-13
     3352.78    4.15436E-13
     3355.52    4.11211E-13
     3358.26    4.12349E-13
     3361.00    4.09931E-13
     3363.74    4.13277E-13
     3366.48    4.08099E-13
     3369.22    3.93790E-13
     3371.96    3.94001E-13
     3374.70    4.09973E-13
     3377.44    4.12096E-13
     3380.18    4.08198E-13
     3382.92    4.09277E-13
     3385.66    4.13527E-13
     3388.40    4.18263E-13
     3391.14    4.13202E-13
     3393.88    4.10308E-13
     3396.62    4.34748E-13
     3399.36    4.33573E-13
     3402.10    4.26037E-13
     3404.84    4.15528E-13
     3407.58    4.16217E-13
     3410.32    4.14738E-13
     3413.06    4.13109E-13
     3415.80    4.17825E-13
     3418.54    4.28107E-13
     3421.28    4.26967E-13
     3424.02    4.24734E-13
     3426.76    4.32490E-13
     3429.50    4.36001E-13
     3432.24    4.44033E-13
     3434.98    4.25655E-13
     3437.72    4.22696E-13
     3440.46    4.01852E-13
     3443.20    4.01125E-13
     3445.94    4.12827E-13
     3448.68    4.17224E-13
     3451.42    4.29668E-13
     3454.16    4.20459E-13
     3456.90    4.30649E-13
     3459.64    4.24924E-13
     3462.38    4.21608E-13
     3465.12    4.30068E-13
     3467.86    4.31568E-13
     3470.60    4.28389E-13
     3473.34    4.19800E-13
     3476.08    4.13480E-13
     3478.82    4.23542E-13
     3481.56    4.35848E-13
     3484.30    4.38118E-13
     3487.04    4.30635E-13
     3489.78    4.21825E-13
     3492.52    4.20035E-13
     3495.26    4.17961E-13
     3498.00    4.21078E-13
     3500.74    4.27023E-13
     3503.48    4.35604E-13
     3506.22    4.32000E-13
     3508.96    4.31060E-13
     3511.70    4.22075E-13
     3514.44    4.21248E-13
     3517.18    4.28669E-13
     3519.92    4.25794E-13
     3522.66    4.17322E-13
     3525.40    4.08739E-13
     3528.14    4.18309E-13
     3530.88    4.31276E-13
     3533.62    4.33789E-13
     3536.36    4.38707E-13
     3539.10    4.40417E-13
     3541.84    4.48397E-13
     3544.58    4.54599E-13
     3547.32    4.46091E-13
     3550.06    4.47109E-13
     3552.80    4.41986E-13
     3555.54    4.37530E-13
     3558.28    4.38582E-13
     3561.02    4.34673E-13
     3563.76    4.38916E-13
     3566.50    4.21138E-13
     3569.24    4.06060E-13
     3571.98    4.06576E-13
     3574.72    4.16995E-13
     3577.46    4.22028E-13
     3580.20    4.24551E-13
     3582.94    4.10979E-13
     3585.68    4.03460E-13
     3588.42    4.03695E-13
     3591.16    4.20833E-13
     3593.90    4.34986E-13
     3596.64    4.41071E-13
     3599.38    4.49872E-13
     3602.12    4.38742E-13
     3604.86    4.25214E-13
     3607.60    4.27933E-13
     3610.34    4.27654E-13
     3613.08    4.28329E-13
     3615.82    4.28969E-13
     3618.56    4.30486E-13
     3621.30    4.31041E-13
     3624.04    4.39180E-13
     3626.78    4.49651E-13
     3629.52    4.31713E-13
     3632.26    4.21810E-13
     3635.00    4.41367E-13
     3637.74    4.43056E-13
     3640.48    4.46658E-13
     3643.22    4.42578E-13
     3645.96    4.32387E-13
     3648.70    4.36342E-13
     3651.44    4.44482E-13
     3654.18    4.47419E-13
     3656.92    4.62634E-13
     3659.66    4.58142E-13
     3662.40    4.57893E-13
     3665.14    4.67428E-13
     3667.88    4.61831E-13
     3670.62    4.55334E-13
     3673.36    4.61285E-13
     3676.10    4.47017E-13
     3678.84    4.45658E-13
     3681.58    4.42856E-13
     3684.32    4.35910E-13
     3687.06    4.43182E-13
     3689.80    4.52813E-13
     3692.54    4.60268E-13
     3695.28    4.59948E-13
     3698.02    4.59872E-13
     3700.76    4.66107E-13
     3703.50    4.40412E-13
     3706.24    4.24929E-13
     3708.98    4.41638E-13
     3711.72    4.36087E-13
     3714.46    4.66119E-13
     3717.20    4.76535E-13
     3719.94    4.44107E-13
     3722.68    4.21833E-13
     3725.42    4.63232E-13
     3728.16    4.82743E-13
     3730.90    4.69935E-13
     3733.64    4.16310E-13
     3736.38    4.12100E-13
     3739.12    4.72658E-13
     3741.86    5.03068E-13
     3744.60    4.71469E-13
     3747.34    4.28118E-13
     3750.08    4.01391E-13
     3752.82    4.57923E-13
     3755.56    5.10919E-13
     3758.30    5.16786E-13
     3761.04    5.12923E-13
     3763.78    5.12832E-13
     3766.52    4.81977E-13
     3769.26    4.37092E-13
     3772.00    4.37610E-13
     3774.74    4.95760E-13
     3777.48    5.52033E-13
     3780.22    5.74564E-13
     3782.96    5.73045E-13
     3785.70    5.68760E-13
     3788.44    5.53678E-13
     3791.18    5.30790E-13
     3793.92    4.86155E-13
     3796.66    4.28205E-13
     3799.40    4.25287E-13
     3802.14    5.02056E-13
     3804.88    5.44750E-13
     3807.62    5.77523E-13
     3810.36    5.82394E-13
     3813.10    5.61862E-13
     3815.84    5.65651E-13
     3818.58    5.72816E-13
     3821.32    5.57602E-13
     3824.06    5.54010E-13
     3826.80    5.17765E-13
     3829.54    4.89626E-13
     3832.28    4.33450E-13
     3835.02    3.77660E-13
     3837.76    4.10363E-13
     3840.50    4.77598E-13
     3843.24    5.33707E-13
     3845.98    5.66300E-13
     3848.72    5.86352E-13
     3851.46    5.89609E-13
     3854.20    5.90796E-13
     3856.94    5.91789E-13
     3859.68    5.82333E-13
     3862.42    6.03162E-13
     3865.16    6.11000E-13
     3867.90    6.03107E-13
     3870.64    5.97204E-13
     3873.38    5.80361E-13
     3876.12    5.75160E-13
     3878.86    5.57844E-13
     3881.60    5.46956E-13
     3884.34    5.03966E-13
     3887.08    4.32692E-13
     3889.82    4.01339E-13
     3892.56    4.72699E-13
     3895.30    5.25345E-13
     3898.04    5.46141E-13
     3900.78    5.64242E-13
     3903.52    5.62113E-13
     3906.26    5.68326E-13
     3909.00    5.96937E-13
     3911.74    6.01703E-13
     3914.48    5.99351E-13
     3917.22    5.94153E-13
     3919.96    5.80998E-13
     3922.70    5.80910E-13
     3925.44    5.64977E-13
     3928.18    4.99705E-13
     3930.92    3.84919E-13
     3933.66    2.89835E-13
     3936.40    3.75004E-13
     3939.14    5.05736E-13
     3941.88    5.55408E-13
     3944.62    5.78690E-13
     3947.36    5.87253E-13
     3950.10    5.86471E-13
     3952.84    5.87659E-13
     3955.58    5.78253E-13
     3958.32    5.65731E-13
     3961.06    5.37411E-13
     3963.80    4.75291E-13
     3966.54    3.62128E-13
     3969.28    2.92047E-13
     3972.02    3.78813E-13
     3974.76    4.84363E-13
     3977.50    5.43968E-13
     3980.24    5.86302E-13
     3982.98    5.96553E-13
     3985.72    5.96179E-13
     3988.46    6.06690E-13
     3991.20    6.18914E-13
     3993.94    6.17976E-13
     3996.68    6.09705E-13
     3999.42    6.17644E-13
     4002.16    6.18912E-13
     4004.90    6.15999E-13
     4007.64    6.28883E-13
     4010.38    6.24811E-13
     4013.12    6.27287E-13
     4015.86    6.32806E-13
     4018.60    6.38253E-13
     4021.34    6.40127E-13
     4024.08    6.34733E-13
     4026.82    6.29063E-13
     4029.56    6.17078E-13
     4032.30    6.10954E-13
     4035.04    6.28618E-13
     4037.78    6.34669E-13
     4040.52    6.43637E-13
     4043.26    6.30121E-13
     4046.00    6.16832E-13
     4048.74    6.28330E-13
     4051.48    6.38820E-13
     4054.22    6.32051E-13
     4056.96    6.25028E-13
     4059.70    6.28443E-13
     4062.44    6.11131E-13
     4065.18    6.13442E-13
     4067.92    6.19517E-13
     4070.66    6.10725E-13
     4073.40    6.13801E-13
     4076.14    6.10049E-13
     4078.88    6.08552E-13
     4081.62    6.19037E-13
     4084.36    6.10857E-13
     4087.10    6.05224E-13
     4089.84    6.03945E-13
     4092.58    5.80009E-13
     4095.32    5.56135E-13
     4098.06    5.05545E-13
     4100.80    4.36896E-13
     4103.54    4.53074E-13
     4106.28    5.28230E-13
     4109.02    5.62733E-13
     4111.76    5.83420E-13
     4114.50    6.00447E-13
     4117.24    6.02377E-13
     4119.98    6.11989E-13
     4122.72    6.14295E-13
     4125.46    6.16639E-13
     4128.20    6.19661E-13
     4130.94    6.16960E-13
     4133.68    6.12176E-13
     4136.42    6.20368E-13
     4139.16    6.25248E-13
     4141.90    6.14127E-13
     4144.64    6.15559E-13
     4147.38    6.17778E-13
     4150.12    6.19532E-13
     4152.86    6.21791E-13
     4155.60    6.13774E-13
     4158.34    6.16789E-13
     4161.08    6.19374E-13
     4163.82    6.18519E-13
     4166.56    6.20529E-13
     4169.30    6.22847E-13
     4172.04    6.04147E-13
     4174.78    6.06214E-13
     4177.52    6.10266E-13
     4180.26    6.15122E-13
     4183.00    6.18077E-13
     4185.74    6.07095E-13
     4188.48    6.09481E-13
     4191.22    6.22003E-13
     4193.96    6.19355E-13
     4196.70    6.09109E-13
     4199.44    6.01966E-13
     4202.18    6.11985E-13
     4204.92    6.19038E-13
     4207.66    6.20097E-13
     4210.40    6.12823E-13
     4213.14    6.12188E-13
     4215.88    6.09638E-13
     4218.62    6.04652E-13
     4221.36    6.12926E-13
     4224.10    6.01162E-13
     4226.84    5.87458E-13
     4229.58    6.07622E-13
     4232.32    6.07676E-13
     4235.06    6.04923E-13
     4237.80    6.08088E-13
     4240.54    6.13719E-13
     4243.28    6.13134E-13
     4246.02    5.99658E-13
     4248.76    5.99160E-13
     4251.50    6.02664E-13
     4254.24    6.08281E-13
     4256.98    6.08174E-13
     4259.72    6.08036E-13
     4262.46    6.15811E-13
     4265.20    6.17675E-13
     4267.94    6.08619E-13
     4270.68    5.93683E-13
     4273.42    5.91556E-13
     4276.16    6.09992E-13
     4278.90    6.10977E-13
     4281.64    6.03384E-13
     4284.38    6.21347E-13
     4287.12    5.95202E-13
     4289.86    5.81492E-13
     4292.60    5.85378E-13
     4295.34    5.88479E-13
     4298.08    5.68887E-13
     4300.82    5.55182E-13
     4303.56    5.60935E-13
     4306.30    5.62036E-13
     4309.04    5.61422E-13
     4311.78    5.68434E-13
     4314.52    5.80413E-13
     4317.26    5.91625E-13
     4320.00    5.94789E-13
     4322.74    5.80198E-13
     4325.48    5.74375E-13
     4328.22    5.76009E-13
     4330.96    5.70292E-13
     4333.70    5.43689E-13
     4336.44    5.01197E-13
     4339.18    4.30091E-13
     4341.92    4.42652E-13
     4344.66    5.04484E-13
     4347.40    5.50191E-13
     4350.14    5.63099E-13
     4352.88    5.70454E-13
     4355.62    5.89374E-13
     4358.36    6.02720E-13
     4361.10    6.07702E-13
     4363.84    6.24878E-13
     4366.58    6.12001E-13
     4369.32    6.00535E-13
     4372.06    6.08268E-13
     4374.80    5.98692E-13
     4377.54    5.97907E-13
     4380.28    6.01412E-13
     4383.02    5.92169E-13
     4385.76    5.98570E-13
     4388.50    6.07137E-13
     4391.24    6.05475E-13
     4393.98    6.01370E-13
     4396.72    5.98610E-13
     4399.46    6.00980E-13
     4402.20    5.95977E-13
     4404.94    6.03800E-13
     4407.68    6.06795E-13
     4410.42    6.09402E-13
     4413.16    6.08599E-13
     4415.90    6.04621E-13
     4418.64    6.05274E-13
     4421.38    6.07903E-13
     4424.12    6.02227E-13
     4426.86    6.18430E-13
     4429.60    6.12258E-13
     4432.34    6.01156E-13
     4435.08    6.00430E-13
     4437.82    6.04151E-13
     4440.56    5.99303E-13
     4443.30    5.96212E-13
     4446.04    6.03920E-13
     4448.78    6.02185E-13
     4451.52    6.02757E-13
     4454.26    5.97147E-13
     4457.00    5.92526E-13
     4459.74    5.94856E-13
     4462.48    5.97285E-13
     4465.22    6.00887E-13
     4467.96    5.95060E-13
     4470.70    5.99938E-13
     4473.44    6.07283E-13
     4476.18    6.07477E-13
     4478.92    5.99488E-13
     4481.66    5.96208E-13
     4484.40    6.01169E-13
     4487.14    6.03885E-13
     4489.88    5.98415E-13
     4492.62    5.98388E-13
     4495.36    5.98857E-13
     4498.10    5.99405E-13
     4500.84    5.97462E-13
     4503.58    5.98928E-13
     4506.32    6.01362E-13
     4509.06    6.02160E-13
     4511.80    6.00408E-13
     4514.54    5.99511E-13
     4517.28    5.95722E-13
     4520.02    5.95343E-13
     4522.76    5.93989E-13
     4525.50    5.92888E-13
     4528.24    5.86576E-13
     4530.98    5.80438E-13
     4533.72    5.80152E-13
     4536.46    5.88728E-13
     4539.20    5.99135E-13
     4541.94    5.97581E-13
     4544.68    5.94047E-13
     4547.42    5.88821E-13
     4550.16    5.85984E-13
     4552.90    5.82876E-13
     4555.64    5.84146E-13
     4558.38    5.92515E-13
     4561.12    5.93428E-13
     4563.86    5.89344E-13
     4566.60    5.96202E-13
     4569.34    5.93454E-13
     4572.08    5.91113E-13
     4574.82    5.94190E-13
     4577.56    5.95917E-13
     4580.30    5.96007E-13
     4583.04    5.91030E-13
     4585.78    5.92482E-13
     4588.52    5.96064E-13
     4591.26    5.86376E-13
     4594.00    5.90783E-13
     4596.74    5.94095E-13
     4599.48    5.94324E-13
     4602.22    5.94057E-13
     4604.96    5.93357E-13
     4607.70    5.95149E-13
     4610.44    5.95143E-13
     4613.18    5.95230E-13
     4615.92    5.97288E-13
     4618.66    5.96866E-13
     4621.40    5.94991E-13
     4624.14    5.91677E-13
     4626.88    5.91088E-13
     4629.62    5.93052E-13
     4632.36    5.94829E-13
     4635.10    5.91013E-13
     4637.84    5.89986E-13
     4640.58    5.94238E-13
     4643.32    5.92201E-13
     4646.06    5.89014E-13
     4648.80    5.90459E-13
     4651.54    5.93119E-13
     4654.28    5.91236E-13
     4657.02    5.89415E-13
     4659.76    5.93941E-13
     4662.50    5.94960E-13
     4665.24    5.87304E-13
     4667.98    5.82917E-13
     4670.72    5.88417E-13
     4673.46    5.90921E-13
     4676.20    5.90173E-13
     4678.94    5.90902E-13
     4681.68    5.88800E-13
     4684.42    5.90370E-13
     4687.16    5.94139E-13
     4689.90    5.87110E-13
     4692.64    5.83064E-13
     4695.38    5.87338E-13
     4698.12    5.90079E-13
     4700.86    5.84937E-13
     4703.60    5.79449E-13
     4706.34    5.80798E-13
     4709.08    5.83402E-13
     4711.82    5.83887E-13
     4714.56    5.85510E-13
     4717.30    5.86978E-13
     4720.04    5.86907E-13
     4722.78    5.86681E-13
     4725.52    5.83886E-13
     4728.26    5.81635E-13
     4731.00    5.84193E-13
     4733.74    5.81777E-13
     4736.48    5.78391E-13
     4739.22    5.80189E-13
     4741.96    5.81484E-13
     4744.70    5.83402E-13
     4747.44    5.85349E-13
     4750.18    5.82299E-13
     4752.92    5.79464E-13
     4755.66    5.75969E-13
     4758.40    5.74305E-13
     4761.14    5.77321E-13
     4763.88    5.78491E-13
     4766.62    5.75705E-13
     4769.36    5.76375E-13
     4772.10    5.77506E-13
     4774.84    5.77930E-13
     4777.58    5.78346E-13
     4780.32    5.74131E-13
     4783.06    5.74272E-13
     4785.80    5.77700E-13
     4788.54    5.77869E-13
     4791.28    5.77566E-13
     4794.02    5.76997E-13
     4796.76    5.75035E-13
     4799.50    5.73973E-13
     4802.24    5.70714E-13
     4804.98    5.71074E-13
     4807.72    5.73904E-13
     4810.46    5.72376E-13
     4813.20    5.73017E-13
     4815.94    5.76665E-13
     4818.68    5.75154E-13
     4821.42    5.70046E-13
     4824.16    5.66471E-13
     4826.90    5.67452E-13
     4829.64    5.70802E-13
     4832.38    5.64884E-13
     4835.12    5.61445E-13
     4837.86    5.65669E-13
     4840.60    5.62552E-13
     4843.34    5.55139E-13
     4846.08    5.49446E-13
     4848.82    5.45953E-13
     4851.56    5.38823E-13
     4854.30    5.15926E-13
     4857.04    4.72067E-13
     4859.78    4.20057E-13
     4862.52    4.14850E-13
     4865.26    4.65996E-13
     4868.00    5.07117E-13
     4870.74    5.23339E-13
     4873.48    5.35417E-13
     4876.22    5.49153E-13
     4878.96    5.54034E-13
     4881.70    5.61486E-13
     4884.44    5.66055E-13
     4887.18    5.53391E-13
     4889.92    5.49695E-13
     4892.66    5.55231E-13
     4895.40    5.62748E-13
     4898.14    5.65300E-13
     4900.88    5.65159E-13
     4903.62    5.62876E-13
     4906.36    5.62643E-13
     4909.10    5.65115E-13
     4911.84    5.67492E-13
     4914.58    5.63872E-13
     4917.32    5.54960E-13
     4920.06    5.49738E-13
     4922.80    5.50519E-13
     4925.54    5.55287E-13
     4928.28    5.56310E-13
     4931.02    5.58008E-13
     4933.76    5.57544E-13
     4936.50    5.56061E-13
     4939.24    5.59057E-13
     4941.98    5.60446E-13
     4944.72    5.61564E-13
     4947.46    5.60319E-13
     4950.20    5.60948E-13
     4952.94    5.59892E-13
     4955.68    5.50805E-13
     4958.42    5.46067E-13
     4961.16    5.45849E-13
     4963.90    5.42992E-13
     4966.64    5.57823E-13
     4969.38    5.58214E-13
     4972.12    5.60163E-13
     4974.86    5.58928E-13
     4977.60    5.54575E-13
     4980.34    5.52858E-13
     4983.08    5.50455E-13
     4985.82    5.47465E-13
     4988.56    5.49709E-13
     4991.30    5.47459E-13
     4994.04    5.47516E-13
     4996.78    5.50280E-13
     4999.52    5.46544E-13
     5002.26    5.45692E-13
     5005.00    5.40205E-13
     5007.74    5.42281E-13
     5010.48    5.52463E-13
     5013.22    5.44912E-13
     5015.96    5.41557E-13
     5018.70    5.42234E-13
     5021.44    5.47014E-13
     5024.18    5.48492E-13
     5026.92    5.45811E-13
     5029.66    5.49036E-13
     5032.40    5.49030E-13
     5035.14    5.44868E-13
     5037.88    5.41797E-13
     5040.62    5.37279E-13
     5043.36    5.42029E-13
     5046.10    5.47793E-13
     5048.84    5.43277E-13
     5051.58    5.43988E-13
     5054.32    5.46467E-13
     5057.06    5.44114E-13
     5059.80    5.46606E-13
     5062.54    5.48618E-13
     5065.28    5.42956E-13
     5068.02    5.42369E-13
     5070.76    5.44790E-13
     5073.50    5.45100E-13
     5076.24    5.40962E-13
     5078.98    5.36503E-13
     5081.72    5.34042E-13
     5084.46    5.38537E-13
     5087.20    5.44536E-13
     5089.94    5.44246E-13
     5092.68    5.39168E-13
     5095.42    5.34537E-13
     5098.16    5.42140E-13
     5100.90    5.50393E-13
     5103.64    5.36332E-13
     5106.38    5.35956E-13
     5109.12    5.35128E-13
     5111.86    5.33521E-13
     5114.60    5.38923E-13
     5117.34    5.42297E-13
     5120.08    5.39316E-13
     5122.82    5.40159E-13
     5125.56    5.37879E-13
     5128.30    5.34592E-13
     5131.04    5.28368E-13
     5133.78    5.34243E-13
     5136.52    5.29016E-13
     5139.26    5.27094E-13
     5142.00    5.28751E-13
     5144.74    5.35797E-13
     5147.48    5.33430E-13
     5150.22    5.30223E-13
     5152.96    5.28543E-13
     5155.70    5.35309E-13
     5158.44    5.34109E-13
     5161.18    5.28685E-13
     5163.92    5.22713E-13
     5166.66    5.09894E-13
     5169.40    4.96222E-13
     5172.14    4.97939E-13
     5174.88    5.13349E-13
     5177.62    5.27314E-13
     5180.36    5.23063E-13
     5183.10    5.08179E-13
     5185.84    5.09343E-13
     5188.58    5.17896E-13
     5191.32    5.14547E-13
     5194.06    5.19954E-13
     5196.80    5.26753E-13
     5199.54    5.25419E-13
     5202.28    5.20596E-13
     5205.02    5.14027E-13
     5207.76    5.14349E-13
     5210.50    5.20576E-13
     5213.24    5.23936E-13
     5215.98    5.23531E-13
     5218.72    5.27402E-13
     5221.46    5.30826E-13
     5224.20    5.22778E-13
     5226.94    5.17158E-13
     5229.68    5.13607E-13
     5232.42    5.13169E-13
     5235.16    5.18626E-13
     5237.90    5.25976E-13
     5240.64    5.29352E-13
     5243.38    5.25026E-13
     5246.12    5.21464E-13
     5248.86    5.24952E-13
     5251.60    5.21520E-13
     5254.34    5.23706E-13
     5257.08    5.20336E-13
     5259.82    5.22326E-13
     5262.56    5.12310E-13
     5265.30    5.08211E-13
     5268.04    5.08837E-13
     5270.78    5.04265E-13
     5273.52    5.13613E-13
     5276.26    5.21121E-13
     5279.00    5.19066E-13
     5281.74    5.16503E-13
     5284.48    5.16634E-13
     5287.22    5.22518E-13
     5289.96    5.22421E-13
     5292.70    5.19518E-13
     5295.44    5.21803E-13
     5298.18    5.21296E-13
     5300.92    5.16144E-13
     5303.66    5.20391E-13
     5306.40    5.27793E-13
     5309.14    5.21734E-13
     5311.88    5.17485E-13
     5314.62    5.17732E-13
     5317.36    5.21446E-13
     5320.10    5.17711E-13
     5322.84    5.12668E-13
     5325.58    5.05766E-13
     5328.32    5.05158E-13
     5331.06    5.12592E-13
     5333.80    5.16150E-13
     5336.54    5.13487E-13
     5339.28    5.07599E-13
     5342.02    5.06921E-13
     5344.76    5.13629E-13
     5347.50    5.04031E-13
     5350.24    5.11227E-13
     5352.98    5.15410E-13
     5355.72    5.15667E-13
     5358.46    5.13866E-13
     5361.20    5.11493E-13
     5363.94    5.09973E-13
     5366.68    5.04956E-13
     5369.42    5.03985E-13
     5372.16    5.03311E-13
     5374.90    5.10949E-13
     5377.64    5.06890E-13
     5380.38    5.09349E-13
     5383.12    5.12294E-13
     5385.86    5.07511E-13
     5388.60    5.11459E-13
     5391.34    5.00784E-13
     5394.08    4.83870E-13
     5396.82    5.00277E-13
     5399.56    4.99051E-13
     5402.30    5.01570E-13
     5405.04    4.97925E-13
     5407.78    4.96377E-13
     5410.52    5.00547E-13
     5413.26    5.02956E-13
     5416.00    5.03403E-13
     5418.74    5.07645E-13
     5421.48    5.06189E-13
     5424.22    5.11695E-13
     5426.96    5.02806E-13
     5429.70    4.96174E-13
     5432.44    4.95122E-13
     5435.18    4.92490E-13
     5437.92    4.97267E-13
     5440.66    5.03894E-13
     5443.40    5.04669E-13
     5446.14    4.93571E-13
     5448.88    4.96471E-13
     5451.62    4.99555E-13
     5454.36    4.95388E-13
     5457.10    4.94637E-13
     5459.84    4.97533E-13
     5462.58    5.01132E-13
     5465.32    5.01823E-13
     5468.06    4.99561E-13
     5470.80    5.02825E-13
     5473.54    4.99384E-13
     5476.28    4.97729E-13
     5479.02    4.94699E-13
     5481.76    4.99523E-13
     5484.50    4.96116E-13
     5487.24    4.98139E-13
     5489.98    5.02021E-13
     5492.72    4.96757E-13
     5495.46    5.00524E-13
     5498.20    4.97999E-13
     5500.94    4.93954E-13
     5503.68    4.91179E-13
     5506.42    4.91596E-13
     5509.16    4.90986E-13
     5511.90    4.89735E-13
     5514.64    4.91774E-13
     5517.38    4.93093E-13
     5520.12    4.96708E-13
     5522.86    4.96628E-13
     5525.60    4.94056E-13
     5528.34    4.88626E-13
     5531.08    4.93362E-13
     5533.82    4.96066E-13
     5536.56    4.88248E-13
     5539.30    4.91786E-13
     5542.04    4.91763E-13
     5544.78    4.92419E-13
     5547.52    4.96187E-13
     5550.26    4.94437E-13
     5553.00    4.92572E-13
     5555.74    4.92844E-13
     5558.48    4.93889E-13
     5561.22    4.96665E-13
     5563.96    4.95434E-13
     5566.70    4.90803E-13
     5569.44    4.91216E-13
     5572.18    4.87137E-13
     5574.92    4.90744E-13
     5577.66    4.85165E-13
     5580.40    4.81955E-13
     5583.14    4.82040E-13
     5585.88    4.81915E-13
     5588.62    4.83646E-13
     5591.36    4.88402E-13
     5594.10    4.94187E-13
     5596.84    4.91747E-13
     5599.58    4.90078E-13
     5602.32    4.87853E-13
     5605.06    4.85578E-13
     5607.80    4.85387E-13
     5610.54    4.83614E-13
     5613.28    4.85566E-13
     5616.02    4.83506E-13
     5618.76    4.87027E-13
     5621.50    4.85393E-13
     5624.24    4.80747E-13
     5626.98    4.88037E-13
     5629.72    4.83368E-13
     5632.46    4.88992E-13
     5635.20    4.91316E-13
     5637.94    4.88781E-13
     5640.68    4.88853E-13
     5643.42    4.91939E-13
     5646.16    4.87279E-13
     5648.90    4.90224E-13
     5651.64    4.77264E-13
     5654.38    4.69635E-13
     5657.12    4.77011E-13
     5659.86    4.74104E-13
     5662.60    4.62466E-13
     5665.34    4.65602E-13
     5668.08    4.73808E-13
     5670.82    4.74052E-13
     5673.56    4.73016E-13
     5676.30    4.71684E-13
     5679.04    4.73819E-13
     5681.78    4.82574E-13
     5684.52    4.82115E-13
     5687.26    4.76295E-13
     5690.00    4.69432E-13
     5692.74    4.64421E-13
     5695.48    4.70218E-13
     5698.22    4.73128E-13
     5700.96    4.66379E-13
     5703.70    4.65182E-13
     5706.44    4.68660E-13
     5709.18    4.73106E-13
     5711.92    4.77634E-13
     5714.66    4.76601E-13
     5717.40    4.72387E-13
     5720.14    4.61940E-13
     5722.88    4.59777E-13
     5725.62    4.72451E-13
     5728.36    4.73359E-13
     5731.10    4.68389E-13
     5733.84    4.70614E-13
     5736.58    4.74824E-13
     5739.32    4.79760E-13
     5742.06    4.79353E-13
     5744.80    4.65369E-13
     5747.54    4.63866E-13
     5750.28    4.75812E-13
     5753.02    4.75797E-13
     5755.76    4.71193E-13
     5758.50    4.69465E-13
     5761.24    4.68358E-13
     5763.98    4.66845E-13
     5766.72    4.68180E-13
     5769.46    4.75757E-13
     5772.20    4.74758E-13
     5774.94    4.68080E-13
     5777.68    4.66769E-13
     5780.42    4.66654E-13
     5783.16    4.63872E-13
     5785.90    4.62967E-13
     5788.64    4.65367E-13
     5791.38    4.71664E-13
     5794.12    4.84455E-13
     5796.86    4.81901E-13
     5799.60    4.71694E-13
     5802.34    4.67677E-13
     5805.08    4.66320E-13
     5807.82    4.69331E-13
     5810.56    4.70643E-13
     5813.30    4.68112E-13
     5816.04    4.67278E-13
     5818.78    4.67384E-13
     5821.52    4.67850E-13
     5824.26    4.67209E-13
     5827.00    4.59802E-13
     5829.74    4.54270E-13
     5832.48    4.54984E-13
     5835.22    4.58515E-13
     5837.96    4.67040E-13
     5840.70    4.65519E-13
     5843.44    4.58905E-13
     5846.18    4.58255E-13
     5848.92    4.58379E-13
     5851.66    4.55526E-13
     5854.40    4.54575E-13
     5857.14    4.56954E-13
     5859.88    4.60397E-13
     5862.62    4.65472E-13
     5865.36    4.60632E-13
     5868.10    4.52941E-13
     5870.84    4.55672E-13
     5873.58    4.57721E-13
     5876.32    4.52427E-13
     5879.06    4.49767E-13
     5881.80    4.50733E-13
     5884.54    4.50947E-13
     5887.28    4.51199E-13
     5890.02    4.51515E-13
     5892.76    4.51285E-13
     5895.50    4.48149E-13
     5898.24    4.48143E-13
     5900.98    4.56687E-13
     5903.72    4.55307E-13
     5906.46    4.44613E-13
     5909.20    4.46663E-13
     5911.94    4.52911E-13
     5914.68    4.51819E-13
     5917.42    4.49726E-13
     5920.16    4.48018E-13
     5922.90    4.49474E-13
     5925.64    4.56815E-13
     5928.38    4.57201E-13
     5931.12    4.53675E-13
     5933.86    4.50466E-13
     5936.60    4.48213E-13
     5939.34    4.50949E-13
     5942.08    4.52560E-13
     5944.82    4.50369E-13
     5947.56    4.49038E-13
     5950.30    4.48271E-13
     5953.04    4.48156E-13
     5955.78    4.48132E-13
     5958.52    4.45866E-13
     5961.26    4.43592E-13
     5964.00    4.42471E-13
     5966.74    4.42688E-13
     5969.48    4.45743E-13
     5972.22    4.44252E-13
     5974.96    4.39994E-13
     5977.70    4.41613E-13
     5980.44    4.44717E-13
     5983.18    4.44483E-13
     5985.92    4.45315E-13
     5988.66    4.50283E-13
     5991.40    4.51022E-13
     5994.14    4.47186E-13
     5996.88    4.45318E-13
     5999.62    4.44030E-13
     6002.36    4.42835E-13
     6005.10    4.43280E-13
     6007.84    4.48778E-13
     6010.58    4.50822E-13
     6013.32    4.46543E-13
     6016.06    4.44192E-13
     6018.80    4.42509E-13
     6021.54    4.42546E-13
     6024.28    4.43188E-13
     6027.02    4.42838E-13
     6029.76    4.41723E-13
     6032.50    4.39429E-13
     6035.24    4.37123E-13
     6037.98    4.34036E-13
     6040.72    4.36447E-13
     6043.46    4.41352E-13
     6046.20    4.38652E-13
     6048.94    4.35169E-13
     6051.68    4.35503E-13
     6054.42    4.37744E-13
     6057.16    4.44393E-13
     6059.90    4.43108E-13
     6062.64    4.35521E-13
     6065.38    4.32533E-13
     6068.12    4.31984E-13
     6070.86    4.36771E-13
     6073.60    4.39794E-13
     6076.34    4.35751E-13
     6079.08    4.32796E-13
     6081.82    4.30617E-13
     6084.56    4.31690E-13
     6087.30    4.34897E-13
     6090.04    4.38053E-13
     6092.78    4.38438E-13
     6095.52    4.28002E-13
     6098.26    4.23109E-13
     6101.00    4.31821E-13
     6103.74    4.32489E-13
     6106.48    4.27017E-13
     6109.22    4.26434E-13
     6111.96    4.27835E-13
     6114.70    4.31085E-13
     6117.44    4.33073E-13
     6120.18    4.30871E-13
     6122.92    4.28512E-13
     6125.66    4.24251E-13
     6128.40    4.29824E-13
     6131.14    4.40691E-13
     6133.88    4.34556E-13
     6136.62    4.25002E-13
     6139.36    4.23370E-13
     6142.10    4.25234E-13
     6144.84    4.33702E-13
     6147.58    4.33455E-13
     6150.32    4.25029E-13
     6153.06    4.21083E-13
     6155.80    4.19238E-13
     6158.54    4.22459E-13
     6161.28    4.25087E-13
     6164.02    4.21975E-13
     6166.76    4.20149E-13
     6169.50    4.19598E-13
     6172.24    4.23408E-13
     6174.98    4.29997E-13
     6177.72    4.23398E-13
     6180.46    4.15683E-13
     6183.20    4.23367E-13
     6185.94    4.29546E-13
     6188.68    4.29273E-13
     6191.42    4.25323E-13
     6194.16    4.16258E-13
     6196.90    4.17245E-13
     6199.64    4.22152E-13
     6202.38    4.18601E-13
     6205.12    4.16196E-13
     6207.86    4.23953E-13
     6210.60    4.26117E-13
     6213.34    4.18069E-13
     6216.08    4.14321E-13
     6218.82    4.12417E-13
     6221.56    4.11402E-13
     6224.30    4.12182E-13
     6227.04    4.18309E-13
     6229.78    4.21335E-13
     6232.52    4.15053E-13
     6235.26    4.12886E-13
     6238.00    4.15185E-13
     6240.74    4.15144E-13
     6243.48    4.14322E-13
     6246.22    4.13316E-13
     6248.96    4.12613E-13
     6251.70    4.13358E-13
     6254.44    4.13394E-13
     6257.18    4.11705E-13
     6259.92    4.11714E-13
     6262.66    4.12902E-13
     6265.40    4.13696E-13
     6268.14    4.14258E-13
     6270.88    4.13593E-13
     6273.62    4.13761E-13
     6276.36    4.16896E-13
     6279.10    4.17638E-13
     6281.84    4.15659E-13
     6284.58    4.12993E-13
     6287.32    4.10026E-13
     6290.06    4.12487E-13
     6292.80    4.15658E-13
     6295.54    4.15769E-13
     6298.28    4.14421E-13
     6301.02    4.11354E-13
     6303.76    4.07890E-13
     6306.50    4.03730E-13
     6309.24    4.02482E-13
     6311.98    4.03553E-13
     6314.72    4.09492E-13
     6317.46    4.13713E-13
     6320.20    4.11505E-13
     6322.94    4.08667E-13
     6325.68    4.04908E-13
     6328.42    4.01864E-13
     6331.16    3.99720E-13
     6333.90    4.04885E-13
     6336.64    4.11365E-13
     6339.38    4.13749E-13
     6342.12    4.13008E-13
     6344.86    4.06705E-13
     6347.60    4.05112E-13
     6350.34    4.07522E-13
     6353.08    4.06121E-13
     6355.82    4.03555E-13
     6358.56    4.02253E-13
     6361.30    4.01957E-13
     6364.04    4.03653E-13
     6366.78    4.04454E-13
     6369.52    4.03242E-13
     6372.26    4.05592E-13
     6375.00    4.09741E-13
     6377.74    4.07186E-13
     6380.48    4.03458E-13
     6383.22    4.04139E-13
     6385.96    4.05541E-13
     6388.70    4.08551E-13
     6391.44    4.06174E-13
     6394.18    3.98126E-13
     6396.92    3.95318E-13
     6399.66    3.94856E-13
     6402.40    3.94846E-13
     6405.14    3.96844E-13
     6407.88    4.04414E-13
     6410.62    4.06454E-13
     6413.36    3.98155E-13
     6416.10    3.98594E-13
     6418.84    4.03657E-13
     6421.58    4.02575E-13
     6424.32    3.99923E-13
     6427.06    3.98631E-13
     6429.80    3.98834E-13
     6432.54    4.02564E-13
     6435.28    4.02538E-13
     6438.02    3.98290E-13
     6440.76    3.98146E-13
     6443.50    3.99501E-13
     6446.24    3.99142E-13
     6448.98    3.97643E-13
     6451.72    3.93140E-13
     6454.46    3.91953E-13
     6457.20    3.97429E-13
     6459.94    3.97433E-13
     6462.68    3.94052E-13
     6465.42    3.89499E-13
     6468.16    3.86652E-13
     6470.90    3.96053E-13
     6473.64    4.01832E-13
     6476.38    3.94243E-13
     6479.12    3.90595E-13
     6481.86    3.91262E-13
     6484.60    3.89902E-13
     6487.34    3.88338E-13
     6490.08    3.90707E-13
     6492.82    3.92895E-13
     6495.56    3.90322E-13
     6498.30    3.89392E-13
     6501.04    3.92228E-13
     6503.78    3.93104E-13
     6506.52    3.92768E-13
     6509.26    3.94003E-13
     6512.00    3.95098E-13
     6514.74    3.93140E-13
     6517.48    3.90609E-13
     6520.22    3.87719E-13
     6522.96    3.87200E-13
     6525.70    3.90271E-13
     6528.44    3.88982E-13
     6531.18    3.85574E-13
     6533.92    3.83541E-13
     6536.66    3.82424E-13
     6539.40    3.84036E-13
     6542.14    3.83416E-13
     6544.88    3.78794E-13
     6547.62    3.73773E-13
     6550.36    3.68155E-13
     6553.10    3.57358E-13
     6555.84    3.42880E-13
     6558.58    3.21625E-13
     6561.32    3.07531E-13
     6564.06    3.10921E-13
     6566.80    3.21557E-13
     6569.54    3.42967E-13
     6572.28    3.54079E-13
     6575.02    3.60398E-13
     6577.76    3.71706E-13
     6580.50    3.80807E-13
     6583.24    3.78499E-13
     6585.98    3.77059E-13
     6588.72    3.80605E-13
     6591.46    3.82821E-13
     6594.20    3.84221E-13
     6596.94    3.84101E-13
     6599.68    3.83448E-13
     6602.42    3.85797E-13
     6605.16    3.86814E-13
     6607.90    3.81213E-13
     6610.64    3.81029E-13
     6613.38    3.91524E-13
     6616.12    3.89617E-13
     6618.86    3.80990E-13
     6621.60    3.80923E-13
     6624.34    3.82881E-13
     6627.08    3.81661E-13
     6629.82    3.82127E-13
     6632.56    3.87806E-13
     6635.30    3.87921E-13
     6638.04    3.82198E-13
     6640.78    3.81862E-13
     6643.52    3.83610E-13
     6646.26    3.84757E-13
     6649.00    3.84827E-13
     6651.74    3.81630E-13
     6654.48    3.80095E-13
     6657.22    3.81546E-13
     6659.96    3.81999E-13
     6662.70    3.82107E-13
     6665.44    3.81164E-13
     6668.18    3.79921E-13
     6670.92    3.79855E-13
     6673.66    3.79051E-13
     6676.40    3.76187E-13
     6679.14    3.74325E-13
     6681.88    3.73228E-13
     6684.62    3.73750E-13
     6687.36    3.75696E-13
     6690.10    3.80850E-13
     6692.84    3.83966E-13
     6695.58    3.77272E-13
     6698.32    3.74432E-13
     6701.06    3.80473E-13
     6703.80    3.79604E-13
     6706.54    3.74287E-13
     6709.28    3.72678E-13
     6712.02    3.74559E-13
     6714.76    3.88808E-13
     6717.50    3.95732E-13
     6720.24    3.79225E-13
     6722.98    3.73280E-13
     6725.72    3.80559E-13
     6728.46    3.78449E-13
     6731.20    3.72741E-13
     6733.94    3.70035E-13
     6736.68    3.69275E-13
     6739.42    3.72932E-13
     6742.16    3.74214E-13
     6744.90    3.70475E-13
     6747.64    3.68072E-13
     6750.38    3.66169E-13
     6753.12    3.66973E-13
     6755.86    3.69280E-13
     6758.60    3.72414E-13
     6761.34    3.73829E-13
     6764.08    3.70331E-13
     6766.82    3.68983E-13
     6769.56    3.70978E-13
     6772.30    3.69436E-13
     6775.04    3.66238E-13
     6777.78    3.65094E-13
     6780.52    3.64857E-13
     6783.26    3.65217E-13
     6786.00    3.66496E-13
     6788.74    3.69750E-13
     6791.48    3.70350E-13
     6794.22    3.68627E-13
     6796.96    3.68956E-13
     6799.70    3.69318E-13
     6802.44    3.65911E-13
     6805.18    3.62674E-13
     6807.92    3.61629E-13
     6810.66    3.61946E-13
     6813.40    3.64836E-13
     6816.14    3.63255E-13
     6818.88    3.59495E-13
     6821.62    3.63334E-13
     6824.36    3.68626E-13
     6827.10    3.71238E-13
     6829.84    3.68573E-13
     6832.58    3.54332E-13
     6835.32    3.51480E-13
     6838.06    3.59314E-13
     6840.80    3.60889E-13
     6843.54    3.60819E-13
     6846.28    3.62732E-13
     6849.02    3.63650E-13
     6851.76    3.61271E-13
     6854.50    3.59069E-13
     6857.24    3.56614E-13
     6859.98    3.57357E-13
     6862.72    3.60326E-13
     6865.46    3.62158E-13
     6868.20    3.62651E-13
     6870.94    3.58485E-13
     6873.68    3.55975E-13
     6876.42    3.58986E-13
     6879.16    3.59055E-13
     6881.90    3.55888E-13
     6884.64    3.57428E-13
     6887.38    3.60664E-13
     6890.12    3.60061E-13
     6892.86    3.58241E-13
     6895.60    3.55306E-13
     6898.34    3.54496E-13
     6901.08    3.57625E-13
     6903.82    3.58046E-13
     6906.56    3.56950E-13
     6909.30    3.56689E-13
     6912.04    3.56938E-13
     6914.78    3.58796E-13
     6917.52    3.59848E-13
     6920.26    3.58594E-13
     6923.00    3.57532E-13
     6925.74    3.56486E-13
     6928.48    3.56549E-13
     6931.22    3.56945E-13
     6933.96    3.54464E-13
     6936.70    3.51945E-13
     6939.44    3.51835E-13
     6942.18    3.51905E-13
     6944.92    3.51252E-13
     6947.66    3.53431E-13
     6950.40    3.57970E-13
     6953.14    3.54338E-13
     6955.88    3.48778E-13
     6958.62    3.51266E-13
     6961.36    3.53065E-13
     6964.10    3.49408E-13
     6966.84    3.47972E-13
     6969.58    3.49451E-13
     6972.32    3.48887E-13
     6975.06    3.47702E-13
     6977.80    3.49032E-13
     6980.54    3.50812E-13
     6983.28    3.51441E-13
     6986.02    3.51931E-13
     6988.76    3.53274E-13
     6991.50    3.51166E-13
     6994.24    3.45931E-13
     6996.98    3.43872E-13
     6999.72    3.44079E-13
     7002.46    3.50464E-13
     7005.20    3.54199E-13
     7007.94    3.47134E-13
     7010.68    3.44404E-13
     7013.42    3.48380E-13
     7016.16    3.47278E-13
     7018.90    3.44049E-13
     7021.64    3.44271E-13
     7024.38    3.45833E-13
     7027.12    3.48579E-13
     7029.86    3.50007E-13
     7032.60    3.48713E-13
     7035.34    3.47669E-13
     7038.08    3.46394E-13
     7040.82    3.49020E-13
     7043.56    3.52649E-13
     7046.30    3.50103E-13
     7049.04    3.47745E-13
     7051.78    3.50899E-13
     7054.52    3.49805E-13
     7057.26    3.40549E-13
     7060.00    3.41015E-13
     7062.74    3.46581E-13
     7065.48    3.43111E-13
     7068.22    3.38045E-13
     7070.96    3.37416E-13
     7073.70    3.38964E-13
     7076.44    3.43851E-13
     7079.18    3.46483E-13
     7081.92    3.47393E-13
     7084.66    3.44906E-13
     7087.40    3.41015E-13
     7090.14    3.42500E-13
     7092.88    3.43893E-13
     7095.62    3.41204E-13
     7098.36    3.39319E-13
     7101.10    3.38528E-13
     7103.84    3.39620E-13
     7106.58    3.42124E-13
     7109.32    3.39264E-13
     7112.06    3.35726E-13
     7114.80    3.38486E-13
     7117.54    3.39795E-13
     7120.28    3.36105E-13
     7123.02    3.32990E-13
     7125.76    3.29775E-13
     7128.50    3.30294E-13
     7131.24    3.33438E-13
     7133.98    3.40120E-13
     7136.72    3.44988E-13
     7139.46    3.42149E-13
     7142.20    3.37279E-13
     7144.94    3.28329E-13
     7147.68    3.28080E-13
     7150.42    3.34136E-13
     7153.16    3.33787E-13
     7155.90    3.32375E-13
     7158.64    3.34898E-13
     7161.38    3.38573E-13
     7164.12    3.44830E-13
     7166.86    3.44857E-13
     7169.60    3.36978E-13
     7172.34    3.34818E-13
     7175.08    3.34943E-13
     7177.82    3.35437E-13
     7180.56    3.34066E-13
     7183.30    3.24470E-13
     7186.04    3.20584E-13
     7188.78    3.28868E-13
     7191.52    3.29935E-13
     7194.26    3.26251E-13
     7197.00    3.26600E-13
     7199.74    3.27744E-13
     7202.48    3.25902E-13
     7205.22    3.25165E-13
     7207.96    3.28082E-13
     7210.70    3.30764E-13
     7213.44    3.33590E-13
     7216.18    3.33827E-13
     7218.92    3.32551E-13
     7221.66    3.33283E-13
     7224.40    3.33886E-13
     7227.14    3.32248E-13
     7229.88    3.31098E-13
     7232.62    3.31082E-13
     7235.36    3.31803E-13
     7238.10    3.33521E-13
     7240.84    3.29728E-13
     7243.58    3.24821E-13
     7246.32    3.28537E-13
     7249.06    3.32099E-13
     7251.80    3.30894E-13
     7254.54    3.28582E-13
     7257.28    3.23877E-13
     7260.02    3.24617E-13
     7262.76    3.28425E-13
     7265.50    3.28375E-13
     7268.24    3.27096E-13
     7270.98    3.25562E-13
     7273.72    3.24302E-13
     7276.46    3.22917E-13
     7279.20    3.24575E-13
     7281.94    3.29573E-13
     7284.68    3.29094E-13
     7287.42    3.26458E-13
     7290.16    3.26416E-13
     7292.90    3.25953E-13
     7295.64    3.22919E-13
     7298.38    3.21118E-13
     7301.12    3.21543E-13
     7303.86    3.20247E-13
     7306.60    3.18287E-13
     7309.34    3.21583E-13
     7312.08    3.25439E-13
     7314.82    3.23810E-13
     7317.56    3.21441E-13
     7320.30    3.18552E-13
     7323.04    3.18891E-13
     7325.78    3.22931E-13
     7328.52    3.22688E-13
     7331.26    3.20837E-13
     7334.00    3.21165E-13
     7336.74    3.21720E-13
     7339.48    3.21837E-13
     7342.22    3.21201E-13
     7344.96    3.18797E-13
     7347.70    3.19402E-13
     7350.44    3.21998E-13
     7353.18    3.21408E-13
     7355.92    3.19917E-13
     7358.66    3.19009E-13
     7361.40    3.19524E-13
     7364.14    3.23701E-13
     7366.88    3.24170E-13
     7369.62    3.20420E-13
     7372.36    3.18690E-13
     7375.10    3.17757E-13
     7377.84    3.18781E-13
     7380.58    3.19307E-13
     7383.32    3.15777E-13
     7386.06    3.14339E-13
     7388.80    3.16931E-13
     7391.54    3.18706E-13
     7394.28    3.20351E-13
     7397.02    3.16287E-13
     7399.76    3.11009E-13
     7402.50    3.12612E-13
     7405.24    3.14155E-13
     7407.98    3.12367E-13
     7410.72    3.11572E-13
     7413.46    3.11918E-13
     7416.20    3.12076E-13
     7418.94    3.12424E-13
     7421.68    3.13928E-13
     7424.42    3.15877E-13
     7427.16    3.18322E-13
     7429.90    3.19267E-13
     7432.64    3.17699E-13
     7435.38    3.16170E-13
     7438.12    3.14303E-13
     7440.86    3.14497E-13
     7443.60    3.15561E-13
     7446.34    3.16429E-13
     7449.08    3.16042E-13
     7451.82    3.12061E-13
     7454.56    3.11000E-13
     7457.30    3.14301E-13
     7460.04    3.14406E-13
     7462.78    3.12928E-13
     7465.52    3.09649E-13
     7468.26    3.06812E-13
     7471.00    3.07759E-13
     7473.74    3.09712E-13
     7476.48    3.13675E-13
     7479.22    3.12790E-13
     7481.96    3.07341E-13
     7484.70    3.06131E-13
     7487.44    3.06783E-13
     7490.18    3.09151E-13
     7492.92    3.10476E-13
     7495.66    3.06747E-13
     7498.40    3.06870E-13
     7501.14    3.14303E-13
     7503.88    3.13154E-13
     7506.62    3.07289E-13
     7509.36    3.03260E-13
     7512.10    3.01600E-13
     7514.84    3.08394E-13
     7517.58    3.12234E-13
     7520.32    3.07446E-13
     7523.06    3.05543E-13
     7525.80    3.05859E-13
     7528.54    3.06538E-13
     7531.28    3.07483E-13
     7534.02    3.07119E-13
     7536.76    3.06060E-13
     7539.50    3.03731E-13
     7542.24    3.02943E-13
     7544.98    3.05982E-13
     7547.72    3.02065E-13
     7550.46    2.94033E-13
     7553.20    2.99391E-13
     7555.94    3.07084E-13
     7558.68    3.03828E-13
     7561.42    2.99816E-13
     7564.16    2.97324E-13
     7566.90    2.96765E-13
     7569.64    2.98383E-13
     7572.38    2.99045E-13
     7575.12    2.99728E-13
     7577.86    3.02236E-13
     7580.60    3.04326E-13
     7583.34    3.03562E-13
     7586.08    3.03655E-13
     7588.82    3.06249E-13
     7591.56    3.05261E-13
     7594.30    3.01786E-13
     7597.04    3.00770E-13
     7599.78    3.00335E-13
     7602.52    2.98894E-13
     7605.26    2.97731E-13
     7608.00    2.97433E-13
     7610.74    2.97017E-13
     7613.48    2.96218E-13
     7616.22    2.97595E-13
     7618.96    2.99842E-13
     7621.70    2.98081E-13
     7624.44    2.96442E-13
     7627.18    2.99290E-13
     7629.92    3.00412E-13
     7632.66    2.96996E-13
     7635.40    2.98530E-13
     7638.14    3.03817E-13
     7640.88    2.99558E-13
     7643.62    2.93056E-13
     7646.36    2.95500E-13
     7649.10    2.97869E-13
     7651.84    2.96060E-13
     7654.58    2.94625E-13
     7657.32    2.93464E-13
     7660.06    2.93528E-13
     7662.80    2.94130E-13
     7665.54    2.90891E-13
     7668.28    2.88979E-13
     7671.02    2.95859E-13
     7673.76    3.00115E-13
     7676.50    2.98361E-13
     7679.24    2.96186E-13
     7681.98    2.92920E-13
     7684.72    2.91500E-13
     7687.46    2.91134E-13
     7690.20    2.92275E-13
     7692.94    2.92816E-13
     7695.68    2.90623E-13
     7698.42    2.89586E-13
     7701.16    2.90320E-13
     7703.90    2.89920E-13
     7706.64    2.89161E-13
     7709.38    2.90316E-13
     7712.12    2.91826E-13
     7714.86    2.92135E-13
     7717.60    2.92454E-13
     7720.34    2.96515E-13
     7723.08    2.87197E-13
     7725.82    2.63535E-13
     7728.56    2.67386E-13
     7731.30    2.81910E-13
     7734.04    2.82693E-13
     7736.78    2.82289E-13
     7739.52    2.86105E-13
     7742.26    2.88383E-13
     7745.00    2.88439E-13
     7747.74    2.88227E-13
     7750.48    2.87416E-13
     7753.22    2.85236E-13
     7755.96    2.84046E-13
     7758.70    2.89305E-13
     7761.44    2.92466E-13
     7764.18    2.89692E-13
     7766.92    2.87332E-13
     7769.66    2.84923E-13
     7772.40    2.82933E-13
     7775.14    2.81836E-13
     7777.88    2.85839E-13
     7780.62    2.88263E-13
     7783.36    2.81031E-13
     7786.10    2.78897E-13
     7788.84    2.86640E-13
     7791.58    2.87568E-13
     7794.32    2.84913E-13
     7797.06    2.88610E-13
     7799.80    2.92462E-13
     7802.54    2.87987E-13
     7805.28    2.83351E-13
     7808.02    2.80944E-13
     7810.76    2.80424E-13
     7813.50    2.82213E-13
     7816.24    2.82485E-13
     7818.98    2.82234E-13
     7821.72    2.81844E-13
     7824.46    2.81984E-13
     7827.20    2.84404E-13
     7829.94    2.85007E-13
     7832.68    2.82591E-13
     7835.42    2.79798E-13
     7838.16    2.76289E-13
     7840.90    2.78940E-13
     7843.64    2.82807E-13
     7846.38    2.79296E-13
     7849.12    2.76780E-13
     7851.86    2.80001E-13
     7854.60    2.80687E-13
     7857.34    2.78483E-13
     7860.08    2.76228E-13
     7862.82    2.73983E-13
     7865.56    2.76201E-13
     7868.30    2.78770E-13
     7871.04    2.77608E-13
     7873.78    2.76835E-13
     7876.52    2.76302E-13
     7879.26    2.79986E-13
     7882.00    2.87596E-13
     7884.74    2.83988E-13
     7887.48    2.77406E-13
     7890.22    2.81229E-13
     7892.96    2.84630E-13
     7895.70    2.83194E-13
     7898.44    2.79172E-13
     7901.18    2.70754E-13
     7903.92    2.69120E-13
     7906.66    2.71125E-13
     7909.40    2.71177E-13
     7912.14    2.71250E-13
     7914.88    2.72318E-13
     7917.62    2.73067E-13
     7920.36    2.72592E-13
     7923.10    2.73922E-13
     7925.84    2.76879E-13
     7928.58    2.78727E-13
     7931.32    2.79627E-13
     7934.06    2.75910E-13
     7936.80    2.75861E-13
     7939.54    2.90675E-13
     7942.28    2.93434E-13
     7945.02    2.76535E-13
     7947.76    2.74299E-13
     7950.50    2.78694E-13
     7953.24    2.76451E-13
     7955.98    2.73319E-13
     7958.72    2.73273E-13
     7961.46    2.73329E-13
     7964.20    2.72746E-13
     7966.94    2.72368E-13
     7969.68    2.72069E-13
     7972.42    2.74182E-13
     7975.16    2.75465E-13
     7977.90    2.61794E-13
     7980.64    2.52446E-13
     7983.38    2.64830E-13
     7986.12    2.73962E-13
     7988.86    2.77841E-13
     7991.60    2.77740E-13
     7994.34    2.73983E-13
     7997.08    2.68967E-13
     7999.82    2.65121E-13
     8002.56    2.70029E-13
     8005.30    2.72834E-13
     8008.04    2.67003E-13
     8010.78    2.67518E-13
     8013.52    2.75084E-13
     8016.26    2.74512E-13
     8019.00    2.70340E-13
     8021.74    2.66507E-13
     8024.48    2.64889E-13
     8027.22    2.70379E-13
     8029.96    2.73317E-13
     8032.70    2.71770E-13
     8035.44    2.69470E-13
     8038.18    2.66047E-13
     8040.92    2.68574E-13
     8043.66    2.72015E-13
     8046.40    2.69219E-13
     8049.14    2.65220E-13
     8051.88    2.59619E-13
     8054.62    2.59628E-13
     8057.36    2.66145E-13
     8060.10    2.70869E-13
     8062.84    2.74724E-13
     8065.58    2.71757E-13
     8068.32    2.68767E-13
     8071.06    2.74290E-13
     8073.80    2.74396E-13
     8076.54    2.62997E-13
     8079.28    2.59327E-13
     8082.02    2.60634E-13
     8084.76    2.62852E-13
     8087.50    2.64945E-13
     8090.24    2.60980E-13
     8092.98    2.57978E-13
     8095.72    2.59507E-13
     8098.46    2.61931E-13
     8101.20    2.66307E-13
     8103.94    2.64785E-13
     8106.68    2.60813E-13
     8109.42    2.68569E-13
     8112.16    2.74926E-13
     8114.90    2.63808E-13
     8117.64    2.57763E-13
     8120.38    2.65015E-13
     8123.12    2.65612E-13
     8125.86    2.61561E-13
     8128.60    2.61490E-13
     8131.34    2.62794E-13
     8134.08    2.64211E-13
     8136.82    2.64792E-13
     8139.56    2.63272E-13
     8142.30    2.61700E-13
     8145.04    2.59687E-13
     8147.78    2.59839E-13
     8150.52    2.61345E-13
     8153.26    2.62649E-13
     8156.00    2.63223E-13
     8158.74    2.60165E-13
     8161.48    2.60041E-13
     8164.22    2.68003E-13
     8166.96    2.67613E-13
     8169.70    2.59665E-13
     8172.44    2.57743E-13
     8175.18    2.58167E-13
     8177.92    2.59858E-13
     8180.66    2.60626E-13
     8183.40    2.56774E-13
     8186.14    2.56505E-13
     8188.88    2.62249E-13
     8191.62    2.64393E-13
     8194.36    2.64733E-13
     8197.10    2.60352E-13
     8199.84    2.56288E-13
     8202.58    2.62069E-13
     8205.32    2.64899E-13
     8208.06    2.58293E-13
     8210.80    2.56343E-13
     8213.54    2.58489E-13
     8216.28    2.60623E-13
     8219.02    2.62460E-13
     8221.76    2.58456E-13
     8224.50    2.54769E-13
     8227.24    2.56100E-13
     8229.98    2.57858E-13
     8232.72    2.61592E-13
     8235.46    2.57360E-13
     8238.20    2.47825E-13
     8240.94    2.49620E-13
     8243.68    2.55734E-13
     8246.42    2.63451E-13
     8249.16    2.65874E-13
     8251.90    2.55741E-13
     8254.64    2.51163E-13
     8257.38    2.51506E-13
     8260.12    2.56262E-13
     8262.86    2.62831E-13
     8265.60    2.57564E-13
     8268.34    2.51735E-13
     8271.08    2.54641E-13
     8273.82    2.55911E-13
     8276.56    2.53374E-13
     8279.30    2.52001E-13
     8282.04    2.51106E-13
     8284.78    2.52904E-13
     8287.52    2.54809E-13
     8290.26    2.51014E-13
     8293.00    2.48753E-13
     8295.74    2.53038E-13
     8298.48    2.53361E-13
     8301.22    2.48760E-13
     8303.96    2.47559E-13
     8306.70    2.47950E-13
     8309.44    2.49195E-13
     8312.18    2.52226E-13
     8314.92    2.61175E-13
     8317.66    2.63065E-13
     8320.40    2.50121E-13
     8323.14    2.48216E-13
     8325.88    2.54051E-13
     8328.62    2.52791E-13
     8331.36    2.49500E-13
     8334.10    2.46848E-13
     8336.84    2.47555E-13
     8339.58    2.57892E-13
     8342.32    2.59379E-13
     8345.06    2.48434E-13
     8347.80    2.46304E-13
     8350.54    2.47915E-13
     8353.28    2.48412E-13
     8356.02    2.48452E-13
     8358.76    2.46775E-13
     8361.50    2.45573E-13
     8364.24    2.44589E-13
     8366.98    2.47540E-13
     8369.72    2.54550E-13
     8372.46    2.51248E-13
     8375.20    2.44716E-13
     8377.94    2.47016E-13
     8380.68    2.48772E-13
     8383.42    2.44123E-13
     8386.16    2.41945E-13
     8388.90    2.42637E-13
     8391.64    2.46253E-13
     8394.38    2.51999E-13
     8397.12    2.53074E-13
     8399.86    2.51952E-13
     8402.60    2.49167E-13
     8405.34    2.46298E-13
     8408.08    2.42631E-13
     8410.82    2.44196E-13
     8413.56    2.51569E-13
     8416.30    2.46813E-13
     8419.04    2.38677E-13
     8421.78    2.45254E-13
     8424.52    2.52073E-13
     8427.26    2.50453E-13
     8430.00    2.48417E-13
     8432.74    2.45173E-13
     8435.48    2.47185E-13
     8438.22    2.52396E-13
     8440.96    2.50057E-13
     8443.70    2.45621E-13
     8446.44    2.42893E-13
     8449.18    2.42855E-13
     8451.92    2.48578E-13
     8454.66    2.49799E-13
     8457.40    2.46240E-13
     8460.14    2.48330E-13
     8462.88    2.51849E-13
     8465.62    2.47722E-13
     8468.36    2.42975E-13
     8471.10    2.42518E-13
     8473.84    2.41488E-13
     8476.58    2.39152E-13
     8479.32    2.36858E-13
     8482.06    2.34529E-13
     8484.80    2.36886E-13
     8487.54    2.39837E-13
     8490.28    2.36368E-13
     8493.02    2.33793E-13
     8495.76    2.35684E-13
     8498.50    2.36076E-13
     8501.24    2.34595E-13
     8503.98    2.36137E-13
     8506.72    2.39017E-13
     8509.46    2.39880E-13
     8512.20    2.40413E-13
     8514.94    2.41786E-13
     8517.68    2.42295E-13
     8520.42    2.41485E-13
     8523.16    2.40134E-13
     8525.90    2.38139E-13
     8528.64    2.41257E-13
     8531.38    2.45613E-13
     8534.12    2.47060E-13
     8536.86    2.43209E-13
     8539.60    2.27248E-13
     8542.34    2.20426E-13
     8545.08    2.23915E-13
     8547.82    2.29529E-13
     8550.56    2.37308E-13
     8553.30    2.36379E-13
     8556.04    2.34961E-13
     8558.78    2.42506E-13
     8561.52    2.44482E-13
     8564.26    2.33882E-13
     8567.00    2.31528E-13
     8569.74    2.34952E-13
     8572.48    2.40564E-13
     8575.22    2.45522E-13
     8577.96    2.37022E-13
     8580.70    2.30943E-13
     8583.44    2.38633E-13
     8586.18    2.41784E-13
     8588.92    2.38712E-13
     8591.66    2.36530E-13
     8594.40    2.34794E-13
     8597.14    2.44111E-13
     8599.88    2.51676E-13
     8602.62    2.38525E-13
     8605.36    2.30614E-13
     8608.10    2.37367E-13
     8610.84    2.40475E-13
     8613.58    2.41629E-13
     8616.32    2.40749E-13
     8619.06    2.38610E-13
     8621.80    2.36817E-13
     8624.54    2.35788E-13
     8627.28    2.37195E-13
     8630.02    2.36525E-13
     8632.76    2.31553E-13
     8635.50    2.33112E-13
     8638.24    2.38243E-13
     8640.98    2.37918E-13
     8643.72    2.35602E-13
     8646.46    2.31777E-13
     8649.20    2.30581E-13
     8651.94    2.36593E-13
     8654.68    2.35504E-13
     8657.42    2.27641E-13
     8660.16    2.21939E-13
     8662.90    2.17771E-13
     8665.64    2.20880E-13
     8668.38    2.26020E-13
     8671.12    2.30632E-13
     8673.86    2.34040E-13
     8676.60    2.35303E-13
     8679.34    2.38638E-13
     8682.08    2.42928E-13
     8684.82    2.41471E-13
     8687.56    2.37161E-13
     8690.30    2.30728E-13
     8693.04    2.26430E-13
     8695.78    2.26652E-13
     8698.52    2.28618E-13
     8701.26    2.33033E-13
     8704.00    2.34713E-13
     8706.74    2.34736E-13
     8709.48    2.32046E-13
     8712.22    2.28610E-13
     8714.96    2.25290E-13
     8717.70    2.24274E-13
     8720.44    2.27406E-13
     8723.18    2.27082E-13
     8725.92    2.24756E-13
     8728.66    2.32316E-13
     8731.40    2.41220E-13
     8734.14    2.38877E-13
     8736.88    2.34004E-13
     8739.62    2.27448E-13
     8742.36    2.25331E-13
     8745.10    2.29170E-13
     8747.84    2.25410E-13
     8750.58    2.18583E-13
     8753.32    2.16978E-13
     8756.06    2.18619E-13
     8758.80    2.26195E-13
     8761.54    2.30183E-13
     8764.28    2.26697E-13
     8767.02    2.26416E-13
     8769.76    2.27943E-13
     8772.50    2.26601E-13
     8775.24    2.24865E-13
     8777.98    2.27316E-13
     8780.72    2.28096E-13
     8783.46    2.23136E-13
     8786.20    2.19497E-13
     8788.94    2.16575E-13
     8791.68    2.19008E-13
     8794.42    2.24504E-13
     8797.16    2.24117E-13
     8799.90    2.22744E-13
     8802.64    2.24505E-13
     8805.38    2.24571E-13
     8808.12    2.20227E-13
     8810.86    2.20326E-13
     8813.60    2.24122E-13
     8816.34    2.23968E-13
     8819.08    2.22237E-13
     8821.82    2.19887E-13
     8824.56    2.18707E-13
     8827.30    2.20456E-13
     8830.04    2.23030E-13
     8832.78    2.27518E-13
     8835.52    2.27389E-13
     8838.26    2.24497E-13
     8841.00    2.23012E-13
     8843.74    2.21258E-13
     8846.48    2.16570E-13
     8849.22    2.15945E-13
     8851.96    2.24715E-13
     8854.70    2.26882E-13
     8857.44    2.23432E-13
     8860.18    2.22030E-13
     8862.92    2.20850E-13
     8865.66    2.18749E-13
     8868.40    2.17952E-13
     8871.14    2.20708E-13
     8873.88    2.23247E-13
     8876.62    2.26900E-13
     8879.36    2.23149E-13
     8882.10    2.14736E-13
     8884.84    2.15673E-13
     8887.58    2.18656E-13
     8890.32    2.16521E-13
     8893.06    2.15534E-13
     8895.80    2.18522E-13
     8898.54    2.19141E-13
     8901.28    2.17300E-13
     8904.02    2.18692E-13
     8906.76    2.21268E-13
     8909.50    2.21589E-13
     8912.24    2.21935E-13
     8914.98    2.24410E-13
     8917.72    2.24869E-13
     8920.46    2.21361E-13
     8923.20    2.21935E-13
     8925.94    2.24784E-13
     8928.68    2.17772E-13
     8931.42    2.10225E-13
     8934.16    2.16925E-13
     8936.90    2.22346E-13
     8939.64    2.19654E-13
     8942.38    2.18714E-13
     8945.12    2.19127E-13
     8947.86    2.21879E-13
     8950.60    2.25544E-13
     8953.34    2.24135E-13
     8956.08    2.21862E-13
     8958.82    2.20820E-13
     8961.56    2.21934E-13
     8964.30    2.27667E-13
     8967.04    2.27585E-13
     8969.78    2.23409E-13
     8972.52    2.17995E-13
     8975.26    2.13528E-13
     8978.00    2.18037E-13
     8980.74    2.22286E-13
     8983.48    2.21988E-13
     8986.22    2.21409E-13
     8988.96    2.20466E-13
     8991.70    2.19471E-13
     8994.44    2.18222E-13
     8997.18    2.15570E-13
     8999.92    2.13443E-13
     9002.66    2.14412E-13
     9005.40    2.14997E-13
     9008.14    2.15993E-13
     9010.88    2.10282E-13
     9013.62    1.98432E-13
     9016.36    2.02641E-13
     9019.10    2.11710E-13
     9021.84    2.08965E-13
     9024.58    2.06767E-13
     9027.32    2.11305E-13
     9030.06    2.14223E-13
     9032.80    2.14969E-13
     9035.54    2.16123E-13
     9038.28    2.17378E-13
     9041.02    2.20686E-13
     9043.76    2.23402E-13
     9046.50    2.22672E-13
     9049.24    2.19880E-13
     9051.98    2.13505E-13
     9054.72    2.10921E-13
     9057.46    2.11341E-13
     9060.20    2.14589E-13
     9062.94    2.17799E-13
     9065.68    2.09547E-13
     9068.42    2.03485E-13
     9071.16    2.09917E-13
     9073.90    2.13850E-13
     9076.64    2.13772E-13
     9079.38    2.14726E-13
     9082.12    2.15668E-13
     9084.86    2.14075E-13
     9087.60    2.12208E-13
     9090.34    2.13853E-13
     9093.08    2.12996E-13
     9095.82    2.04826E-13
     9098.56    2.04250E-13
     9101.30    2.10851E-13
     9104.04    2.14341E-13
     9106.78    2.16313E-13
     9109.52    2.12768E-13
     9112.26    2.10178E-13
     9115.00    2.15399E-13
     9117.74    2.16606E-13
     9120.48    2.10832E-13
     9123.22    2.07746E-13
     9125.96    2.05892E-13
     9128.70    2.13338E-13
     9131.44    2.21551E-13
     9134.18    2.17503E-13
     9136.92    2.12593E-13
     9139.66    2.10250E-13
     9142.40    2.07466E-13
     9145.14    2.04123E-13
     9147.88    2.02313E-13
     9150.62    2.01574E-13
     9153.36    2.01916E-13
     9156.10    2.03262E-13
     9158.84    2.05776E-13
     9161.58    2.08582E-13
     9164.32    2.12250E-13
     9167.06    2.13688E-13
     9169.80    2.13449E-13
     9172.54    2.09295E-13
     9175.28    2.05231E-13
     9178.02    2.09299E-13
     9180.76    2.14264E-13
     9183.50    2.19357E-13
     9186.24    2.18658E-13
     9188.98    2.10736E-13
     9191.72    2.08264E-13
     9194.46    2.08383E-13
     9197.20    2.12875E-13
     9199.94    2.14561E-13
     9202.68    2.02235E-13
     9205.42    1.94688E-13
     9208.16    1.96588E-13
     9210.90    1.99125E-13
     9213.64    2.03431E-13
     9216.38    2.01238E-13
     9219.12    1.97276E-13
     9221.86    1.98895E-13
     9224.60    1.99484E-13
     9227.34    1.94950E-13
     9230.08    1.92926E-13
     9232.82    1.93362E-13
     9235.56    1.97131E-13
     9238.30    2.02863E-13
     9241.04    2.02281E-13
     9243.78    2.01323E-13
     9246.52    2.06638E-13
     9249.26    2.08416E-13
     9252.00    2.02368E-13
     9254.74    2.00128E-13
     9257.48    2.00353E-13
     9260.22    2.02862E-13
     9262.96    2.05332E-13
     9265.70    1.99892E-13
     9268.44    1.94958E-13
     9271.18    1.94665E-13
     9273.92    1.96879E-13
     9276.66    2.03520E-13
     9279.40    2.03212E-13
     9282.14    1.99174E-13
     9284.88    1.98002E-13
     9287.62    1.97884E-13
     9290.36    2.00037E-13
     9293.10    1.99381E-13
     9295.84    1.91802E-13
     9298.58    1.89809E-13
     9301.32    1.92251E-13
     9304.06    1.99101E-13
     9306.80    2.07163E-13
     9309.54    2.04907E-13
     9312.28    2.02178E-13
     9315.02    2.05778E-13
     9317.76    2.06133E-13
     9320.50    2.00212E-13
     9323.24    2.01230E-13
     9325.98    2.06009E-13
     9328.72    2.07685E-13
     9331.46    2.08377E-13
     9334.20    2.09362E-13
     9336.94    2.07993E-13
     9339.68    2.01115E-13
     9342.42    1.99571E-13
     9345.16    2.03558E-13
     9347.90    2.00617E-13
     9350.64    1.95887E-13
     9353.38    1.99893E-13
     9356.12    2.03840E-13
     9358.86    2.01047E-13
     9361.60    2.00079E-13
     9364.34    2.02792E-13
     9367.08    2.03527E-13
     9369.82    2.03253E-13
     9372.56    2.02322E-13
     9375.30    1.99849E-13
     9378.04    1.91758E-13
     9380.78    1.87998E-13
     9383.52    1.95842E-13
     9386.26    1.98714E-13
     9389.00    1.96560E-13
     9391.74    1.96358E-13
     9394.48    1.96833E-13
     9397.22    1.99328E-13
     9399.96    2.01286E-13
     9402.70    1.99980E-13
     9405.44    1.98580E-13
     9408.18    1.96996E-13
     9410.92    1.97319E-13
     9413.66    1.99122E-13
     9416.40    2.00049E-13
     9419.14    2.01105E-13
     9421.88    2.04349E-13
     9424.62    2.05412E-13
     9427.36    2.01658E-13
     9430.10    1.96645E-13
     9432.84    1.88689E-13
     9435.58    1.90440E-13
     9438.32    1.97069E-13
     9441.06    1.96587E-13
     9443.80    1.95253E-13
     9446.54    1.97056E-13
     9449.28    1.98528E-13
     9452.02    1.99966E-13
     9454.76    1.97704E-13
     9457.50    1.92183E-13
     9460.24    1.90573E-13
     9462.98    1.91046E-13
     9465.72    1.95022E-13
     9468.46    1.96652E-13
     9471.20    1.89204E-13
     9473.94    1.88753E-13
     9476.68    1.98685E-13
     9479.42    1.98619E-13
     9482.16    1.93709E-13
     9484.90    1.90458E-13
     9487.64    1.87645E-13
     9490.38    1.84690E-13
     9493.12    1.85700E-13
     9495.86    1.95365E-13
     9498.60    1.96467E-13
     9501.34    1.90483E-13
     9504.08    1.88547E-13
     9506.82    1.88707E-13
     9509.56    1.95047E-13
     9512.30    1.98573E-13
     9515.04    1.90193E-13
     9517.78    1.87318E-13
     9520.52    1.92467E-13
     9523.26    1.96325E-13
     9526.00    1.99814E-13
     9528.74    1.91969E-13
     9531.48    1.83303E-13
     9534.22    1.88418E-13
     9536.96    1.90218E-13
     9539.70    1.82137E-13
     9542.44    1.76474E-13
     9545.18    1.72010E-13
     9547.92    1.72446E-13
     9550.66    1.75587E-13
     9553.40    1.77620E-13
     9556.14    1.78929E-13
     9558.88    1.77695E-13
     9561.62    1.79302E-13
     9564.36    1.86726E-13
     9567.10    1.86718E-13
     9569.84    1.82620E-13
     9572.58    1.87213E-13
     9575.32    1.92210E-13
     9578.06    1.86656E-13
     9580.80    1.83057E-13
     9583.54    1.86684E-13
     9586.28    1.88919E-13
     9589.02    1.90364E-13
     9591.76    1.89113E-13
     9594.50    1.87012E-13
     9597.24    1.90588E-13
     9599.98    1.94120E-13
     9602.72    1.93882E-13
     9605.46    1.92024E-13
     9608.20    1.87300E-13
     9610.94    1.86240E-13
     9613.68    1.87533E-13
     9616.42    1.88769E-13
     9619.16    1.89204E-13
     9621.90    1.84708E-13
     9624.64    1.81978E-13
     9627.38    1.85875E-13
     9630.12    1.85246E-13
     9632.86    1.79133E-13
     9635.60    1.79007E-13
     9638.34    1.81186E-13
     9641.08    1.78765E-13
     9643.82    1.76572E-13
     9646.56    1.78587E-13
     9649.30    1.80037E-13
     9652.04    1.79480E-13
     9654.78    1.81422E-13
     9657.52    1.85211E-13
     9660.26    1.80549E-13
     9663.00    1.75321E-13
     9665.74    1.84973E-13
     9668.48    1.92487E-13
     9671.22    1.89644E-13
     9673.96    1.84992E-13
     9676.70    1.76329E-13
     9679.44    1.79003E-13
     9682.18    1.87610E-13
     9684.92    1.90889E-13
     9687.66    1.90437E-13
     9690.40    1.80787E-13
     9693.14    1.77332E-13
     9695.88    1.87529E-13
     9698.62    1.90844E-13
     9701.36    1.89806E-13
     9704.10    1.83404E-13
     9706.84    1.75755E-13
     9709.58    1.77501E-13
     9712.32    1.81498E-13
     9715.06    1.87497E-13
     9717.80    1.86748E-13
     9720.54    1.74553E-13
     9723.28    1.79111E-13
     9726.02    1.91353E-13
     9728.76    1.81935E-13
     9731.50    1.69849E-13
     9734.24    1.72049E-13
     9736.98    1.76184E-13
     9739.72    1.82220E-13
     9742.46    1.81446E-13
     9745.20    1.74089E-13
     9747.94    1.76405E-13
     9750.68    1.81139E-13
     9753.42    1.75531E-13
     9756.16    1.70859E-13
     9758.90    1.73820E-13
     9761.64    1.77616E-13
     9764.38    1.83448E-13
     9767.12    1.83277E-13
     9769.86    1.79596E-13
     9772.60    1.81708E-13
     9775.34    1.84499E-13
     9778.08    1.83355E-13
     9780.82    1.81395E-13
     9783.56    1.78214E-13
     9786.30    1.78031E-13
     9789.04    1.80698E-13
     9791.78    1.84119E-13
     9794.52    1.87542E-13
     9797.26    1.85634E-13
     9800.00    1.83466E-13
     9802.74    1.86056E-13
     9805.48    1.84125E-13
     9808.22    1.74645E-13
     9810.96    1.67765E-13
     9813.70    1.62081E-13
     9816.44    1.69165E-13
     9819.18    1.79534E-13
     9821.92    1.81037E-13
     9824.66    1.80454E-13
     9827.40    1.78987E-13
     9830.14    1.76335E-13
     9832.88    1.71561E-13
     9835.62    1.74376E-13
     9838.36    1.79895E-13
     9841.10    1.74194E-13
     9843.84    1.68835E-13
     9846.58    1.73475E-13
     9849.32    1.76312E-13
     9852.06    1.74996E-13
     9854.80    1.74908E-13
     9857.54    1.75278E-13
     9860.28    1.76917E-13
     9863.02    1.78080E-13
     9865.76    1.73291E-13
     9868.50    1.72134E-13
     9871.24    1.83059E-13
     9873.98    1.85153E-13
     9876.72    1.77079E-13
     9879.46    1.72014E-13
     9882.20    1.68266E-13
     9884.94    1.72939E-13
     9887.68    1.78644E-13
     9890.42    1.80001E-13
     9893.16    1.77262E-13
     9895.90    1.65659E-13
     9898.64    1.67021E-13
     9901.38    1.78376E-13
     9904.12    1.73689E-13
     9906.86    1.65224E-13
     9909.60    1.68684E-13
     9912.34    1.73410E-13
     9915.08    1.76589E-13
     9917.82    1.76608E-13
     9920.56    1.72167E-13
     9923.30    1.71458E-13
     9926.04    1.72485E-13
     9928.78    1.74507E-13
     9931.52    1.75113E-13
     9934.26    1.68175E-13
     9937.00    1.65981E-13
     9939.74    1.75138E-13
     9942.48    1.76501E-13
     9945.22    1.72002E-13
     9947.96    1.67373E-13
     9950.70    1.64687E-13
     9953.44    1.78022E-13
     9956.18    1.86900E-13
     9958.92    1.75023E-13
     9961.66    1.68712E-13
     9964.40    1.69900E-13
     9967.14    1.73020E-13
     9969.88    1.77816E-13
     9972.62    1.71878E-13
     9975.36    1.64677E-13
     9978.10    1.66511E-13
     9980.84    1.68552E-13
     9983.58    1.68664E-13
     9986.32    1.69159E-13
     9989.06    1.69826E-13
     9991.80    1.72691E-13
     9994.54    1.75005E-13
     9997.28    1.66250E-13
    10000.02    1.59894E-13
    10002.76    1.65901E-13
    10005.50    1.73293E-13
    10008.24    1.85852E-13
    10010.98    1.80864E-13
    10013.72    1.64866E-13
    10016.46    1.60817E-13
    10019.20    1.62123E-13
    10021.94    1.70720E-13
    10024.68    1.75202E-13
    10027.42    1.69107E-13
    10030.16    1.63983E-13
    10032.90    1.58178E-13
    10035.64    1.63860E-13
    10038.38    1.73426E-13
    10041.12    1.64930E-13
    10043.86    1.57245E-13
    10046.60    1.67007E-13
    10049.34    1.68499E-13
    10052.08    1.52222E-13
    10054.82    1.53313E-13
    10057.56    1.64930E-13
    10060.30    1.72611E-13
    10063.04    1.76408E-13
    10065.78    1.66068E-13
    10068.52    1.57843E-13
    10071.26    1.58819E-13
    10074.00    1.61838E-13
    10076.74    1.68155E-13
    10079.48    1.68684E-13
    10082.22    1.66585E-13
    10084.96    1.66886E-13
    10087.70    1.67787E-13
    10090.44    1.69431E-13
    10093.18    1.69688E-13
    10095.92    1.67507E-13
    10098.66    1.66131E-13
    10101.40    1.65073E-13
    10104.14    1.67732E-13
    10106.88    1.68811E-13
    10109.62    1.51580E-13
    10112.36    1.44924E-13
    10115.10    1.73803E-13
    10117.84    1.80724E-13
    10120.58    1.61532E-13
    10123.32    1.48725E-13
    10126.06    1.38571E-13
    10128.80    1.53168E-13
    10131.54    1.68725E-13
    10134.28    1.60546E-13
    10137.02    1.53003E-13
    10139.76    1.48675E-13
    10142.50    1.51953E-13
    10145.24    1.62352E-13
    10147.98    1.60266E-13
    10150.72    1.53762E-13
    10153.46    1.49814E-13
    10156.20    1.50253E-13
    10158.94    1.61843E-13
    10161.68    1.65156E-13
    10164.42    1.56517E-13
    10167.16    1.56329E-13
    10169.90    1.59959E-13
    10172.64    1.65642E-13
    10175.38    1.68650E-13
    10178.12    1.58045E-13
    10180.86    1.52241E-13
    10183.60    1.59261E-13
    10186.34    1.59738E-13
    10189.08    1.55027E-13
    10191.82    1.67855E-13
    10194.56    1.70794E-13
    10197.30    7.26789E-14
    10200.04    7.26789E-14
    10202.78    7.26789E-14
    10205.52    7.26789E-14
