#*G20-15
#*
#*  Heap-Lindler STIS
#set .z.units = "Ergs/s/cm**2/A"
#set .z.label = "Flux"
#set .table.bandwidth = 2.74
#*
  2950.  1.03008781E-13
  2952.73999  1.08489796E-13
  2955.47998  1.08577928E-13
  2958.21997  1.10850904E-13
  2960.95996  1.1241042E-13
  2963.69995  1.11811581E-13
  2966.43994  1.00262965E-13
  2969.17993  1.00057271E-13
  2971.91992  1.04025444E-13
  2974.65991  1.10483278E-13
  2977.3999  1.1586767E-13
  2980.13989  1.10570041E-13
  2982.87988  1.01716385E-13
  2985.62012  9.65065091E-14
  2988.36011  1.06714788E-13
  2991.1001  1.5561013E-13
  2993.84009  1.59588719E-13
  2996.58008  1.10329009E-13
  2999.32007  1.06205795E-13
  3002.06006  9.98181369E-14
  3004.80005  1.05923476E-13
  3007.54004  1.10606755E-13
  3010.28003  1.11737612E-13
  3013.02002  1.11808437E-13
  3015.76001  1.08371489E-13
  3018.5  9.94662116E-14
  3021.23999  9.76023055E-14
  3023.97998  1.12278025E-13
  3026.71997  1.13624747E-13
  3029.45996  1.17444357E-13
  3032.19995  1.17559811E-13
  3034.93994  1.19108553E-13
  3037.67993  1.16157504E-13
  3040.41992  1.1773617E-13
  3043.15991  1.15438502E-13
  3045.8999  1.17760605E-13
  3048.63989  1.16245324E-13
  3051.37988  1.18386082E-13
  3054.12012  1.14994901E-13
  3056.86011  1.10242158E-13
  3059.6001  1.06289774E-13
  3062.34009  1.07129075E-13
  3065.08008  1.0629098E-13
  3067.82007  1.00439303E-13
  3070.56006  1.07931452E-13
  3073.30005  1.14571167E-13
  3076.04004  1.13307733E-13
  3078.78003  1.13063686E-13
  3081.52002  1.1712487E-13
  3084.26001  1.18380498E-13
  3087.  1.12044163E-13
  3089.73999  1.13207654E-13
  3092.47998  1.07076613E-13
  3095.21997  1.02113556E-13
  3097.95996  9.9897243E-14
  3100.69995  1.02318117E-13
  3103.43994  1.135217E-13
  3106.17993  1.18641479E-13
  3108.91992  1.18434451E-13
  3111.65991  1.17106859E-13
  3114.3999  1.18495898E-13
  3117.13989  1.09926669E-13
  3119.87988  1.07940878E-13
  3122.62012  1.10128479E-13
  3125.36011  1.11071708E-13
  3128.1001  1.06092889E-13
  3130.84009  1.10440906E-13
  3133.58008  1.18379211E-13
  3136.32007  1.21391395E-13
  3139.06006  1.16778264E-13
  3141.80005  1.11383769E-13
  3144.54004  1.0816194E-13
  3147.28003  1.13254004E-13
  3150.02002  1.18027238E-13
  3152.76001  1.15522243E-13
  3155.5  1.1480957E-13
  3158.23999  1.08484721E-13
  3160.97998  1.06077663E-13
  3163.71997  1.15059329E-13
  3166.45996  1.1970416E-13
  3169.19995  1.22114626E-13
  3171.93994  1.28445364E-13
  3174.67993  1.28259938E-13
  3177.41992  1.20186711E-13
  3180.15991  1.16152341E-13
  3182.8999  1.15640882E-13
  3185.63989  1.15189732E-13
  3188.37988  1.19063735E-13
  3191.12012  1.15496154E-13
  3193.86011  1.16805166E-13
  3196.6001  1.21719299E-13
  3199.34009  1.23637916E-13
  3202.08008  1.25768075E-13
  3204.82007  1.2972605E-13
  3207.56006  1.28842114E-13
  3210.30005  1.19261629E-13
  3213.04004  1.1691238E-13
  3215.78003  1.20929647E-13
  3218.52002  1.25096765E-13
  3221.26001  1.21689727E-13
  3224.  1.1757583E-13
  3226.73999  1.16143301E-13
  3229.47998  1.17055576E-13
  3232.21997  1.16843804E-13
  3234.95996  1.10982173E-13
  3237.69995  1.14878417E-13
  3240.43994  1.2481826E-13
  3243.17993  1.26273937E-13
  3245.91992  1.25487199E-13
  3248.65991  1.23520701E-13
  3251.3999  1.2174124E-13
  3254.13989  1.25371339E-13
  3256.87988  1.3103002E-13
  3259.62012  1.36696074E-13
  3262.36011  1.35524621E-13
  3265.1001  1.33002536E-13
  3267.84009  1.32428207E-13
  3270.58008  1.30033503E-13
  3273.32007  1.3103101E-13
  3276.06006  1.29228076E-13
  3278.80005  1.30237021E-13
  3281.54004  1.3390157E-13
  3284.28003  1.32351744E-13
  3287.02002  1.31502245E-13
  3289.76001  1.32483163E-13
  3292.5  1.38812654E-13
  3295.23999  1.41860116E-13
  3297.97998  1.41780752E-13
  3300.71997  1.40820271E-13
  3303.45996  1.41625698E-13
  3306.19995  1.36896123E-13
  3308.93994  1.29619636E-13
  3311.67993  1.38991913E-13
  3314.41992  1.39954658E-13
  3317.15991  1.36504008E-13
  3319.8999  1.36761628E-13
  3322.63989  1.31043613E-13
  3325.37988  1.34418532E-13
  3328.12012  1.35052465E-13
  3330.86011  1.33309054E-13
  3333.6001  1.37354605E-13
  3336.34009  1.31075896E-13
  3339.08008  1.24916435E-13
  3341.82007  1.32571864E-13
  3344.56006  1.38895175E-13
  3347.30005  1.35307144E-13
  3350.04004  1.33457806E-13
  3352.78003  1.34996167E-13
  3355.52002  1.38763851E-13
  3358.26001  1.35567352E-13
  3361.  1.28974454E-13
  3363.73999  1.33351446E-13
  3366.47998  1.37335686E-13
  3369.21997  1.3368641E-13
  3371.95996  1.30365499E-13
  3374.69995  1.33053589E-13
  3377.43994  1.38184115E-13
  3380.17993  1.33079122E-13
  3382.91992  1.29362978E-13
  3385.65991  1.35157348E-13
  3388.3999  1.39782039E-13
  3391.13989  1.38585053E-13
  3393.87988  1.38822696E-13
  3396.62012  1.43446005E-13
  3399.36011  1.45704385E-13
  3402.1001  1.39925479E-13
  3404.84009  1.37070097E-13
  3407.58008  1.35048954E-13
  3410.32007  1.32027649E-13
  3413.06006  1.32320912E-13
  3415.80005  1.36022554E-13
  3418.54004  1.38027515E-13
  3421.28003  1.37516328E-13
  3424.02002  1.37375463E-13
  3426.76001  1.35058387E-13
  3429.5  1.44344823E-13
  3432.23999  1.4436568E-13
  3434.97998  1.44638858E-13
  3437.71997  1.43240061E-13
  3440.45996  1.31945263E-13
  3443.19995  1.30066829E-13
  3445.93994  1.35429469E-13
  3448.67993  1.4126577E-13
  3451.41992  1.39969105E-13
  3454.15991  1.39911506E-13
  3456.8999  1.41800769E-13
  3459.63989  1.4059576E-13
  3462.37988  1.41324737E-13
  3465.12012  1.41250835E-13
  3467.86011  1.43833757E-13
  3470.6001  1.42361749E-13
  3473.34009  1.38132317E-13
  3476.08008  1.34363915E-13
  3478.82007  1.39890297E-13
  3481.56006  1.42202371E-13
  3484.30005  1.36333571E-13
  3487.04004  1.39212521E-13
  3489.78003  1.37589037E-13
  3492.52002  1.3655239E-13
  3495.26001  1.36430621E-13
  3498.  1.38244207E-13
  3500.73999  1.45634156E-13
  3503.47998  1.44247421E-13
  3506.21997  1.42980029E-13
  3508.95996  1.46047684E-13
  3511.69995  1.43905612E-13
  3514.43994  1.43993826E-13
  3517.17993  1.46258995E-13
  3519.91992  1.43704737E-13
  3522.65991  1.35326619E-13
  3525.3999  1.36269265E-13
  3528.13989  1.37013759E-13
  3530.87988  1.41629899E-13
  3533.62012  1.45612214E-13
  3536.36011  1.46862028E-13
  3539.1001  1.49166595E-13
  3541.84009  1.44723656E-13
  3544.58008  1.4625764E-13
  3547.32007  1.48772975E-13
  3550.06006  1.48586872E-13
  3552.80005  1.50642763E-13
  3555.54004  1.47574051E-13
  3558.28003  1.45753432E-13
  3561.02002  1.48502047E-13
  3563.76001  1.46842824E-13
  3566.5  1.3659317E-13
  3569.23999  1.34639885E-13
  3571.97998  1.38389395E-13
  3574.71997  1.39052805E-13
  3577.45996  1.43353591E-13
  3580.19995  1.40066357E-13
  3582.93994  1.36964401E-13
  3585.67993  1.33230354E-13
  3588.41992  1.34585241E-13
  3591.15991  1.4349535E-13
  3593.8999  1.43297212E-13
  3596.63989  1.45636297E-13
  3599.37988  1.47887101E-13
  3602.12012  1.4697423E-13
  3604.86011  1.44347099E-13
  3607.6001  1.42531779E-13
  3610.34009  1.4114339E-13
  3613.08008  1.43090008E-13
  3615.82007  1.44177869E-13
  3618.56006  1.41964579E-13
  3621.30005  1.42120826E-13
  3624.04004  1.50480146E-13
  3626.78003  1.49948698E-13
  3629.52002  1.48524151E-13
  3632.26001  1.43254468E-13
  3635.  1.43634494E-13
  3637.73999  1.50433187E-13
  3640.47998  1.46727614E-13
  3643.21997  1.47526075E-13
  3645.95996  1.45141792E-13
  3648.69995  1.48016378E-13
  3651.43994  1.524863E-13
  3654.17993  1.55232598E-13
  3656.91992  1.55286306E-13
  3659.65991  1.51906997E-13
  3662.3999  1.55550621E-13
  3665.13989  1.60630298E-13
  3667.87988  1.54579691E-13
  3670.62012  1.54481774E-13
  3673.36011  1.53800082E-13
  3676.1001  1.50794985E-13
  3678.84009  1.49160727E-13
  3681.58008  1.47698084E-13
  3684.32007  1.50536064E-13
  3687.06006  1.5030166E-13
  3689.80005  1.51985832E-13
  3692.54004  1.55595168E-13
  3695.28003  1.58544456E-13
  3698.02002  1.57038282E-13
  3700.76001  1.5455878E-13
  3703.5  1.51930186E-13
  3706.23999  1.45801258E-13
  3708.97998  1.4760945E-13
  3711.71997  1.53389129E-13
  3714.45996  1.57460037E-13
  3717.19995  1.60298071E-13
  3719.93994  1.52066185E-13
  3722.67993  1.41585826E-13
  3725.41992  1.56444709E-13
  3728.15991  1.64362596E-13
  3730.8999  1.56968934E-13
  3733.63989  1.42825408E-13
  3736.37988  1.34115145E-13
  3739.12012  1.53032521E-13
  3741.86011  1.6920631E-13
  3744.6001  1.5814635E-13
  3747.34009  1.4390957E-13
  3750.08008  1.33499616E-13
  3752.82007  1.4374656E-13
  3755.56006  1.685379E-13
  3758.30005  1.72584034E-13
  3761.04004  1.75188531E-13
  3763.78003  1.74047842E-13
  3766.52002  1.66101548E-13
  3769.26001  1.52824463E-13
  3772.  1.45181596E-13
  3774.73999  1.66449184E-13
  3777.47998  1.8285834E-13
  3780.21997  1.93149506E-13
  3782.95996  1.96711544E-13
  3785.69995  1.93780986E-13
  3788.43994  1.84927255E-13
  3791.17993  1.83637936E-13
  3793.91992  1.69829306E-13
  3796.65991  1.4787058E-13
  3799.3999  1.44354364E-13
  3802.13989  1.67105045E-13
  3804.87988  1.8482576E-13
  3807.62012  1.90784386E-13
  3810.36011  1.964063E-13
  3813.1001  1.94707667E-13
  3815.84009  1.86611658E-13
  3818.58008  1.87392121E-13
  3821.32007  1.87921049E-13
  3824.06006  1.84651326E-13
  3826.80005  1.72039737E-13
  3829.54004  1.64686434E-13
  3832.28003  1.50708696E-13
  3835.02002  1.29285837E-13
  3837.76001  1.32890891E-13
  3840.5  1.57447745E-13
  3843.23999  1.83003054E-13
  3845.97998  1.96846066E-13
  3848.71997  1.95559809E-13
  3851.45996  2.00452963E-13
  3854.19995  2.06383061E-13
  3856.93994  1.99356075E-13
  3859.67993  1.94407655E-13
  3862.41992  1.99560895E-13
  3865.15991  2.03914061E-13
  3867.8999  2.05569218E-13
  3870.63989  2.12256753E-13
  3873.37988  2.51094257E-13
  3876.12012  1.97162924E-13
  3878.86011  1.9097545E-13
  3881.6001  1.90140912E-13
  3884.34009  1.76189968E-13
  3887.08008  1.52981455E-13
  3889.82007  1.35972139E-13
  3892.56006  1.58059777E-13
  3895.30005  1.77698974E-13
  3898.04004  1.85498833E-13
  3900.78003  1.87247882E-13
  3903.52002  1.94390917E-13
  3906.26001  1.89452824E-13
  3909.  1.9914265E-13
  3911.73999  2.06608764E-13
  3914.47998  2.11104043E-13
  3917.21997  2.03130291E-13
  3919.95996  1.97445914E-13
  3922.69995  1.95217039E-13
  3925.43994  1.9209375E-13
  3928.17993  1.69947566E-13
  3930.91992  1.2890043E-13
  3933.65991  8.89669333E-14
  3936.3999  1.09869606E-13
  3939.13989  1.63844348E-13
  3941.87988  1.88195081E-13
  3944.62012  1.92889826E-13
  3947.36011  1.99512946E-13
  3950.1001  2.0099112E-13
  3952.84009  1.97526674E-13
  3955.58008  1.99510235E-13
  3958.32007  1.92297201E-13
  3961.06006  1.87167434E-13
  3963.80005  1.61970372E-13
  3966.54004  1.22013158E-13
  3969.28003  8.87645331E-14
  3972.02002  1.25575169E-13
  3974.76001  1.63360577E-13
  3977.5  1.8555448E-13
  3980.23999  1.98860934E-13
  3982.97998  2.02009281E-13
  3985.71997  2.07894086E-13
  3988.45996  2.13827003E-13
  3991.19995  2.08387669E-13
  3993.93994  2.13709394E-13
  3996.67993  2.0817877E-13
  3999.41992  2.12079161E-13
  4002.15991  2.15343571E-13
  4004.8999  2.10360483E-13
  4007.63989  2.10458617E-13
  4010.37988  2.16512802E-13
  4013.12012  2.17569628E-13
  4015.86011  2.18870847E-13
  4018.6001  2.18709667E-13
  4021.34009  2.18904268E-13
  4024.08008  2.20049334E-13
  4026.82007  2.17811649E-13
  4029.56006  2.18919487E-13
  4032.30005  2.09197541E-13
  4035.04004  2.11466275E-13
  4037.78003  2.20430255E-13
  4040.52002  2.20419996E-13
  4043.26001  2.16552525E-13
  4046.  2.12538591E-13
  4048.73999  2.18010289E-13
  4051.47998  2.22622417E-13
  4054.21997  2.19992251E-13
  4056.95996  2.16742883E-13
  4059.69995  2.18866727E-13
  4062.43994  2.10997344E-13
  4065.17993  2.12985608E-13
  4067.91992  2.12409707E-13
  4070.65991  2.15168215E-13
  4073.3999  2.1208801E-13
  4076.13989  2.08697493E-13
  4078.87988  2.11009148E-13
  4081.62012  2.12260141E-13
  4084.36011  2.12689146E-13
  4087.1001  2.1158921E-13
  4089.84009  2.11105384E-13
  4092.58008  2.07342471E-13
  4095.32007  1.94357551E-13
  4098.06006  1.77932227E-13
  4100.7998  1.55828841E-13
  4103.54004  1.53654081E-13
  4106.27979  1.84043021E-13
  4109.02002  2.02356252E-13
  4111.75977  2.02923195E-13
  4114.5  2.11588776E-13
  4117.24023  2.130082E-13
  4119.97998  2.11406522E-13
  4122.72021  2.15319475E-13
  4125.45996  2.1772494E-13
  4128.2002  2.16733776E-13
  4130.93994  2.16242361E-13
  4133.68018  2.13338407E-13
  4136.41992  2.133998E-13
  4139.16016  2.23092012E-13
  4141.8999  2.21183355E-13
  4144.64014  2.13946523E-13
  4147.37988  2.17968086E-13
  4150.12012  2.18580565E-13
  4152.85986  2.15245383E-13
  4155.6001  2.16539907E-13
  4158.33984  2.18441449E-13
  4161.08008  2.21308811E-13
  4163.81982  2.20592804E-13
  4166.56006  2.19656609E-13
  4169.2998  2.16128236E-13
  4172.04004  2.1330355E-13
  4174.77979  2.11170518E-13
  4177.52002  2.12766829E-13
  4180.25977  2.16947134E-13
  4183.  2.15392577E-13
  4185.74023  2.16414086E-13
  4188.47998  2.14003213E-13
  4191.22021  2.1243154E-13
  4193.95996  2.17321373E-13
  4196.7002  2.15352896E-13
  4199.43994  2.1343257E-13
  4202.18018  2.15117908E-13
  4204.91992  2.14784814E-13
  4207.66016  2.1838385E-13
  4210.3999  2.19921317E-13
  4213.14014  2.18199197E-13
  4215.87988  2.11370025E-13
  4218.62012  2.11180899E-13
  4221.35986  2.14613253E-13
  4224.1001  2.12176495E-13
  4226.83984  2.02432106E-13
  4229.58008  2.10477469E-13
  4232.31982  2.13958828E-13
  4235.06006  2.13403771E-13
  4237.7998  2.13581323E-13
  4240.54004  2.15153592E-13
  4243.27979  2.16932565E-13
  4246.02002  2.12649234E-13
  4248.75977  2.11353599E-13
  4251.5  2.1155316E-13
  4254.24023  2.2051237E-13
  4256.97998  2.16034913E-13
  4259.72021  2.14560954E-13
  4262.45996  2.18508222E-13
  4265.2002  2.14947024E-13
  4267.93994  2.18331687E-13
  4270.68018  2.10009012E-13
  4273.41992  2.11655197E-13
  4276.16016  2.15745024E-13
  4278.8999  2.16034967E-13
  4281.64014  2.14613212E-13
  4284.37988  2.17111011E-13
  4287.12012  2.11027525E-13
  4289.85986  2.14240816E-13
  4292.6001  2.06907367E-13
  4295.33984  2.08713567E-13
  4298.08008  2.01894301E-13
  4300.81982  1.92593202E-13
  4303.56006  1.94202998E-13
  4306.2998  1.97867113E-13
  4309.04004  1.96735233E-13
  4311.77979  2.01467627E-13
  4314.52002  2.06494923E-13
  4317.25977  2.12473756E-13
  4320.  2.12570304E-13
  4322.74023  2.09126363E-13
  4325.47998  2.02840294E-13
  4328.22021  2.03901308E-13
  4330.95996  2.06923373E-13
  4333.7002  2.00043852E-13
  4336.43994  1.84730771E-13
  4339.18018  1.57257088E-13
  4341.91992  1.55847544E-13
  4344.66016  1.84600585E-13
  4347.3999  1.99144087E-13
  4350.14014  2.05850229E-13
  4352.87988  2.04809748E-13
  4355.62012  2.15630953E-13
  4358.35986  2.18271148E-13
  4361.1001  2.19191147E-13
  4363.83984  2.21324613E-13
  4366.58008  2.19307631E-13
  4369.31982  2.21110904E-13
  4372.06006  2.1482661E-13
  4374.7998  2.14478039E-13
  4377.54004  2.19496852E-13
  4380.27979  2.20248231E-13
  4383.02002  2.12814697E-13
  4385.75977  2.1316873E-13
  4388.5  2.17791741E-13
  4391.24023  2.18277585E-13
  4393.97998  2.17692184E-13
  4396.72021  2.21099235E-13
  4399.45996  2.16710764E-13
  4402.2002  2.15419479E-13
  4404.93994  2.15276988E-13
  4407.68018  2.17166522E-13
  4410.41992  2.23961054E-13
  4413.16016  2.20395845E-13
  4415.8999  2.14995217E-13
  4418.64014  2.15880265E-13
  4421.37988  2.18947473E-13
  4424.12012  2.19982696E-13
  4426.85986  2.14321209E-13
  4429.6001  2.16945941E-13
  4432.33984  2.18449729E-13
  4435.08008  2.15065772E-13
  4437.81982  2.20892992E-13
  4440.56006  2.2020962E-13
  4443.2998  2.19121338E-13
  4446.04004  2.22160601E-13
  4448.77979  2.20016862E-13
  4451.52002  2.20754269E-13
  4454.25977  2.17779719E-13
  4457.  2.16286719E-13
  4459.74023  2.21228919E-13
  4462.47998  2.17901692E-13
  4465.22021  2.18193085E-13
  4467.95996  2.17401292E-13
  4470.7002  2.187917E-13
  4473.43994  2.19971543E-13
  4476.18018  2.21524323E-13
  4478.91992  2.21063402E-13
  4481.66016  2.17871131E-13
  4484.3999  2.22035132E-13
  4487.14014  2.24420038E-13
  4489.87988  2.21962314E-13
  4492.62012  2.21154394E-13
  4495.35986  2.18204835E-13
  4498.1001  2.20341215E-13
  4500.83984  2.22342273E-13
  4503.58008  2.23304936E-13
  4506.31982  2.21923188E-13
  4509.06006  2.20087132E-13
  4511.7998  2.23930317E-13
  4514.54004  2.22559086E-13
  4517.27979  2.20873761E-13
  4520.02002  2.22056694E-13
  4522.75977  2.18593562E-13
  4525.5  2.20258829E-13
  4528.24023  2.17515608E-13
  4530.97998  2.16245573E-13
  4533.72021  2.14287653E-13
  4536.45996  2.17039684E-13
  4539.2002  2.20734319E-13
  4541.93994  2.22838919E-13
  4544.68018  2.22808873E-13
  4547.41992  2.19932593E-13
  4550.16016  2.15783405E-13
  4552.8999  2.17765191E-13
  4555.64014  2.17759472E-13
  4558.37988  2.2036794E-13
  4561.12012  2.23119551E-13
  4563.85986  2.22890703E-13
  4566.6001  2.21378661E-13
  4569.33984  2.22752792E-13
  4572.08008  2.21727652E-13
  4574.81982  2.22843838E-13
  4577.56006  2.20823902E-13
  4580.2998  2.21404356E-13
  4583.04004  2.22055271E-13
  4585.77979  2.20478055E-13
  4588.52002  2.21593238E-13
  4591.25977  2.20977262E-13
  4594.  2.2332517E-13
  4596.74023  2.22735418E-13
  4599.47998  2.22981898E-13
  4602.22021  2.22582085E-13
  4604.95996  2.22053157E-13
  4607.7002  2.23985815E-13
  4610.43994  2.25212291E-13
  4613.18018  2.23613432E-13
  4615.91992  2.23628692E-13
  4618.66016  2.24850005E-13
  4621.3999  2.22245955E-13
  4624.14014  2.24417287E-13
  4626.87988  2.24510718E-13
  4629.62012  2.24327759E-13
  4632.35986  2.25332787E-13
  4635.1001  2.24598592E-13
  4637.83984  2.23127804E-13
  4640.58008  2.24631837E-13
  4643.31982  2.24190593E-13
  4646.06006  2.23181282E-13
  4648.7998  2.2348967E-13
  4651.54004  2.24928488E-13
  4654.27979  2.23032476E-13
  4657.02002  2.21069013E-13
  4659.75977  2.219742E-13
  4662.5  2.25442278E-13
  4665.24023  2.23937649E-13
  4667.97998  2.21531262E-13
  4670.72021  2.22795686E-13
  4673.45996  2.23310723E-13
  4676.2002  2.23620967E-13
  4678.93994  2.22009639E-13
  4681.68018  2.23914447E-13
  4684.41992  2.2529755E-13
  4687.16016  2.24117925E-13
  4689.8999  2.24886258E-13
  4692.64014  2.26263751E-13
  4695.37988  2.23604338E-13
  4698.12012  2.20629586E-13
  4700.85986  2.20276718E-13
  4703.6001  2.21122992E-13
  4706.33984  2.22156996E-13
  4709.08008  2.20600475E-13
  4711.81982  2.23750936E-13
  4714.56006  2.24657925E-13
  4717.2998  2.23471659E-13
  4720.04004  2.2206282E-13
  4722.77979  2.22024303E-13
  4725.52002  2.21800565E-13
  4728.25977  2.22450178E-13
  4731.  2.26330795E-13
  4733.74023  2.2409189E-13
  4736.47998  2.21914094E-13
  4739.22021  2.20950103E-13
  4741.95996  2.22646161E-13
  4744.7002  2.22071574E-13
  4747.43994  2.22444269E-13
  4750.18018  2.22053807E-13
  4752.91992  2.1969709E-13
  4755.66016  2.22418478E-13
  4758.3999  2.19246008E-13
  4761.14014  2.16191756E-13
  4763.87988  2.16256822E-13
  4766.62012  2.22069582E-13
  4769.35986  2.23893048E-13
  4772.1001  2.22603823E-13
  4774.83984  2.19610883E-13
  4777.58008  2.19671964E-13
  4780.31982  2.22029358E-13
  4783.06006  2.18438467E-13
  4785.7998  2.19531085E-13
  4788.54004  2.24261134E-13
  4791.27979  2.21959631E-13
  4794.02002  2.23776306E-13
  4796.75977  2.25816639E-13
  4799.5  2.22375924E-13
  4802.24023  2.21784152E-13
  4804.97998  2.19641091E-13
  4807.72021  2.18903861E-13
  4810.45996  2.20952596E-13
  4813.2002  2.23693324E-13
  4815.93994  2.22398651E-13
  4818.68018  2.2286517E-13
  4821.41992  2.20491255E-13
  4824.16016  2.19866741E-13
  4826.8999  2.21527169E-13
  4829.64014  2.19831518E-13
  4832.37988  2.21031228E-13
  4835.12012  2.19899945E-13
  4837.85986  2.18485589E-13
  4840.6001  2.18812341E-13
  4843.33984  2.16450393E-13
  4846.08008  2.16228497E-13
  4848.81982  2.13904645E-13
  4851.56006  2.09718934E-13
  4854.2998  2.011758E-13
  4857.04004  1.86089561E-13
  4859.77979  1.59910157E-13
  4862.52002  1.57005295E-13
  4865.25977  1.82038195E-13
  4868.  1.9806597E-13
  4870.74023  2.01356632E-13
  4873.47998  2.07430617E-13
  4876.22021  2.11411143E-13
  4878.95996  2.11141434E-13
  4881.7002  2.1604238E-13
  4884.43994  2.16681125E-13
  4887.18018  2.20295231E-13
  4889.91992  2.15599565E-13
  4892.66016  2.13055444E-13
  4895.3999  2.18427964E-13
  4898.14014  2.18590594E-13
  4900.87988  2.18414425E-13
  4903.62012  2.19422991E-13
  4906.35986  2.17994039E-13
  4909.1001  2.20280676E-13
  4911.83984  2.21829906E-13
  4914.58008  2.20157849E-13
  4917.31982  2.16867296E-13
  4920.06006  2.13395965E-13
  4922.7998  2.14314975E-13
  4925.54004  2.177035E-13
  4928.27979  2.20961013E-13
  4931.02002  2.19962422E-13
  4933.75977  2.16722771E-13
  4936.5  2.1820699E-13
  4939.24023  2.19375923E-13
  4941.97998  2.20652489E-13
  4944.72021  2.21431136E-13
  4947.45996  2.20970459E-13
  4950.2002  2.22710359E-13
  4952.93994  2.223856E-13
  4955.68018  2.16004433E-13
  4958.41992  2.16308877E-13
  4961.16016  2.19071817E-13
  4963.8999  2.17269291E-13
  4966.64014  2.13808937E-13
  4969.37988  2.17329545E-13
  4972.12012  2.22324993E-13
  4974.85986  2.19554057E-13
  4977.6001  2.18643652E-13
  4980.33984  2.18216084E-13
  4983.08008  2.17230801E-13
  4985.81982  2.18058197E-13
  4988.56006  2.1774596E-13
  4991.2998  2.17400452E-13
  4994.04004  2.18929651E-13
  4996.77979  2.18943231E-13
  4999.52002  2.16154893E-13
  5002.25977  2.15333556E-13
  5005.  2.1523877E-13
  5007.74023  2.15941888E-13
  5010.47998  2.15445757E-13
  5013.22021  2.18027988E-13
  5015.95996  2.1879479E-13
  5018.7002  2.14757086E-13
  5021.43994  2.15408081E-13
  5024.18018  2.17497271E-13
  5026.91992  2.18760936E-13
  5029.66016  2.20777389E-13
  5032.3999  2.20961961E-13
  5035.14014  2.16827221E-13
  5037.87988  2.15605732E-13
  5040.62012  2.15098528E-13
  5043.35986  2.13677668E-13
  5046.1001  2.16860696E-13
  5048.83984  2.18826896E-13
  5051.58008  2.17262365E-13
  5054.31982  2.1845618E-13
  5057.06006  2.2109273E-13
  5059.7998  2.19657476E-13
  5062.54004  2.19485346E-13
  5065.27979  2.20699422E-13
  5068.02002  2.14219931E-13
  5070.75977  2.13821514E-13
  5073.5  2.18767916E-13
  5076.24023  2.19413544E-13
  5078.97998  2.17564573E-13
  5081.72021  2.1463514E-13
  5084.45996  2.17377359E-13
  5087.2002  2.1884095E-13
  5089.93994  2.20112936E-13
  5092.68018  2.20883953E-13
  5095.41992  2.19558678E-13
  5098.16016  2.17339154E-13
  5100.8999  2.16955482E-13
  5103.64014  2.19049388E-13
  5106.37988  2.16240356E-13
  5109.12012  2.13299037E-13
  5111.85986  2.15299038E-13
  5114.6001  2.16303416E-13
  5117.33984  2.17761749E-13
  5120.08008  2.1940422E-13
  5122.81982  2.17361638E-13
  5125.56006  2.17354509E-13
  5128.2998  2.18729589E-13
  5131.04004  2.16413571E-13
  5133.77979  2.13690217E-13
  5136.52002  2.13587543E-13
  5139.25977  2.13075705E-13
  5142.  2.12380108E-13
  5144.74023  2.17722013E-13
  5147.47998  2.19960294E-13
  5150.22021  2.16919852E-13
  5152.95996  2.14908508E-13
  5155.7002  2.15629435E-13
  5158.43994  2.1660912E-13
  5161.18018  2.16844934E-13
  5163.91992  2.12918279E-13
  5166.66016  2.03996637E-13
  5169.3999  1.99684534E-13
  5172.14014  1.99469523E-13
  5174.87988  2.03835131E-13
  5177.62012  2.15756368E-13
  5180.35986  2.14620138E-13
  5183.1001  2.06795518E-13
  5185.83984  2.05870057E-13
  5188.58008  2.09503245E-13
  5191.31982  2.10012753E-13
  5194.06006  2.11505292E-13
  5196.7998  2.16053778E-13
  5199.54004  2.14211312E-13
  5202.27979  2.15249395E-13
  5205.02002  2.14249625E-13
  5207.75977  2.10642783E-13
  5210.5  2.12968328E-13
  5213.24023  2.14311357E-13
  5215.97998  2.13617603E-13
  5218.72021  2.14648855E-13
  5221.45996  2.18026213E-13
  5224.2002  2.1727215E-13
  5226.93994  2.1162553E-13
  5229.68018  2.11947986E-13
  5232.41992  2.1475897E-13
  5235.16016  2.11762926E-13
  5237.8999  2.14442545E-13
  5240.64014  2.19564032E-13
  5243.37988  2.19878938E-13
  5246.12012  2.18268776E-13
  5248.85986  2.1699553E-13
  5251.6001  2.17381546E-13
  5254.33984  2.17954683E-13
  5257.08008  2.20574603E-13
  5259.81982  2.18558407E-13
  5262.56006  2.13997534E-13
  5265.2998  2.09449239E-13
  5268.04004  2.04672461E-13
  5270.77979  2.06958704E-13
  5273.52002  2.13460109E-13
  5276.25977  2.15250737E-13
  5279.  2.16744754E-13
  5281.74023  2.14803313E-13
  5284.47998  2.13885184E-13
  5287.22021  2.16853242E-13
  5289.95996  2.17867608E-13
  5292.7002  2.17993849E-13
  5295.43994  2.17150828E-13
  5298.18018  2.13984903E-13
  5300.91992  2.16638908E-13
  5303.66016  2.16222859E-13
  5306.3999  2.15582408E-13
  5309.14014  2.18074446E-13
  5311.87988  2.16883369E-13
  5314.62012  2.16110007E-13
  5317.35986  2.13691139E-13
  5320.1001  2.16272719E-13
  5322.83984  2.14912303E-13
  5325.58008  2.10367097E-13
  5328.31982  2.0977683E-13
  5331.06006  2.12244027E-13
  5333.7998  2.1813714E-13
  5336.54004  2.16041445E-13
  5339.27979  2.13533659E-13
  5342.02002  2.12385976E-13
  5344.75977  2.14642784E-13
  5347.5  2.13840366E-13
  5350.24023  2.15981231E-13
  5352.97998  2.13660998E-13
  5355.72021  2.16070488E-13
  5358.45996  2.17251605E-13
  5361.2002  2.14595784E-13
  5363.93994  2.09530174E-13
  5366.68018  2.1095819E-13
  5369.41992  2.11554434E-13
  5372.16016  2.10999146E-13
  5374.8999  2.14014584E-13
  5377.64014  2.13006885E-13
  5380.37988  2.12809967E-13
  5383.12012  2.14290161E-13
  5385.85986  2.14417866E-13
  5388.6001  2.1313741E-13
  5391.33984  2.13809114E-13
  5394.08008  2.12797106E-13
  5396.81982  2.11368561E-13
  5399.56006  2.07463021E-13
  5402.2998  2.12176563E-13
  5405.04004  2.11069985E-13
  5407.77979  2.08581321E-13
  5410.52002  2.0996887E-13
  5413.25977  2.12699107E-13
  5416.  2.12103596E-13
  5418.74023  2.10622833E-13
  5421.47998  2.12770421E-13
  5424.22021  2.10440863E-13
  5426.95996  2.12866237E-13
  5429.7002  2.11470747E-13
  5432.43994  2.09880832E-13
  5435.18018  2.11607587E-13
  5437.91992  2.12993319E-13
  5440.66016  2.12706399E-13
  5443.3999  2.08335275E-13
  5446.14014  2.11661716E-13
  5448.87988  2.10449171E-13
  5451.62012  2.09821391E-13
  5454.35986  2.08719543E-13
  5457.1001  2.11924716E-13
  5459.83984  2.11826867E-13
  5462.58008  2.10651144E-13
  5465.31982  2.11048626E-13
  5468.06006  2.16161046E-13
  5470.7998  2.14058155E-13
  5473.54004  2.13837466E-13
  5476.27979  2.12419329E-13
  5479.02002  2.11082928E-13
  5481.75977  2.11180113E-13
  5484.5  2.11324691E-13
  5487.24023  2.13577338E-13
  5489.97998  2.13375487E-13
  5492.72021  2.12987587E-13
  5495.45996  2.13883273E-13
  5498.2002  2.13038219E-13
  5500.93994  2.12567052E-13
  5503.68018  2.12932238E-13
  5506.41992  2.1582432E-13
  5509.16016  2.16418138E-13
  5511.8999  2.14333447E-13
  5514.64014  2.13077792E-13
  5517.37988  2.13038381E-13
  5520.12012  2.12534187E-13
  5522.85986  2.11469582E-13
  5525.6001  2.10793175E-13
  5528.33984  2.10520213E-13
  5531.08008  2.12559801E-13
  5533.81982  2.12686327E-13
  5536.56006  2.14432394E-13
  5539.2998  2.15613809E-13
  5542.04004  2.13130959E-13
  5544.77979  2.13823561E-13
  5547.52002  2.14309175E-13
  5550.25977  2.14216394E-13
  5553.  2.13226721E-13
  5555.74023  2.1322336E-13
  5558.47998  2.14200958E-13
  5561.22021  2.13546493E-13
  5563.95996  2.13379648E-13
  5566.7002  2.15592125E-13
  5569.43994  2.15878029E-13
  5572.18018  2.12436974E-13
  5574.91992  2.13439943E-13
  5577.66016  2.13894671E-13
  5580.3999  2.13273084E-13
  5583.14014  2.13637078E-13
  5585.87988  2.11040698E-13
  5588.62012  2.10112716E-13
  5591.35986  2.10051323E-13
  5594.1001  2.10055226E-13
  5596.83984  2.1021169E-13
  5599.58008  2.13799911E-13
  5602.31982  2.1771975E-13
  5605.06006  2.14678969E-13
  5607.7998  2.1468893E-13
  5610.54004  2.1291569E-13
  5613.27979  2.1253439E-13
  5616.02002  2.10050198E-13
  5618.75977  2.13152182E-13
  5621.5  2.15553527E-13
  5624.24023  2.13101089E-13
  5626.97998  2.12074919E-13
  5629.72021  2.14307142E-13
  5632.45996  2.19602616E-13
  5635.2002  2.13303577E-13
  5637.93994  2.13474027E-13
  5640.68018  2.14569966E-13
  5643.41992  2.16049035E-13
  5646.16016  2.15736974E-13
  5648.8999  2.13282598E-13
  5651.64014  2.12231139E-13
  5654.37988  2.14067438E-13
  5657.12012  2.12618741E-13
  5659.85986  2.07625746E-13
  5662.6001  2.05462437E-13
  5665.33984  2.05269395E-13
  5668.08008  2.11093946E-13
  5670.81982  2.15906923E-13
  5673.56006  2.1181509E-13
  5676.2998  2.11515186E-13
  5679.04004  2.19465112E-13
  5681.77979  2.19660228E-13
  5684.52002  2.15152047E-13
  5687.25977  2.11939271E-13
  5690.  2.1042601E-13
  5692.74023  2.16557783E-13
  5695.47998  2.20115796E-13
  5698.22021  2.15172132E-13
  5700.95996  2.12304295E-13
  5703.7002  2.11507623E-13
  5706.43994  2.09149904E-13
  5709.18018  2.0667669E-13
  5711.91992  2.07892866E-13
  5714.66016  2.10540515E-13
  5717.3999  2.14245288E-13
  5720.14014  2.16128114E-13
  5722.87988  2.1415782E-13
  5725.62012  2.16150557E-13
  5728.35986  2.20850546E-13
  5731.1001  2.15394529E-13
  5733.83984  2.08192689E-13
  5736.58008  2.13277543E-13
  5739.31982  2.17262569E-13
  5742.06006  2.13171616E-13
  5744.7998  2.11577161E-13
  5747.54004  2.12974874E-13
  5750.27979  2.13267094E-13
  5753.02002  2.13148496E-13
  5755.75977  2.11807988E-13
  5758.5  2.10193421E-13
  5761.24023  2.09125469E-13
  5763.97998  2.08362773E-13
  5766.72021  2.07511458E-13
  5769.45996  2.0863503E-13
  5772.2002  2.1157727E-13
  5774.93994  2.10993766E-13
  5777.68018  2.09549134E-13
  5780.41992  2.11322631E-13
  5783.16016  2.13077602E-13
  5785.8999  2.13573083E-13
  5788.64014  2.1315992E-13
  5791.37988  2.11785789E-13
  5794.12012  2.08928144E-13
  5796.85986  2.05703727E-13
  5799.6001  2.12379092E-13
  5802.33984  2.1973852E-13
  5805.08008  2.17643368E-13
  5807.81982  2.15027161E-13
  5810.56006  2.1393293E-13
  5813.2998  2.11622942E-13
  5816.04004  2.07952701E-13
  5818.77979  2.10319853E-13
  5821.52002  2.14635208E-13
  5824.26025  2.1321966E-13
  5827.  2.10902557E-13
  5829.74023  2.0928631E-13
  5832.47998  2.08881239E-13
  5835.22021  2.10386816E-13
  5837.95996  2.10340344E-13
  5840.7002  2.09681773E-13
  5843.43994  2.11715695E-13
  5846.18018  2.13689065E-13
  5848.91992  2.11918197E-13
  5851.66016  2.10415059E-13
  5854.3999  2.11021928E-13
  5857.14014  2.0947198E-13
  5859.87988  2.05602923E-13
  5862.62012  2.05028309E-13
  5865.35986  2.06713851E-13
  5868.1001  2.13817503E-13
  5870.83984  2.18349576E-13
  5873.58008  2.11134644E-13
  5876.31982  2.07704649E-13
  5879.06006  2.12491198E-13
  5881.7998  2.09466206E-13
  5884.54004  2.01978449E-13
  5887.27979  1.97735234E-13
  5890.02002  1.95352144E-13
  5892.76025  1.96070495E-13
  5895.5  1.98298382E-13
  5898.24023  2.02538046E-13
  5900.97998  2.04550136E-13
  5903.72021  2.04165013E-13
  5906.45996  2.05465487E-13
  5909.2002  2.07138655E-13
  5911.93994  2.06942373E-13
  5914.68018  2.0669714E-13
  5917.41992  2.07344125E-13
  5920.16016  2.09230745E-13
  5922.8999  2.14698539E-13
  5925.64014  2.12330384E-13
  5928.37988  2.04368044E-13
  5931.12012  2.06640315E-13
  5933.85986  2.11492174E-13
  5936.6001  2.10880751E-13
  5939.33984  2.0906989E-13
  5942.08008  2.06091437E-13
  5944.81982  2.0545558E-13
  5947.56006  2.0758212E-13
  5950.2998  2.08891281E-13
  5953.04004  2.09700245E-13
  5955.77979  2.07237805E-13
  5958.52002  2.03749168E-13
  5961.26025  2.00033525E-13
  5964.  1.98638726E-13
  5966.74023  2.00904655E-13
  5969.47998  2.03340518E-13
  5972.22021  2.06471708E-13
  5974.95996  2.05643526E-13
  5977.7002  2.03715219E-13
  5980.43994  2.05615744E-13
  5983.18018  2.06741037E-13
  5985.91992  2.04322954E-13
  5988.66016  2.02957741E-13
  5991.3999  2.02677827E-13
  5994.14014  2.03374494E-13
  5996.87988  2.04960574E-13
  5999.62012  2.07792876E-13
  6002.35986  2.09774648E-13
  6005.1001  2.07829237E-13
  6007.83984  2.05189964E-13
  6010.58008  2.01620337E-13
  6013.31982  2.00610646E-13
  6016.06006  2.01738826E-13
  6018.7998  2.04687016E-13
  6021.54004  2.07517272E-13
  6024.27979  2.02924957E-13
  6027.02002  1.99221499E-13
  6029.76025  2.01763058E-13
  6032.5  2.04088577E-13
  6035.24023  2.06601568E-13
  6037.97998  2.05953825E-13
  6040.72021  2.03243726E-13
  6043.45996  2.00752799E-13
  6046.2002  1.99412562E-13
  6048.93994  2.02769726E-13
  6051.68018  2.04797984E-13
  6054.41992  2.02729597E-13
  6057.16016  2.02524832E-13
  6059.8999  2.03802294E-13
  6062.64014  2.05031521E-13
  6065.37988  2.05943281E-13
  6068.12012  2.0416748E-13
  6070.85986  2.01968528E-13
  6073.6001  2.00005526E-13
  6076.33984  2.00103673E-13
  6079.08008  2.04422091E-13
  6081.81982  2.02522732E-13
  6084.56006  1.97264866E-13
  6087.2998  2.00918926E-13
  6090.04004  2.05880357E-13
  6092.77979  2.0343914E-13
  6095.52002  2.01285928E-13
  6098.26025  2.02655059E-13
  6101.  2.00776096E-13
  6103.74023  1.94814474E-13
  6106.47998  1.99227543E-13
  6109.22021  2.07268678E-13
  6111.95996  2.02955965E-13
  6114.7002  1.98442418E-13
  6117.43994  2.0306097E-13
  6120.18018  2.04548794E-13
  6122.91992  1.99827039E-13
  6125.66016  1.98419365E-13
  6128.3999  1.98675766E-13
  6131.14014  1.98661874E-13
  6133.87988  1.99338159E-13
  6136.62012  2.02759508E-13
  6139.35986  2.0460444E-13
  6142.1001  2.01764251E-13
  6144.83984  2.0099959E-13
  6147.58008  2.02517636E-13
  6150.31982  2.02799163E-13
  6153.06006  2.02277932E-13
  6155.7998  1.98590805E-13
  6158.54004  1.95316894E-13
  6161.27979  1.96059708E-13
  6164.02002  1.97265571E-13
  6166.76025  1.99126292E-13
  6169.5  1.98835916E-13
  6172.24023  1.96897376E-13
  6174.97998  1.95613193E-13
  6177.72021  1.94902078E-13
  6180.45996  1.96501913E-13
  6183.2002  1.97495964E-13
  6185.93994  1.95708236E-13
  6188.68018  1.9538528E-13
  6191.41992  1.96911985E-13
  6194.16016  1.97480649E-13
  6196.8999  1.97602432E-13
  6199.64014  1.96520981E-13
  6202.37988  1.95607338E-13
  6205.12012  1.96984058E-13
  6207.85986  1.97226607E-13
  6210.6001  1.93965598E-13
  6213.33984  1.95833909E-13
  6216.08008  2.02009267E-13
  6218.81982  2.01593069E-13
  6221.56006  1.98317762E-13
  6224.2998  1.941034E-13
  6227.04004  1.91521142E-13
  6229.77979  1.93406353E-13
  6232.52002  1.95358486E-13
  6235.26025  1.97803145E-13
  6238.  1.97681688E-13
  6240.74023  1.95999345E-13
  6243.47998  1.95102113E-13
  6246.22021  1.94307922E-13
  6248.95996  1.93328765E-13
  6251.7002  1.92880624E-13
  6254.43994  1.92957426E-13
  6257.18018  1.94560392E-13
  6259.91992  1.97879961E-13
  6262.66016  1.97072949E-13
  6265.3999  1.94680968E-13
  6268.14014  1.943981E-13
  6270.87988  1.94408644E-13
  6273.62012  1.9399578E-13
  6276.35986  1.94004806E-13
  6279.1001  1.95235402E-13
  6281.83984  1.93301009E-13
  6284.58008  1.89636325E-13
  6287.31982  1.91442741E-13
  6290.06006  1.93930158E-13
  6292.7998  1.90913813E-13
  6295.54004  1.9019252E-13
  6298.27979  1.96738852E-13
  6301.02002  1.96733946E-13
  6303.76025  1.90252219E-13
  6306.5  1.89098344E-13
  6309.24023  1.90182397E-13
  6311.97998  1.92685223E-13
  6314.72021  1.94184485E-13
  6317.45996  1.90970043E-13
  6320.2002  1.89921226E-13
  6322.93994  1.92532405E-13
  6325.68018  1.94632965E-13
  6328.41992  1.96753068E-13
  6331.16016  1.94066809E-13
  6333.8999  1.906558E-13
  6336.64014  1.93168168E-13
  6339.37988  1.9394859E-13
  6342.12012  1.88159004E-13
  6344.85986  1.87485783E-13
  6347.6001  1.92434867E-13
  6350.33984  1.92943819E-13
  6353.08008  1.91827823E-13
  6355.81982  1.92153585E-13
  6358.56006  1.92275178E-13
  6361.2998  1.91094875E-13
  6364.04004  1.90149193E-13
  6366.77979  1.88745883E-13
  6369.52002  1.91566083E-13
  6372.26025  1.97613342E-13
  6375.  1.95453896E-13
  6377.74023  1.90629562E-13
  6380.47998  1.88498875E-13
  6383.22021  1.87794713E-13
  6385.95996  1.89651273E-13
  6388.7002  1.89768625E-13
  6391.43994  1.87491339E-13
  6394.18018  1.88826426E-13
  6396.91992  1.91699792E-13
  6399.66016  1.91218E-13
  6402.3999  1.9056947E-13
  6405.14014  1.92770794E-13
  6407.87988  1.93381932E-13
  6410.62012  1.90662088E-13
  6413.35986  1.8963684E-13
  6416.1001  1.89643196E-13
  6418.83984  1.89500894E-13
  6421.58008  1.89332152E-13
  6424.31982  1.8840314E-13
  6427.06006  1.88222241E-13
  6429.7998  1.90487288E-13
  6432.54004  1.90966898E-13
  6435.27979  1.89211006E-13
  6438.02002  1.87596453E-13
  6440.76025  1.86002567E-13
  6443.5  1.87480795E-13
  6446.24023  1.89328045E-13
  6448.97998  1.88308286E-13
  6451.72021  1.88548436E-13
  6454.45996  1.92759749E-13
  6457.2002  1.91635092E-13
  6459.93994  1.85797056E-13
  6462.68018  1.86382268E-13
  6465.41992  1.88987525E-13
  6468.16016  1.87635999E-13
  6470.8999  1.87245049E-13
  6473.64014  1.91511046E-13
  6476.37988  1.93384357E-13
  6479.12012  1.91987458E-13
  6481.85986  1.90859156E-13
  6484.6001  1.89221468E-13
  6487.33984  1.84763988E-13
  6490.08008  1.81008637E-13
  6492.81982  1.83264441E-13
  6495.56006  1.85784182E-13
  6498.2998  1.86819324E-13
  6501.04004  1.88979203E-13
  6503.77979  1.9247749E-13
  6506.52002  1.91180513E-13
  6509.26025  1.87902916E-13
  6512.  1.87448242E-13
  6514.74023  1.87562788E-13
  6517.47998  1.87694342E-13
  6520.22021  1.87454558E-13
  6522.95996  1.86911752E-13
  6525.7002  1.8511901E-13
  6528.43994  1.82595191E-13
  6531.18018  1.85223635E-13
  6533.91992  1.88628044E-13
  6536.66016  1.87267546E-13
  6539.3999  1.85768623E-13
  6542.14014  1.85473395E-13
  6544.87988  1.85318097E-13
  6547.62012  1.86057956E-13
  6550.35986  1.79419576E-13
  6553.1001  1.69525133E-13
  6555.83984  1.6679724E-13
  6558.58008  1.6304277E-13
  6561.31982  1.4867762E-13
  6564.06006  1.44406459E-13
  6566.7998  1.55926026E-13
  6569.54004  1.67447816E-13
  6572.27979  1.8113866E-13
  6575.02002  1.82335633E-13
  6577.76025  1.79269658E-13
  6580.5  1.8096493E-13
  6583.24023  1.82964998E-13
  6585.97998  1.84293891E-13
  6588.72021  1.86050665E-13
  6591.45996  1.88812656E-13
  6594.2002  1.8712023E-13
  6596.93994  1.83355135E-13
  6599.68018  1.83357764E-13
  6602.41992  1.84778449E-13
  6605.16016  1.87790674E-13
  6607.8999  1.88902699E-13
  6610.64014  1.8668701E-13
  6613.37988  1.84870646E-13
  6616.12012  1.82918567E-13
  6618.85986  1.84583916E-13
  6621.6001  1.8729602E-13
  6624.33984  1.86997634E-13
  6627.08008  1.86558478E-13
  6629.81982  1.8703527E-13
  6632.56006  1.87492356E-13
  6635.2998  1.88038794E-13
  6638.04004  1.87880744E-13
  6640.77979  1.8737369E-13
  6643.52002  1.87840086E-13
  6646.26025  1.88189159E-13
  6649.  1.87500772E-13
  6651.74023  1.86297416E-13
  6654.47998  1.83630265E-13
  6657.22021  1.84456413E-13
  6659.95996  1.88377349E-13
  6662.7002  1.8541581E-13
  6665.43994  1.8086269E-13
  6668.18018  1.83518416E-13
  6670.91992  1.86330443E-13
  6673.66016  1.85434431E-13
  6676.3999  1.86125122E-13
  6679.14014  1.89665937E-13
  6681.87988  1.89022206E-13
  6684.62012  1.86162175E-13
  6687.35986  1.85574714E-13
  6690.1001  1.85424687E-13
  6692.83984  1.83973049E-13
  6695.58008  1.84627378E-13
  6698.31982  1.90766999E-13
  6701.06006  1.90272386E-13
  6703.7998  1.83655513E-13
  6706.54004  1.847173E-13
  6709.27979  1.87726218E-13
  6712.02002  1.83365476E-13
  6714.76025  1.79386969E-13
  6717.5  1.79625602E-13
  6720.24023  1.82293362E-13
  6722.97998  1.89942951E-13
  6725.72021  1.8881286E-13
  6728.45996  1.82686074E-13
  6731.2002  1.82627988E-13
  6733.93994  1.84261786E-13
  6736.68018  1.85647843E-13
  6739.41992  1.85886855E-13
  6742.16016  1.8361636E-13
  6744.8999  1.82674703E-13
  6747.64014  1.82848555E-13
  6750.37988  1.83462593E-13
  6753.12012  1.84152999E-13
  6755.85986  1.82844516E-13
  6758.6001  1.81190945E-13
  6761.33984  1.79472363E-13
  6764.08008  1.7981699E-13
  6766.81982  1.84098586E-13
  6769.56006  1.84224096E-13
  6772.2998  1.81926455E-13
  6775.04004  1.81134608E-13
  6777.77979  1.81491961E-13
  6780.52002  1.85908946E-13
  6783.26025  1.87408574E-13
  6786.  1.80667723E-13
  6788.74023  1.78552296E-13
  6791.47998  1.81395616E-13
  6794.22021  1.80390764E-13
  6796.95996  1.78142332E-13
  6799.7002  1.7804993E-13
  6802.43994  1.78627715E-13
  6805.18018  1.79030862E-13
  6807.91992  1.8061747E-13
  6810.66016  1.85401743E-13
  6813.3999  1.84149991E-13
  6816.14014  1.78554545E-13
  6818.87988  1.78778853E-13
  6821.62012  1.8043504E-13
  6824.35986  1.79079082E-13
  6827.1001  1.77883302E-13
  6829.83984  1.78018448E-13
  6832.58008  1.78196122E-13
  6835.31982  1.78769448E-13
  6838.06006  1.76798815E-13
  6840.7998  1.73873828E-13
  6843.54004  1.75784598E-13
  6846.27979  1.78765775E-13
  6849.02002  1.80909066E-13
  6851.76025  1.81067699E-13
  6854.5  1.77530354E-13
  6857.24023  1.76755298E-13
  6859.97998  1.77898833E-13
  6862.72021  1.76323935E-13
  6865.45996  1.74386371E-13
  6868.2002  1.75309677E-13
  6870.93994  1.77297562E-13
  6873.68018  1.81335849E-13
  6876.41992  1.81267707E-13
  6879.16016  1.74744185E-13
  6881.8999  1.76702999E-13
  6884.64014  1.82594215E-13
  6887.37988  1.81660554E-13
  6890.12012  1.79173571E-13
  6892.85986  1.78333531E-13
  6895.6001  1.77660173E-13
  6898.33984  1.76771534E-13
  6901.08008  1.77002794E-13
  6903.81982  1.78324207E-13
  6906.56006  1.77595758E-13
  6909.2998  1.76671042E-13
  6912.04004  1.79961203E-13
  6914.77979  1.8204096E-13
  6917.52002  1.78262705E-13
  6920.26025  1.7711219E-13
  6923.  1.80427166E-13
  6925.74023  1.79700032E-13
  6928.47998  1.77020169E-13
  6931.22021  1.76054118E-13
  6933.95996  1.76551197E-13
  6936.7002  1.81690112E-13
  6939.43994  1.83004274E-13
  6942.18018  1.74835257E-13
  6944.91992  1.72464202E-13
  6947.66016  1.75047504E-13
  6950.3999  1.76171794E-13
  6953.14014  1.76936807E-13
  6955.87988  1.7601678E-13
  6958.62012  1.75151763E-13
  6961.35986  1.75396861E-13
  6964.1001  1.76413937E-13
  6966.83984  1.79250427E-13
  6969.58008  1.78667804E-13
  6972.31982  1.75953083E-13
  6975.06006  1.74271391E-13
  6977.7998  1.73133562E-13
  6980.54004  1.7301087E-13
  6983.27979  1.73794871E-13
  6986.02002  1.76294932E-13
  6988.76025  1.77027934E-13
  6991.5  1.76061585E-13
  6994.24023  1.74814292E-13
  6996.97998  1.73361176E-13
  6999.72021  1.73330371E-13
  7002.45996  1.73651756E-13
  7005.2002  1.73857131E-13
  7007.93994  1.73785086E-13
  7010.68018  1.73371517E-13
  7013.41992  1.72604674E-13
  7016.16016  1.71542075E-13
  7018.8999  1.72347298E-13
  7021.64014  1.73345103E-13
  7024.37988  1.71271675E-13
  7027.12012  1.70770773E-13
  7029.85986  1.7498031E-13
  7032.6001  1.77154041E-13
  7035.33984  1.77255021E-13
  7038.08008  1.7737843E-13
  7040.81982  1.77122233E-13
  7043.56006  1.76392158E-13
  7046.2998  1.75415238E-13
  7049.04004  1.74040239E-13
  7051.77979  1.73569045E-13
  7054.52002  1.75239435E-13
  7057.26025  1.73919513E-13
  7060.  1.70377425E-13
  7062.74023  1.72481224E-13
  7065.47998  1.76200092E-13
  7068.22021  1.76659089E-13
  7070.95996  1.76040809E-13
  7073.7002  1.74111268E-13
  7076.43994  1.73457819E-13
  7079.18018  1.74346296E-13
  7081.91992  1.74916749E-13
  7084.66016  1.7553305E-13
  7087.3999  1.76677141E-13
  7090.14014  1.76786564E-13
  7092.87988  1.72945019E-13
  7095.62012  1.70433614E-13
  7098.35986  1.70606449E-13
  7101.1001  1.71829321E-13
  7103.83984  1.74360147E-13
  7106.58008  1.74501567E-13
  7109.31982  1.73611302E-13
  7112.06006  1.7265345E-13
  7114.7998  1.72074499E-13
  7117.54004  1.7270953E-13
  7120.27979  1.72820864E-13
  7123.02002  1.72147222E-13
  7125.76025  1.72114018E-13
  7128.5  1.7223408E-13
  7131.24023  1.70014434E-13
  7133.97998  1.68185114E-13
  7136.72021  1.7046248E-13
  7139.45996  1.72449606E-13
  7142.2002  1.73319231E-13
  7144.93994  1.72797554E-13
  7147.68018  1.70891987E-13
  7150.41992  1.68370404E-13
  7153.16016  1.65923604E-13
  7155.8999  1.66604957E-13
  7158.64014  1.68080339E-13
  7161.37988  1.69098703E-13
  7164.12012  1.70745078E-13
  7166.85986  1.73467889E-13
  7169.6001  1.75471467E-13
  7172.33984  1.76923973E-13
  7175.08008  1.74620233E-13
  7177.81982  1.71265264E-13
  7180.56006  1.6973246E-13
  7183.2998  1.69139822E-13
  7186.04004  1.71003863E-13
  7188.77979  1.68174231E-13
  7191.52002  1.59794622E-13
  7194.26025  1.63532924E-13
  7197.  1.71806918E-13
  7199.74023  1.70084528E-13
  7202.47998  1.67490113E-13
  7205.22021  1.69359372E-13
  7207.95996  1.70083159E-13
  7210.7002  1.68634841E-13
  7213.43994  1.67898356E-13
  7216.18018  1.67454741E-13
  7218.91992  1.69435443E-13
  7221.66016  1.71676543E-13
  7224.3999  1.70870086E-13
  7227.14014  1.69533387E-13
  7229.87988  1.67564828E-13
  7232.62012  1.68102105E-13
  7235.35986  1.71616099E-13
  7238.1001  1.72583112E-13
  7240.83984  1.72189777E-13
  7243.58008  1.69850137E-13
  7246.31982  1.67170355E-13
  7249.06006  1.65135212E-13
  7251.7998  1.64813841E-13
  7254.54004  1.67244894E-13
  7257.27979  1.68628837E-13
  7260.02002  1.69578205E-13
  7262.76025  1.69500075E-13
  7265.5  1.68587935E-13
  7268.24023  1.65779432E-13
  7270.97998  1.65038529E-13
  7273.72021  1.70622929E-13
  7276.45996  1.71532371E-13
  7279.2002  1.66566075E-13
  7281.93994  1.66053057E-13
  7284.68018  1.67383658E-13
  7287.41992  1.68504831E-13
  7290.16016  1.68721956E-13
  7292.8999  1.65096005E-13
  7295.64014  1.6415817E-13
  7298.37988  1.69003713E-13
  7301.12012  1.70350564E-13
  7303.85986  1.69382696E-13
  7306.6001  1.69287314E-13
  7309.33984  1.69210769E-13
  7312.08008  1.6899298E-13
  7314.81982  1.68217531E-13
  7317.56006  1.65842112E-13
  7320.2998  1.65220566E-13
  7323.04004  1.67421402E-13
  7325.77979  1.65600606E-13
  7328.52002  1.62029922E-13
  7331.26025  1.63556275E-13
  7334.  1.66100762E-13
  7336.74023  1.66869326E-13
  7339.47998  1.66491603E-13
  7342.22021  1.63433435E-13
  7344.95996  1.64749345E-13
  7347.7002  1.70112866E-13
  7350.43994  1.67692994E-13
  7353.18018  1.63232099E-13
  7355.91992  1.67023581E-13
  7358.66016  1.69906732E-13
  7361.3999  1.65238605E-13
  7364.14014  1.64276294E-13
  7366.87988  1.69765637E-13
  7369.62012  1.68727811E-13
  7372.35986  1.64531556E-13
  7375.1001  1.65834238E-13
  7377.83984  1.68050415E-13
  7380.58008  1.67197487E-13
  7383.31982  1.66489191E-13
  7386.06006  1.66580847E-13
  7388.7998  1.67411427E-13
  7391.54004  1.69335669E-13
  7394.27979  1.66505522E-13
  7397.02002  1.62217882E-13
  7399.76025  1.64664574E-13
  7402.5  1.66074375E-13
  7405.24023  1.59306094E-13
  7407.97998  1.57165717E-13
  7410.72021  1.63696042E-13
  7413.45996  1.6309473E-13
  7416.2002  1.58926393E-13
  7418.93994  1.61100666E-13
  7421.68018  1.64056878E-13
  7424.41992  1.61036372E-13
  7427.16016  1.59752664E-13
  7429.8999  1.64411372E-13
  7432.64014  1.65568988E-13
  7435.37988  1.63205969E-13
  7438.12012  1.62761433E-13
  7440.85986  1.63137434E-13
  7443.6001  1.65047866E-13
  7446.33984  1.66813503E-13
  7449.08008  1.67092577E-13
  7451.81982  1.66392643E-13
  7454.56006  1.63604509E-13
  7457.2998  1.64399297E-13
  7460.04004  1.67570723E-13
  7462.77979  1.65840269E-13
  7465.52002  1.62716398E-13
  7468.26025  1.61560232E-13
  7471.  1.61048638E-13
  7473.74023  1.61419652E-13
  7476.47998  1.60988803E-13
  7479.22021  1.59351888E-13
  7481.95996  1.60525063E-13
  7484.7002  1.62915119E-13
  7487.43994  1.62774714E-13
  7490.18018  1.61766935E-13
  7492.91992  1.59911526E-13
  7495.66016  1.59536867E-13
  7498.3999  1.62585331E-13
  7501.14014  1.61522258E-13
  7503.87988  1.57446809E-13
  7506.62012  1.59408728E-13
  7509.35986  1.62620975E-13
  7512.1001  1.60040695E-13
  7514.83984  1.57880585E-13
  7517.58008  1.59026858E-13
  7520.31982  1.60175367E-13
  7523.06006  1.61588638E-13
  7525.7998  1.61577593E-13
  7528.54004  1.60696312E-13
  7531.27979  1.59599778E-13
  7534.02002  1.58931448E-13
  7536.76025  1.60761595E-13
  7539.5  1.60550013E-13
  7542.24023  1.55254756E-13
  7544.97998  1.5502912E-13
  7547.72021  1.58838464E-13
  7550.45996  1.60098145E-13
  7553.2002  1.60227924E-13
  7555.93994  1.58395717E-13
  7558.68018  1.56742024E-13
  7561.41992  1.56335624E-13
  7564.16016  1.57355967E-13
  7566.8999  1.60695689E-13
  7569.64014  1.6143048E-13
  7572.37988  1.60691488E-13
  7575.12012  1.59051524E-13
  7577.85986  1.56724907E-13
  7580.6001  1.53103075E-13
  7583.33984  1.52072067E-13
  7586.08008  1.56144967E-13
  7588.81982  1.58836892E-13
  7591.56006  1.60953228E-13
  7594.2998  1.59050656E-13
  7597.04004  1.55454751E-13
  7599.77979  1.54948618E-13
  7602.52002  1.55169605E-13
  7605.26025  1.55477275E-13
  7608.  1.55668528E-13
  7610.74023  1.55170988E-13
  7613.47998  1.57073532E-13
  7616.22021  1.6036128E-13
  7618.95996  1.59777045E-13
  7621.7002  1.57929361E-13
  7624.43994  1.56510018E-13
  7627.18018  1.55912894E-13
  7629.91992  1.57264772E-13
  7632.66016  1.5682998E-13
  7635.3999  1.54455279E-13
  7638.14014  1.55307137E-13
  7640.87988  1.57394415E-13
  7643.62012  1.57494989E-13
  7646.35986  1.57066553E-13
  7649.1001  1.56504475E-13
  7651.83984  1.5599986E-13
  7654.58008  1.55588243E-13
  7657.31982  1.55332764E-13
  7660.06006  1.55178753E-13
  7662.7998  1.53963403E-13
  7665.54004  1.52765225E-13
  7668.27979  1.53434868E-13
  7671.02002  1.53906307E-13
  7673.76025  1.52735124E-13
  7676.5  1.5366804E-13
  7679.24023  1.57149616E-13
  7681.97998  1.57721912E-13
  7684.72021  1.5700951E-13
  7687.45996  1.5758514E-13
  7690.2002  1.56879203E-13
  7692.93994  1.51209923E-13
  7695.68018  1.48464791E-13
  7698.41992  1.51156783E-13
  7701.16016  1.52295548E-13
  7703.8999  1.52932639E-13
  7706.64014  1.5339417E-13
  7709.37988  1.53509163E-13
  7712.12012  1.52629767E-13
  7714.85986  1.52302501E-13
  7717.6001  1.53771703E-13
  7720.33984  1.5443659E-13
  7723.08008  1.54125072E-13
  7725.81982  1.54849779E-13
  7728.56006  1.55461134E-13
  7731.2998  1.50049176E-13
  7734.04004  1.45284121E-13
  7736.77979  1.48707246E-13
  7739.52002  1.51127551E-13
  7742.26025  1.49829612E-13
  7745.  1.5150778E-13
  7747.74023  1.55486165E-13
  7750.47998  1.5310977E-13
  7753.22021  1.48899786E-13
  7755.95996  1.49237759E-13
  7758.7002  1.50634184E-13
  7761.43994  1.523878E-13
  7764.18018  1.53694128E-13
  7766.91992  1.54665479E-13
  7769.66016  1.54354285E-13
  7772.3999  1.53254633E-13
  7775.14014  1.53802115E-13
  7777.87988  1.54141755E-13
  7780.62012  1.52174334E-13
  7783.35986  1.50497385E-13
  7786.1001  1.49463937E-13
  7788.83984  1.4980168E-13
  7791.58008  1.51556176E-13
  7794.31982  1.51401962E-13
  7797.06006  1.50346464E-13
  7799.7998  1.48295981E-13
  7802.54004  1.47542487E-13
  7805.27979  1.50927949E-13
  7808.02002  1.52650909E-13
  7810.76025  1.51661385E-13
  7813.5  1.52461485E-13
  7816.24023  1.53935106E-13
  7818.97998  1.53159183E-13
  7821.72021  1.51854671E-13
  7824.45996  1.51491477E-13
  7827.2002  1.513915E-13
  7829.93994  1.51716665E-13
  7832.68018  1.51402559E-13
  7835.41992  1.50429568E-13
  7838.16016  1.50496775E-13
  7840.8999  1.50864252E-13
  7843.64014  1.49865106E-13
  7846.37988  1.49421694E-13
  7849.12012  1.51594503E-13
  7851.85986  1.52363744E-13
  7854.6001  1.50846566E-13
  7857.33984  1.49763733E-13
  7860.08008  1.48708533E-13
  7862.81982  1.49886153E-13
  7865.56006  1.50686619E-13
  7868.2998  1.46616063E-13
  7871.04004  1.42697161E-13
  7873.77979  1.39441139E-13
  7876.52002  1.40693745E-13
  7879.26025  1.47142688E-13
  7882.  1.49467434E-13
  7884.74023  1.50027085E-13
  7887.47998  1.49895518E-13
  7890.22021  1.49050097E-13
  7892.95996  1.46799185E-13
  7895.7002  1.46706418E-13
  7898.43994  1.51047902E-13
  7901.18018  1.50687839E-13
  7903.91992  1.47395591E-13
  7906.66016  1.50351221E-13
  7909.3999  1.53688423E-13
  7912.14014  1.48816913E-13
  7914.87988  1.43799726E-13
  7917.62012  1.40247162E-13
  7920.35986  1.41762199E-13
  7923.1001  1.5011786E-13
  7925.83984  1.49848368E-13
  7928.58008  1.45751073E-13
  7931.31982  1.44987809E-13
  7934.06006  1.45163788E-13
  7936.7998  1.46437021E-13
  7939.54004  1.46399413E-13
  7942.27979  1.42329765E-13
  7945.02002  1.45687797E-13
  7947.76025  1.54839507E-13
  7950.5  1.53570123E-13
  7953.24023  1.49014929E-13
  7955.97998  1.49011798E-13
  7958.72021  1.4924501E-13
  7961.45996  1.48146699E-13
  7964.2002  1.47995142E-13
  7966.93994  1.49363459E-13
  7969.68018  1.47947152E-13
  7972.41992  1.45526101E-13
  7975.16016  1.49419865E-13
  7977.8999  1.52755318E-13
  7980.64014  1.4668201E-13
  7983.37988  1.44425135E-13
  7986.12012  1.52106707E-13
  7988.85986  1.52150008E-13
  7991.6001  1.46253208E-13
  7994.33984  1.46122765E-13
  7997.08008  1.47578469E-13
  7999.81982  1.46162487E-13
  8002.56006  1.45018058E-13
  8005.2998  1.45728549E-13
  8008.04004  1.46310793E-13
  8010.77979  1.46629033E-13
  8013.52002  1.47217321E-13
  8016.26025  1.47960705E-13
  8019.  1.4904984E-13
  8021.74023  1.49369137E-13
  8024.47998  1.46294557E-13
  8027.22021  1.44685438E-13
  8029.95996  1.46836387E-13
  8032.7002  1.47559794E-13
  8035.43994  1.47289909E-13
  8038.18018  1.46441087E-13
  8040.91992  1.45431966E-13
  8043.66016  1.46125394E-13
  8046.3999  1.46775455E-13
  8049.14014  1.45914314E-13
  8051.87988  1.46125259E-13
  8054.62012  1.48961342E-13
  8057.35986  1.46878684E-13
  8060.1001  1.41995763E-13
  8062.83984  1.42887668E-13
  8065.58008  1.44632434E-13
  8068.31982  1.41395494E-13
  8071.06006  1.40199525E-13
  8073.7998  1.44858992E-13
  8076.54004  1.46363268E-13
  8079.27979  1.45020985E-13
  8082.02002  1.44095266E-13
  8084.76025  1.4317467E-13
  8087.5  1.43473395E-13
  8090.24023  1.43863586E-13
  8092.97998  1.43866744E-13
  8095.72021  1.42943329E-13
  8098.45996  1.40287887E-13
  8101.2002  1.39307538E-13
  8103.93994  1.39371574E-13
  8106.68018  1.41444351E-13
  8109.41992  1.43313841E-13
  8112.16016  1.39689977E-13
  8114.8999  1.38045269E-13
  8117.64014  1.43612132E-13
  8120.37988  1.43806869E-13
  8123.12012  1.37704166E-13
  8125.85986  1.38318935E-13
  8128.6001  1.41717597E-13
  8131.33984  1.42663401E-13
  8134.08008  1.43033087E-13
  8136.81982  1.43332449E-13
  8139.56006  1.43237798E-13
  8142.2998  1.42208212E-13
  8145.04004  1.42795647E-13
  8147.77979  1.44556201E-13
  8150.52002  1.45011173E-13
  8153.26025  1.44657317E-13
  8156.  1.42375925E-13
  8158.74023  1.41437778E-13
  8161.47998  1.44623625E-13
  8164.22021  1.46009588E-13
  8166.95996  1.45199662E-13
  8169.7002  1.45863722E-13
  8172.43994  1.46864061E-13
  8175.18018  1.4580916E-13
  8177.91992  1.43771795E-13
  8180.66016  1.40359404E-13
  8183.3999  1.38776401E-13
  8186.14014  1.39947719E-13
  8188.87988  1.42895285E-13
  8191.62012  1.47868669E-13
  8194.36035  1.46997716E-13
  8197.09961  1.43798805E-13
  8199.83984  1.4230842E-13
  8202.58008  1.40932635E-13
  8205.32031  1.38651338E-13
  8208.05957  1.38721242E-13
  8210.7998  1.4186963E-13
  8213.54004  1.44583998E-13
  8216.28027  1.46918163E-13
  8219.01953  1.42322962E-13
  8221.75977  1.36931197E-13
  8224.5  1.36734699E-13
  8227.24023  1.38499753E-13
  8229.98047  1.43560999E-13
  8232.71973  1.44256934E-13
  8235.45996  1.4124414E-13
  8238.2002  1.39433997E-13
  8240.94043  1.37847511E-13
  8243.67969  1.36447372E-13
  8246.41992  1.36386806E-13
  8249.16016  1.39802544E-13
  8251.90039  1.40926184E-13
  8254.63965  1.37928528E-13
  8257.37988  1.39440868E-13
  8260.12012  1.43206979E-13
  8262.86035  1.43508076E-13
  8265.59961  1.42455058E-13
  8268.33984  1.4040906E-13
  8271.08008  1.39257705E-13
  8273.82031  1.41222022E-13
  8276.55957  1.38744227E-13
  8279.2998  1.31337446E-13
  8282.04004  1.34935398E-13
  8284.78027  1.42272072E-13
  8287.51953  1.38767727E-13
  8290.25977  1.35637473E-13
  8293.  1.41410917E-13
  8295.74023  1.42915912E-13
  8298.48047  1.36705453E-13
  8301.21973  1.34994162E-13
  8303.95996  1.35391345E-13
  8306.7002  1.3590664E-13
  8309.44043  1.3653606E-13
  8312.17969  1.36305477E-13
  8314.91992  1.36031309E-13
  8317.66016  1.3559378E-13
  8320.40039  1.36410211E-13
  8323.13965  1.3865169E-13
  8325.87988  1.40059785E-13
  8328.62012  1.4077136E-13
  8331.36035  1.38535328E-13
  8334.09961  1.36293971E-13
  8336.83984  1.36811108E-13
  8339.58008  1.36849082E-13
  8342.32031  1.35667085E-13
  8345.05957  1.35272924E-13
  8347.7998  1.35362397E-13
  8350.54004  1.36888846E-13
  8353.28027  1.382636E-13
  8356.01953  1.35930709E-13
  8358.75977  1.34092525E-13
  8361.5  1.35152143E-13
  8364.24023  1.34604621E-13
  8366.98047  1.31611898E-13
  8369.71973  1.34032786E-13
  8372.45996  1.39120527E-13
  8375.2002  1.41901519E-13
  8377.94043  1.42948424E-13
  8380.67969  1.4045354E-13
  8383.41992  1.38654265E-13
  8386.16016  1.39162661E-13
  8388.90039  1.37091618E-13
  8391.63965  1.33055825E-13
  8394.37988  1.36563869E-13
  8397.12012  1.41698624E-13
  8399.86035  1.38386711E-13
  8402.59961  1.35864722E-13
  8405.33984  1.39675679E-13
  8408.08008  1.40045161E-13
  8410.82031  1.35641295E-13
  8413.55957  1.35471089E-13
  8416.2998  1.369866E-13
  8419.04004  1.34476699E-13
  8421.78027  1.32676544E-13
  8424.51953  1.37576094E-13
  8427.25977  1.39874806E-13
  8430.  1.36592018E-13
  8432.74023  1.33138522E-13
  8435.48047  1.28624216E-13
  8438.21973  1.32852673E-13
  8440.95996  1.40102611E-13
  8443.7002  1.41414834E-13
  8446.44043  1.4001189E-13
  8449.17969  1.34384975E-13
  8451.91992  1.32407784E-13
  8454.66016  1.35927619E-13
  8457.40039  1.35972979E-13
  8460.13965  1.34557445E-13
  8462.87988  1.33327824E-13
  8465.62012  1.3261198E-13
  8468.36035  1.33872229E-13
  8471.09961  1.35129402E-13
  8473.83984  1.36528335E-13
  8476.58008  1.35196731E-13
  8479.32031  1.30912046E-13
  8482.05957  1.32574886E-13
  8484.7998  1.36317105E-13
  8487.54004  1.36669118E-13
  8490.28027  1.34830122E-13
  8493.01953  1.28068834E-13
  8495.75977  1.2648621E-13
  8498.5  1.3335913E-13
  8501.24023  1.35770342E-13
  8503.98047  1.36382049E-13
  8506.71973  1.36902913E-13
  8509.45996  1.36767212E-13
  8512.2002  1.35667871E-13
  8514.94043  1.34010451E-13
  8517.67969  1.31385178E-13
  8520.41992  1.30077047E-13
  8523.16016  1.30057437E-13
  8525.90039  1.29980065E-13
  8528.63965  1.29751488E-13
  8531.37988  1.27457601E-13
  8534.12012  1.25155501E-13
  8536.86035  1.24845406E-13
  8539.59961  1.23349708E-13
  8542.33984  1.18047133E-13
  8545.08008  1.2078454E-13
  8547.82031  1.28929013E-13
  8550.55957  1.30549732E-13
  8553.2998  1.3054709E-13
  8556.04004  1.33058468E-13
  8558.78027  1.3485266E-13
  8561.51953  1.35256755E-13
  8564.25977  1.33524295E-13
  8567.  1.28867132E-13
  8569.74023  1.28710844E-13
  8572.48047  1.30487011E-13
  8575.21973  1.29480885E-13
  8577.95996  1.28608373E-13
  8580.7002  1.29677248E-13
  8583.44043  1.31399909E-13
  8586.17969  1.34924718E-13
  8588.91992  1.34012389E-13
  8591.66016  1.2975569E-13
  8594.40039  1.2972891E-13
  8597.13965  1.30861901E-13
  8599.87988  1.30164027E-13
  8602.62012  1.29803977E-13
  8605.36035  1.30845936E-13
  8608.09961  1.3137317E-13
  8610.83984  1.31176103E-13
  8613.58008  1.32022865E-13
  8616.32031  1.33317741E-13
  8619.05957  1.3407469E-13
  8621.7998  1.33677899E-13
  8624.54004  1.3007534E-13
  8627.28027  1.2768527E-13
  8630.02051  1.27463497E-13
  8632.75977  1.28770787E-13
  8635.5  1.31722771E-13
  8638.24023  1.32411429E-13
  8640.98047  1.31909755E-13
  8643.71973  1.30011995E-13
  8646.45996  1.284777E-13
  8649.2002  1.28835988E-13
  8651.94043  1.28653436E-13
  8654.67969  1.28070758E-13
  8657.41992  1.25671324E-13
  8660.16016  1.2233766E-13
  8662.90039  1.22473226E-13
  8665.63965  1.24224903E-13
  8668.37988  1.26866914E-13
  8671.12012  1.29982152E-13
  8673.86035  1.34833266E-13
  8676.59961  1.34639397E-13
  8679.33984  1.29683292E-13
  8682.08008  1.29851587E-13
  8684.82031  1.31697875E-13
  8687.55957  1.31674917E-13
  8690.2998  1.31459852E-13
  8693.04004  1.31929922E-13
  8695.78027  1.31274399E-13
  8698.52051  1.28524375E-13
  8701.25977  1.28353803E-13
  8704.  1.2968397E-13
  8706.74023  1.31517532E-13
  8709.48047  1.33476821E-13
  8712.21973  1.35082917E-13
  8714.95996  1.35022283E-13
  8717.7002  1.32027419E-13
  8720.44043  1.29496227E-13
  8723.17969  1.26839335E-13
  8725.91992  1.28606246E-13
  8728.66016  1.32114385E-13
  8731.40039  1.3134181E-13
  8734.13965  1.297489E-13
  8736.87988  1.2819326E-13
  8739.62012  1.28511202E-13
  8742.36035  1.32936617E-13
  8745.09961  1.31266864E-13
  8747.83984  1.25887053E-13
  8750.58008  1.23510387E-13
  8753.32031  1.22773319E-13
  8756.05957  1.25317522E-13
  8758.7998  1.26880331E-13
  8761.54004  1.24880439E-13
  8764.28027  1.24423949E-13
  8767.02051  1.25449049E-13
  8769.75977  1.2622897E-13
  8772.5  1.26807473E-13
  8775.24023  1.25167414E-13
  8777.98047  1.241336E-13
  8780.71973  1.26318877E-13
  8783.45996  1.28967136E-13
  8786.2002  1.32809115E-13
  8788.94043  1.33270876E-13
  8791.67969  1.31204685E-13
  8794.41992  1.24953731E-13
  8797.16016  1.19334122E-13
  8799.90039  1.25660943E-13
  8802.63965  1.31366557E-13
  8805.37988  1.31581689E-13
  8808.12012  1.29558758E-13
  8810.86035  1.24108514E-13
  8813.59961  1.2406993E-13
  8816.33984  1.26827246E-13
  8819.08008  1.29758658E-13
  8821.82031  1.31842982E-13
  8824.55957  1.3075695E-13
  8827.2998  1.29132694E-13
  8830.04004  1.27080529E-13
  8832.78027  1.25526773E-13
  8835.52051  1.24274682E-13
  8838.25977  1.25539214E-13
  8841.  1.27809154E-13
  8843.74023  1.29645277E-13
  8846.48047  1.29144932E-13
  8849.21973  1.22821146E-13
  8851.95996  1.20289521E-13
  8854.7002  1.22445972E-13
  8857.44043  1.23688169E-13
  8860.17969  1.25038963E-13
  8862.91992  1.2557975E-13
  8865.66016  1.26758643E-13
  8868.40039  1.31779068E-13
  8871.13965  1.33551482E-13
  8873.87988  1.27983114E-13
  8876.62012  1.27608156E-13
  8879.36035  1.31308945E-13
  8882.09961  1.28978845E-13
  8884.83984  1.24949909E-13
  8887.58008  1.25088037E-13
  8890.32031  1.25869814E-13
  8893.05957  1.25862455E-13
  8895.7998  1.26410452E-13
  8898.54004  1.28107418E-13
  8901.28027  1.27773497E-13
  8904.02051  1.26201702E-13
  8906.75977  1.24281499E-13
  8909.5  1.22445186E-13
  8912.24023  1.2119773E-13
  8914.98047  1.21709961E-13
  8917.71973  1.26102213E-13
  8920.45996  1.2647999E-13
  8923.2002  1.2324698E-13
  8925.94043  1.2170313E-13
  8928.67969  1.20927316E-13
  8931.41992  1.22201294E-13
  8934.16016  1.23636697E-13
  8936.90039  1.24444359E-13
  8939.63965  1.2358437E-13
  8942.37988  1.19862209E-13
  8945.12012  1.18489826E-13
  8947.86035  1.18455254E-13
  8950.59961  1.21394648E-13
  8953.33984  1.24746743E-13
  8956.08008  1.24712076E-13
  8958.82031  1.23918752E-13
  8961.55957  1.22662039E-13
  8964.2998  1.21641412E-13
  8967.04004  1.20211973E-13
  8969.78027  1.26054793E-13
  8972.52051  1.34116419E-13
  8975.25977  1.298025E-13
  8978.  1.2402644E-13
  8980.74023  1.23484732E-13
  8983.48047  1.23253458E-13
  8986.21973  1.22427106E-13
  8988.95996  1.24352175E-13
  8991.7002  1.28209997E-13
  8994.44043  1.26709488E-13
  8997.17969  1.2351368E-13
  8999.91992  1.22084485E-13
  9002.66016  1.21074469E-13
  9005.40039  1.19991934E-13
  9008.13965  1.20521337E-13
  9010.87988  1.23256792E-13
  9013.62012  1.22515672E-13
  9016.36035  1.19998033E-13
  9019.09961  1.16898963E-13
  9021.83984  1.15288801E-13
  9024.58008  1.18041414E-13
  9027.32031  1.22322183E-13
  9030.05957  1.30066625E-13
  9032.7998  1.30467157E-13
  9035.54004  1.25373372E-13
  9038.28027  1.22681772E-13
  9041.02051  1.21472399E-13
  9043.75977  1.25414016E-13
  9046.5  1.28070785E-13
  9049.24023  1.25093376E-13
  9051.98047  1.24038583E-13
  9054.71973  1.25588491E-13
  9057.45996  1.23918643E-13
  9060.2002  1.21049451E-13
  9062.94043  1.22333811E-13
  9065.67969  1.24713133E-13
  9068.41992  1.27416537E-13
  9071.16016  1.26927074E-13
  9073.90039  1.1896472E-13
  9076.63965  1.20235947E-13
  9079.37988  1.28902789E-13
  9082.12012  1.27868853E-13
  9084.86035  1.23514046E-13
  9087.59961  1.21599752E-13
  9090.33984  1.20576048E-13
  9093.08008  1.20227735E-13
  9095.82031  1.21712848E-13
  9098.55957  1.26022782E-13
  9101.2998  1.27606774E-13
  9104.04004  1.27577135E-13
  9106.78027  1.24657514E-13
  9109.52051  1.21184489E-13
  9112.25977  1.19725735E-13
  9115.  1.19467004E-13
  9117.74023  1.21218167E-13
  9120.48047  1.21168849E-13
  9123.21973  1.1949396E-13
  9125.95996  1.21481099E-13
  9128.7002  1.24564462E-13
  9131.44043  1.24658354E-13
  9134.17969  1.2360413E-13
  9136.91992  1.21289263E-13
  9139.66016  1.19991812E-13
  9142.40039  1.2076081E-13
  9145.13965  1.1842247E-13
  9147.87988  1.1448458E-13
  9150.62012  1.14115531E-13
  9153.36035  1.15712737E-13
  9156.09961  1.20089824E-13
  9158.83984  1.22807932E-13
  9161.58008  1.21700664E-13
  9164.32031  1.20387356E-13
  9167.05957  1.18426902E-13
  9169.7998  1.18170041E-13
  9172.54004  1.18736957E-13
  9175.28027  1.19476559E-13
  9178.02051  1.19330462E-13
  9180.75977  1.15452366E-13
  9183.5  1.15533641E-13
  9186.24023  1.23352568E-13
  9188.98047  1.23285415E-13
  9191.71973  1.18795639E-13
  9194.45996  1.19772221E-13
  9197.2002  1.21636804E-13
  9199.94043  1.20009173E-13
  9202.67969  1.18799136E-13
  9205.41992  1.1974952E-13
  9208.16016  1.19530443E-13
  9210.90039  1.18150159E-13
  9213.63965  1.16782641E-13
  9216.37988  1.15692652E-13
  9219.12012  1.17882077E-13
  9221.86035  1.19822677E-13
  9224.59961  1.18605863E-13
  9227.33984  1.16653079E-13
  9230.08008  1.1296831E-13
  9232.82031  1.13448245E-13
  9235.55957  1.16924591E-13
  9238.2998  1.17939024E-13
  9241.04004  1.18345668E-13
  9243.78027  1.19418391E-13
  9246.52051  1.2003373E-13
  9249.25977  1.19466394E-13
  9252.  1.19442691E-13
  9254.74023  1.2035315E-13
  9257.48047  1.18728839E-13
  9260.21973  1.15757515E-13
  9262.95996  1.12996574E-13
  9265.7002  1.11993653E-13
  9268.44043  1.17272091E-13
  9271.17969  1.18715029E-13
  9273.91992  1.1107141E-13
  9276.66016  1.11722121E-13
  9279.40039  1.18328768E-13
  9282.13965  1.1955412E-13
  9284.87988  1.18864472E-13
  9287.62012  1.17595739E-13
  9290.36035  1.16926014E-13
  9293.09961  1.18426739E-13
  9295.83984  1.18940109E-13
  9298.58008  1.18498432E-13
  9301.32031  1.1666773E-13
  9304.05957  1.13883824E-13
  9306.7998  1.11791219E-13
  9309.54004  1.1098941E-13
  9312.28027  1.13720624E-13
  9315.02051  1.15789309E-13
  9317.75977  1.15264149E-13
  9320.5  1.17522826E-13
  9323.24023  1.22248132E-13
  9325.98047  1.21259529E-13
  9328.71973  1.18723756E-13
  9331.45996  1.22733624E-13
  9334.2002  1.244407E-13
  9336.94043  1.15836458E-13
  9339.67969  1.13664307E-13
  9342.41992  1.21611149E-13
  9345.16016  1.22123354E-13
  9347.90039  1.19182523E-13
  9350.63965  1.16547885E-13
  9353.37988  1.1475868E-13
  9356.12012  1.17078358E-13
  9358.86035  1.184103E-13
  9361.59961  1.16418607E-13
  9364.33984  1.16395107E-13
  9367.08008  1.18191942E-13
  9369.82031  1.16811888E-13
  9372.55957  1.14402167E-13
  9375.2998  1.14730653E-13
  9378.04004  1.15019932E-13
  9380.78027  1.13086095E-13
  9383.52051  1.12893927E-13
  9386.25977  1.15850526E-13
  9389.  1.16017845E-13
  9391.74023  1.14853493E-13
  9394.48047  1.17227978E-13
  9397.21973  1.19514289E-13
  9399.95996  1.1651006E-13
  9402.7002  1.14476828E-13
  9405.44043  1.16231799E-13
  9408.17969  1.16598652E-13
  9410.91992  1.15853534E-13
  9413.66016  1.14210507E-13
  9416.40039  1.12035666E-13
  9419.13965  1.10782057E-13
  9421.87988  1.09895247E-13
  9424.62012  1.08755236E-13
  9427.36035  1.09303686E-13
  9430.09961  1.12602547E-13
  9432.83984  1.14634119E-13
  9435.58008  1.16109989E-13
  9438.32031  1.1670279E-13
  9441.05957  1.16831336E-13
  9443.7998  1.17653242E-13
  9446.54004  1.17014891E-13
  9449.28027  1.12735247E-13
  9452.02051  1.11005016E-13
  9454.75977  1.11993998E-13
  9457.5  1.12404891E-13
  9460.24023  1.12703731E-13
  9462.98047  1.1173215E-13
  9465.71973  1.10388363E-13
  9468.45996  1.08598738E-13
  9471.2002  1.08705064E-13
  9473.94043  1.13021802E-13
  9476.67969  1.12037624E-13
  9479.41992  1.07285932E-13
  9482.16016  1.09003593E-13
  9484.90039  1.12003512E-13
  9487.63965  1.09188246E-13
  9490.37988  1.06947532E-13
  9493.12012  1.0841645E-13
  9495.86035  1.09136861E-13
  9498.59961  1.08713264E-13
  9501.33984  1.10453801E-13
  9504.08008  1.13174559E-13
  9506.82031  1.13422638E-13
  9509.55957  1.13473074E-13
  9512.2998  1.15484608E-13
  9515.04004  1.16643389E-13
  9517.78027  1.16411871E-13
  9520.52051  1.15084117E-13
  9523.25977  1.12589069E-13
  9526.  1.11619393E-13
  9528.74023  1.11029546E-13
  9531.48047  1.0919797E-13
  9534.21973  1.0780088E-13
  9536.95996  1.07675492E-13
  9539.7002  1.08250689E-13
  9542.44043  1.10906225E-13
  9545.17969  1.06327477E-13
  9547.91992  9.82347884E-14
  9550.66016  1.02161897E-13
  9553.40039  1.08340047E-13
  9556.13965  1.0893293E-13
  9558.87988  1.07724769E-13
  9561.62012  1.03201153E-13
  9564.36035  1.03914104E-13
  9567.09961  1.09286779E-13
  9569.83984  1.12872161E-13
  9572.58008  1.1483841E-13
  9575.32031  1.09133297E-13
  9578.05957  1.04708824E-13
  9580.7998  1.08491172E-13
  9583.54004  1.11401733E-13
  9586.28027  1.1326963E-13
  9589.02051  1.12711191E-13
  9591.75977  1.10521692E-13
  9594.5  1.11723639E-13
  9597.24023  1.13250894E-13
  9599.98047  1.11515486E-13
  9602.71973  1.10748372E-13
  9605.45996  1.13436746E-13
  9608.2002  1.12835421E-13
  9610.94043  1.0891891E-13
  9613.67969  1.08337242E-13
  9616.41992  1.09369145E-13
  9619.16016  1.12164272E-13
  9621.90039  1.13709267E-13
  9624.63965  1.09380753E-13
  9627.37988  1.08792803E-13
  9630.12012  1.15254906E-13
  9632.86035  1.16728458E-13
  9635.59961  1.15457069E-13
  9638.33984  1.10101286E-13
  9641.08008  1.04980145E-13
  9643.82031  1.09448854E-13
  9646.55957  1.12084367E-13
  9649.2998  1.07215486E-13
  9652.04004  1.05226524E-13
  9654.78027  1.05978818E-13
  9657.52051  1.05889195E-13
  9660.25977  1.06174536E-13
  9663.  1.10026646E-13
  9665.74023  1.13397241E-13
  9668.48047  1.12985244E-13
  9671.21973  1.11109032E-13
  9673.95996  1.07004425E-13
  9676.7002  1.04839043E-13
  9679.44043  1.03898179E-13
  9682.17969  1.07506824E-13
  9684.91992  1.11975235E-13
  9687.66016  1.10743154E-13
  9690.40039  1.08839139E-13
  9693.13965  1.07248025E-13
  9695.87988  1.07839092E-13
  9698.62012  1.11759919E-13
  9701.36035  1.09300305E-13
  9704.09961  1.03992356E-13
  9706.83984  1.03720411E-13
  9709.58008  1.04918597E-13
  9712.32031  1.06726551E-13
  9715.05957  1.06923998E-13
  9717.7998  1.04011553E-13
  9720.54004  1.02869231E-13
  9723.28027  1.02853883E-13
  9726.02051  9.9878466E-14
  9728.75977  9.73140568E-14
  9731.5  1.02606535E-13
  9734.24023  1.07357591E-13
  9736.98047  1.07272582E-13
  9739.71973  1.06633411E-13
  9742.45996  1.05242895E-13
  9745.2002  1.03960501E-13
  9747.94043  1.03082073E-13
  9750.67969  1.07948752E-13
  9753.41992  1.12301065E-13
  9756.16016  1.0816732E-13
  9758.90039  1.05215214E-13
  9761.63965  1.06894189E-13
  9764.37988  1.04906562E-13
  9767.12012  9.98129259E-14
  9769.86035  9.99794391E-14
  9772.59961  1.02555666E-13
  9775.33984  1.05185107E-13
  9778.08008  1.08235611E-13
  9780.82031  1.12483211E-13
  9783.55957  1.14024906E-13
  9786.2998  1.12115327E-13
  9789.04004  1.0952096E-13
  9791.78027  1.06240971E-13
  9794.52051  1.08681239E-13
  9797.25977  1.11382664E-13
  9800.  1.07966431E-13
  9802.74023  1.04076985E-13
  9805.48047  9.96970315E-14
  9808.21973  9.99098197E-14
  9810.95996  1.04755973E-13
  9813.7002  1.05589738E-13
  9816.44043  1.05180567E-13
  9819.17969  1.07020045E-13
  9821.91992  1.07330608E-13
  9824.66016  1.00781796E-13
  9827.40039  1.00882925E-13
  9830.13965  1.1247407E-13
  9832.87988  1.16799487E-13
  9835.62012  1.17487725E-13
  9838.36035  1.11370142E-13
  9841.09961  1.04667299E-13
  9843.83984  1.08653619E-13
  9846.58008  1.11037969E-13
  9849.32031  1.07264404E-13
  9852.05957  1.03437576E-13
  9854.7998  9.86682253E-14
  9857.54004  9.91364583E-14
  9860.28027  1.02384125E-13
  9863.02051  1.04672239E-13
  9865.75977  1.06765691E-13
  9868.5  1.09331625E-13
  9871.24023  1.08973038E-13
  9873.98047  1.01849085E-13
  9876.71973  1.05619208E-13
  9879.45996  1.16403049E-13
  9882.2002  1.122336E-13
  9884.94043  1.0444579E-13
  9887.67969  1.05293453E-13
  9890.41992  1.06643325E-13
  9893.16016  1.0617371E-13
  9895.90039  1.0589156E-13
  9898.63965  1.05958828E-13
  9901.37988  1.04094061E-13
  9904.12012  1.0181069E-13
  9906.86035  1.05854046E-13
  9909.59961  1.08738559E-13
  9912.33984  1.01345744E-13
  9915.08008  9.88922215E-14
  9917.82031  1.06831854E-13
  9920.55957  1.09042597E-13
  9923.2998  1.07900363E-13
  9926.04004  1.06703641E-13
  9928.78027  1.0551007E-13
  9931.52051  1.06856229E-13
  9934.25977  1.07328981E-13
  9937.  1.04380934E-13
  9939.74023  1.03393836E-13
  9942.48047  1.05720208E-13
  9945.21973  1.00792374E-13
  9947.95996  9.26620095E-14
  9950.7002  9.24263853E-14
  9953.44043  9.60164226E-14
  9956.17969  1.04693835E-13
  9958.91992  1.09069383E-13
  9961.66016  1.04436418E-13
  9964.40039  1.03764721E-13
  9967.13965  1.0562801E-13
  9969.87988  1.02969709E-13
  9972.62012  9.92654377E-14
  9975.36035  9.99225591E-14
  9978.09961  1.00833038E-13
  9980.83984  9.93716285E-14
  9983.58008  1.00483417E-13
  9986.32031  1.06129176E-13
  9989.05957  1.04599374E-13
  9991.7998  9.95982946E-14
  9994.54004  1.02739459E-13
  9997.28027  1.06489558E-13
  10000.0205  1.03008802E-13
  10002.7598  1.0134798E-13
  10005.5  1.04970069E-13
  10008.2402  1.06298745E-13
  10010.9805  1.06148604E-13
  10013.7197  1.01863979E-13
  10016.46  9.68062436E-14
  10019.2002  1.01682707E-13
  10021.9404  1.04718927E-13
  10024.6797  9.62116129E-14
  10027.4199  9.22942685E-14
  10030.1602  9.56261234E-14
  10032.9004  9.63190777E-14
  10035.6396  9.64560802E-14
  10038.3799  9.89599976E-14
  10041.1201  1.02388306E-13
  10043.8604  1.07038822E-13
  10046.5996  1.08323893E-13
  10049.3398  1.02981385E-13
  10052.0801  9.87345717E-14
  10054.8203  9.45447266E-14
  10057.5596  9.63665251E-14
  10060.2998  1.01213871E-13
  10063.04  1.04454538E-13
  10065.7803  1.05081877E-13
  10068.5205  9.86790538E-14
  10071.2598  9.60282201E-14
  10074.  1.00868166E-13
  10076.7402  9.9040581E-14
  10079.4805  9.36508968E-14
  10082.2197  9.60840565E-14
  10084.96  1.00317995E-13
  10087.7002  1.00856518E-13
  10090.4404  9.94215696E-14
  10093.1797  9.28127001E-14
  10095.9199  9.55183537E-14
  10098.6602  1.09426357E-13
  10101.4004  1.09266532E-13
  10104.1396  1.03190439E-13
  10106.8799  1.02844491E-13
  10109.6201  1.0320055E-13
  10112.3604  1.02879626E-13
  10115.0996  1.0093143E-13
  10117.8398  9.33459581E-14
  10120.5801  9.96786543E-14
  10123.3203  1.1612388E-13
  10126.0596  1.12532305E-13
  10128.7998  1.01827902E-13
  10131.54  9.4232822E-14
  10134.2803  8.95424211E-14
  10137.0205  8.94124049E-14
  10139.7598  9.24627874E-14
  10142.5  1.00584864E-13
  10145.2402  9.86076455E-14
  10147.9805  9.26656552E-14
  10150.7197  1.00922769E-13
  10153.46  1.08531294E-13
  10156.2002  9.93541661E-14
  10158.9404  9.75752817E-14
  10161.6797  1.14274638E-13
  10164.4199  1.14045343E-13
  10167.1602  1.0148587E-13
  10169.9004  9.69443845E-14
  10172.6396  9.60882442E-14
  10175.3799  1.03144307E-13
  10178.1201  1.06449714E-13
  10180.8604  9.47806558E-14
  10183.5996  9.20974926E-14
  10186.3398  1.01622561E-13
  10189.0801  1.08285417E-13
  10191.8203  1.09658681E-13
  10194.5596  5.31971656E-14
  10197.2998 -5.47721955E-15
  10200.04 -4.98746764E-15
  10202.7803  0.
  10205.5205  0.
