#*G24-3
#*
#*  Heap-Lindler STIS
#set .z.units = "Ergs/s/cm**2/A"
#set .z.label = "Flux"
#set .table.bandwidth = 2.74
#*
  2950.  1.50731397E-13
  2952.73999  1.55373286E-13
  2955.47998  1.56241299E-13
  2958.21997  1.58215793E-13
  2960.95996  1.61130129E-13
  2963.69995  1.59150782E-13
  2966.43994  1.43125014E-13
  2969.17993  1.46755641E-13
  2971.91992  1.49415094E-13
  2974.65991  1.59390011E-13
  2977.3999  1.64956455E-13
  2980.13989  1.56931651E-13
  2982.87988  1.46713777E-13
  2985.62012  1.39412448E-13
  2988.36011  1.548729E-13
  2991.1001  1.66824237E-13
  2993.84009  1.57514762E-13
  2996.58008  1.60367975E-13
  2999.32007  1.56773195E-13
  3002.06006  1.46834056E-13
  3004.80005  1.52613829E-13
  3007.54004  1.57626042E-13
  3010.28003  1.61742771E-13
  3013.02002  1.61112145E-13
  3015.76001  1.56082612E-13
  3018.5  1.41230276E-13
  3021.23999  1.38124606E-13
  3023.97998  1.56105177E-13
  3026.71997  1.59936138E-13
  3029.45996  1.61396951E-13
  3032.19995  1.6383234E-13
  3034.93994  1.70140337E-13
  3037.67993  1.62747433E-13
  3040.41992  1.58407087E-13
  3043.15991  1.62080391E-13
  3045.8999  1.65469309E-13
  3048.63989  1.61450443E-13
  3051.37988  1.67082941E-13
  3054.12012  1.63274098E-13
  3056.86011  1.55326815E-13
  3059.6001  1.49270705E-13
  3062.34009  1.52548208E-13
  3065.08008  1.48567695E-13
  3067.82007  1.43760465E-13
  3070.56006  1.47335703E-13
  3073.30005  1.5251495E-13
  3076.04004  1.54983082E-13
  3078.78003  1.60701937E-13
  3081.52002  1.62232234E-13
  3084.26001  1.64313008E-13
  3087.  1.60821335E-13
  3089.73999  1.58804339E-13
  3092.47998  1.48247341E-13
  3095.21997  1.43010617E-13
  3097.95996  1.47644822E-13
  3100.69995  1.46060247E-13
  3103.43994  1.50880339E-13
  3106.17993  1.62981228E-13
  3108.91992  1.67870492E-13
  3111.65991  1.62625569E-13
  3114.3999  1.63263581E-13
  3117.13989  1.66529645E-13
  3119.87988  1.58750522E-13
  3122.62012  1.5553654E-13
  3125.36011  1.59747527E-13
  3128.1001  1.56992678E-13
  3130.84009  1.60106086E-13
  3133.58008  1.6397559E-13
  3136.32007  1.6405139E-13
  3139.06006  1.67069443E-13
  3141.80005  1.64771544E-13
  3144.54004  1.60451838E-13
  3147.28003  1.57747703E-13
  3150.02002  1.65695365E-13
  3152.76001  1.71263896E-13
  3155.5  1.63038135E-13
  3158.23999  1.56212093E-13
  3160.97998  1.57357078E-13
  3163.71997  1.61497226E-13
  3166.45996  1.65369644E-13
  3169.19995  1.69374294E-13
  3171.93994  1.77183761E-13
  3174.67993  1.79982534E-13
  3177.41992  1.74541859E-13
  3180.15991  1.58393508E-13
  3182.8999  1.49847325E-13
  3185.63989  1.58705907E-13
  3188.37988  1.65976635E-13
  3191.12012  1.66836841E-13
  3193.86011  1.63304632E-13
  3196.6001  1.62746132E-13
  3199.34009  1.68260466E-13
  3202.08008  1.72787931E-13
  3204.82007  1.78578113E-13
  3207.56006  1.77996222E-13
  3210.30005  1.69086899E-13
  3213.04004  1.67578503E-13
  3215.78003  1.6838065E-13
  3218.52002  1.65663571E-13
  3221.26001  1.70670972E-13
  3224.  1.74926209E-13
  3226.73999  1.68932183E-13
  3229.47998  1.61665088E-13
  3232.21997  1.58686053E-13
  3234.95996  1.59351143E-13
  3237.69995  1.65793811E-13
  3240.43994  1.73966717E-13
  3243.17993  1.76190795E-13
  3245.91992  1.77773418E-13
  3248.65991  1.73557688E-13
  3251.3999  1.72402376E-13
  3254.13989  1.75964874E-13
  3256.87988  1.77251727E-13
  3259.62012  1.82242391E-13
  3262.36011  1.85992199E-13
  3265.1001  1.82113913E-13
  3267.84009  1.81690492E-13
  3270.58008  1.86854574E-13
  3273.32007  1.84619342E-13
  3276.06006  1.81149095E-13
  3278.80005  1.79965404E-13
  3281.54004  1.79644616E-13
  3284.28003  1.76284524E-13
  3287.02002  1.7193564E-13
  3289.76001  1.77258978E-13
  3292.5  1.83049837E-13
  3295.23999  1.87565485E-13
  3297.97998  1.89748526E-13
  3300.71997  1.84596316E-13
  3303.45996  1.8542218E-13
  3306.19995  1.80154516E-13
  3308.93994  1.70597884E-13
  3311.67993  1.75830284E-13
  3314.41992  1.77845192E-13
  3317.15991  1.75242172E-13
  3319.8999  1.77951932E-13
  3322.63989  1.74318879E-13
  3325.37988  1.74222101E-13
  3328.12012  1.74345361E-13
  3330.86011  1.68756E-13
  3333.6001  1.74546711E-13
  3336.34009  1.73089665E-13
  3339.08008  1.68348205E-13
  3341.82007  1.7008385E-13
  3344.56006  1.74545884E-13
  3347.30005  1.76123764E-13
  3350.04004  1.66811755E-13
  3352.78003  1.7092496E-13
  3355.52002  1.78908822E-13
  3358.26001  1.61349382E-13
  3361.  1.28994973E-13
  3363.73999  1.28678115E-13
  3366.47998  1.53703778E-13
  3369.21997  1.58077869E-13
  3371.95996  1.47545442E-13
  3374.69995  1.4885837E-13
  3377.43994  1.6476966E-13
  3380.17993  1.70491442E-13
  3382.91992  1.65317765E-13
  3385.65991  1.70621668E-13
  3388.3999  1.70636142E-13
  3391.13989  1.70257105E-13
  3393.87988  1.71469758E-13
  3396.62012  1.74865602E-13
  3399.36011  1.85106298E-13
  3402.1001  1.81508034E-13
  3404.84009  1.77765029E-13
  3407.58008  1.78367846E-13
  3410.32007  1.76137777E-13
  3413.06006  1.74505281E-13
  3415.80005  1.74752262E-13
  3418.54004  1.77737274E-13
  3421.28003  1.83133917E-13
  3424.02002  1.83097217E-13
  3426.76001  1.81167012E-13
  3429.5  1.93067337E-13
  3432.23999  1.94431778E-13
  3434.97998  1.90815977E-13
  3437.71997  1.9905403E-13
  3440.45996  1.84709832E-13
  3443.19995  1.73382982E-13
  3445.93994  1.75366259E-13
  3448.67993  1.86056316E-13
  3451.41992  1.88347385E-13
  3454.15991  1.89935836E-13
  3456.8999  1.90275841E-13
  3459.63989  1.89568481E-13
  3462.37988  1.87106678E-13
  3465.12012  1.888768E-13
  3467.86011  1.94794118E-13
  3470.6001  1.94793522E-13
  3473.34009  1.94336016E-13
  3476.08008  1.85154301E-13
  3478.82007  1.84742683E-13
  3481.56006  1.91885353E-13
  3484.30005  1.94747444E-13
  3487.04004  1.96102859E-13
  3489.78003  1.95301728E-13
  3492.52002  1.90458353E-13
  3495.26001  1.8853094E-13
  3498.  1.88568995E-13
  3500.73999  1.92470483E-13
  3503.47998  1.94676266E-13
  3506.21997  1.90295018E-13
  3508.95996  1.90767676E-13
  3511.69995  1.91703966E-13
  3514.43994  1.90679409E-13
  3517.17993  1.92613734E-13
  3519.91992  1.92849453E-13
  3522.65991  1.86433266E-13
  3525.3999  1.84124824E-13
  3528.13989  1.84240982E-13
  3530.87988  1.88990303E-13
  3533.62012  1.9678283E-13
  3536.36011  1.97946233E-13
  3539.1001  1.99416506E-13
  3541.84009  2.00482277E-13
  3544.58008  2.01629295E-13
  3547.32007  2.05897202E-13
  3550.06006  2.02793023E-13
  3552.80005  1.99032427E-13
  3555.54004  1.97167925E-13
  3558.28003  2.00038757E-13
  3561.02002  2.01736428E-13
  3563.76001  1.99327249E-13
  3566.5  1.92338184E-13
  3569.23999  1.90270529E-13
  3571.97998  1.8194452E-13
  3574.71997  1.83934465E-13
  3577.45996  1.90794849E-13
  3580.19995  1.87890705E-13
  3582.93994  1.81882409E-13
  3585.67993  1.77868679E-13
  3588.41992  1.74476671E-13
  3591.15991  1.82098531E-13
  3593.8999  1.91043863E-13
  3596.63989  2.00272904E-13
  3599.37988  1.99675603E-13
  3602.12012  1.9843308E-13
  3604.86011  1.96173535E-13
  3607.6001  1.95433744E-13
  3610.34009  1.90099482E-13
  3613.08008  1.91043728E-13
  3615.82007  1.95064681E-13
  3618.56006  1.93583512E-13
  3621.30005  1.88169074E-13
  3624.04004  1.92569092E-13
  3626.78003  2.00005323E-13
  3629.52002  2.03433001E-13
  3632.26001  1.93896751E-13
  3635.  1.89866121E-13
  3637.73999  2.01867128E-13
  3640.47998  2.04600632E-13
  3643.21997  2.06420669E-13
  3645.95996  1.99881005E-13
  3648.69995  1.97918125E-13
  3651.43994  2.01435941E-13
  3654.17993  2.05694077E-13
  3656.91992  2.08702155E-13
  3659.65991  2.05922532E-13
  3662.3999  2.09471167E-13
  3665.13989  2.09630856E-13
  3667.87988  2.0706192E-13
  3670.62012  2.07790382E-13
  3673.36011  2.08800886E-13
  3676.1001  2.10065675E-13
  3678.84009  2.05998033E-13
  3681.58008  1.99613953E-13
  3684.32007  1.95607907E-13
  3687.06006  1.98265924E-13
  3689.80005  2.00955531E-13
  3692.54004  2.04021086E-13
  3695.28003  2.07717022E-13
  3698.02002  2.06957186E-13
  3700.76001  2.0927994E-13
  3703.5  2.05528018E-13
  3706.23999  1.94317923E-13
  3708.97998  1.93246189E-13
  3711.71997  1.99221946E-13
  3714.45996  2.01886956E-13
  3717.19995  2.11117256E-13
  3719.93994  2.12984375E-13
  3722.67993  1.94275897E-13
  3725.41992  1.98860378E-13
  3728.15991  2.19277789E-13
  3730.8999  2.14404124E-13
  3733.63989  1.98690619E-13
  3736.37988  1.75857362E-13
  3739.12012  1.86627772E-13
  3741.86011  2.17257703E-13
  3744.6001  2.18413395E-13
  3747.34009  2.02429179E-13
  3750.08008  1.80472119E-13
  3752.82007  1.85319005E-13
  3755.56006  2.18123303E-13
  3758.30005  2.3096084E-13
  3761.04004  2.26999951E-13
  3763.78003  2.28241932E-13
  3766.52002  2.24405916E-13
  3769.26001  2.07016126E-13
  3772.  1.9175636E-13
  3774.73999  2.10490073E-13
  3777.47998  2.30399928E-13
  3780.21997  2.48158292E-13
  3782.95996  2.57804845E-13
  3785.69995  2.56616424E-13
  3788.43994  2.42623765E-13
  3791.17993  2.43716939E-13
  3793.91992  2.33176461E-13
  3796.65991  2.03990186E-13
  3799.3999  1.84182923E-13
  3802.13989  2.0460749E-13
  3804.87988  2.32762702E-13
  3807.62012  2.45550325E-13
  3810.36011  2.56752925E-13
  3813.1001  2.58389583E-13
  3815.84009  2.4744242E-13
  3818.58008  2.44917666E-13
  3821.32007  2.47401763E-13
  3824.06006  2.40823122E-13
  3826.80005  2.27848583E-13
  3829.54004  2.18096307E-13
  3832.28003  2.01532408E-13
  3835.02002  1.76022825E-13
  3837.76001  1.69817827E-13
  3840.5  1.92999859E-13
  3843.23999  2.26245089E-13
  3845.97998  2.44018564E-13
  3848.71997  2.54388063E-13
  3851.45996  2.56928945E-13
  3854.19995  2.60836654E-13
  3856.93994  2.57362897E-13
  3859.67993  2.52114518E-13
  3862.41992  2.54066841E-13
  3865.15991  2.63732368E-13
  3867.8999  2.60232564E-13
  3870.63989  2.65224962E-13
  3873.37988  2.54285173E-13
  3876.12012  2.53766788E-13
  3878.86011  2.48479704E-13
  3881.6001  2.41480935E-13
  3884.34009  2.31286209E-13
  3887.08008  2.04997816E-13
  3889.82007  1.81124918E-13
  3892.56006  1.98298978E-13
  3895.30005  2.26752455E-13
  3898.04004  2.44507783E-13
  3900.78003  2.45881169E-13
  3903.52002  2.50777616E-13
  3906.26001  2.48384782E-13
  3909.  2.54536626E-13
  3911.73999  2.65006333E-13
  3914.47998  2.67263696E-13
  3917.21997  2.6609395E-13
  3919.95996  2.57666338E-13
  3922.69995  2.56778404E-13
  3925.43994  2.50506864E-13
  3928.17993  2.29953778E-13
  3930.91992  1.82926699E-13
  3933.65991  1.20903735E-13
  3936.3999  1.20971226E-13
  3939.13989  1.88011539E-13
  3941.87988  2.35919926E-13
  3944.62012  2.49448628E-13
  3947.36011  2.58192231E-13
  3950.1001  2.59347529E-13
  3952.84009  2.56675811E-13
  3955.58008  2.59164326E-13
  3958.32007  2.56316398E-13
  3961.06006  2.45218207E-13
  3963.80005  2.22072537E-13
  3966.54004  1.79118168E-13
  3969.28003  1.19213219E-13
  3972.02002  1.38273616E-13
  3974.76001  1.96233587E-13
  3977.5  2.33364028E-13
  3980.23999  2.54427664E-13
  3982.97998  2.62200282E-13
  3985.71997  2.73863262E-13
  3988.45996  2.75773816E-13
  3991.19995  2.76471364E-13
  3993.93994  2.80327085E-13
  3996.67993  2.76147161E-13
  3999.41992  2.70909814E-13
  4002.15991  2.78273796E-13
  4004.8999  2.74449083E-13
  4007.63989  2.74518147E-13
  4010.37988  2.84064683E-13
  4013.12012  2.82155565E-13
  4015.86011  2.82163724E-13
  4018.6001  2.838399E-13
  4021.34009  2.86360454E-13
  4024.08008  2.85986431E-13
  4026.82007  2.85471814E-13
  4029.56006  2.82774075E-13
  4032.30005  2.76693951E-13
  4035.04004  2.75222743E-13
  4037.78003  2.84394551E-13
  4040.52002  2.85216295E-13
  4043.26001  2.8020823E-13
  4046.  2.76737021E-13
  4048.73999  2.82895425E-13
  4051.47998  2.84630311E-13
  4054.21997  2.88785109E-13
  4056.95996  2.7974785E-13
  4059.69995  2.84713469E-13
  4062.43994  2.78359042E-13
  4065.17993  2.74923964E-13
  4067.91992  2.76680263E-13
  4070.65991  2.79374072E-13
  4073.3999  2.7491922E-13
  4076.13989  2.77834288E-13
  4078.87988  2.73652113E-13
  4081.62012  2.76239643E-13
  4084.36011  2.78171204E-13
  4087.1001  2.76455074E-13
  4089.84009  2.75526509E-13
  4092.58008  2.6984323E-13
  4095.32007  2.62245114E-13
  4098.06006  2.39280411E-13
  4100.7998  2.098162E-13
  4103.54004  1.99174756E-13
  4106.27979  2.28734214E-13
  4109.02002  2.5516877E-13
  4111.75977  2.65149556E-13
  4114.5  2.71911833E-13
  4117.24023  2.75273294E-13
  4119.97998  2.75999763E-13
  4122.72021  2.76751359E-13
  4125.45996  2.79843179E-13
  4128.2002  2.79094591E-13
  4130.93994  2.75262885E-13
  4133.68018  2.74413711E-13
  4136.41992  2.78240186E-13
  4139.16016  2.84564039E-13
  4141.8999  2.81648267E-13
  4144.64014  2.73347019E-13
  4147.37988  2.81199353E-13
  4150.12012  2.80961235E-13
  4152.85986  2.84010825E-13
  4155.6001  2.76890625E-13
  4158.33984  2.85842747E-13
  4161.08008  2.83245703E-13
  4163.81982  2.83503608E-13
  4166.56006  2.80169605E-13
  4169.2998  2.75894704E-13
  4172.04004  2.75583186E-13
  4174.77979  2.75995752E-13
  4177.52002  2.70677659E-13
  4180.25977  2.75167828E-13
  4183.  2.73712476E-13
  4185.74023  2.8031459E-13
  4188.47998  2.75305738E-13
  4191.22021  2.72855008E-13
  4193.95996  2.79344175E-13
  4196.7002  2.81437227E-13
  4199.43994  2.71865728E-13
  4202.18018  2.74029389E-13
  4204.91992  2.77396406E-13
  4207.66016  2.78971643E-13
  4210.3999  2.82547206E-13
  4213.14014  2.78257831E-13
  4215.87988  2.75102315E-13
  4218.62012  2.72225683E-13
  4221.35986  2.78040449E-13
  4224.1001  2.72552163E-13
  4226.83984  2.62636646E-13
  4229.58008  2.69562665E-13
  4232.31982  2.77468071E-13
  4235.06006  2.71764192E-13
  4237.7998  2.71106217E-13
  4240.54004  2.75963849E-13
  4243.27979  2.79732021E-13
  4246.02002  2.76323967E-13
  4248.75977  2.71598038E-13
  4251.5  2.72823458E-13
  4254.24023  2.74332965E-13
  4256.97998  2.77193362E-13
  4259.72021  2.75472977E-13
  4262.45996  2.7353689E-13
  4265.2002  2.77877846E-13
  4267.93994  2.81001324E-13
  4270.68018  2.7641176E-13
  4273.41992  2.67201165E-13
  4276.16016  2.7305919E-13
  4278.8999  2.76537528E-13
  4281.64014  2.75000834E-13
  4284.37988  2.72636975E-13
  4287.12012  2.74337898E-13
  4289.85986  2.71807208E-13
  4292.6001  2.67335524E-13
  4295.33984  2.64110917E-13
  4298.08008  2.63432749E-13
  4300.81982  2.50004824E-13
  4303.56006  2.51799287E-13
  4306.2998  2.55448359E-13
  4309.04004  2.56987872E-13
  4311.77979  2.63157795E-13
  4314.52002  2.61800672E-13
  4317.25977  2.67142726E-13
  4320.  2.71786201E-13
  4322.74023  2.67886624E-13
  4325.47998  2.62029873E-13
  4328.22021  2.64320954E-13
  4330.95996  2.62874466E-13
  4333.7002  2.58727718E-13
  4336.43994  2.36452974E-13
  4339.18018  2.06761163E-13
  4341.91992  1.95876843E-13
  4344.66016  2.26956881E-13
  4347.3999  2.52338623E-13
  4350.14014  2.58540775E-13
  4352.87988  2.60379392E-13
  4355.62012  2.67559683E-13
  4358.35986  2.75916117E-13
  4361.1001  2.76947871E-13
  4363.83984  2.79888661E-13
  4366.58008  2.77162299E-13
  4369.31982  2.8031112E-13
  4372.06006  2.75625117E-13
  4374.7998  2.70059013E-13
  4377.54004  2.75440098E-13
  4380.27979  2.77498564E-13
  4383.02002  2.706019E-13
  4385.75977  2.67957314E-13
  4388.5  2.75763922E-13
  4391.24023  2.7617619E-13
  4393.97998  2.74168004E-13
  4396.72021  2.74996253E-13
  4399.45996  2.70969933E-13
  4402.2002  2.73296468E-13
  4404.93994  2.72190907E-13
  4407.68018  2.73070439E-13
  4410.41992  2.80240973E-13
  4413.16016  2.75932706E-13
  4415.8999  2.70271137E-13
  4418.64014  2.72572926E-13
  4421.37988  2.73089087E-13
  4424.12012  2.72759083E-13
  4426.85986  2.73207563E-13
  4429.6001  2.72621986E-13
  4432.33984  2.73660651E-13
  4435.08008  2.72354947E-13
  4437.81982  2.74103792E-13
  4440.56006  2.774913E-13
  4443.2998  2.70920303E-13
  4446.04004  2.71754407E-13
  4448.77979  2.74056114E-13
  4451.52002  2.79608124E-13
  4454.25977  2.72578726E-13
  4457.  2.6921385E-13
  4459.74023  2.70579186E-13
  4462.47998  2.72375547E-13
  4465.22021  2.73342167E-13
  4467.95996  2.72701783E-13
  4470.7002  2.76358526E-13
  4473.43994  2.74912471E-13
  4476.18018  2.76516142E-13
  4478.91992  2.74563521E-13
  4481.66016  2.71339564E-13
  4484.3999  2.73787774E-13
  4487.14014  2.76415365E-13
  4489.87988  2.75560092E-13
  4492.62012  2.77132972E-13
  4495.35986  2.75575976E-13
  4498.1001  2.74161553E-13
  4500.83984  2.73067566E-13
  4503.58008  2.75096216E-13
  4506.31982  2.80550702E-13
  4509.06006  2.74943615E-13
  4511.7998  2.74673703E-13
  4514.54004  2.72945349E-13
  4517.27979  2.7762913E-13
  4520.02002  2.77019835E-13
  4522.75977  2.71743077E-13
  4525.5  2.72188386E-13
  4528.24023  2.70372619E-13
  4530.97998  2.71151157E-13
  4533.72021  2.65892207E-13
  4536.45996  2.67342626E-13
  4539.2002  2.73439583E-13
  4541.93994  2.73035257E-13
  4544.68018  2.7348249E-13
  4547.41992  2.72334591E-13
  4550.16016  2.68651448E-13
  4552.8999  2.70577858E-13
  4555.64014  2.67501733E-13
  4558.37988  2.71048049E-13
  4561.12012  2.76219721E-13
  4563.85986  2.71737087E-13
  4566.6001  2.78089644E-13
  4569.33984  2.73884837E-13
  4572.08008  2.72346192E-13
  4574.81982  2.72435015E-13
  4577.56006  2.7257504E-13
  4580.2998  2.74216359E-13
  4583.04004  2.7310638E-13
  4585.77979  2.71059623E-13
  4588.52002  2.75261205E-13
  4591.25977  2.73725649E-13
  4594.  2.7353193E-13
  4596.74023  2.75045015E-13
  4599.47998  2.74825057E-13
  4602.22021  2.72331907E-13
  4604.95996  2.75558412E-13
  4607.7002  2.75158992E-13
  4610.43994  2.74350096E-13
  4613.18018  2.72388855E-13
  4615.91992  2.72713005E-13
  4618.66016  2.72624046E-13
  4621.3999  2.76897158E-13
  4624.14014  2.70825137E-13
  4626.87988  2.72852867E-13
  4629.62012  2.76530995E-13
  4632.35986  2.74748269E-13
  4635.1001  2.7480481E-13
  4637.83984  2.76582983E-13
  4640.58008  2.73470049E-13
  4643.31982  2.76374545E-13
  4646.06006  2.75452214E-13
  4648.7998  2.73285572E-13
  4651.54004  2.7222346E-13
  4654.27979  2.6834039E-13
  4657.02002  2.71033602E-13
  4659.75977  2.74913637E-13
  4662.5  2.74382107E-13
  4665.24023  2.71150534E-13
  4667.97998  2.7411252E-13
  4670.72021  2.72267858E-13
  4673.45996  2.70584038E-13
  4676.2002  2.7055387E-13
  4678.93994  2.70348631E-13
  4681.68018  2.72539044E-13
  4684.41992  2.7400307E-13
  4687.16016  2.72127156E-13
  4689.8999  2.70349688E-13
  4692.64014  2.71717138E-13
  4695.37988  2.72042263E-13
  4698.12012  2.68194971E-13
  4700.85986  2.65583101E-13
  4703.6001  2.70005399E-13
  4706.33984  2.69121368E-13
  4709.08008  2.6689439E-13
  4711.81982  2.69062984E-13
  4714.56006  2.70698476E-13
  4717.2998  2.71804172E-13
  4720.04004  2.72120434E-13
  4722.77979  2.72833541E-13
  4725.52002  2.72726422E-13
  4728.25977  2.71367862E-13
  4731.  2.69618963E-13
  4733.74023  2.68050773E-13
  4736.47998  2.70606725E-13
  4739.22021  2.71136439E-13
  4741.95996  2.70727912E-13
  4744.7002  2.70356898E-13
  4747.43994  2.70110215E-13
  4750.18018  2.70625184E-13
  4752.91992  2.70008571E-13
  4755.66016  2.64736123E-13
  4758.3999  2.64277315E-13
  4761.14014  2.65224285E-13
  4763.87988  2.64306751E-13
  4766.62012  2.66719291E-13
  4769.35986  2.68493371E-13
  4772.1001  2.66280921E-13
  4774.83984  2.66594608E-13
  4777.58008  2.68082946E-13
  4780.31982  2.67043576E-13
  4783.06006  2.66261134E-13
  4785.7998  2.63275513E-13
  4788.54004  2.62859992E-13
  4791.27979  2.64845898E-13
  4794.02002  2.68574632E-13
  4796.75977  2.65180239E-13
  4799.5  2.66519066E-13
  4802.24023  2.68508333E-13
  4804.97998  2.64772172E-13
  4807.72021  2.62492041E-13
  4810.45996  2.62620736E-13
  4813.2002  2.6434871E-13
  4815.93994  2.64119401E-13
  4818.68018  2.63496717E-13
  4821.41992  2.64663535E-13
  4824.16016  2.65049809E-13
  4826.8999  2.66766454E-13
  4829.64014  2.63324762E-13
  4832.37988  2.62739022E-13
  4835.12012  2.64868178E-13
  4837.85986  2.59131475E-13
  4840.6001  2.59761098E-13
  4843.33984  2.61196148E-13
  4846.08008  2.60041446E-13
  4848.81982  2.56716821E-13
  4851.56006  2.49174271E-13
  4854.2998  2.41211456E-13
  4857.04004  2.25484629E-13
  4859.77979  1.93860078E-13
  4862.52002  1.92287077E-13
  4865.25977  2.18809576E-13
  4868.  2.34642357E-13
  4870.74023  2.4169249E-13
  4873.47998  2.4781254E-13
  4876.22021  2.52468321E-13
  4878.95996  2.53568352E-13
  4881.7002  2.56467888E-13
  4884.43994  2.57933052E-13
  4887.18018  2.55317658E-13
  4889.91992  2.52509385E-13
  4892.66016  2.55294782E-13
  4895.3999  2.58757479E-13
  4898.14014  2.5980677E-13
  4900.87988  2.60210148E-13
  4903.62012  2.61932484E-13
  4906.35986  2.62972207E-13
  4909.1001  2.60525759E-13
  4911.83984  2.601709E-13
  4914.58008  2.60517031E-13
  4917.31982  2.59083038E-13
  4920.06006  2.56359089E-13
  4922.7998  2.56944504E-13
  4925.54004  2.59975391E-13
  4928.27979  2.61359646E-13
  4931.02002  2.59214931E-13
  4933.75977  2.56359441E-13
  4936.5  2.59863826E-13
  4939.24023  2.61618689E-13
  4941.97998  2.61603646E-13
  4944.72021  2.63523876E-13
  4947.45996  2.62837034E-13
  4950.2002  2.62640793E-13
  4952.93994  2.6325765E-13
  4955.68018  2.56438669E-13
  4958.41992  2.54678223E-13
  4961.16016  2.56177512E-13
  4963.8999  2.57056231E-13
  4966.64014  2.49495276E-13
  4969.37988  2.52416116E-13
  4972.12012  2.60849719E-13
  4974.85986  2.58012389E-13
  4977.6001  2.56732732E-13
  4980.33984  2.57454458E-13
  4983.08008  2.54513939E-13
  4985.81982  2.53939231E-13
  4988.56006  2.55299579E-13
  4991.2998  2.56214619E-13
  4994.04004  2.56664861E-13
  4996.77979  2.56393729E-13
  4999.52002  2.56183638E-13
  5002.25977  2.54149241E-13
  5005.  2.52306558E-13
  5007.74023  2.55398052E-13
  5010.47998  2.53594075E-13
  5013.22021  2.5353794E-13
  5015.95996  2.56184613E-13
  5018.7002  2.51419572E-13
  5021.43994  2.51795926E-13
  5024.18018  2.55083769E-13
  5026.91992  2.53342621E-13
  5029.66016  2.55208344E-13
  5032.3999  2.58175724E-13
  5035.14014  2.56806403E-13
  5037.87988  2.53729926E-13
  5040.62012  2.51518451E-13
  5043.35986  2.50994809E-13
  5046.1001  2.5092008E-13
  5048.83984  2.52947755E-13
  5051.58008  2.5346107E-13
  5054.31982  2.55320098E-13
  5057.06006  2.55811377E-13
  5059.7998  2.56059036E-13
  5062.54004  2.54741649E-13
  5065.27979  2.54197488E-13
  5068.02002  2.51036144E-13
  5070.75977  2.48481167E-13
  5073.5  2.50687925E-13
  5076.24023  2.49588463E-13
  5078.97998  2.50337267E-13
  5081.72021  2.52390367E-13
  5084.45996  2.54514129E-13
  5087.2002  2.53610365E-13
  5089.93994  2.52608617E-13
  5092.68018  2.54477591E-13
  5095.41992  2.53206256E-13
  5098.16016  2.52039736E-13
  5100.8999  2.51262444E-13
  5103.64014  2.55003863E-13
  5106.37988  2.55600608E-13
  5109.12012  2.48901702E-13
  5111.85986  2.53102687E-13
  5114.6001  2.53538483E-13
  5117.33984  2.53907111E-13
  5120.08008  2.54079472E-13
  5122.81982  2.51663274E-13
  5125.56006  2.50479216E-13
  5128.2998  2.50897393E-13
  5131.04004  2.51892962E-13
  5133.77979  2.50342336E-13
  5136.52002  2.47425913E-13
  5139.25977  2.46810927E-13
  5142.  2.47487496E-13
  5144.74023  2.50959166E-13
  5147.47998  2.53848131E-13
  5150.22021  2.51079078E-13
  5152.95996  2.48389091E-13
  5155.7002  2.49289928E-13
  5158.43994  2.50722132E-13
  5161.18018  2.51234282E-13
  5163.91992  2.4444536E-13
  5166.66016  2.34105839E-13
  5169.3999  2.28889499E-13
  5172.14014  2.31484997E-13
  5174.87988  2.38922272E-13
  5177.62012  2.49088185E-13
  5180.35986  2.45697803E-13
  5183.1001  2.35961505E-13
  5185.83984  2.39001771E-13
  5188.58008  2.45387451E-13
  5191.31982  2.45045385E-13
  5194.06006  2.436865E-13
  5196.7998  2.47700298E-13
  5199.54004  2.48919998E-13
  5202.27979  2.45430114E-13
  5205.02002  2.43942182E-13
  5207.75977  2.44184826E-13
  5210.5  2.46244973E-13
  5213.24023  2.4642964E-13
  5215.97998  2.46905252E-13
  5218.72021  2.5028509E-13
  5221.45996  2.51010069E-13
  5224.2002  2.46624308E-13
  5226.93994  2.40609263E-13
  5229.68018  2.40373991E-13
  5232.41992  2.44009267E-13
  5235.16016  2.45972323E-13
  5237.8999  2.48515347E-13
  5240.64014  2.50355753E-13
  5243.37988  2.50855922E-13
  5246.12012  2.50958678E-13
  5248.85986  2.51142477E-13
  5251.6001  2.47711926E-13
  5254.33984  2.4484291E-13
  5257.08008  2.51805087E-13
  5259.81982  2.50856763E-13
  5262.56006  2.434969E-13
  5265.2998  2.38266031E-13
  5268.04004  2.36378923E-13
  5270.77979  2.38670141E-13
  5273.52002  2.44012167E-13
  5276.25977  2.47872117E-13
  5279.  2.47916894E-13
  5281.74023  2.43502511E-13
  5284.47998  2.42654719E-13
  5287.22021  2.48735711E-13
  5289.95996  2.48548794E-13
  5292.7002  2.46826106E-13
  5295.43994  2.46484311E-13
  5298.18018  2.48527327E-13
  5300.91992  2.48006476E-13
  5303.66016  2.44001488E-13
  5306.3999  2.47071542E-13
  5309.14014  2.50690554E-13
  5311.87988  2.48443003E-13
  5314.62012  2.4503213E-13
  5317.35986  2.44967214E-13
  5320.1001  2.45932533E-13
  5322.83984  2.43010256E-13
  5325.58008  2.38585464E-13
  5328.31982  2.3990342E-13
  5331.06006  2.41666442E-13
  5333.7998  2.45489962E-13
  5336.54004  2.41774726E-13
  5339.27979  2.42849523E-13
  5342.02002  2.41550866E-13
  5344.75977  2.44263106E-13
  5347.5  2.41816739E-13
  5350.24023  2.38047456E-13
  5352.97998  2.44393644E-13
  5355.72021  2.45459794E-13
  5358.45996  2.45832353E-13
  5361.2002  2.43791478E-13
  5363.93994  2.42187048E-13
  5366.68018  2.4113567E-13
  5369.41992  2.41128894E-13
  5372.16016  2.40700797E-13
  5374.8999  2.44231989E-13
  5377.64014  2.44680741E-13
  5380.37988  2.43826416E-13
  5383.12012  2.4030154E-13
  5385.85986  2.42276712E-13
  5388.6001  2.42318535E-13
  5391.33984  2.41868754E-13
  5394.08008  2.41273988E-13
  5396.81982  2.38749504E-13
  5399.56006  2.34887386E-13
  5402.2998  2.38610808E-13
  5405.04004  2.36434597E-13
  5407.77979  2.37195246E-13
  5410.52002  2.39643347E-13
  5413.25977  2.38776474E-13
  5416.  2.39726397E-13
  5418.74023  2.40257412E-13
  5421.47998  2.42187645E-13
  5424.22021  2.38975425E-13
  5426.95996  2.37068422E-13
  5429.7002  2.35917622E-13
  5432.43994  2.37317029E-13
  5435.18018  2.36717005E-13
  5437.91992  2.39014971E-13
  5440.66016  2.37800285E-13
  5443.3999  2.35168059E-13
  5446.14014  2.37545308E-13
  5448.87988  2.41415151E-13
  5451.62012  2.40349787E-13
  5454.35986  2.33074058E-13
  5457.1001  2.35695496E-13
  5459.83984  2.36878713E-13
  5462.58008  2.37931284E-13
  5465.31982  2.37307922E-13
  5468.06006  2.41030611E-13
  5470.7998  2.39125126E-13
  5473.54004  2.35196411E-13
  5476.27979  2.35989532E-13
  5479.02002  2.37260759E-13
  5481.75977  2.39019498E-13
  5484.5  2.40616609E-13
  5487.24023  2.40753869E-13
  5489.97998  2.37982811E-13
  5492.72021  2.41286998E-13
  5495.45996  2.39050939E-13
  5498.2002  2.36263998E-13
  5500.93994  2.37700267E-13
  5503.68018  2.3844132E-13
  5506.41992  2.3887042E-13
  5509.16016  2.37662158E-13
  5511.8999  2.34580665E-13
  5514.64014  2.33194269E-13
  5517.37988  2.34595655E-13
  5520.12012  2.38010675E-13
  5522.85986  2.39447649E-13
  5525.6001  2.36761403E-13
  5528.33984  2.33579052E-13
  5531.08008  2.34336232E-13
  5533.81982  2.34775171E-13
  5536.56006  2.39273011E-13
  5539.2998  2.41461311E-13
  5542.04004  2.35800339E-13
  5544.77979  2.3462154E-13
  5547.52002  2.37143557E-13
  5550.25977  2.36225319E-13
  5553.  2.35971263E-13
  5555.74023  2.33723387E-13
  5558.47998  2.32982226E-13
  5561.22021  2.32677105E-13
  5563.95996  2.31839721E-13
  5566.7002  2.32842852E-13
  5569.43994  2.34529952E-13
  5572.18018  2.34216617E-13
  5574.91992  2.32689654E-13
  5577.66016  2.33223759E-13
  5580.3999  2.3622044E-13
  5583.14014  2.34501546E-13
  5585.87988  2.31593092E-13
  5588.62012  2.30033142E-13
  5591.35986  2.30913677E-13
  5594.1001  2.32921484E-13
  5596.83984  2.3168552E-13
  5599.58008  2.31594854E-13
  5602.31982  2.3233035E-13
  5605.06006  2.33408236E-13
  5607.7998  2.34895843E-13
  5610.54004  2.35736317E-13
  5613.27979  2.3433981E-13
  5616.02002  2.3338479E-13
  5618.75977  2.33481393E-13
  5621.5  2.32901372E-13
  5624.24023  2.3354471E-13
  5626.97998  2.363783E-13
  5629.72021  2.34981847E-13
  5632.45996  2.36659135E-13
  5635.2002  2.34649458E-13
  5637.93994  2.32535996E-13
  5640.68018  2.33476839E-13
  5643.41992  2.36008858E-13
  5646.16016  2.36524857E-13
  5648.8999  2.34836483E-13
  5651.64014  2.31288594E-13
  5654.37988  2.2738449E-13
  5657.12012  2.24535248E-13
  5659.85986  2.23959116E-13
  5662.6001  2.31363323E-13
  5665.33984  2.34266599E-13
  5668.08008  2.24695669E-13
  5670.81982  2.23796635E-13
  5673.56006  2.30661735E-13
  5676.2998  2.34166067E-13
  5679.04004  2.36093941E-13
  5681.77979  2.33217146E-13
  5684.52002  2.29973186E-13
  5687.25977  2.30527592E-13
  5690.  2.28388407E-13
  5692.74023  2.21269007E-13
  5695.47998  2.17674105E-13
  5698.22021  2.16195903E-13
  5700.95996  2.23115024E-13
  5703.7002  2.30699682E-13
  5706.43994  2.2615575E-13
  5709.18018  2.22348249E-13
  5711.91992  2.23360271E-13
  5714.66016  2.25802761E-13
  5717.3999  2.30197236E-13
  5720.14014  2.3299258E-13
  5722.87988  2.34520709E-13
  5725.62012  2.31947816E-13
  5728.35986  2.28626064E-13
  5731.1001  2.26523783E-13
  5733.83984  2.2623174E-13
  5736.58008  2.28836562E-13
  5739.31982  2.30041707E-13
  5742.06006  2.30596222E-13
  5744.7998  2.30075941E-13
  5747.54004  2.29426694E-13
  5750.27979  2.31133499E-13
  5753.02002  2.31504919E-13
  5755.75977  2.27343724E-13
  5758.5  2.27085996E-13
  5761.24023  2.32153869E-13
  5763.97998  2.27869264E-13
  5766.72021  2.20317308E-13
  5769.45996  2.27203185E-13
  5772.2002  2.34324523E-13
  5774.93994  2.29624018E-13
  5777.68018  2.25128781E-13
  5780.41992  2.21713341E-13
  5783.16016  2.22165846E-13
  5785.8999  2.25936118E-13
  5788.64014  2.26785875E-13
  5791.37988  2.26673538E-13
  5794.12012  2.2640387E-13
  5796.85986  2.26462539E-13
  5799.6001  2.27511694E-13
  5802.33984  2.28305954E-13
  5805.08008  2.28897115E-13
  5807.81982  2.29054433E-13
  5810.56006  2.28755437E-13
  5813.2998  2.27028953E-13
  5816.04004  2.25261921E-13
  5818.77979  2.2494223E-13
  5821.52002  2.25049187E-13
  5824.26025  2.25718654E-13
  5827.  2.25835233E-13
  5829.74023  2.25582492E-13
  5832.47998  2.23686114E-13
  5835.22021  2.2160923E-13
  5837.95996  2.23281029E-13
  5840.7002  2.24579903E-13
  5843.43994  2.22940861E-13
  5846.18018  2.21649522E-13
  5848.91992  2.20397593E-13
  5851.66016  2.21890093E-13
  5854.3999  2.24788029E-13
  5857.14014  2.21597195E-13
  5859.87988  2.17539786E-13
  5862.62012  2.17236453E-13
  5865.35986  2.18640888E-13
  5868.1001  2.23337895E-13
  5870.83984  2.23145775E-13
  5873.58008  2.18219025E-13
  5876.31982  2.20246578E-13
  5879.06006  2.24498398E-13
  5881.7998  2.2489687E-13
  5884.54004  2.22514295E-13
  5887.27979  2.14362219E-13
  5890.02002  2.10788432E-13
  5892.76025  2.14608225E-13
  5895.5  2.14832655E-13
  5898.24023  2.13897679E-13
  5900.97998  2.16286028E-13
  5903.72021  2.19576012E-13
  5906.45996  2.22332162E-13
  5909.2002  2.23126341E-13
  5911.93994  2.19580606E-13
  5914.68018  2.194883E-13
  5917.41992  2.22869114E-13
  5920.16016  2.23345837E-13
  5922.8999  2.22420796E-13
  5925.64014  2.19829349E-13
  5928.37988  2.17652177E-13
  5931.12012  2.18155518E-13
  5933.85986  2.18527534E-13
  5936.6001  2.1843367E-13
  5939.33984  2.1830778E-13
  5942.08008  2.18156629E-13
  5944.81982  2.19810932E-13
  5947.56006  2.21337637E-13
  5950.2998  2.18690368E-13
  5953.04004  2.17705221E-13
  5955.77979  2.22165737E-13
  5958.52002  2.23820311E-13
  5961.26025  2.22795063E-13
  5964.  2.20589917E-13
  5966.74023  2.17632146E-13
  5969.47998  2.17353831E-13
  5972.22021  2.17745608E-13
  5974.95996  2.17748508E-13
  5977.7002  2.17715968E-13
  5980.43994  2.17914147E-13
  5983.18018  2.17055432E-13
  5985.91992  2.15360919E-13
  5988.66016  2.13169394E-13
  5991.3999  2.11718514E-13
  5994.14014  2.15427665E-13
  5996.87988  2.17510349E-13
  5999.62012  2.13140486E-13
  6002.35986  2.11774419E-13
  6005.1001  2.14007509E-13
  6007.83984  2.14815822E-13
  6010.58008  2.1509865E-13
  6013.31982  2.13869748E-13
  6016.06006  2.12544392E-13
  6018.7998  2.1272212E-13
  6021.54004  2.12779826E-13
  6024.27979  2.1180273E-13
  6027.02002  2.13191105E-13
  6029.76025  2.16602439E-13
  6032.5  2.16690896E-13
  6035.24023  2.15828982E-13
  6037.97998  2.17254857E-13
  6040.72021  2.18257961E-13
  6043.45996  2.17860086E-13
  6046.2002  2.16003268E-13
  6048.93994  2.11881646E-13
  6051.68018  2.10173187E-13
  6054.41992  2.09853809E-13
  6057.16016  2.11230203E-13
  6059.8999  2.13013079E-13
  6062.64014  2.1391298E-13
  6065.37988  2.13504385E-13
  6068.12012  2.10828913E-13
  6070.85986  2.08924959E-13
  6073.6001  2.07141663E-13
  6076.33984  2.13644193E-13
  6079.08008  2.21468663E-13
  6081.81982  2.1218075E-13
  6084.56006  2.03968068E-13
  6087.2998  2.08858199E-13
  6090.04004  2.11581769E-13
  6092.77979  2.10612316E-13
  6095.52002  2.10963937E-13
  6098.26025  2.11694675E-13
  6101.  2.12062857E-13
  6103.74023  2.11987749E-13
  6106.47998  2.105767E-13
  6109.22021  2.09791765E-13
  6111.95996  2.11437598E-13
  6114.7002  2.09550679E-13
  6117.43994  2.0381483E-13
  6120.18018  2.05272201E-13
  6122.91992  2.09261428E-13
  6125.66016  2.07161965E-13
  6128.3999  2.05296202E-13
  6131.14014  2.07818504E-13
  6133.87988  2.09692574E-13
  6136.62012  2.10447274E-13
  6139.35986  2.10856181E-13
  6142.1001  2.10774689E-13
  6144.83984  2.08459918E-13
  6147.58008  2.05966632E-13
  6150.31982  2.06936898E-13
  6153.06006  2.07192905E-13
  6155.7998  2.0430245E-13
  6158.54004  2.03896334E-13
  6161.27979  2.06122784E-13
  6164.02002  2.06845012E-13
  6166.76025  2.06905036E-13
  6169.5  2.0588632E-13
  6172.24023  2.0461905E-13
  6174.97998  2.03018768E-13
  6177.72021  2.0375738E-13
  6180.45996  2.09601501E-13
  6183.2002  2.08734194E-13
  6185.93994  2.03381162E-13
  6188.68018  2.02747405E-13
  6191.41992  2.03923927E-13
  6194.16016  2.0654401E-13
  6196.8999  2.07620718E-13
  6199.64014  2.04878839E-13
  6202.37988  2.02022399E-13
  6205.12012  1.98107576E-13
  6207.85986  2.00051889E-13
  6210.6001  2.05183662E-13
  6213.33984  2.08615934E-13
  6216.08008  2.0961298E-13
  6218.81982  2.03353109E-13
  6221.56006  2.00886738E-13
  6224.2998  2.06921516E-13
  6227.04004  2.0746813E-13
  6229.77979  2.04413269E-13
  6232.52002  2.03864107E-13
  6235.26025  2.04129601E-13
  6238.  2.04869704E-13
  6240.74023  2.05294467E-13
  6243.47998  2.05051958E-13
  6246.22021  2.03611081E-13
  6248.95996  1.99894639E-13
  6251.7002  2.01429327E-13
  6254.43994  2.05435048E-13
  6257.18018  2.03080825E-13
  6259.91992  1.99979776E-13
  6262.66016  2.00686161E-13
  6265.3999  2.01757068E-13
  6268.14014  2.0286721E-13
  6270.87988  2.03359939E-13
  6273.62012  2.03310228E-13
  6276.35986  2.04092182E-13
  6279.1001  2.04685376E-13
  6281.83984  2.02818936E-13
  6284.58008  2.00459671E-13
  6287.31982  1.97905331E-13
  6290.06006  1.97187576E-13
  6292.7998  1.99020894E-13
  6295.54004  2.00097453E-13
  6298.27979  2.00941247E-13
  6301.02002  1.99414988E-13
  6303.76025  1.9817172E-13
  6306.5  2.01669898E-13
  6309.24023  2.03208883E-13
  6311.97998  1.99330935E-13
  6314.72021  1.9878096E-13
  6317.45996  2.01149888E-13
  6320.2002  2.00539956E-13
  6322.93994  1.99081786E-13
  6325.68018  1.99458139E-13
  6328.41992  2.00562088E-13
  6331.16016  2.03223465E-13
  6333.8999  2.03115167E-13
  6336.64014  1.97788753E-13
  6339.37988  1.98007477E-13
  6342.12012  2.01211877E-13
  6344.85986  2.01882253E-13
  6347.6001  2.01700988E-13
  6350.33984  2.01251342E-13
  6353.08008  1.99993139E-13
  6355.81982  1.96715609E-13
  6358.56006  1.96276928E-13
  6361.2998  1.98826253E-13
  6364.04004  1.99224887E-13
  6366.77979  1.98734909E-13
  6369.52002  1.97394618E-13
  6372.26025  1.96588839E-13
  6375.  1.98555988E-13
  6377.74023  1.98820574E-13
  6380.47998  1.95442282E-13
  6383.22021  1.95905981E-13
  6385.95996  1.98690023E-13
  6388.7002  1.97598312E-13
  6391.43994  1.95927476E-13
  6394.18018  1.98153438E-13
  6396.91992  1.98890844E-13
  6399.66016  1.94232732E-13
  6402.3999  1.93921132E-13
  6405.14014  1.98651669E-13
  6407.87988  1.99080498E-13
  6410.62012  1.98215915E-13
  6413.35986  2.02559703E-13
  6416.1001  2.05262267E-13
  6418.83984  1.98243603E-13
  6421.58008  1.94849548E-13
  6424.31982  1.99436835E-13
  6427.06006  1.99567454E-13
  6429.7998  1.97073071E-13
  6432.54004  1.97331368E-13
  6435.27979  1.97933128E-13
  6438.02002  1.9549866E-13
  6440.76025  1.94113348E-13
  6443.5  1.96845104E-13
  6446.24023  1.97011393E-13
  6448.97998  1.93673121E-13
  6451.72021  1.93865648E-13
  6454.45996  1.95756836E-13
  6457.2002  1.97577645E-13
  6459.93994  1.98732917E-13
  6462.68018  1.97608274E-13
  6465.41992  1.96182006E-13
  6468.16016  1.94577292E-13
  6470.8999  1.93495353E-13
  6473.64014  1.92749733E-13
  6476.37988  1.95582442E-13
  6479.12012  1.98854537E-13
  6481.85986  1.9491044E-13
  6484.6001  1.91760711E-13
  6487.33984  1.9481667E-13
  6490.08008  1.95217879E-13
  6492.81982  1.91865472E-13
  6495.56006  1.90037913E-13
  6498.2998  1.88975869E-13
  6501.04004  1.91801273E-13
  6503.77979  1.94985074E-13
  6506.52002  1.94265068E-13
  6509.26025  1.93490121E-13
  6512.  1.93547936E-13
  6514.74023  1.93443311E-13
  6517.47998  1.93274514E-13
  6520.22021  1.92237272E-13
  6522.95996  1.91176813E-13
  6525.7002  1.92967102E-13
  6528.43994  1.93796273E-13
  6531.18018  1.90191152E-13
  6533.91992  1.88319778E-13
  6536.66016  1.89061969E-13
  6539.3999  1.89575149E-13
  6542.14014  1.90203552E-13
  6544.87988  1.88897522E-13
  6547.62012  1.86524434E-13
  6550.35986  1.84104644E-13
  6553.1001  1.7964898E-13
  6555.83984  1.71833888E-13
  6558.58008  1.63707996E-13
  6561.31982  1.54155185E-13
  6564.06006  1.53592959E-13
  6566.7998  1.59083589E-13
  6569.54004  1.71652663E-13
  6572.27979  1.82623068E-13
  6575.02002  1.82854938E-13
  6577.76025  1.83816219E-13
  6580.5  1.87093722E-13
  6583.24023  1.89040556E-13
  6585.97998  1.90189918E-13
  6588.72021  1.89613028E-13
  6591.45996  1.88737887E-13
  6594.2002  1.9012286E-13
  6596.93994  1.91287334E-13
  6599.68018  1.91291874E-13
  6602.41992  1.91430463E-13
  6605.16016  1.91949633E-13
  6607.8999  1.89440992E-13
  6610.64014  1.85978403E-13
  6613.37988  1.87882723E-13
  6616.12012  1.91194527E-13
  6618.85986  1.94755318E-13
  6621.6001  1.95567886E-13
  6624.33984  1.91712992E-13
  6627.08008  1.89834205E-13
  6629.81982  1.88849899E-13
  6632.56006  1.89198537E-13
  6635.2998  1.9043011E-13
  6638.04004  1.92418022E-13
  6640.77979  1.93542E-13
  6643.52002  1.92410568E-13
  6646.26025  1.91774263E-13
  6649.  1.91838773E-13
  6651.74023  1.90453271E-13
  6654.47998  1.88395659E-13
  6657.22021  1.87060897E-13
  6659.95996  1.87083842E-13
  6662.7002  1.91049243E-13
  6665.43994  1.92817564E-13
  6668.18018  1.90015592E-13
  6670.91992  1.88904461E-13
  6673.66016  1.88657521E-13
  6676.3999  1.89065032E-13
  6679.14014  1.89948494E-13
  6681.87988  1.91211386E-13
  6684.62012  1.91717315E-13
  6687.35986  1.90586154E-13
  6690.1001  1.88897739E-13
  6692.83984  1.86289989E-13
  6695.58008  1.84787095E-13
  6698.31982  1.84198577E-13
  6701.06006  1.87776837E-13
  6703.7998  1.90744501E-13
  6706.54004  1.86562598E-13
  6709.27979  1.83279634E-13
  6712.02002  1.82695764E-13
  6714.76025  1.83340688E-13
  6717.5  1.85465765E-13
  6720.24023  1.84788776E-13
  6722.97998  1.83355623E-13
  6725.72021  1.84195852E-13
  6728.45996  1.85683107E-13
  6731.2002  1.8799159E-13
  6733.93994  1.88477529E-13
  6736.68018  1.863051E-13
  6739.41992  1.85288335E-13
  6742.16016  1.8471299E-13
  6744.8999  1.85448757E-13
  6747.64014  1.86360638E-13
  6750.37988  1.85430393E-13
  6753.12012  1.85784724E-13
  6755.85986  1.89751196E-13
  6758.6001  1.90186896E-13
  6761.33984  1.87444163E-13
  6764.08008  1.85420432E-13
  6766.81982  1.83532145E-13
  6769.56006  1.82694951E-13
  6772.2998  1.82439675E-13
  6775.04004  1.8255803E-13
  6777.77979  1.83275988E-13
  6780.52002  1.85945172E-13
  6783.26025  1.83404656E-13
  6786.  1.77742708E-13
  6788.74023  1.79246835E-13
  6791.47998  1.82914461E-13
  6794.22021  1.85216236E-13
  6796.95996  1.859782E-13
  6799.7002  1.83217848E-13
  6802.43994  1.83855034E-13
  6805.18018  1.88323451E-13
  6807.91992  1.87351165E-13
  6810.66016  1.8393395E-13
  6813.3999  1.81346366E-13
  6816.14014  1.79893332E-13
  6818.87988  1.81261744E-13
  6821.62012  1.82594106E-13
  6824.35986  1.84074435E-13
  6827.1001  1.83248802E-13
  6829.83984  1.80736014E-13
  6832.58008  1.81242947E-13
  6835.31982  1.81906858E-13
  6838.06006  1.78152781E-13
  6840.7998  1.75911396E-13
  6843.54004  1.78471861E-13
  6846.27979  1.80027908E-13
  6849.02002  1.8067618E-13
  6851.76025  1.81306806E-13
  6854.5  1.8159084E-13
  6857.24023  1.8025288E-13
  6859.97998  1.78717555E-13
  6862.72021  1.78232876E-13
  6865.45996  1.77843634E-13
  6868.2002  1.7695143E-13
  6870.93994  1.78226357E-13
  6873.68018  1.81265349E-13
  6876.41992  1.79792365E-13
  6879.16016  1.77308567E-13
  6881.8999  1.78823143E-13
  6884.64014  1.80564765E-13
  6887.37988  1.81583901E-13
  6890.12012  1.81001874E-13
  6892.85986  1.7812283E-13
  6895.6001  1.7771212E-13
  6898.33984  1.78512492E-13
  6901.08008  1.79271108E-13
  6903.81982  1.79872108E-13
  6906.56006  1.79835232E-13
  6909.2998  1.79214391E-13
  6912.04004  1.7721851E-13
  6914.77979  1.77564154E-13
  6917.52002  1.79911357E-13
  6920.26025  1.79177379E-13
  6923.  1.77234055E-13
  6925.74023  1.75409302E-13
  6928.47998  1.74538688E-13
  6931.22021  1.76137533E-13
  6933.95996  1.76821977E-13
  6936.7002  1.76113613E-13
  6939.43994  1.76540274E-13
  6942.18018  1.77313242E-13
  6944.91992  1.7472246E-13
  6947.66016  1.73154175E-13
  6950.3999  1.79869886E-13
  6953.14014  1.83306088E-13
  6955.87988  1.78189034E-13
  6958.62012  1.76898237E-13
  6961.35986  1.78498235E-13
  6964.1001  1.79149677E-13
  6966.83984  1.79273222E-13
  6969.58008  1.76962706E-13
  6972.31982  1.74984796E-13
  6975.06006  1.75673671E-13
  6977.7998  1.75562581E-13
  6980.54004  1.73513303E-13
  6983.27979  1.74758117E-13
  6986.02002  1.7786834E-13
  6988.76025  1.77849028E-13
  6991.5  1.76948327E-13
  6994.24023  1.76771561E-13
  6996.97998  1.76469096E-13
  6999.72021  1.75903698E-13
  7002.45996  1.75083675E-13
  7005.2002  1.73816026E-13
  7007.93994  1.74442519E-13
  7010.68018  1.76110442E-13
  7013.41992  1.78423384E-13
  7016.16016  1.79337312E-13
  7018.8999  1.75624909E-13
  7021.64014  1.73589767E-13
  7024.37988  1.74498044E-13
  7027.12012  1.74980459E-13
  7029.85986  1.75551739E-13
  7032.6001  1.75206339E-13
  7035.33984  1.74705465E-13
  7038.08008  1.75215013E-13
  7040.81982  1.75465355E-13
  7043.56006  1.74819266E-13
  7046.2998  1.74476048E-13
  7049.04004  1.74454486E-13
  7051.77979  1.7418662E-13
  7054.52002  1.73697279E-13
  7057.26025  1.72183841E-13
  7060.  1.71024314E-13
  7062.74023  1.71820023E-13
  7065.47998  1.72277408E-13
  7068.22021  1.72032243E-13
  7070.95996  1.71439712E-13
  7073.7002  1.70495847E-13
  7076.43994  1.71469284E-13
  7079.18018  1.72949044E-13
  7081.91992  1.73068808E-13
  7084.66016  1.72824347E-13
  7087.3999  1.71995244E-13
  7090.14014  1.72453672E-13
  7092.87988  1.74730524E-13
  7095.62012  1.7463655E-13
  7098.35986  1.73340116E-13
  7101.1001  1.71923497E-13
  7103.83984  1.71171874E-13
  7106.58008  1.72933824E-13
  7109.31982  1.74213617E-13
  7112.06006  1.74577475E-13
  7114.7998  1.73740593E-13
  7117.54004  1.71743723E-13
  7120.27979  1.70808246E-13
  7123.02002  1.70555098E-13
  7125.76025  1.72176699E-13
  7128.5  1.72683848E-13
  7131.24023  1.69100262E-13
  7133.97998  1.67890685E-13
  7136.72021  1.69813734E-13
  7139.45996  1.70767399E-13
  7142.2002  1.71419384E-13
  7144.93994  1.70255723E-13
  7147.68018  1.69096047E-13
  7150.41992  1.70125781E-13
  7153.16016  1.71251983E-13
  7155.8999  1.72593249E-13
  7158.64014  1.71926018E-13
  7161.37988  1.69377845E-13
  7164.12012  1.68133777E-13
  7166.85986  1.67580698E-13
  7169.6001  1.68533847E-13
  7172.33984  1.6927017E-13
  7175.08008  1.68342242E-13
  7177.81982  1.67866372E-13
  7180.56006  1.68278626E-13
  7183.2998  1.67895835E-13
  7186.04004  1.66833087E-13
  7188.77979  1.60831526E-13
  7191.52002  1.56377922E-13
  7194.26025  1.64448668E-13
  7197.  1.70616613E-13
  7199.74023  1.70356703E-13
  7202.47998  1.68647512E-13
  7205.22021  1.64775989E-13
  7207.95996  1.64116916E-13
  7210.7002  1.65199262E-13
  7213.43994  1.68301069E-13
  7216.18018  1.70510754E-13
  7218.91992  1.68905539E-13
  7221.66016  1.67056459E-13
  7224.3999  1.64227085E-13
  7227.14014  1.65486128E-13
  7229.87988  1.69352786E-13
  7232.62012  1.68617412E-13
  7235.35986  1.66597977E-13
  7238.1001  1.6533251E-13
  7240.83984  1.65709487E-13
  7243.58008  1.70076775E-13
  7246.31982  1.70460339E-13
  7249.06006  1.66569639E-13
  7251.7998  1.66148454E-13
  7254.54004  1.67039153E-13
  7257.27979  1.67735834E-13
  7260.02002  1.67498854E-13
  7262.76025  1.64051376E-13
  7265.5  1.62627493E-13
  7268.24023  1.64608873E-13
  7270.97998  1.66387127E-13
  7273.72021  1.68468443E-13
  7276.45996  1.68378373E-13
  7279.2002  1.67347418E-13
  7281.93994  1.65955967E-13
  7284.68018  1.65922723E-13
  7287.41992  1.69536016E-13
  7290.16016  1.70504168E-13
  7292.8999  1.68695407E-13
  7295.64014  1.66249095E-13
  7298.37988  1.63492063E-13
  7301.12012  1.64861871E-13
  7303.85986  1.66859026E-13
  7306.6001  1.6683024E-13
  7309.33984  1.66591459E-13
  7312.08008  1.6657689E-13
  7314.81982  1.65365185E-13
  7317.56006  1.6314108E-13
  7320.2998  1.63178905E-13
  7323.04004  1.63932507E-13
  7325.77979  1.63527517E-13
  7328.52002  1.63155568E-13
  7331.26025  1.63336345E-13
  7334.  1.63236015E-13
  7336.74023  1.62537708E-13
  7339.47998  1.63691529E-13
  7342.22021  1.6558807E-13
  7344.95996  1.63704093E-13
  7347.7002  1.61457246E-13
  7350.43994  1.61876575E-13
  7353.18018  1.62613155E-13
  7355.91992  1.63671797E-13
  7358.66016  1.63428272E-13
  7361.3999  1.61963609E-13
  7364.14014  1.64519955E-13
  7366.87988  1.67559041E-13
  7369.62012  1.63695148E-13
  7372.35986  1.5957831E-13
  7375.1001  1.5792787E-13
  7377.83984  1.5855916E-13
  7380.58008  1.62780122E-13
  7383.31982  1.63292868E-13
  7386.06006  1.61926801E-13
  7388.7998  1.604441E-13
  7391.54004  1.60108539E-13
  7394.27979  1.65195494E-13
  7397.02002  1.67672137E-13
  7399.76025  1.63941153E-13
  7402.5  1.61564284E-13
  7405.24023  1.5972732E-13
  7407.97998  1.61215672E-13
  7410.72021  1.63653393E-13
  7413.45996  1.60538019E-13
  7416.2002  1.57941355E-13
  7418.93994  1.60162695E-13
  7421.68018  1.61470392E-13
  7424.41992  1.61150254E-13
  7427.16016  1.61313982E-13
  7429.8999  1.61580452E-13
  7432.64014  1.61824249E-13
  7435.37988  1.61808528E-13
  7438.12012  1.60765932E-13
  7440.85986  1.60108607E-13
  7443.6001  1.60854294E-13
  7446.33984  1.6021635E-13
  7449.08008  1.58133936E-13
  7451.81982  1.5739779E-13
  7454.56006  1.57346087E-13
  7457.2998  1.57667092E-13
  7460.04004  1.58848873E-13
  7462.77979  1.62517664E-13
  7465.52002  1.6348961E-13
  7468.26025  1.59392749E-13
  7471.  1.59263431E-13
  7473.74023  1.61323252E-13
  7476.47998  1.6242674E-13
  7479.22021  1.62192037E-13
  7481.95996  1.5708573E-13
  7484.7002  1.53065508E-13
  7487.43994  1.52513961E-13
  7490.18018  1.53771323E-13
  7492.91992  1.57410069E-13
  7495.66016  1.5910095E-13
  7498.3999  1.59650478E-13
  7501.14014  1.57433826E-13
  7503.87988  1.55323522E-13
  7506.62012  1.56509503E-13
  7509.35986  1.56997489E-13
  7512.1001  1.56466122E-13
  7514.83984  1.53876315E-13
  7517.58008  1.49506872E-13
  7520.31982  1.50944849E-13
  7523.06006  1.54240553E-13
  7525.7998  1.54644689E-13
  7528.54004  1.54873212E-13
  7531.27979  1.56169836E-13
  7534.02002  1.5586878E-13
  7536.76025  1.53402776E-13
  7539.5  1.52943142E-13
  7542.24023  1.53595507E-13
  7544.97998  1.56068341E-13
  7547.72021  1.58110626E-13
  7550.45996  1.5699879E-13
  7553.2002  1.55134355E-13
  7555.93994  1.52376281E-13
  7558.68018  1.50587577E-13
  7561.41992  1.49406569E-13
  7564.16016  1.52717642E-13
  7566.8999  1.57240743E-13
  7569.64014  1.56360371E-13
  7572.37988  1.55128216E-13
  7575.12012  1.56211185E-13
  7577.85986  1.55716138E-13
  7580.6001  1.52911009E-13
  7583.33984  1.51856812E-13
  7586.08008  1.51682432E-13
  7588.81982  1.52371144E-13
  7591.56006  1.53177492E-13
  7594.2998  1.53023536E-13
  7597.04004  1.52690184E-13
  7599.77979  1.52453462E-13
  7602.52002  1.51448325E-13
  7605.26025  1.49613517E-13
  7608.  1.50298448E-13
  7610.74023  1.5167945E-13
  7613.47998  1.49876693E-13
  7616.22021  1.48852718E-13
  7618.95996  1.51703438E-13
  7621.7002  1.53266031E-13
  7624.43994  1.52876965E-13
  7627.18018  1.52985534E-13
  7629.91992  1.5303202E-13
  7632.66016  1.51393492E-13
  7635.3999  1.49491598E-13
  7638.14014  1.4833756E-13
  7640.87988  1.49147025E-13
  7643.62012  1.54243222E-13
  7646.35986  1.55390634E-13
  7649.1001  1.52938995E-13
  7651.83984  1.51019944E-13
  7654.58008  1.49292932E-13
  7657.31982  1.50118931E-13
  7660.06006  1.51245444E-13
  7662.7998  1.51321826E-13
  7665.54004  1.51072798E-13
  7668.27979  1.50367782E-13
  7671.02002  1.49915318E-13
  7673.76025  1.49578849E-13
  7676.5  1.49494769E-13
  7679.24023  1.49777611E-13
  7681.97998  1.51477152E-13
  7684.72021  1.51640907E-13
  7687.45996  1.47562247E-13
  7690.2002  1.46869957E-13
  7692.93994  1.49975965E-13
  7695.68018  1.48436114E-13
  7698.41992  1.45352846E-13
  7701.16016  1.46528094E-13
  7703.8999  1.48563697E-13
  7706.64014  1.49842581E-13
  7709.37988  1.50690902E-13
  7712.12012  1.51120327E-13
  7714.85986  1.50819488E-13
  7717.6001  1.49883036E-13
  7720.33984  1.50142851E-13
  7723.08008  1.50698437E-13
  7725.81982  1.49922826E-13
  7728.56006  1.50726044E-13
  7731.2998  1.56631029E-13
  7734.04004  1.57039285E-13
  7736.77979  1.50727656E-13
  7739.52002  1.49536538E-13
  7742.26025  1.50209326E-13
  7745.  1.48496707E-13
  7747.74023  1.46752077E-13
  7750.47998  1.46495514E-13
  7753.22021  1.46409848E-13
  7755.95996  1.4607693E-13
  7758.7002  1.46848001E-13
  7761.43994  1.48553831E-13
  7764.18018  1.4925119E-13
  7766.91992  1.493796E-13
  7769.66016  1.4825306E-13
  7772.3999  1.48080685E-13
  7775.14014  1.51389779E-13
  7777.87988  1.51871069E-13
  7780.62012  1.48271017E-13
  7783.35986  1.49346207E-13
  7786.1001  1.51989966E-13
  7788.83984  1.45323193E-13
  7791.58008  1.38834121E-13
  7794.31982  1.42814824E-13
  7797.06006  1.45957817E-13
  7799.7998  1.45697283E-13
  7802.54004  1.45180729E-13
  7805.27979  1.44115297E-13
  7808.02002  1.43162188E-13
  7810.76025  1.42536238E-13
  7813.5  1.4382839E-13
  7816.24023  1.44772012E-13
  7818.97998  1.42640836E-13
  7821.72021  1.44217727E-13
  7824.45996  1.51864984E-13
  7827.2002  1.53705282E-13
  7829.93994  1.52425043E-13
  7832.68018  1.49429839E-13
  7835.41992  1.46557896E-13
  7838.16016  1.48132388E-13
  7840.8999  1.48335676E-13
  7843.64014  1.43949929E-13
  7846.37988  1.43862813E-13
  7849.12012  1.47830655E-13
  7851.85986  1.4690869E-13
  7854.6001  1.44395861E-13
  7857.33984  1.44489848E-13
  7860.08008  1.45411108E-13
  7862.81982  1.4784685E-13
  7865.56006  1.47345677E-13
  7868.2998  1.41120988E-13
  7871.04004  1.41874807E-13
  7873.77979  1.46352304E-13
  7876.52002  1.43485091E-13
  7879.26025  1.40082892E-13
  7882.  1.439885E-13
  7884.74023  1.47823174E-13
  7887.47998  1.49613367E-13
  7890.22021  1.5045006E-13
  7892.95996  1.50335121E-13
  7895.7002  1.48674381E-13
  7898.43994  1.46349892E-13
  7901.18018  1.46834923E-13
  7903.91992  1.47201316E-13
  7906.66016  1.45157175E-13
  7909.3999  1.4357264E-13
  7912.14014  1.42880336E-13
  7914.87988  1.42027273E-13
  7917.62012  1.41240088E-13
  7920.35986  1.43132712E-13
  7923.1001  1.45485037E-13
  7925.83984  1.45050435E-13
  7928.58008  1.44083069E-13
  7931.31982  1.42619247E-13
  7934.06006  1.42909271E-13
  7936.7998  1.45639983E-13
  7939.54004  1.43547256E-13
  7942.27979  1.39668699E-13
  7945.02002  1.41752604E-13
  7947.76025  1.44559224E-13
  7950.5  1.44836373E-13
  7953.24023  1.44082147E-13
  7955.97998  1.41182747E-13
  7958.72021  1.42042275E-13
  7961.45996  1.45665652E-13
  7964.2002  1.43762877E-13
  7966.93994  1.40303323E-13
  7969.68018  1.4002032E-13
  7972.41992  1.39672345E-13
  7975.16016  1.37104209E-13
  7977.8999  1.37707283E-13
  7980.64014  1.42521005E-13
  7983.37988  1.43997702E-13
  7986.12012  1.43942733E-13
  7988.85986  1.43486514E-13
  7991.6001  1.42642381E-13
  7994.33984  1.41900367E-13
  7997.08008  1.40610085E-13
  7999.81982  1.38007146E-13
  8002.56006  1.3724113E-13
  8005.2998  1.37969849E-13
  8008.04004  1.36711714E-13
  8010.77979  1.35375516E-13
  8013.52002  1.37560102E-13
  8016.26025  1.39371032E-13
  8019.  1.38020197E-13
  8021.74023  1.38424482E-13
  8024.47998  1.41611603E-13
  8027.22021  1.41931795E-13
  8029.95996  1.40777743E-13
  8032.7002  1.3988287E-13
  8035.43994  1.39145829E-13
  8038.18018  1.39507722E-13
  8040.91992  1.38974593E-13
  8043.66016  1.35691561E-13
  8046.3999  1.36256756E-13
  8049.14014  1.40391469E-13
  8051.87988  1.40247528E-13
  8054.62012  1.38307348E-13
  8057.35986  1.35817207E-13
  8060.1001  1.34697429E-13
  8062.83984  1.37810566E-13
  8065.58008  1.39513713E-13
  8068.31982  1.39470792E-13
  8071.06006  1.37658439E-13
  8073.7998  1.3455407E-13
  8076.54004  1.35018217E-13
  8079.27979  1.36727936E-13
  8082.02002  1.38477974E-13
  8084.76025  1.39245847E-13
  8087.5  1.37628963E-13
  8090.24023  1.38101675E-13
  8092.97998  1.40997592E-13
  8095.72021  1.37098219E-13
  8098.45996  1.30656065E-13
  8101.2002  1.29386749E-13
  8103.93994  1.30453211E-13
  8106.68018  1.34746855E-13
  8109.41992  1.36602508E-13
  8112.16016  1.34228268E-13
  8114.8999  1.33775762E-13
  8117.64014  1.3404726E-13
  8120.37988  1.32518345E-13
  8123.12012  1.31814549E-13
  8125.85986  1.37558896E-13
  8128.6001  1.40786485E-13
  8131.33984  1.36115904E-13
  8134.08008  1.34823088E-13
  8136.81982  1.36792108E-13
  8139.56006  1.38443009E-13
  8142.2998  1.39750624E-13
  8145.04004  1.3641837E-13
  8147.77979  1.3318044E-13
  8150.52002  1.34109168E-13
  8153.26025  1.3520203E-13
  8156.  1.36104859E-13
  8158.74023  1.36758863E-13
  8161.47998  1.37224813E-13
  8164.22021  1.37297956E-13
  8166.95996  1.3734398E-13
  8169.7002  1.3868301E-13
  8172.43994  1.38669011E-13
  8175.18018  1.34846439E-13
  8177.91992  1.33369512E-13
  8180.66016  1.34686722E-13
  8183.3999  1.34262312E-13
  8186.14014  1.3331663E-13
  8188.87988  1.33653925E-13
  8191.62012  1.33949072E-13
  8194.36035  1.32957176E-13
  8197.09961  1.3227646E-13
  8199.83984  1.3250051E-13
  8202.58008  1.31743303E-13
  8205.32031  1.30212356E-13
  8208.05957  1.31758496E-13
  8210.7998  1.34439701E-13
  8213.54004  1.35885837E-13
  8216.28027  1.36861253E-13
  8219.01953  1.38125907E-13
  8221.75977  1.36584727E-13
  8224.5  1.30613023E-13
  8227.24023  1.30588614E-13
  8229.98047  1.33549543E-13
  8232.71973  1.34441977E-13
  8235.45996  1.34318107E-13
  8238.2002  1.31765692E-13
  8240.94043  1.31017728E-13
  8243.67969  1.34679973E-13
  8246.41992  1.34853283E-13
  8249.16016  1.32190279E-13
  8251.90039  1.33127992E-13
  8254.63965  1.34805497E-13
  8257.37988  1.32264479E-13
  8260.12012  1.30725414E-13
  8262.86035  1.34484044E-13
  8265.59961  1.3543657E-13
  8268.33984  1.31408719E-13
  8271.08008  1.33622836E-13
  8273.82031  1.38661611E-13
  8276.55957  1.33184859E-13
  8279.2998  1.27038964E-13
  8282.04004  1.31875752E-13
  8284.78027  1.35080966E-13
  8287.51953  1.32133819E-13
  8290.25977  1.314051E-13
  8293.  1.32408583E-13
  8295.74023  1.32751516E-13
  8298.48047  1.32565616E-13
  8301.21973  1.30091413E-13
  8303.95996  1.27594333E-13
  8306.7002  1.26562782E-13
  8309.44043  1.2601793E-13
  8312.17969  1.25331277E-13
  8314.91992  1.27820104E-13
  8317.66016  1.32420984E-13
  8320.40039  1.32724181E-13
  8323.13965  1.31824903E-13
  8325.87988  1.32899388E-13
  8328.62012  1.32383823E-13
  8331.36035  1.27495304E-13
  8334.09961  1.26476805E-13
  8336.83984  1.29440241E-13
  8339.58008  1.29637457E-13
  8342.32031  1.2912547E-13
  8345.05957  1.31152481E-13
  8347.7998  1.3206504E-13
  8350.54004  1.27930733E-13
  8353.28027  1.25446474E-13
  8356.01953  1.25854459E-13
  8358.75977  1.26392007E-13
  8361.5  1.2745981E-13
  8364.24023  1.29243702E-13
  8366.98047  1.31064539E-13
  8369.71973  1.31861102E-13
  8372.45996  1.31588466E-13
  8375.2002  1.2918338E-13
  8377.94043  1.28570603E-13
  8380.67969  1.29894007E-13
  8383.41992  1.31123953E-13
  8386.16016  1.32131597E-13
  8388.90039  1.29264573E-13
  8391.63965  1.26629813E-13
  8394.37988  1.28160273E-13
  8397.12012  1.29786183E-13
  8399.86035  1.31203479E-13
  8402.59961  1.31664821E-13
  8405.33984  1.31342894E-13
  8408.08008  1.3069385E-13
  8410.82031  1.29784557E-13
  8413.55957  1.29121364E-13
  8416.2998  1.28121553E-13
  8419.04004  1.26418353E-13
  8421.78027  1.24593085E-13
  8424.51953  1.22129832E-13
  8427.25977  1.22821539E-13
  8430.  1.25164012E-13
  8432.74023  1.24556249E-13
  8435.48047  1.23727471E-13
  8438.21973  1.24778605E-13
  8440.95996  1.25837031E-13
  8443.7002  1.26756082E-13
  8446.44043  1.27000569E-13
  8449.17969  1.26643379E-13
  8451.91992  1.25979264E-13
  8454.66016  1.25729125E-13
  8457.40039  1.29410412E-13
  8460.13965  1.31197028E-13
  8462.87988  1.25872471E-13
  8465.62012  1.23576456E-13
  8468.36035  1.2543528E-13
  8471.09961  1.26352759E-13
  8473.83984  1.27157304E-13
  8476.58008  1.26535813E-13
  8479.32031  1.2545981E-13
  8482.05957  1.24805426E-13
  8484.7998  1.24157181E-13
  8487.54004  1.23369996E-13
  8490.28027  1.23007358E-13
  8493.01953  1.23130171E-13
  8495.75977  1.21071732E-13
  8498.5  1.18921678E-13
  8501.24023  1.22303033E-13
  8503.98047  1.25719097E-13
  8506.71973  1.25661986E-13
  8509.45996  1.25866955E-13
  8512.2002  1.27265901E-13
  8514.94043  1.25301855E-13
  8517.67969  1.21514615E-13
  8520.41992  1.25118584E-13
  8523.16016  1.29600202E-13
  8525.90039  1.27316872E-13
  8528.63965  1.25061596E-13
  8531.37988  1.25929215E-13
  8534.12012  1.22336779E-13
  8536.86035  1.13733133E-13
  8539.59961  1.13150889E-13
  8542.33984  1.16396123E-13
  8545.08008  1.19121157E-13
  8547.82031  1.22131878E-13
  8550.55957  1.26147302E-13
  8553.2998  1.2718567E-13
  8556.04004  1.23299618E-13
  8558.78027  1.21997681E-13
  8561.51953  1.21810006E-13
  8564.25977  1.20816619E-13
  8567.  1.19820983E-13
  8569.74023  1.1926068E-13
  8572.48047  1.19479066E-13
  8575.21973  1.20552751E-13
  8577.95996  1.2313097E-13
  8580.7002  1.27950629E-13
  8583.44043  1.27781222E-13
  8586.17969  1.25259991E-13
  8588.91992  1.25078008E-13
  8591.66016  1.25130321E-13
  8594.40039  1.24457627E-13
  8597.13965  1.2393038E-13
  8599.87988  1.23927317E-13
  8602.62012  1.22876495E-13
  8605.36035  1.21070905E-13
  8608.09961  1.2163362E-13
  8610.83984  1.23115141E-13
  8613.58008  1.24257768E-13
  8616.32031  1.25015382E-13
  8619.05957  1.24959952E-13
  8621.7998  1.25120156E-13
  8624.54004  1.25684118E-13
  8627.28027  1.24924363E-13
  8630.02051  1.2359238E-13
  8632.75977  1.24374306E-13
  8635.5  1.2483703E-13
  8638.24023  1.22029963E-13
  8640.98047  1.20687789E-13
  8643.71973  1.23039992E-13
  8646.45996  1.22054791E-13
  8649.2002  1.18612219E-13
  8651.94043  1.16675034E-13
  8654.67969  1.15487115E-13
  8657.41992  1.1595549E-13
  8660.16016  1.16150159E-13
  8662.90039  1.1384669E-13
  8665.63965  1.14611716E-13
  8668.37988  1.19436145E-13
  8671.12012  1.22962689E-13
  8673.86035  1.25860029E-13
  8676.59961  1.23870166E-13
  8679.33984  1.21521649E-13
  8682.08008  1.2414058E-13
  8684.82031  1.26338176E-13
  8687.55957  1.27656186E-13
  8690.2998  1.25818803E-13
  8693.04004  1.20884653E-13
  8695.78027  1.18467207E-13
  8698.52051  1.17380904E-13
  8701.25977  1.18891794E-13
  8704.  1.19728731E-13
  8706.74023  1.16353257E-13
  8709.48047  1.15834385E-13
  8712.21973  1.19690594E-13
  8714.95996  1.21167114E-13
  8717.7002  1.21796426E-13
  8720.44043  1.24396438E-13
  8723.17969  1.26125008E-13
  8725.91992  1.22976065E-13
  8728.66016  1.19508665E-13
  8731.40039  1.15724623E-13
  8734.13965  1.16324349E-13
  8736.87988  1.21465866E-13
  8739.62012  1.22487808E-13
  8742.36035  1.21923996E-13
  8745.09961  1.221732E-13
  8747.83984  1.21005853E-13
  8750.58008  1.15212893E-13
  8753.32031  1.13137947E-13
  8756.05957  1.1786847E-13
  8758.7998  1.17105165E-13
  8761.54004  1.13601884E-13
  8764.28027  1.13511055E-13
  8767.02051  1.15230864E-13
  8769.75977  1.20091545E-13
  8772.5  1.2290875E-13
  8775.24023  1.20349152E-13
  8777.98047  1.1940885E-13
  8780.71973  1.2000302E-13
  8783.45996  1.18766013E-13
  8786.2002  1.16971672E-13
  8788.94043  1.17597379E-13
  8791.67969  1.17725233E-13
  8794.41992  1.13760591E-13
  8797.16016  1.13021571E-13
  8799.90039  1.18334975E-13
  8802.63965  1.19903152E-13
  8805.37988  1.19467939E-13
  8808.12012  1.20850216E-13
  8810.86035  1.21707359E-13
  8813.59961  1.1786969E-13
  8816.33984  1.1539779E-13
  8819.08008  1.17788591E-13
  8821.82031  1.19023349E-13
  8824.55957  1.19440007E-13
  8827.2998  1.17435968E-13
  8830.04004  1.14148369E-13
  8832.78027  1.13144662E-13
  8835.52051  1.1337246E-13
  8838.25977  1.15220401E-13
  8841.  1.16809665E-13
  8843.74023  1.18431916E-13
  8846.48047  1.16995159E-13
  8849.21973  1.12987371E-13
  8851.95996  1.12685381E-13
  8854.7002  1.13721356E-13
  8857.44043  1.14407859E-13
  8860.17969  1.1459319E-13
  8862.91992  1.13134613E-13
  8865.66016  1.13511251E-13
  8868.40039  1.16302435E-13
  8871.13965  1.17674262E-13
  8873.87988  1.18421562E-13
  8876.62012  1.18583637E-13
  8879.36035  1.18068248E-13
  8882.09961  1.16479499E-13
  8884.83984  1.14980969E-13
  8887.58008  1.13205655E-13
  8890.32031  1.14170866E-13
  8893.05957  1.17689048E-13
  8895.7998  1.16635068E-13
  8898.54004  1.14452352E-13
  8901.28027  1.17021193E-13
  8904.02051  1.18455267E-13
  8906.75977  1.14430302E-13
  8909.5  1.12627911E-13
  8912.24023  1.13779185E-13
  8914.98047  1.15029812E-13
  8917.71973  1.16641817E-13
  8920.45996  1.16038919E-13
  8923.2002  1.15085689E-13
  8925.94043  1.1590727E-13
  8928.67969  1.16099499E-13
  8931.41992  1.14832243E-13
  8934.16016  1.13491681E-13
  8936.90039  1.11726417E-13
  8939.63965  1.14275668E-13
  8942.37988  1.17610701E-13
  8945.12012  1.11554985E-13
  8947.86035  1.07666541E-13
  8950.59961  1.16044462E-13
  8953.33984  1.19622289E-13
  8956.08008  1.15438149E-13
  8958.82031  1.13530543E-13
  8961.55957  1.12078979E-13
  8964.2998  1.1156601E-13
  8967.04004  1.11812462E-13
  8969.78027  1.13245019E-13
  8972.52051  1.14018251E-13
  8975.25977  1.13216348E-13
  8978.  1.12289633E-13
  8980.74023  1.11057647E-13
  8983.48047  1.10182534E-13
  8986.21973  1.10062228E-13
  8988.95996  1.13941246E-13
  8991.7002  1.17333498E-13
  8994.44043  1.16502673E-13
  8997.17969  1.15265748E-13
  8999.91992  1.13283819E-13
  9002.66016  1.13680766E-13
  9005.40039  1.15668475E-13
  9008.13965  1.15826213E-13
  9010.87988  1.15186994E-13
  9013.62012  1.13158303E-13
  9016.36035  1.12962604E-13
  9019.09961  1.18123637E-13
  9021.83984  1.18525456E-13
  9024.58008  1.13418471E-13
  9027.32031  1.13670432E-13
  9030.05957  1.15771244E-13
  9032.7998  1.13690903E-13
  9035.54004  1.11386249E-13
  9038.28027  1.11728918E-13
  9041.02051  1.11600907E-13
  9043.75977  1.10146294E-13
  9046.5  1.09828135E-13
  9049.24023  1.1027175E-13
  9051.98047  1.11221958E-13
  9054.71973  1.12172851E-13
  9057.45996  1.11625342E-13
  9060.2002  1.11150699E-13
  9062.94043  1.11766539E-13
  9065.67969  1.11423633E-13
  9068.41992  1.10069031E-13
  9071.16016  1.07624535E-13
  9073.90039  1.05156308E-13
  9076.63965  1.10518067E-13
  9079.37988  1.15833124E-13
  9082.12012  1.12854868E-13
  9084.86035  1.10627084E-13
  9087.59961  1.11091834E-13
  9090.33984  1.11128683E-13
  9093.08008  1.11024024E-13
  9095.82031  1.13345111E-13
  9098.55957  1.15720476E-13
  9101.2998  1.12896902E-13
  9104.04004  1.09668541E-13
  9106.78027  1.07414721E-13
  9109.52051  1.0790203E-13
  9112.25977  1.1217153E-13
  9115.  1.1433721E-13
  9117.74023  1.15578445E-13
  9120.48047  1.15233506E-13
  9123.21973  1.14096815E-13
  9125.95996  1.12487974E-13
  9128.7002  1.11900161E-13
  9131.44043  1.13271141E-13
  9134.17969  1.14214736E-13
  9136.91992  1.14974274E-13
  9139.66016  1.1612384E-13
  9142.40039  1.16690701E-13
  9145.13965  1.13322139E-13
  9147.87988  1.09923755E-13
  9150.62012  1.08784177E-13
  9153.36035  1.0820688E-13
  9156.09961  1.08333474E-13
  9158.83984  1.07971317E-13
  9161.58008  1.07634801E-13
  9164.32031  1.10934258E-13
  9167.05957  1.1436357E-13
  9169.7998  1.13888621E-13
  9172.54004  1.11731554E-13
  9175.28027  1.06580075E-13
  9178.02051  1.05714116E-13
  9180.75977  1.08960035E-13
  9183.5  1.10097139E-13
  9186.24023  1.10756869E-13
  9188.98047  1.12377304E-13
  9191.71973  1.12872189E-13
  9194.45996  1.0951928E-13
  9197.2002  1.08265203E-13
  9199.94043  1.10909783E-13
  9202.67969  1.10963484E-13
  9205.41992  1.09698485E-13
  9208.16016  1.0852424E-13
  9210.90039  1.06254293E-13
  9213.63965  9.93789266E-14
  9216.37988  9.59328781E-14
  9219.12012  1.01146339E-13
  9221.86035  1.03662799E-13
  9224.59961  1.04199106E-13
  9227.33984  1.00531169E-13
  9230.08008  9.5808493E-14
  9232.82031  1.03655833E-13
  9235.55957  1.10703066E-13
  9238.2998  1.04952641E-13
  9241.04004  1.01811687E-13
  9243.78027  1.04002202E-13
  9246.52051  1.06020139E-13
  9249.25977  1.08569268E-13
  9252.  1.08992269E-13
  9254.74023  1.08648584E-13
  9257.48047  1.09124705E-13
  9260.21973  1.091545E-13
  9262.95996  1.07985371E-13
  9265.7002  1.07377113E-13
  9268.44043  1.07612798E-13
  9271.17969  1.05858661E-13
  9273.91992  1.03274519E-13
  9276.66016  1.02188257E-13
  9279.40039  1.03237487E-13
  9282.13965  1.10547429E-13
  9284.87988  1.12866598E-13
  9287.62012  1.05078998E-13
  9290.36035  1.02617493E-13
  9293.09961  1.03331758E-13
  9295.83984  1.04682776E-13
  9298.58008  1.05692581E-13
  9301.32031  1.0099949E-13
  9304.05957  9.83420092E-14
  9306.7998  1.03676223E-13
  9309.54004  1.05287618E-13
  9312.28027  1.01724286E-13
  9315.02051  1.02581985E-13
  9317.75977  1.05339125E-13
  9320.5  1.06107106E-13
  9323.24023  1.06317644E-13
  9325.98047  1.0623208E-13
  9328.71973  1.06594766E-13
  9331.45996  1.09001472E-13
  9334.2002  1.06508098E-13
  9336.94043  9.94928559E-14
  9339.67969  1.01861045E-13
  9342.41992  1.07283546E-13
  9345.16016  1.06856737E-13
  9347.90039  1.05841652E-13
  9350.63965  1.06409402E-13
  9353.37988  1.0631204E-13
  9356.12012  1.05202041E-13
  9358.86035  1.04557964E-13
  9361.59961  1.04253832E-13
  9364.33984  1.07045754E-13
  9367.08008  1.08878394E-13
  9369.82031  1.02848224E-13
  9372.55957  9.90430001E-14
  9375.2998  1.0145394E-13
  9378.04004  1.02430996E-13
  9380.78027  1.02652844E-13
  9383.52051  1.01363938E-13
  9386.25977  9.9631051E-14
  9389.  1.00092413E-13
  9391.74023  1.01894025E-13
  9394.48047  1.06894169E-13
  9397.21973  1.07300142E-13
  9399.95996  9.88297307E-14
  9402.7002  1.00553992E-13
  9405.44043  1.07842358E-13
  9408.17969  1.10257594E-13
  9410.91992  1.10067656E-13
  9413.66016  1.05011628E-13
  9416.40039  1.01491738E-13
  9419.13965  1.02585346E-13
  9421.87988  1.03467223E-13
  9424.62012  1.04442747E-13
  9427.36035  1.05507657E-13
  9430.09961  1.06332803E-13
  9432.83984  1.05207171E-13
  9435.58008  1.03626533E-13
  9438.32031  1.02170463E-13
  9441.05957  1.01735603E-13
  9443.7998  1.03409441E-13
  9446.54004  1.02230887E-13
  9449.28027  9.93347996E-14
  9452.02051  1.01456929E-13
  9454.75977  1.04915032E-13
  9457.5  1.06403649E-13
  9460.24023  1.05804166E-13
  9462.98047  1.01522489E-13
  9465.71973  9.8315453E-14
  9468.45996  9.54573673E-14
  9471.2002  9.80914365E-14
  9473.94043  1.0340526E-13
  9476.67969  1.0318409E-13
  9479.41992  1.02110947E-13
  9482.16016  1.02494192E-13
  9484.90039  1.04049642E-13
  9487.63965  1.08571341E-13
  9490.37988  1.07826312E-13
  9493.12012  1.03181034E-13
  9495.86035  9.92062064E-14
  9498.59961  9.63370077E-14
  9501.33984  9.9126443E-14
  9504.08008  1.0177128E-13
  9506.82031  1.01369237E-13
  9509.55957  1.01075127E-13
  9512.2998  1.00556302E-13
  9515.04004  1.02279601E-13
  9517.78027  1.0498455E-13
  9520.52051  1.03694133E-13
  9523.25977  1.02420351E-13
  9526.  1.05951008E-13
  9528.74023  1.0666858E-13
  9531.48047  1.00812045E-13
  9534.21973  1.00137204E-13
  9536.95996  1.03339233E-13
  9539.7002  1.01692648E-13
  9542.44043  9.85364744E-14
  9545.17969  9.73566862E-14
  9547.91992  9.62681405E-14
  9550.66016  9.38006657E-14
  9553.40039  9.4031384E-14
  9556.13965  9.81720944E-14
  9558.87988  9.94932489E-14
  9561.62012  9.95181924E-14
  9564.36035  9.91303868E-14
  9567.09961  9.83787636E-14
  9569.83984  9.71624108E-14
  9572.58008  9.70628268E-14
  9575.32031  9.94191505E-14
  9578.05957  9.99884583E-14
  9580.7998  9.91221401E-14
  9583.54004  9.86263886E-14
  9586.28027  9.82168177E-14
  9589.02051  9.80788327E-14
  9591.75977  9.8559324E-14
  9594.5  1.00706403E-13
  9597.24023  1.01296724E-13
  9599.98047  9.88493684E-14
  9602.71973  1.00783693E-13
  9605.45996  1.04895008E-13
  9608.2002  1.02735752E-13
  9610.94043  9.83540438E-14
  9613.67969  9.25924715E-14
  9616.41992  9.17911309E-14
  9619.16016  1.02378826E-13
  9621.90039  1.04949313E-13
  9624.63965  9.99648769E-14
  9627.37988  1.01660698E-13
  9630.12012  1.04966586E-13
  9632.86035  1.01929255E-13
  9635.59961  9.85067673E-14
  9638.33984  9.82459692E-14
  9641.08008  9.81391007E-14
  9643.82031  9.82176715E-14
  9646.55957  9.74933499E-14
  9649.2998  9.62292447E-14
  9652.04004  9.46987646E-14
  9654.78027  9.3675149E-14
  9657.52051  9.520857E-14
  9660.25977  9.6611304E-14
  9663.  9.70426268E-14
  9665.74023  9.65098092E-14
  9668.48047  9.41499076E-14
  9671.21973  9.93805664E-14
  9673.95996  1.0741668E-13
  9676.7002  1.05369388E-13
  9679.44043  1.02021046E-13
  9682.17969  1.03862286E-13
  9684.91992  1.03103026E-13
  9687.66016  9.59657226E-14
  9690.40039  9.72632416E-14
  9693.13965  1.0427826E-13
  9695.87988  1.03953813E-13
  9698.62012  1.00472988E-13
  9701.36035  9.37960647E-14
  9704.09961  9.05459925E-14
  9706.83984  9.66552074E-14
  9709.58008  9.9503E-14
  9712.32031  9.90389818E-14
  9715.05957  9.74544203E-14
  9717.7998  9.52585721E-14
  9720.54004  9.87110242E-14
  9723.28027  1.01088937E-13
  9726.02051  9.37625628E-14
  9728.75977  9.09816385E-14
  9731.5  9.90686279E-14
  9734.24023  9.80052424E-14
  9736.98047  9.0383972E-14
  9739.71973  9.2493389E-14
  9742.45996  9.70228333E-14
  9745.2002  9.5039055E-14
  9747.94043  9.23759157E-14
  9750.67969  8.99482379E-14
  9753.41992  9.11717262E-14
  9756.16016  9.80868693E-14
  9758.90039  9.70577039E-14
  9761.63965  9.25986176E-14
  9764.37988  9.76935004E-14
  9767.12012  1.0327311E-13
  9769.86035  1.00569367E-13
  9772.59961  9.87755816E-14
  9775.33984  1.00838649E-13
  9778.08008  1.00150702E-13
  9780.82031  9.726026E-14
  9783.55957  9.60376052E-14
  9786.2998  9.5392986E-14
  9789.04004  9.42940658E-14
  9791.78027  9.44778449E-14
  9794.52051  9.85522902E-14
  9797.25977  9.93833176E-14
  9800.  9.48291941E-14
  9802.74023  9.54846824E-14
  9805.48047  9.87467961E-14
  9808.21973  1.01168179E-13
  9810.95996  1.01607924E-13
  9813.7002  9.52938019E-14
  9816.44043  9.03979447E-14
  9819.17969  8.93795942E-14
  9821.91992  9.00943816E-14
  9824.66016  9.28541505E-14
  9827.40039  9.49887548E-14
  9830.13965  9.68642891E-14
  9832.87988  9.74127395E-14
  9835.62012  9.76696344E-14
  9838.36035  9.90633289E-14
  9841.09961  9.7938747E-14
  9843.83984  9.25070567E-14
  9846.58008  9.03102937E-14
  9849.32031  8.96982887E-14
  9852.05957  8.82665523E-14
  9854.7998  8.7593344E-14
  9857.54004  8.95948287E-14
  9860.28027  9.24871142E-14
  9863.02051  9.68151408E-14
  9865.75977  9.8285983E-14
  9868.5  9.68385325E-14
  9871.24023  9.61627018E-14
  9873.98047  9.56282986E-14
  9876.71973  9.62579219E-14
  9879.45996  9.66310026E-14
  9882.2002  9.51981685E-14
  9884.94043  9.44634182E-14
  9887.67969  9.42820041E-14
  9890.41992  9.72034681E-14
  9893.16016  1.02376088E-13
  9895.90039  9.76422786E-14
  9898.63965  9.03373784E-14
  9901.37988  8.87831814E-14
  9904.12012  8.93104018E-14
  9906.86035  9.27380731E-14
  9909.59961  9.33981218E-14
  9912.33984  9.10849561E-14
  9915.08008  8.88257431E-14
  9917.82031  8.69382488E-14
  9920.55957  9.15361062E-14
  9923.2998  9.59700323E-14
  9926.04004  9.38083433E-14
  9928.78027  9.21947252E-14
  9931.52051  9.22678546E-14
  9934.25977  9.26109233E-14
  9937.  9.33553975E-14
  9939.74023  9.43002526E-14
  9942.48047  9.46695521E-14
  9945.21973  9.12595872E-14
  9947.95996  8.96129484E-14
  9950.7002  9.43571122E-14
  9953.44043  9.53919357E-14
  9956.17969  9.12722385E-14
  9958.91992  9.28859515E-14
  9961.66016  9.69438763E-14
  9964.40039  9.72739752E-14
  9967.13965  9.5605327E-14
  9969.87988  8.98271258E-14
  9972.62012  8.83993874E-14
  9975.36035  9.75523373E-14
  9978.09961  9.56423254E-14
  9980.83984  8.48623675E-14
  9983.58008  8.66025933E-14
  9986.32031  9.21307369E-14
  9989.05957  9.08508295E-14
  9991.7998  8.97486295E-14
  9994.54004  9.19770987E-14
  9997.28027  9.38431529E-14
  10000.0205  9.54618532E-14
  10002.7598  9.58484797E-14
  10005.5  9.52721924E-14
  10008.2402  9.4126333E-14
  10010.9805  9.15862506E-14
  10013.7197  8.37620107E-14
  10016.46  8.19023668E-14
  10019.2002  9.35738168E-14
  10021.9404  9.65862183E-14
  10024.6797  9.25387561E-14
  10027.4199  9.40688703E-14
  10030.1602  9.57650232E-14
  10032.9004  8.62676697E-14
  10035.6396  8.01392711E-14
  10038.3799  9.0784456E-14
  10041.1201  9.4120214E-14
  10043.8604  8.52215772E-14
  10046.5996  8.27414309E-14
  10049.3398  8.32865339E-14
  10052.0801  9.26018973E-14
  10054.8203  1.0019302E-13
  10057.5596  8.69567141E-14
  10060.2998  7.73941255E-14
  10063.04  7.91685985E-14
  10065.7803  8.59422125E-14
  10068.5205  9.9768765E-14
  10071.2598  9.83718518E-14
  10074.  9.09523921E-14
  10076.7402  9.32148645E-14
  10079.4805  9.6457659E-14
  10082.2197  9.68067586E-14
  10084.96  9.64904832E-14
  10087.7002  9.50242557E-14
  10090.4404  9.54370385E-14
  10093.1797  9.69183704E-14
  10095.9199  9.4095379E-14
  10098.6602  9.1170005E-14
  10101.4004  9.58141715E-14
  10104.1396  9.67999078E-14
  10106.8799  8.73221241E-14
  10109.6201  8.15364622E-14
  10112.3604  7.81145778E-14
  10115.0996  8.44488664E-14
  10117.8398  9.55874851E-14
  10120.5801  9.64015719E-14
  10123.3203  9.57388804E-14
  10126.0596  1.00984007E-13
  10128.7998  9.94311784E-14
  10131.54  8.3159567E-14
  10134.2803  8.34995525E-14
  10137.0205  9.49461863E-14
  10139.7598  9.4913911E-14
  10142.5  9.05244236E-14
  10145.2402  8.25866204E-14
  10147.9805  7.91442582E-14
  10150.7197  8.8056854E-14
  10153.46  9.21584179E-14
  10156.2002  9.19862873E-14
  10158.9404  8.41376529E-14
  10161.6797  7.31958371E-14
  10164.4199  8.35689008E-14
  10167.1602  9.51026638E-14
  10169.9004  9.12672173E-14
  10172.6396  8.35953214E-14
  10175.3799  6.84568233E-14
  10178.1201  6.94480619E-14
  10180.8604  8.35182346E-14
  10183.5996  7.60421457E-14
  10186.3398  6.41415225E-14
  10189.0801  7.17183542E-14
  10191.8203  8.17836602E-14
  10194.5596  9.911245E-14
  10197.2998  8.04576878E-14
  10200.04  8.13312566E-15
  10202.7803 -9.33721179E-15
  10205.5205  0.
