#*G29-23
#*
#*  Heap-Lindler STIS
#set .z.units = "Ergs/s/cm**2/A"
#set .z.label = "Flux"
#set .table.bandwidth = 2.74
#*
  2950.  1.87689247E-13
  2952.73999  1.90584839E-13
  2955.47998  1.95580029E-13
  2958.21997  1.96125966E-13
  2960.95996  1.97701027E-13
  2963.69995  1.965246E-13
  2966.43994  1.84567788E-13
  2969.17993  1.82371777E-13
  2971.91992  1.86350474E-13
  2974.65991  1.99795746E-13
  2977.3999  2.03440306E-13
  2980.13989  1.94293691E-13
  2982.87988  1.85735962E-13
  2985.62012  1.77528497E-13
  2988.36011  1.96162775E-13
  2991.1001  2.0634735E-13
  2993.84009  2.01249201E-13
  2996.58008  2.03651481E-13
  2999.32007  2.00919495E-13
  3002.06006  1.87882668E-13
  3004.80005  1.98420043E-13
  3007.54004  1.9956885E-13
  3010.28003  2.02752704E-13
  3013.02002  2.03327196E-13
  3015.76001  2.02618955E-13
  3018.5  1.90220954E-13
  3021.23999  1.87722667E-13
  3023.97998  1.96358636E-13
  3026.71997  1.98501412E-13
  3029.45996  2.06647958E-13
  3032.19995  2.06116672E-13
  3034.93994  2.09584574E-13
  3037.67993  2.07315081E-13
  3040.41992  2.0378355E-13
  3043.15991  2.01974369E-13
  3045.8999  2.03926706E-13
  3048.63989  2.02388589E-13
  3051.37988  2.09853754E-13
  3054.12012  2.08076679E-13
  3056.86011  1.9426225E-13
  3059.6001  1.93352075E-13
  3062.34009  1.99548237E-13
  3065.08008  1.98350681E-13
  3067.82007  1.8462666E-13
  3070.56006  1.89043388E-13
  3073.30005  2.00537192E-13
  3076.04004  2.02701611E-13
  3078.78003  2.05613358E-13
  3081.52002  2.04800044E-13
  3084.26001  2.06006707E-13
  3087.  2.10914728E-13
  3089.73999  2.01276645E-13
  3092.47998  1.966318E-13
  3095.21997  1.93325594E-13
  3097.95996  1.96750765E-13
  3100.69995  1.92769534E-13
  3103.43994  1.91678406E-13
  3106.17993  2.00100082E-13
  3108.91992  2.12370201E-13
  3111.65991  2.21274266E-13
  3114.3999  2.14927184E-13
  3117.13989  2.11789719E-13
  3119.87988  1.98200736E-13
  3122.62012  2.02665602E-13
  3125.36011  2.07585183E-13
  3128.1001  2.01175068E-13
  3130.84009  2.05352852E-13
  3133.58008  1.96185529E-13
  3136.32007  2.03026682E-13
  3139.06006  2.19059607E-13
  3141.80005  2.15016562E-13
  3144.54004  2.02650559E-13
  3147.28003  1.99917245E-13
  3150.02002  2.16743222E-13
  3152.76001  2.11227289E-13
  3155.5  2.09387778E-13
  3158.23999  2.06476139E-13
  3160.97998  1.96578986E-13
  3163.71997  2.0016615E-13
  3166.45996  2.10304389E-13
  3169.19995  2.08093959E-13
  3171.93994  2.20160614E-13
  3174.67993  2.27278157E-13
  3177.41992  2.19146478E-13
  3180.15991  2.03500181E-13
  3182.8999  1.96699373E-13
  3185.63989  2.01078845E-13
  3188.37988  2.08859175E-13
  3191.12012  2.09568365E-13
  3193.86011  2.04234145E-13
  3196.6001  2.10749265E-13
  3199.34009  2.10125686E-13
  3202.08008  2.22589308E-13
  3204.82007  2.17395898E-13
  3207.56006  2.2389172E-13
  3210.30005  2.21127831E-13
  3213.04004  2.11019976E-13
  3215.78003  2.03131471E-13
  3218.52002  2.00494216E-13
  3221.26001  2.16850097E-13
  3224.  2.18813777E-13
  3226.73999  2.17088175E-13
  3229.47998  2.02193405E-13
  3232.21997  2.00768615E-13
  3234.95996  1.97715135E-13
  3237.69995  2.047264E-13
  3240.43994  2.09436933E-13
  3243.17993  2.15241426E-13
  3245.91992  2.19758212E-13
  3248.65991  2.20599309E-13
  3251.3999  2.19161535E-13
  3254.13989  2.32220601E-13
  3256.87988  2.15208602E-13
  3259.62012  2.2769796E-13
  3262.36011  2.2786303E-13
  3265.1001  2.30039458E-13
  3267.84009  2.34654987E-13
  3270.58008  2.27546768E-13
  3273.32007  2.19257352E-13
  3276.06006  2.28961977E-13
  3278.80005  2.25655757E-13
  3281.54004  2.27423007E-13
  3284.28003  2.31914748E-13
  3287.02002  2.32492492E-13
  3289.76001  2.30356316E-13
  3292.5  2.28700061E-13
  3295.23999  2.39841269E-13
  3297.97998  2.43959285E-13
  3300.71997  2.41701787E-13
  3303.45996  2.34851337E-13
  3306.19995  2.33651043E-13
  3308.93994  2.2809223E-13
  3311.67993  2.37247911E-13
  3314.41992  2.30158503E-13
  3317.15991  2.29346517E-13
  3319.8999  2.34224424E-13
  3322.63989  2.29398233E-13
  3325.37988  2.22476117E-13
  3328.12012  2.36989573E-13
  3330.86011  2.28194688E-13
  3333.6001  2.26625657E-13
  3336.34009  2.26251296E-13
  3339.08008  2.30737331E-13
  3341.82007  2.29241024E-13
  3344.56006  2.23565185E-13
  3347.30005  2.26698245E-13
  3350.04004  2.2025498E-13
  3352.78003  2.29429702E-13
  3355.52002  2.33017029E-13
  3358.26001  2.40002571E-13
  3361.  2.29078177E-13
  3363.73999  2.22673144E-13
  3366.47998  2.28016336E-13
  3369.21997  2.24265769E-13
  3371.95996  2.29382729E-13
  3374.69995  2.22979689E-13
  3377.43994  2.34198565E-13
  3380.17993  2.25977277E-13
  3382.91992  2.19896584E-13
  3385.65991  2.27894201E-13
  3388.3999  2.35203025E-13
  3391.13989  2.36926743E-13
  3393.87988  2.25909731E-13
  3396.62012  2.20499644E-13
  3399.36011  2.4356675E-13
  3402.1001  2.42098821E-13
  3404.84009  2.29537797E-13
  3407.58008  2.28864589E-13
  3410.32007  2.29121491E-13
  3413.06006  2.35296645E-13
  3415.80005  2.27764747E-13
  3418.54004  2.34154466E-13
  3421.28003  2.36034662E-13
  3424.02002  2.34441752E-13
  3426.76001  2.30969405E-13
  3429.5  2.34595573E-13
  3432.23999  2.40306933E-13
  3434.97998  2.38201955E-13
  3437.71997  2.30843041E-13
  3440.45996  2.38329132E-13
  3443.19995  2.29776511E-13
  3445.93994  2.19711375E-13
  3448.67993  2.35235767E-13
  3451.41992  2.41873063E-13
  3454.15991  2.33233409E-13
  3456.8999  2.3291094E-13
  3459.63989  2.37599437E-13
  3462.37988  2.34012977E-13
  3465.12012  2.33995982E-13
  3467.86011  2.37104065E-13
  3470.6001  2.42508406E-13
  3473.34009  2.35406231E-13
  3476.08008  2.34820681E-13
  3478.82007  2.27188819E-13
  3481.56006  2.38995347E-13
  3484.30005  2.44055427E-13
  3487.04004  2.40143219E-13
  3489.78003  2.4092295E-13
  3492.52002  2.29543272E-13
  3495.26001  2.30882235E-13
  3498.  2.31527146E-13
  3500.73999  2.32079194E-13
  3503.47998  2.3593066E-13
  3506.21997  2.36515478E-13
  3508.95996  2.46690526E-13
  3511.69995  2.30541091E-13
  3514.43994  2.37915346E-13
  3517.17993  2.35748975E-13
  3519.91992  2.40036235E-13
  3522.65991  2.35419838E-13
  3525.3999  2.29904908E-13
  3528.13989  2.19376953E-13
  3530.87988  2.39353432E-13
  3533.62012  2.3536823E-13
  3536.36011  2.43143342E-13
  3539.1001  2.43296079E-13
  3541.84009  2.47184543E-13
  3544.58008  2.43251084E-13
  3547.32007  2.4901614E-13
  3550.06006  2.46712752E-13
  3552.80005  2.44513394E-13
  3555.54004  2.40484119E-13
  3558.28003  2.39622097E-13
  3561.02002  2.41249864E-13
  3563.76001  2.48012467E-13
  3566.5  2.36319238E-13
  3569.23999  2.33889297E-13
  3571.97998  2.24178369E-13
  3574.71997  2.26441627E-13
  3577.45996  2.36744028E-13
  3580.19995  2.36391419E-13
  3582.93994  2.33127184E-13
  3585.67993  2.32883455E-13
  3588.41992  2.16707782E-13
  3591.15991  2.27548368E-13
  3593.8999  2.38442675E-13
  3596.63989  2.45337333E-13
  3599.37988  2.42695648E-13
  3602.12012  2.44224508E-13
  3604.86011  2.37354732E-13
  3607.6001  2.29488845E-13
  3610.34009  2.40916418E-13
  3613.08008  2.35184674E-13
  3615.82007  2.39034026E-13
  3618.56006  2.42803688E-13
  3621.30005  2.33423795E-13
  3624.04004  2.41752175E-13
  3626.78003  2.40335123E-13
  3629.52002  2.48892378E-13
  3632.26001  2.37961641E-13
  3635.  2.37118295E-13
  3637.73999  2.4542472E-13
  3640.47998  2.46291729E-13
  3643.21997  2.43615349E-13
  3645.95996  2.36839031E-13
  3648.69995  2.39658445E-13
  3651.43994  2.4332294E-13
  3654.17993  2.42516022E-13
  3656.91992  2.47803541E-13
  3659.65991  2.51632265E-13
  3662.3999  2.48857087E-13
  3665.13989  2.52657107E-13
  3667.87988  2.49136432E-13
  3670.62012  2.50078712E-13
  3673.36011  2.48960303E-13
  3676.1001  2.51327496E-13
  3678.84009  2.45740331E-13
  3681.58008  2.47457464E-13
  3684.32007  2.42135522E-13
  3687.06006  2.32197155E-13
  3689.80005  2.41659503E-13
  3692.54004  2.48724977E-13
  3695.28003  2.52035995E-13
  3698.02002  2.50661254E-13
  3700.76001  2.61362899E-13
  3703.5  2.56618186E-13
  3706.23999  2.36415298E-13
  3708.97998  2.40514748E-13
  3711.71997  2.43466922E-13
  3714.45996  2.43579815E-13
  3717.19995  2.66275175E-13
  3719.93994  2.71313598E-13
  3722.67993  2.27636459E-13
  3725.41992  2.38793089E-13
  3728.15991  2.69821112E-13
  3730.8999  2.72251297E-13
  3733.63989  2.48675998E-13
  3736.37988  2.15652772E-13
  3739.12012  2.40999955E-13
  3741.86011  2.79011731E-13
  3744.6001  2.77361765E-13
  3747.34009  2.60475967E-13
  3750.08008  2.27391646E-13
  3752.82007  2.30325931E-13
  3755.56006  2.7422525E-13
  3758.30005  2.91008293E-13
  3761.04004  2.89177455E-13
  3763.78003  2.92827828E-13
  3766.52002  2.88117376E-13
  3769.26001  2.62237335E-13
  3772.  2.25097203E-13
  3774.73999  2.50658245E-13
  3777.47998  2.94375771E-13
  3780.21997  3.21803809E-13
  3782.95996  3.36985024E-13
  3785.69995  3.32008157E-13
  3788.43994  3.17215763E-13
  3791.17993  3.05523971E-13
  3793.91992  2.90397968E-13
  3796.65991  2.57828481E-13
  3799.3999  2.23215028E-13
  3802.13989  2.59792025E-13
  3804.87988  3.00227237E-13
  3807.62012  3.13731625E-13
  3810.36011  3.30219061E-13
  3813.1001  3.28408497E-13
  3815.84009  3.26511686E-13
  3818.58008  3.28689224E-13
  3821.32007  3.2448561E-13
  3824.06006  3.22375481E-13
  3826.80005  3.08534719E-13
  3829.54004  2.93263379E-13
  3832.28003  2.67828891E-13
  3835.02002  2.22457063E-13
  3837.76001  2.14710343E-13
  3840.5  2.54257986E-13
  3843.23999  2.93003089E-13
  3845.97998  3.18512957E-13
  3848.71997  3.31921583E-13
  3851.45996  3.33408377E-13
  3854.19995  3.47278033E-13
  3856.93994  3.42717472E-13
  3859.67993  3.30066269E-13
  3862.41992  3.38280781E-13
  3865.15991  3.50486431E-13
  3867.8999  3.5087154E-13
  3870.63989  3.44368902E-13
  3873.37988  3.29026953E-13
  3876.12012  3.26889557E-13
  3878.86011  3.21080483E-13
  3881.6001  3.170791E-13
  3884.34009  3.00170696E-13
  3887.08008  2.63841222E-13
  3889.82007  2.1949944E-13
  3892.56006  2.46664966E-13
  3895.30005  2.83908449E-13
  3898.04004  3.05684053E-13
  3900.78003  3.12838297E-13
  3903.52002  3.20759315E-13
  3906.26001  3.20025636E-13
  3909.  3.31482861E-13
  3911.73999  3.44456858E-13
  3914.47998  3.45127247E-13
  3917.21997  3.39279006E-13
  3919.95996  3.4069698E-13
  3922.69995  3.38444415E-13
  3925.43994  3.35305731E-13
  3928.17993  3.17661885E-13
  3930.91992  2.63425485E-13
  3933.65991  1.80684596E-13
  3936.3999  1.84240196E-13
  3939.13989  2.67604488E-13
  3941.87988  3.17292931E-13
  3944.62012  3.31732471E-13
  3947.36011  3.39640317E-13
  3950.1001  3.39684688E-13
  3952.84009  3.37282313E-13
  3955.58008  3.34575087E-13
  3958.32007  3.24475473E-13
  3961.06006  3.19145616E-13
  3963.80005  2.95327022E-13
  3966.54004  2.36634497E-13
  3969.28003  2.02171382E-13
  3972.02002  1.92947709E-13
  3974.76001  2.50250368E-13
  3977.5  3.04610747E-13
  3980.23999  3.29761229E-13
  3982.97998  3.44475262E-13
  3985.71997  3.44048981E-13
  3988.45996  3.46320222E-13
  3991.19995  3.5632009E-13
  3993.93994  3.610313E-13
  3996.67993  3.52439947E-13
  3999.41992  3.47023679E-13
  4002.15991  3.55503577E-13
  4004.8999  3.5917764E-13
  4007.63989  3.5783144E-13
  4010.37988  3.59340053E-13
  4013.12012  3.57999736E-13
  4015.86011  3.57613001E-13
  4018.6001  3.61511737E-13
  4021.34009  3.66153044E-13
  4024.08008  3.66271656E-13
  4026.82007  3.64598895E-13
  4029.56006  3.64575774E-13
  4032.30005  3.57021379E-13
  4035.04004  3.58610385E-13
  4037.78003  3.6432283E-13
  4040.52002  3.63174443E-13
  4043.26001  3.63306038E-13
  4046.  3.55898552E-13
  4048.73999  3.57478478E-13
  4051.47998  3.65299045E-13
  4054.21997  3.66039501E-13
  4056.95996  3.59804526E-13
  4059.69995  3.61487478E-13
  4062.43994  3.57679327E-13
  4065.17993  3.56547013E-13
  4067.91992  3.54647762E-13
  4070.65991  3.55649917E-13
  4073.3999  3.56200963E-13
  4076.13989  3.49082064E-13
  4078.87988  3.46068633E-13
  4081.62012  3.52194592E-13
  4084.36011  3.51872909E-13
  4087.1001  3.46376384E-13
  4089.84009  3.45117489E-13
  4092.58008  3.37730522E-13
  4095.32007  3.25603883E-13
  4098.06006  3.01230828E-13
  4100.7998  2.57265617E-13
  4103.54004  2.38849603E-13
  4106.27979  2.76016026E-13
  4109.02002  3.16330133E-13
  4111.75977  3.31973788E-13
  4114.5  3.40372722E-13
  4117.24023  3.45927876E-13
  4119.97998  3.4399862E-13
  4122.72021  3.42566009E-13
  4125.45996  3.50600598E-13
  4128.2002  3.50755259E-13
  4130.93994  3.48601437E-13
  4133.68018  3.48863923E-13
  4136.41992  3.57140424E-13
  4139.16016  3.58920142E-13
  4141.8999  3.57831196E-13
  4144.64014  3.5332967E-13
  4147.37988  3.57036178E-13
  4150.12012  3.56844572E-13
  4152.85986  3.58100702E-13
  4155.6001  3.53866025E-13
  4158.33984  3.51559033E-13
  4161.08008  3.54193183E-13
  4163.81982  3.56758758E-13
  4166.56006  3.54042614E-13
  4169.2998  3.5610287E-13
  4172.04004  3.51142211E-13
  4174.77979  3.45350566E-13
  4177.52002  3.47933732E-13
  4180.25977  3.52687606E-13
  4183.  3.48913173E-13
  4185.74023  3.4940391E-13
  4188.47998  3.50104033E-13
  4191.22021  3.51182625E-13
  4193.95996  3.55175552E-13
  4196.7002  3.4882931E-13
  4199.43994  3.42993537E-13
  4202.18018  3.49930724E-13
  4204.91992  3.57391146E-13
  4207.66016  3.55637747E-13
  4210.3999  3.5109559E-13
  4213.14014  3.52528336E-13
  4215.87988  3.50586557E-13
  4218.62012  3.47246266E-13
  4221.35986  3.46946349E-13
  4224.1001  3.46259452E-13
  4226.83984  3.4013371E-13
  4229.58008  3.40202774E-13
  4232.31982  3.47775004E-13
  4235.06006  3.49026797E-13
  4237.7998  3.52912198E-13
  4240.54004  3.55117953E-13
  4243.27979  3.52427424E-13
  4246.02002  3.52227145E-13
  4248.75977  3.42966785E-13
  4251.5  3.39483324E-13
  4254.24023  3.46863868E-13
  4256.97998  3.5575213E-13
  4259.72021  3.52851537E-13
  4262.45996  3.52856335E-13
  4265.2002  3.55821113E-13
  4267.93994  3.5299907E-13
  4270.68018  3.46947541E-13
  4273.41992  3.38604307E-13
  4276.16016  3.43753373E-13
  4278.8999  3.51212223E-13
  4281.64014  3.47525394E-13
  4284.37988  3.46552512E-13
  4287.12012  3.46658086E-13
  4289.85986  3.35689267E-13
  4292.6001  3.30946913E-13
  4295.33984  3.46353778E-13
  4298.08008  3.37375581E-13
  4300.81982  3.18137796E-13
  4303.56006  3.20158505E-13
  4306.2998  3.22966507E-13
  4309.04004  3.22310917E-13
  4311.77979  3.28081204E-13
  4314.52002  3.31432391E-13
  4317.25977  3.3817312E-13
  4320.  3.39434183E-13
  4322.74023  3.3249762E-13
  4325.47998  3.24593217E-13
  4328.22021  3.2444422E-13
  4330.95996  3.28585737E-13
  4333.7002  3.19090051E-13
  4336.43994  2.92001395E-13
  4339.18018  2.47657065E-13
  4341.91992  2.32894704E-13
  4344.66016  2.71479616E-13
  4347.3999  3.10584349E-13
  4350.14014  3.23868048E-13
  4352.87988  3.29151989E-13
  4355.62012  3.35033298E-13
  4358.35986  3.41263693E-13
  4361.1001  3.44962774E-13
  4363.83984  3.4719623E-13
  4366.58008  3.47149853E-13
  4369.31982  3.46852999E-13
  4372.06006  3.46940548E-13
  4374.7998  3.4273154E-13
  4377.54004  3.42302684E-13
  4380.27979  3.45472484E-13
  4383.02002  3.45453131E-13
  4385.75977  3.44575903E-13
  4388.5  3.46073593E-13
  4391.24023  3.48033668E-13
  4393.97998  3.46741651E-13
  4396.72021  3.46776996E-13
  4399.45996  3.44544434E-13
  4402.2002  3.43199644E-13
  4404.93994  3.4116644E-13
  4407.68018  3.44325669E-13
  4410.41992  3.51383663E-13
  4413.16016  3.46010845E-13
  4415.8999  3.42614988E-13
  4418.64014  3.45847347E-13
  4421.37988  3.5165493E-13
  4424.12012  3.49700439E-13
  4426.85986  3.41970267E-13
  4429.6001  3.44508032E-13
  4432.33984  3.45556727E-13
  4435.08008  3.44323338E-13
  4437.81982  3.41575238E-13
  4440.56006  3.42055242E-13
  4443.2998  3.43083716E-13
  4446.04004  3.44771358E-13
  4448.77979  3.45647718E-13
  4451.52002  3.45306737E-13
  4454.25977  3.42624827E-13
  4457.  3.371933E-13
  4459.74023  3.41436487E-13
  4462.47998  3.43876539E-13
  4465.22021  3.43847672E-13
  4467.95996  3.4125033E-13
  4470.7002  3.41726891E-13
  4473.43994  3.48079286E-13
  4476.18018  3.4792148E-13
  4478.91992  3.41778336E-13
  4481.66016  3.38787917E-13
  4484.3999  3.47005763E-13
  4487.14014  3.52237093E-13
  4489.87988  3.47068186E-13
  4492.62012  3.45434212E-13
  4495.35986  3.48675136E-13
  4498.1001  3.47296627E-13
  4500.83984  3.41209645E-13
  4503.58008  3.40732434E-13
  4506.31982  3.44768051E-13
  4509.06006  3.46307537E-13
  4511.7998  3.46215515E-13
  4514.54004  3.44423383E-13
  4517.27979  3.44245818E-13
  4520.02002  3.44691479E-13
  4522.75977  3.42835569E-13
  4525.5  3.41642404E-13
  4528.24023  3.39917195E-13
  4530.97998  3.40704678E-13
  4533.72021  3.36755282E-13
  4536.45996  3.35189748E-13
  4539.2002  3.46191798E-13
  4541.93994  3.48286883E-13
  4544.68018  3.43820512E-13
  4547.41992  3.35680268E-13
  4550.16016  3.30145145E-13
  4552.8999  3.35184544E-13
  4555.64014  3.38518845E-13
  4558.37988  3.41839214E-13
  4561.12012  3.4325548E-13
  4563.85986  3.42406279E-13
  4566.6001  3.45009177E-13
  4569.33984  3.43372872E-13
  4572.08008  3.42085897E-13
  4574.81982  3.4630488E-13
  4577.56006  3.48232131E-13
  4580.2998  3.4326635E-13
  4583.04004  3.38886064E-13
  4585.77979  3.39372817E-13
  4588.52002  3.41979103E-13
  4591.25977  3.4523808E-13
  4594.  3.43897572E-13
  4596.74023  3.42743574E-13
  4599.47998  3.44908916E-13
  4602.22021  3.41116837E-13
  4604.95996  3.35536395E-13
  4607.7002  3.41267758E-13
  4610.43994  3.43383958E-13
  4613.18018  3.44329952E-13
  4615.91992  3.44538634E-13
  4618.66016  3.42196838E-13
  4621.3999  3.42969061E-13
  4624.14014  3.4287357E-13
  4626.87988  3.42781765E-13
  4629.62012  3.41600852E-13
  4632.35986  3.4087235E-13
  4635.1001  3.43194955E-13
  4637.83984  3.430716E-13
  4640.58008  3.43760204E-13
  4643.31982  3.40662611E-13
  4646.06006  3.3759955E-13
  4648.7998  3.37547156E-13
  4651.54004  3.39334707E-13
  4654.27979  3.38703783E-13
  4657.02002  3.4004345E-13
  4659.75977  3.41626575E-13
  4662.5  3.39006357E-13
  4665.24023  3.37487037E-13
  4667.97998  3.362894E-13
  4670.72021  3.41067452E-13
  4673.45996  3.42552809E-13
  4676.2002  3.38673588E-13
  4678.93994  3.38501552E-13
  4681.68018  3.37401304E-13
  4684.41992  3.38397333E-13
  4687.16016  3.39146192E-13
  4689.8999  3.40503071E-13
  4692.64014  3.40034018E-13
  4695.37988  3.39431879E-13
  4698.12012  3.38866711E-13
  4700.85986  3.3607153E-13
  4703.6001  3.32301949E-13
  4706.33984  3.33756108E-13
  4709.08008  3.36818166E-13
  4711.81982  3.39570575E-13
  4714.56006  3.37862469E-13
  4717.2998  3.38582949E-13
  4720.04004  3.38562322E-13
  4722.77979  3.35848943E-13
  4725.52002  3.37459607E-13
  4728.25977  3.37415588E-13
  4731.  3.38605907E-13
  4733.74023  3.38415385E-13
  4736.47998  3.38463605E-13
  4739.22021  3.35011316E-13
  4741.95996  3.37836855E-13
  4744.7002  3.40129753E-13
  4747.43994  3.3541369E-13
  4750.18018  3.38065513E-13
  4752.91992  3.3698722E-13
  4755.66016  3.37476846E-13
  4758.3999  3.37621668E-13
  4761.14014  3.34713431E-13
  4763.87988  3.32562564E-13
  4766.62012  3.31596811E-13
  4769.35986  3.31980645E-13
  4772.1001  3.33321478E-13
  4774.83984  3.36173391E-13
  4777.58008  3.32544186E-13
  4780.31982  3.30043935E-13
  4783.06006  3.30741294E-13
  4785.7998  3.31307383E-13
  4788.54004  3.32654965E-13
  4791.27979  3.30880668E-13
  4794.02002  3.33618604E-13
  4796.75977  3.29214683E-13
  4799.5  3.30972419E-13
  4802.24023  3.30785692E-13
  4804.97998  3.30615445E-13
  4807.72021  3.32464064E-13
  4810.45996  3.32989712E-13
  4813.2002  3.30391313E-13
  4815.93994  3.30756906E-13
  4818.68018  3.28231122E-13
  4821.41992  3.32367028E-13
  4824.16016  3.27671402E-13
  4826.8999  3.28174174E-13
  4829.64014  3.27029013E-13
  4832.37988  3.2627972E-13
  4835.12012  3.27581305E-13
  4837.85986  3.25779957E-13
  4840.6001  3.24933548E-13
  4843.33984  3.20393695E-13
  4846.08008  3.17885123E-13
  4848.81982  3.15691836E-13
  4851.56006  3.09189035E-13
  4854.2998  2.96627875E-13
  4857.04004  2.71148176E-13
  4859.77979  2.35269811E-13
  4862.52002  2.28957044E-13
  4865.25977  2.71588822E-13
  4868.  2.96263475E-13
  4870.74023  3.0349261E-13
  4873.47998  3.07571324E-13
  4876.22021  3.10268656E-13
  4878.95996  3.15739839E-13
  4881.7002  3.19042264E-13
  4884.43994  3.20456308E-13
  4887.18018  3.20567737E-13
  4889.91992  3.16416706E-13
  4892.66016  3.15308435E-13
  4895.3999  3.22386025E-13
  4898.14014  3.25762692E-13
  4900.87988  3.24809461E-13
  4903.62012  3.2305178E-13
  4906.35986  3.22495936E-13
  4909.1001  3.24111126E-13
  4911.83984  3.24305117E-13
  4914.58008  3.25719242E-13
  4917.31982  3.22455658E-13
  4920.06006  3.14988568E-13
  4922.7998  3.18363798E-13
  4925.54004  3.19171149E-13
  4928.27979  3.20432754E-13
  4931.02002  3.25220618E-13
  4933.75977  3.25603558E-13
  4936.5  3.21548127E-13
  4939.24023  3.21960964E-13
  4941.97998  3.24631842E-13
  4944.72021  3.25932803E-13
  4947.45996  3.26743922E-13
  4950.2002  3.26756607E-13
  4952.93994  3.25489852E-13
  4955.68018  3.22022709E-13
  4958.41992  3.15282577E-13
  4961.16016  3.22804066E-13
  4963.8999  3.23233248E-13
  4966.64014  3.22883132E-13
  4969.37988  3.21743419E-13
  4972.12012  3.25580708E-13
  4974.85986  3.30673938E-13
  4977.6001  3.17747646E-13
  4980.33984  3.17187167E-13
  4983.08008  3.20336775E-13
  4985.81982  3.17702922E-13
  4988.56006  3.17413413E-13
  4991.2998  3.17441901E-13
  4994.04004  3.20777557E-13
  4996.77979  3.17394684E-13
  4999.52002  3.20599314E-13
  5002.25977  3.16213635E-13
  5005.  3.12898958E-13
  5007.74023  3.12447903E-13
  5010.47998  3.17492533E-13
  5013.22021  3.16766551E-13
  5015.95996  3.13422167E-13
  5018.7002  3.09603363E-13
  5021.43994  3.10658237E-13
  5024.18018  3.21046412E-13
  5026.91992  3.19475945E-13
  5029.66016  3.18805122E-13
  5032.3999  3.19722981E-13
  5035.14014  3.185985E-13
  5037.87988  3.16772026E-13
  5040.62012  3.13875662E-13
  5043.35986  3.15420812E-13
  5046.1001  3.15064083E-13
  5048.83984  3.15452905E-13
  5051.58008  3.1255223E-13
  5054.31982  3.15888727E-13
  5057.06006  3.18484768E-13
  5059.7998  3.17778464E-13
  5062.54004  3.19600412E-13
  5065.27979  3.15533217E-13
  5068.02002  3.17269404E-13
  5070.75977  3.15419755E-13
  5073.5  3.16897225E-13
  5076.24023  3.13604882E-13
  5078.97998  3.13032505E-13
  5081.72021  3.11814431E-13
  5084.45996  3.16680384E-13
  5087.2002  3.15898024E-13
  5089.93994  3.17307107E-13
  5092.68018  3.16714835E-13
  5095.41992  3.13966545E-13
  5098.16016  3.13903146E-13
  5100.8999  3.13562056E-13
  5103.64014  3.13605018E-13
  5106.37988  3.09324831E-13
  5109.12012  3.10634195E-13
  5111.85986  3.14237324E-13
  5114.6001  3.12357155E-13
  5117.33984  3.1475991E-13
  5120.08008  3.14836671E-13
  5122.81982  3.11171228E-13
  5125.56006  3.11846306E-13
  5128.2998  3.12944169E-13
  5131.04004  3.13408506E-13
  5133.77979  3.10647558E-13
  5136.52002  3.09459652E-13
  5139.25977  3.08525449E-13
  5142.  3.04684636E-13
  5144.74023  3.10018477E-13
  5147.47998  3.09353265E-13
  5150.22021  3.08603105E-13
  5152.95996  3.12842878E-13
  5155.7002  3.11378066E-13
  5158.43994  3.13807167E-13
  5161.18018  3.10884483E-13
  5163.91992  3.06502463E-13
  5166.66016  2.98248107E-13
  5169.3999  2.91611949E-13
  5172.14014  2.94150473E-13
  5174.87988  3.00288847E-13
  5177.62012  3.08790509E-13
  5180.35986  3.03668007E-13
  5183.1001  2.97645941E-13
  5185.83984  3.00385774E-13
  5188.58008  3.05293063E-13
  5191.31982  3.01604146E-13
  5194.06006  3.03475913E-13
  5196.7998  3.05586746E-13
  5199.54004  3.06421148E-13
  5202.27979  3.07578778E-13
  5205.02002  3.04685449E-13
  5207.75977  3.06484167E-13
  5210.5  3.08077728E-13
  5213.24023  3.07795754E-13
  5215.97998  3.09181852E-13
  5218.72021  3.05911438E-13
  5221.45996  3.12389681E-13
  5224.2002  3.08813522E-13
  5226.93994  3.01102784E-13
  5229.68018  3.05846494E-13
  5232.41992  3.05625642E-13
  5235.16016  3.00366557E-13
  5237.8999  3.07696414E-13
  5240.64014  3.09854274E-13
  5243.37988  3.07262028E-13
  5246.12012  3.0797481E-13
  5248.85986  3.1036862E-13
  5251.6001  3.088464E-13
  5254.33984  3.10568438E-13
  5257.08008  3.11057332E-13
  5259.81982  3.06656854E-13
  5262.56006  3.01841397E-13
  5265.2998  2.98895511E-13
  5268.04004  3.01493287E-13
  5270.77979  2.94036822E-13
  5273.52002  2.98839648E-13
  5276.25977  3.02898792E-13
  5279.  3.0604184E-13
  5281.74023  3.07751546E-13
  5284.47998  3.03625777E-13
  5287.22021  3.07130216E-13
  5289.95996  3.06317038E-13
  5292.7002  3.07934993E-13
  5295.43994  3.09125853E-13
  5298.18018  3.05560834E-13
  5300.91992  3.06647936E-13
  5303.66016  3.08022921E-13
  5306.3999  3.05950523E-13
  5309.14014  3.05818088E-13
  5311.87988  3.00989593E-13
  5314.62012  3.04781184E-13
  5317.35986  3.0258478E-13
  5320.1001  3.02927984E-13
  5322.83984  3.02084746E-13
  5325.58008  3.01763118E-13
  5328.31982  2.93903113E-13
  5331.06006  3.03345131E-13
  5333.7998  3.03176565E-13
  5336.54004  3.05603606E-13
  5339.27979  3.03618106E-13
  5342.02002  3.01513805E-13
  5344.75977  3.03670609E-13
  5347.5  3.03143713E-13
  5350.24023  3.03736013E-13
  5352.97998  3.03802177E-13
  5355.72021  3.09237662E-13
  5358.45996  3.00480479E-13
  5361.2002  3.02731473E-13
  5363.93994  3.0423686E-13
  5366.68018  2.98534418E-13
  5369.41992  2.9839255E-13
  5372.16016  2.93006044E-13
  5374.8999  3.01549096E-13
  5377.64014  3.03033504E-13
  5380.37988  2.99773769E-13
  5383.12012  3.00422474E-13
  5385.85986  3.00469204E-13
  5388.6001  3.02922075E-13
  5391.33984  3.0190859E-13
  5394.08008  3.00222114E-13
  5396.81982  3.0005184E-13
  5399.56006  3.00260847E-13
  5402.2998  2.98920285E-13
  5405.04004  2.87282622E-13
  5407.77979  3.00851032E-13
  5410.52002  2.96640316E-13
  5413.25977  2.99185481E-13
  5416.  2.99878015E-13
  5418.74023  2.95761435E-13
  5421.47998  2.9751356E-13
  5424.22021  2.95862347E-13
  5426.95996  2.95921301E-13
  5429.7002  2.93584276E-13
  5432.43994  2.94959966E-13
  5435.18018  2.9473063E-13
  5437.91992  2.94683738E-13
  5440.66016  2.94048938E-13
  5443.3999  2.95381341E-13
  5446.14014  2.90347607E-13
  5448.87988  2.89135849E-13
  5451.62012  2.96535962E-13
  5454.35986  2.91194423E-13
  5457.1001  2.96842466E-13
  5459.83984  2.9586354E-13
  5462.58008  2.95882513E-13
  5465.31982  2.96243959E-13
  5468.06006  2.96046119E-13
  5470.7998  2.94294753E-13
  5473.54004  2.93641928E-13
  5476.27979  2.92207041E-13
  5479.02002  2.95123572E-13
  5481.75977  2.95502907E-13
  5484.5  2.94144646E-13
  5487.24023  2.93687194E-13
  5489.97998  2.95134902E-13
  5492.72021  2.92360347E-13
  5495.45996  2.93224321E-13
  5498.2002  2.96297573E-13
  5500.93994  2.94132611E-13
  5503.68018  2.9441014E-13
  5506.41992  2.90311015E-13
  5509.16016  2.90443451E-13
  5511.8999  2.90855176E-13
  5514.64014  2.94753967E-13
  5517.37988  2.89244106E-13
  5520.12012  2.91499274E-13
  5522.85986  2.90908871E-13
  5525.6001  2.90654951E-13
  5528.33984  2.87572158E-13
  5531.08008  2.91151245E-13
  5533.81982  2.91385405E-13
  5536.56006  2.94916516E-13
  5539.2998  2.94040102E-13
  5542.04004  2.93833236E-13
  5544.77979  2.97016616E-13
  5547.52002  2.93690853E-13
  5550.25977  2.92230107E-13
  5553.  2.97713135E-13
  5555.74023  2.93367842E-13
  5558.47998  2.94437245E-13
  5561.22021  2.93843996E-13
  5563.95996  2.92871359E-13
  5566.7002  2.89965372E-13
  5569.43994  2.88436104E-13
  5572.18018  2.86163075E-13
  5574.91992  2.90612938E-13
  5577.66016  2.91366947E-13
  5580.3999  2.90480368E-13
  5583.14014  2.88828369E-13
  5585.87988  2.88322399E-13
  5588.62012  2.86188933E-13
  5591.35986  2.86936544E-13
  5594.1001  2.86436592E-13
  5596.83984  2.82309685E-13
  5599.58008  2.86318495E-13
  5602.31982  2.88141201E-13
  5605.06006  2.90193623E-13
  5607.7998  2.91109503E-13
  5610.54004  2.89240149E-13
  5613.27979  2.88251573E-13
  5616.02002  2.87043582E-13
  5618.75977  2.89892893E-13
  5621.5  2.89288585E-13
  5624.24023  2.9029627E-13
  5626.97998  2.90759577E-13
  5629.72021  2.88023891E-13
  5632.45996  2.87050413E-13
  5635.2002  2.91443681E-13
  5637.93994  2.94648583E-13
  5640.68018  2.95227113E-13
  5643.41992  2.89057E-13
  5646.16016  2.85538547E-13
  5648.8999  2.90310609E-13
  5651.64014  2.87692152E-13
  5654.37988  2.82824952E-13
  5657.12012  2.87363259E-13
  5659.85986  2.97064212E-13
  5662.6001  2.93768021E-13
  5665.33984  2.87188188E-13
  5668.08008  2.84790258E-13
  5670.81982  2.84171775E-13
  5673.56006  2.87259393E-13
  5676.2998  2.84879325E-13
  5679.04004  2.76541621E-13
  5681.77979  2.80386581E-13
  5684.52002  2.88529563E-13
  5687.25977  2.86768547E-13
  5690.  2.83912677E-13
  5692.74023  2.84692192E-13
  5695.47998  2.84360778E-13
  5698.22021  2.8192997E-13
  5700.95996  2.80861651E-13
  5703.7002  2.80478792E-13
  5706.43994  2.80268891E-13
  5709.18018  2.80211862E-13
  5711.91992  2.80331585E-13
  5714.66016  2.79753922E-13
  5717.3999  2.77267033E-13
  5720.14014  2.76733335E-13
  5722.87988  2.77926418E-13
  5725.62012  2.81520141E-13
  5728.35986  2.85814124E-13
  5731.1001  2.84360805E-13
  5733.83984  2.80423661E-13
  5736.58008  2.72299544E-13
  5739.31982  2.71508456E-13
  5742.06006  2.8372568E-13
  5744.7998  2.8874681E-13
  5747.54004  2.90088971E-13
  5750.27979  2.88949312E-13
  5753.02002  2.85399715E-13
  5755.75977  2.778808E-13
  5758.5  2.73878332E-13
  5761.24023  2.78717126E-13
  5763.97998  2.82471122E-13
  5766.72021  2.86178768E-13
  5769.45996  2.83562724E-13
  5772.2002  2.77541282E-13
  5774.93994  2.74907647E-13
  5777.68018  2.73549954E-13
  5780.41992  2.72678229E-13
  5783.16016  2.74260784E-13
  5785.8999  2.80311879E-13
  5788.64014  2.82584205E-13
  5791.37988  2.82385335E-13
  5794.12012  2.84870326E-13
  5796.85986  2.87123488E-13
  5799.6001  2.84971265E-13
  5802.33984  2.81549062E-13
  5805.08008  2.75525886E-13
  5807.81982  2.76700537E-13
  5810.56006  2.88050725E-13
  5813.2998  2.87778183E-13
  5816.04004  2.81956343E-13
  5818.77979  2.78859889E-13
  5821.52002  2.76249103E-13
  5824.26025  2.73957913E-13
  5827.  2.72320578E-13
  5829.74023  2.70942096E-13
  5832.47998  2.72193536E-13
  5835.22021  2.75885136E-13
  5837.95996  2.75447905E-13
  5840.7002  2.7420484E-13
  5843.43994  2.78015024E-13
  5846.18018  2.8018538E-13
  5848.91992  2.76124311E-13
  5851.66016  2.7337613E-13
  5854.3999  2.71974148E-13
  5857.14014  2.72620983E-13
  5859.87988  2.74563467E-13
  5862.62012  2.73076456E-13
  5865.35986  2.71947287E-13
  5868.1001  2.7609951E-13
  5870.83984  2.78207551E-13
  5873.58008  2.73639103E-13
  5876.31982  2.72958549E-13
  5879.06006  2.71181433E-13
  5881.7998  3.76161992E-13
  5884.54004  4.92063367E-13
  5887.27979  3.69964801E-13
  5890.02002  2.45104203E-13
  5892.76025  2.54105385E-13
  5895.5  2.60846845E-13
  5898.24023  2.5889127E-13
  5900.97998  2.61313405E-13
  5903.72021  2.66480441E-13
  5906.45996  2.70743822E-13
  5909.2002  2.73777718E-13
  5911.93994  2.72139949E-13
  5914.68018  2.72524733E-13
  5917.41992  2.79708304E-13
  5920.16016  2.79577766E-13
  5922.8999  2.72292199E-13
  5925.64014  2.7338025E-13
  5928.37988  2.77005442E-13
  5931.12012  2.74380399E-13
  5933.85986  2.71585055E-13
  5936.6001  2.72121843E-13
  5939.33984  2.722758E-13
  5942.08008  2.72212428E-13
  5944.81982  2.69559142E-13
  5947.56006  2.6535672E-13
  5950.2998  2.69016173E-13
  5953.04004  2.73646394E-13
  5955.77979  2.70421868E-13
  5958.52002  2.67235453E-13
  5961.26025  2.66373729E-13
  5964.  2.65798912E-13
  5966.74023  2.65318746E-13
  5969.47998  2.68841183E-13
  5972.22021  2.73287279E-13
  5974.95996  2.67476796E-13
  5977.7002  2.62795997E-13
  5980.43994  2.69934276E-13
  5983.18018  2.72901954E-13
  5985.91992  2.67673389E-13
  5988.66016  2.66507248E-13
  5991.3999  2.67284079E-13
  5994.14014  2.68818821E-13
  5996.87988  2.69452321E-13
  5999.62012  2.63711579E-13
  6002.35986  2.59698269E-13
  6005.1001  2.61467849E-13
  6007.83984  2.63038235E-13
  6010.58008  2.64775723E-13
  6013.31982  2.6546411E-13
  6016.06006  2.65435948E-13
  6018.7998  2.6439384E-13
  6021.54004  2.6335924E-13
  6024.27979  2.62731677E-13
  6027.02002  2.64214404E-13
  6029.76025  2.70478328E-13
  6032.5  2.69953656E-13
  6035.24023  2.64588996E-13
  6037.97998  2.63382171E-13
  6040.72021  2.63986315E-13
  6043.45996  2.67438903E-13
  6046.2002  2.68796026E-13
  6048.93994  2.63550846E-13
  6051.68018  2.61570306E-13
  6054.41992  2.63513468E-13
  6057.16016  2.63645686E-13
  6059.8999  2.63118683E-13
  6062.64014  2.6164162E-13
  6065.37988  2.60121677E-13
  6068.12012  2.60630764E-13
  6070.85986  2.58444416E-13
  6073.6001  2.49397752E-13
  6076.33984  2.49371758E-13
  6079.08008  2.56361881E-13
  6081.81982  2.59688294E-13
  6084.56006  2.6149059E-13
  6087.2998  2.60072535E-13
  6090.04004  2.58761545E-13
  6092.77979  2.597476E-13
  6095.52002  2.60275444E-13
  6098.26025  2.6047247E-13
  6101.  2.5932693E-13
  6103.74023  2.57288033E-13
  6106.47998  2.55412363E-13
  6109.22021  2.54374917E-13
  6111.95996  2.55818533E-13
  6114.7002  2.57584752E-13
  6117.43994  2.59513412E-13
  6120.18018  2.60685462E-13
  6122.91992  2.61366124E-13
  6125.66016  2.57830216E-13
  6128.3999  2.53204494E-13
  6131.14014  2.54472577E-13
  6133.87988  2.56711536E-13
  6136.62012  2.5816499E-13
  6139.35986  2.58652339E-13
  6142.1001  2.57561659E-13
  6144.83984  2.58113192E-13
  6147.58008  2.59485792E-13
  6150.31982  2.60457454E-13
  6153.06006  2.60871213E-13
  6155.7998  2.60399422E-13
  6158.54004  2.58068089E-13
  6161.27979  2.51782292E-13
  6164.02002  2.49552061E-13
  6166.76025  2.50891295E-13
  6169.5  2.51661132E-13
  6172.24023  2.5275024E-13
  6174.97998  2.54807541E-13
  6177.72021  2.55606517E-13
  6180.45996  2.52216027E-13
  6183.2002  2.5075314E-13
  6185.93994  2.51849512E-13
  6188.68018  2.54843482E-13
  6191.41992  2.59273505E-13
  6194.16016  2.56739806E-13
  6196.8999  2.5308263E-13
  6199.64014  2.55802541E-13
  6202.37988  2.57027987E-13
  6205.12012  2.53172429E-13
  6207.85986  2.51606678E-13
  6210.6001  2.52095437E-13
  6213.33984  2.52294062E-13
  6216.08008  2.52159106E-13
  6218.81982  2.48461706E-13
  6221.56006  2.46004877E-13
  6224.2998  2.49848563E-13
  6227.04004  2.52008727E-13
  6229.77979  2.51154864E-13
  6232.52002  2.50332822E-13
  6235.26025  2.49089134E-13
  6238.  2.46916907E-13
  6240.74023  2.45495708E-13
  6243.47998  2.48999633E-13
  6246.22021  2.51489286E-13
  6248.95996  2.50020192E-13
  6251.7002  2.49244581E-13
  6254.43994  2.49060619E-13
  6257.18018  2.48498027E-13
  6259.91992  2.48086355E-13
  6262.66016  2.50684483E-13
  6265.3999  2.51719679E-13
  6268.14014  2.44824641E-13
  6270.87988  2.41868998E-13
  6273.62012  2.46900834E-13
  6276.35986  2.47553063E-13
  6279.1001  2.45798336E-13
  6281.83984  2.4588453E-13
  6284.58008  2.46818191E-13
  6287.31982  2.49348719E-13
  6290.06006  2.50897231E-13
  6292.7998  2.50169433E-13
  6295.54004  2.47996963E-13
  6298.27979  2.43792833E-13
  6301.02002  2.41483537E-13
  6303.76025  2.40476123E-13
  6306.5  2.43172426E-13
  6309.24023  2.4638161E-13
  6311.97998  2.46850934E-13
  6314.72021  2.47452666E-13
  6317.45996  2.50291568E-13
  6320.2002  2.46455579E-13
  6322.93994  2.37022262E-13
  6325.68018  2.38513663E-13
  6328.41992  2.43296269E-13
  6331.16016  2.41826605E-13
  6333.8999  2.40345287E-13
  6336.64014  2.41966955E-13
  6339.37988  2.41182887E-13
  6342.12012  2.36260745E-13
  6344.85986  2.38773519E-13
  6347.6001  2.4496903E-13
  6350.33984  2.4516546E-13
  6353.08008  2.44589749E-13
  6355.81982  2.47953405E-13
  6358.56006  2.48758316E-13
  6361.2998  2.43932126E-13
  6364.04004  2.42171924E-13
  6366.77979  2.42565652E-13
  6369.52002  2.42498458E-13
  6372.26025  2.42644473E-13
  6375.  2.43966983E-13
  6377.74023  2.44057216E-13
  6380.47998  2.4047428E-13
  6383.22021  2.38004576E-13
  6385.95996  2.36550661E-13
  6388.7002  2.37713305E-13
  6391.43994  2.40667241E-13
  6394.18018  2.41905156E-13
  6396.91992  2.41894341E-13
  6399.66016  2.39076933E-13
  6402.3999  2.3726618E-13
  6405.14014  2.37816548E-13
  6407.87988  2.38985372E-13
  6410.62012  2.41097317E-13
  6413.35986  2.4100928E-13
  6416.1001  2.39824436E-13
  6418.83984  2.37711977E-13
  6421.58008  2.3742984E-13
  6424.31982  2.43730952E-13
  6427.06006  2.45033377E-13
  6429.7998  2.37812374E-13
  6432.54004  2.3644159E-13
  6435.27979  2.37848397E-13
  6438.02002  2.39354164E-13
  6440.76025  2.4097548E-13
  6443.5  2.41828259E-13
  6446.24023  2.41811156E-13
  6448.97998  2.40379683E-13
  6451.72021  2.39395689E-13
  6454.45996  2.38790324E-13
  6457.2002  2.37554009E-13
  6459.93994  2.3620621E-13
  6462.68018  2.35713684E-13
  6465.41992  2.36135276E-13
  6468.16016  2.39246042E-13
  6470.8999  2.38985589E-13
  6473.64014  2.32093804E-13
  6476.37988  2.31843326E-13
  6479.12012  2.35436724E-13
  6481.85986  2.36273701E-13
  6484.6001  2.36277577E-13
  6487.33984  2.35457785E-13
  6490.08008  2.35484619E-13
  6492.81982  2.37892009E-13
  6495.56006  2.38914438E-13
  6498.2998  2.38921052E-13
  6501.04004  2.35485866E-13
  6503.77979  2.30748119E-13
  6506.52002  2.32379708E-13
  6509.26025  2.35013343E-13
  6512.  2.35727833E-13
  6514.74023  2.34963958E-13
  6517.47998  2.30993122E-13
  6520.22021  2.32029077E-13
  6522.95996  2.36495719E-13
  6525.7002  2.35716882E-13
  6528.43994  2.33574743E-13
  6531.18018  2.33933668E-13
  6533.91992  2.34375751E-13
  6536.66016  2.34992716E-13
  6539.3999  2.32878766E-13
  6542.14014  2.27329928E-13
  6544.87988  2.24542078E-13
  6547.62012  2.2269003E-13
  6550.35986  2.19699381E-13
  6553.1001  2.14958558E-13
  6555.83984  2.06899195E-13
  6558.58008  1.97292893E-13
  6561.31982  1.82108194E-13
  6564.06006  1.81384259E-13
  6566.7998  1.92107777E-13
  6569.54004  2.06508801E-13
  6572.27979  2.2119825E-13
  6575.02002  2.21296749E-13
  6577.76025  2.2200781E-13
  6580.5  2.33045869E-13
  6583.24023  2.3682472E-13
  6585.97998  2.31266503E-13
  6588.72021  2.30084154E-13
  6591.45996  2.30225967E-13
  6594.2002  2.29806083E-13
  6596.93994  2.29868858E-13
  6599.68018  2.31568779E-13
  6602.41992  2.32789699E-13
  6605.16016  2.33327002E-13
  6607.8999  2.32025228E-13
  6610.64014  2.28850576E-13
  6613.37988  2.31293554E-13
  6616.12012  2.34630864E-13
  6618.85986  2.28885433E-13
  6621.6001  2.2462811E-13
  6624.33984  2.28692065E-13
  6627.08008  2.31371129E-13
  6629.81982  2.32522524E-13
  6632.56006  2.31374842E-13
  6635.2998  2.28822413E-13
  6638.04004  2.30783329E-13
  6640.77979  2.33372403E-13
  6643.52002  2.33129163E-13
  6646.26025  2.32299016E-13
  6649.  2.3094417E-13
  6651.74023  2.30126871E-13
  6654.47998  2.29656626E-13
  6657.22021  2.31000142E-13
  6659.95996  2.32653686E-13
  6662.7002  2.30348103E-13
  6665.43994  2.28003787E-13
  6668.18018  2.2752335E-13
  6670.91992  2.28428957E-13
  6673.66016  2.31281086E-13
  6676.3999  2.33572466E-13
  6679.14014  2.35603881E-13
  6681.87988  2.34399089E-13
  6684.62012  2.31624155E-13
  6687.35986  2.27770954E-13
  6690.1001  2.25580148E-13
  6692.83984  2.26758526E-13
  6695.58008  2.28065234E-13
  6698.31982  2.30129609E-13
  6701.06006  2.27382729E-13
  6703.7998  2.23008122E-13
  6706.54004  2.24507641E-13
  6709.27979  2.26592928E-13
  6712.02002  2.25872069E-13
  6714.76025  2.2636591E-13
  6717.5  2.29802451E-13
  6720.24023  2.28655311E-13
  6722.97998  2.2477857E-13
  6725.72021  2.26859764E-13
  6728.45996  2.29677741E-13
  6731.2002  2.27156361E-13
  6733.93994  2.24260186E-13
  6736.68018  2.21075193E-13
  6739.41992  2.22667181E-13
  6742.16016  2.30236755E-13
  6744.8999  2.28526616E-13
  6747.64014  2.22824661E-13
  6750.37988  2.20186133E-13
  6753.12012  2.20471129E-13
  6755.85986  2.28244913E-13
  6758.6001  2.31362808E-13
  6761.33984  2.25500865E-13
  6764.08008  2.24639751E-13
  6766.81982  2.26366479E-13
  6769.56006  2.25774613E-13
  6772.2998  2.24548638E-13
  6775.04004  2.23485781E-13
  6777.77979  2.22906966E-13
  6780.52002  2.23658155E-13
  6783.26025  2.2305233E-13
  6786.  2.20490659E-13
  6788.74023  2.22001088E-13
  6791.47998  2.250265E-13
  6794.22021  2.21915056E-13
  6796.95996  2.19173475E-13
  6799.7002  2.23300965E-13
  6802.43994  2.25330876E-13
  6805.18018  2.23466794E-13
  6807.91992  2.20094234E-13
  6810.66016  2.14941739E-13
  6813.3999  2.17073524E-13
  6816.14014  2.21730403E-13
  6818.87988  2.23716377E-13
  6821.62012  2.23520421E-13
  6824.35986  2.18790697E-13
  6827.1001  2.17373347E-13
  6829.83984  2.20465126E-13
  6832.58008  2.19061612E-13
  6835.31982  2.16068361E-13
  6838.06006  2.19371708E-13
  6840.7998  2.22405576E-13
  6843.54004  2.18196975E-13
  6846.27979  2.1528474E-13
  6849.02002  2.16103421E-13
  6851.76025  2.15584834E-13
  6854.5  2.14219633E-13
  6857.24023  2.1527917E-13
  6859.97998  2.17040551E-13
  6862.72021  2.1667382E-13
  6865.45996  2.16386289E-13
  6868.2002  2.1782096E-13
  6870.93994  2.17376044E-13
  6873.68018  2.13510728E-13
  6876.41992  2.15621439E-13
  6879.16016  2.20599404E-13
  6881.8999  2.18505295E-13
  6884.64014  2.14869992E-13
  6887.37988  2.13199656E-13
  6890.12012  2.13476413E-13
  6892.85986  2.1789951E-13
  6895.6001  2.17413734E-13
  6898.33984  2.12376612E-13
  6901.08008  2.16364348E-13
  6903.81982  2.2256921E-13
  6906.56006  2.18187678E-13
  6909.2998  2.13969372E-13
  6912.04004  2.16859598E-13
  6914.77979  2.17159393E-13
  6917.52002  2.12707686E-13
  6920.26025  2.13144281E-13
  6923.  2.16083363E-13
  6925.74023  2.16394096E-13
  6928.47998  2.15573233E-13
  6931.22021  2.13061732E-13
  6933.95996  2.11876252E-13
  6936.7002  2.13816852E-13
  6939.43994  2.14810808E-13
  6942.18018  2.15105182E-13
  6944.91992  2.15908671E-13
  6947.66016  2.16569899E-13
  6950.3999  2.15306072E-13
  6953.14014  2.13961173E-13
  6955.87988  2.13736987E-13
  6958.62012  2.13718136E-13
  6961.35986  2.14083051E-13
  6964.1001  2.13653029E-13
  6966.83984  2.12774365E-13
  6969.58008  2.13482064E-13
  6972.31982  2.14131813E-13
  6975.06006  2.12269018E-13
  6977.7998  2.10624094E-13
  6980.54004  2.10260344E-13
  6983.27979  2.09614024E-13
  6986.02002  2.08524021E-13
  6988.76025  2.09591323E-13
  6991.5  2.11738301E-13
  6994.24023  2.13762981E-13
  6996.97998  2.1382169E-13
  6999.72021  2.07281756E-13
  7002.45996  2.05441973E-13
  7005.2002  2.12564233E-13
  7007.93994  2.14113883E-13
  7010.68018  2.12660984E-13
  7013.41992  2.10529985E-13
  7016.16016  2.08743409E-13
  7018.8999  2.11793988E-13
  7021.64014  2.13125104E-13
  7024.37988  2.08256901E-13
  7027.12012  2.07144008E-13
  7029.85986  2.10460515E-13
  7032.6001  2.09442557E-13
  7035.33984  2.06783402E-13
  7038.08008  2.06484813E-13
  7040.81982  2.07244215E-13
  7043.56006  2.09850529E-13
  7046.2998  2.10420467E-13
  7049.04004  2.07034558E-13
  7051.77979  2.05852669E-13
  7054.52002  2.0594114E-13
  7057.26025  2.06816782E-13
  7060.  2.07907611E-13
  7062.74023  2.07065105E-13
  7065.47998  2.07302532E-13
  7068.22021  2.11474284E-13
  7070.95996  2.12337092E-13
  7073.7002  2.09165801E-13
  7076.43994  2.07299848E-13
  7079.18018  2.05982136E-13
  7081.91992  2.08344044E-13
  7084.66016  2.10137748E-13
  7087.3999  2.053781E-13
  7090.14014  2.03515617E-13
  7092.87988  2.08735996E-13
  7095.62012  2.08637185E-13
  7098.35986  2.04649963E-13
  7101.1001  2.04526839E-13
  7103.83984  2.05646061E-13
  7106.58008  2.06110546E-13
  7109.31982  2.0619178E-13
  7112.06006  2.05443857E-13
  7114.7998  2.05103038E-13
  7117.54004  2.05316016E-13
  7120.27979  2.05351266E-13
  7123.02002  2.05289439E-13
  7125.76025  2.04362257E-13
  7128.5  2.03643309E-13
  7131.24023  2.04719908E-13
  7133.97998  2.05408769E-13
  7136.72021  2.06476465E-13
  7139.45996  2.01722821E-13
  7142.2002  1.90955867E-13
  7144.93994  1.95514896E-13
  7147.68018  2.05565288E-13
  7150.41992  2.06586254E-13
  7153.16016  2.06151258E-13
  7155.8999  2.07335031E-13
  7158.64014  2.06411196E-13
  7161.37988  2.01664816E-13
  7164.12012  2.01964381E-13
  7166.85986  2.04940421E-13
  7169.6001  2.05272323E-13
  7172.33984  2.04477711E-13
  7175.08008  2.02580709E-13
  7177.81982  2.00291349E-13
  7180.56006  1.96541636E-13
  7183.2998  1.97402628E-13
  7186.04004  2.0311476E-13
  7188.77979  2.01479689E-13
  7191.52002  1.97488523E-13
  7194.26025  1.98654732E-13
  7197.  2.0162237E-13
  7199.74023  2.06735575E-13
  7202.47998  2.09031645E-13
  7205.22021  2.07410871E-13
  7207.95996  2.04970196E-13
  7210.7002  2.01421724E-13
  7213.43994  2.0138768E-13
  7216.18018  2.0185676E-13
  7218.91992  1.98923912E-13
  7221.66016  1.96959067E-13
  7224.3999  1.97494961E-13
  7227.14014  1.98886074E-13
  7229.87988  2.01722089E-13
  7232.62012  1.99998723E-13
  7235.35986  1.96642778E-13
  7238.1001  1.98264229E-13
  7240.83984  2.0072854E-13
  7243.58008  2.02597555E-13
  7246.31982  2.02273826E-13
  7249.06006  1.97583445E-13
  7251.7998  1.97993518E-13
  7254.54004  2.01562915E-13
  7257.27979  2.02727754E-13
  7260.02002  2.03041197E-13
  7262.76025  2.02532286E-13
  7265.5  2.02258024E-13
  7268.24023  2.03591782E-13
  7270.97998  2.0231634E-13
  7273.72021  1.97633508E-13
  7276.45996  1.98296376E-13
  7279.2002  2.01251762E-13
  7281.93994  2.0076627E-13
  7284.68018  2.00177738E-13
  7287.41992  2.02180205E-13
  7290.16016  2.02544402E-13
  7292.8999  1.99223247E-13
  7295.64014  1.99781028E-13
  7298.37988  2.02955816E-13
  7301.12012  2.00277295E-13
  7303.85986  1.96485935E-13
  7306.6001  1.98228383E-13
  7309.33984  1.99914751E-13
  7312.08008  1.99129585E-13
  7314.81982  1.9892749E-13
  7317.56006  1.99626936E-13
  7320.2998  1.98413063E-13
  7323.04004  1.96290968E-13
  7325.77979  1.95003424E-13
  7328.52002  1.95570936E-13
  7331.26025  2.02456135E-13
  7334.  2.0424954E-13
  7336.74023  1.95080971E-13
  7339.47998  1.93270462E-13
  7342.22021  1.96495177E-13
  7344.95996  1.95724703E-13
  7347.7002  1.93844899E-13
  7350.43994  1.92210803E-13
  7353.18018  1.92044826E-13
  7355.91992  1.95763707E-13
  7358.66016  1.96837718E-13
  7361.3999  1.94164793E-13
  7364.14014  1.94356169E-13
  7366.87988  1.95805381E-13
  7369.62012  1.96797778E-13
  7372.35986  1.97528395E-13
  7375.1001  1.97983936E-13
  7377.83984  1.97173021E-13
  7380.58008  1.94229859E-13
  7383.31982  1.91811167E-13
  7386.06006  1.89477435E-13
  7388.7998  1.90682566E-13
  7391.54004  1.93313993E-13
  7394.27979  1.93701568E-13
  7397.02002  1.9364607E-13
  7399.76025  1.93991213E-13
  7402.5  1.93156621E-13
  7405.24023  1.90283295E-13
  7407.97998  1.90187194E-13
  7410.72021  1.91341409E-13
  7413.45996  1.87226794E-13
  7416.2002  1.83978497E-13
  7418.93994  1.90132903E-13
  7421.68018  1.94954296E-13
  7424.41992  1.95500557E-13
  7427.16016  1.94275409E-13
  7429.8999  1.90748784E-13
  7432.64014  1.91022803E-13
  7435.37988  1.93037277E-13
  7438.12012  1.95361237E-13
  7440.85986  1.96790026E-13
  7443.6001  1.95967212E-13
  7446.33984  1.93949579E-13
  7449.08008  1.89185649E-13
  7451.81982  1.8994558E-13
  7454.56006  1.93995061E-13
  7457.2998  1.94551366E-13
  7460.04004  1.93960611E-13
  7462.77979  1.9287649E-13
  7465.52002  1.92248059E-13
  7468.26025  1.93130383E-13
  7471.  1.92566476E-13
  7473.74023  1.90581275E-13
  7476.47998  1.89148976E-13
  7479.22021  1.87879633E-13
  7481.95996  1.86421747E-13
  7484.7002  1.86287793E-13
  7487.43994  1.89845779E-13
  7490.18018  1.92046669E-13
  7492.91992  1.92380969E-13
  7495.66016  1.90950906E-13
  7498.3999  1.8791201E-13
  7501.14014  1.84887031E-13
  7503.87988  1.82653006E-13
  7506.62012  1.83990532E-13
  7509.35986  1.85696808E-13
  7512.1001  1.86687336E-13
  7514.83984  1.8763566E-13
  7517.58008  1.88620604E-13
  7520.31982  1.88964933E-13
  7523.06006  1.88648196E-13
  7525.7998  1.85949522E-13
  7528.54004  1.84171756E-13
  7531.27979  1.87921103E-13
  7534.02002  1.88839585E-13
  7536.76025  1.83704926E-13
  7539.5  1.83019073E-13
  7542.24023  1.85074829E-13
  7544.97998  1.880994E-13
  7547.72021  1.9065927E-13
  7550.45996  1.87644672E-13
  7553.2002  1.85291222E-13
  7555.93994  1.87275895E-13
  7558.68018  1.87092217E-13
  7561.41992  1.84539016E-13
  7564.16016  1.81621523E-13
  7566.8999  1.78741787E-13
  7569.64014  1.81090874E-13
  7572.37988  1.84184699E-13
  7575.12012  1.84259305E-13
  7577.85986  1.84143296E-13
  7580.6001  1.8442882E-13
  7583.33984  1.83484507E-13
  7586.08008  1.81463121E-13
  7588.81982  1.83903308E-13
  7591.56006  1.87594474E-13
  7594.2998  1.8828652E-13
  7597.04004  1.87174901E-13
  7599.77979  1.82368714E-13
  7602.52002  1.81860223E-13
  7605.26025  1.88110879E-13
  7608.  1.84459165E-13
  7610.74023  1.7635867E-13
  7613.47998  1.77990679E-13
  7616.22021  1.81811556E-13
  7618.95996  1.83181297E-13
  7621.7002  1.8368724E-13
  7624.43994  1.82222076E-13
  7627.18018  1.84380194E-13
  7629.91992  1.89845874E-13
  7632.66016  1.86783369E-13
  7635.3999  1.81371275E-13
  7638.14014  1.84167867E-13
  7640.87988  1.86832686E-13
  7643.62012  1.85295654E-13
  7646.35986  1.83311686E-13
  7649.1001  1.80451113E-13
  7651.83984  1.79578669E-13
  7654.58008  1.79902818E-13
  7657.31982  1.80248855E-13
  7660.06006  1.80845722E-13
  7662.7998  1.81710455E-13
  7665.54004  1.82457565E-13
  7668.27979  1.830838E-13
  7671.02002  1.83185281E-13
  7673.76025  1.8287791E-13
  7676.5  1.80609312E-13
  7679.24023  1.77798721E-13
  7681.97998  1.78157876E-13
  7684.72021  1.78954358E-13
  7687.45996  1.77887381E-13
  7690.2002  1.79696319E-13
  7692.93994  1.87361669E-13
  7695.68018  1.86634291E-13
  7698.41992  1.81136912E-13
  7701.16016  1.79814361E-13
  7703.8999  1.79364783E-13
  7706.64014  1.77481646E-13
  7709.37988  1.77268356E-13
  7712.12012  1.81069569E-13
  7714.85986  1.81981437E-13
  7717.6001  1.80247635E-13
  7720.33984  1.7922713E-13
  7723.08008  1.78028626E-13
  7725.81982  1.75564465E-13
  7728.56006  1.73497582E-13
  7731.2998  1.72817313E-13
  7734.04004  1.73658234E-13
  7736.77979  1.77379053E-13
  7739.52002  1.77649765E-13
  7742.26025  1.75797988E-13
  7745.  1.7282619E-13
  7747.74023  1.70560425E-13
  7750.47998  1.74170303E-13
  7753.22021  1.76680149E-13
  7755.95996  1.7399496E-13
  7758.7002  1.75076723E-13
  7761.43994  1.80501393E-13
  7764.18018  1.8053213E-13
  7766.91992  1.78174627E-13
  7769.66016  1.76994961E-13
  7772.3999  1.76420686E-13
  7775.14014  1.77299202E-13
  7777.87988  1.77593197E-13
  7780.62012  1.76271148E-13
  7783.35986  1.77294689E-13
  7786.1001  1.79916371E-13
  7788.83984  1.80149461E-13
  7791.58008  1.78797271E-13
  7794.31982  1.74285472E-13
  7797.06006  1.71158186E-13
  7799.7998  1.71810049E-13
  7802.54004  1.73847007E-13
  7805.27979  1.7821561E-13
  7808.02002  1.77768106E-13
  7810.76025  1.74908455E-13
  7813.5  1.73521855E-13
  7816.24023  1.72916423E-13
  7818.97998  1.74310273E-13
  7821.72021  1.74246224E-13
  7824.45996  1.71235286E-13
  7827.2002  1.6942971E-13
  7829.93994  1.68224077E-13
  7832.68018  1.71329422E-13
  7835.41992  1.75653424E-13
  7838.16016  1.75820838E-13
  7840.8999  1.7524552E-13
  7843.64014  1.75165505E-13
  7846.37988  1.74281474E-13
  7849.12012  1.7220356E-13
  7851.85986  1.71611071E-13
  7854.6001  1.71706765E-13
  7857.33984  1.71006357E-13
  7860.08008  1.70127516E-13
  7862.81982  1.69082399E-13
  7865.56006  1.68755756E-13
  7868.2998  1.69792403E-13
  7871.04004  1.70100425E-13
  7873.77979  1.69895863E-13
  7876.52002  1.71911137E-13
  7879.26025  1.725395E-13
  7882.  1.59211389E-13
  7884.74023  1.5140306E-13
  7887.47998  1.64815955E-13
  7890.22021  1.72306369E-13
  7892.95996  1.71780491E-13
  7895.7002  1.72004622E-13
  7898.43994  1.71550016E-13
  7901.18018  1.71146571E-13
  7903.91992  1.70830052E-13
  7906.66016  1.70948217E-13
  7909.3999  1.71197664E-13
  7912.14014  1.71684146E-13
  7914.87988  1.71719206E-13
  7917.62012  1.71392807E-13
  7920.35986  1.7030294E-13
  7923.1001  1.69016602E-13
  7925.83984  1.68635369E-13
  7928.58008  1.69620462E-13
  7931.31982  1.74560101E-13
  7934.06006  1.74970458E-13
  7936.7998  1.67626573E-13
  7939.54004  1.67058601E-13
  7942.27979  1.6992065E-13
  7945.02002  1.72122069E-13
  7947.76025  1.73227752E-13
  7950.5  1.69390909E-13
  7953.24023  1.67458888E-13
  7955.97998  1.71344777E-13
  7958.72021  1.7162709E-13
  7961.45996  1.68698294E-13
  7964.2002  1.65993291E-13
  7966.93994  1.64201443E-13
  7969.68018  1.70915284E-13
  7972.41992  1.75585227E-13
  7975.16016  1.67675932E-13
  7977.8999  1.64479799E-13
  7980.64014  1.70277665E-13
  7983.37988  1.70293629E-13
  7986.12012  1.67493569E-13
  7988.85986  1.66536435E-13
  7991.6001  1.6632652E-13
  7994.33984  1.67773374E-13
  7997.08008  1.67897949E-13
  7999.81982  1.63502797E-13
  8002.56006  1.64491481E-13
  8005.2998  1.71850625E-13
  8008.04004  1.69467847E-13
  8010.77979  1.63368356E-13
  8013.52002  1.64799869E-13
  8016.26025  1.66717212E-13
  8019.  1.64284222E-13
  8021.74023  1.63525131E-13
  8024.47998  1.66354208E-13
  8027.22021  1.66128165E-13
  8029.95996  1.64088876E-13
  8032.7002  1.65945992E-13
  8035.43994  1.68020545E-13
  8038.18018  1.64355129E-13
  8040.91992  1.62087059E-13
  8043.66016  1.65628036E-13
  8046.3999  1.65773279E-13
  8049.14014  1.61605606E-13
  8051.87988  1.63284642E-13
  8054.62012  1.67463089E-13
  8057.35986  1.68257769E-13
  8060.1001  1.6784401E-13
  8062.83984  1.66845053E-13
  8065.58008  1.6504811E-13
  8068.31982  1.60648391E-13
  8071.06006  1.62840539E-13
  8073.7998  1.7017865E-13
  8076.54004  1.65991881E-13
  8079.27979  1.59187726E-13
  8082.02002  1.62171532E-13
  8084.76025  1.65218615E-13
  8087.5  1.64524102E-13
  8090.24023  1.63399527E-13
  8092.97998  1.61161611E-13
  8095.72021  1.6274601E-13
  8098.45996  1.66186997E-13
  8101.2002  1.66255803E-13
  8103.93994  1.64676419E-13
  8106.68018  1.60797441E-13
  8109.41992  1.58501359E-13
  8112.16016  1.58864282E-13
  8114.8999  1.60966496E-13
  8117.64014  1.65092264E-13
  8120.37988  1.61599494E-13
  8123.12012  1.56491533E-13
  8125.85986  1.61679264E-13
  8128.6001  1.64777399E-13
  8131.33984  1.56510438E-13
  8134.08008  1.54613952E-13
  8136.81982  1.62140497E-13
  8139.56006  1.62248077E-13
  8142.2998  1.59184311E-13
  8145.04004  1.59411059E-13
  8147.77979  1.61261331E-13
  8150.52002  1.6668802E-13
  8153.26025  1.68377248E-13
  8156.  1.61970602E-13
  8158.74023  1.59393698E-13
  8161.47998  1.5958674E-13
  8164.22021  1.58247588E-13
  8166.95996  1.57290454E-13
  8169.7002  1.60840715E-13
  8172.43994  1.63522394E-13
  8175.18018  1.60768073E-13
  8177.91992  1.60344475E-13
  8180.66016  1.64299008E-13
  8183.3999  1.63124383E-13
  8186.14014  1.59239023E-13
  8188.87988  1.58260625E-13
  8191.62012  1.58047186E-13
  8194.36035  1.57938414E-13
  8197.09961  1.56888554E-13
  8199.83984  1.53548127E-13
  8202.58008  1.52153179E-13
  8205.32031  1.52328183E-13
  8208.05957  1.54466622E-13
  8210.7998  1.57712791E-13
  8213.54004  1.60306217E-13
  8216.28027  1.60862019E-13
  8219.01953  1.56202728E-13
  8221.75977  1.53699685E-13
  8224.5  1.54678231E-13
  8227.24023  1.55313669E-13
  8229.98047  1.56266466E-13
  8232.71973  1.57743962E-13
  8235.45996  1.59074698E-13
  8238.2002  1.59426644E-13
  8240.94043  1.58495097E-13
  8243.67969  1.5539245E-13
  8246.41992  1.53035177E-13
  8249.16016  1.51065236E-13
  8251.90039  1.51097301E-13
  8254.63965  1.52727359E-13
  8257.37988  1.57152557E-13
  8260.12012  1.60435155E-13
  8262.86035  1.58043744E-13
  8265.59961  1.56390431E-13
  8268.33984  1.56284301E-13
  8271.08008  1.56976496E-13
  8273.82031  1.58379698E-13
  8276.55957  1.55169172E-13
  8279.2998  1.52010959E-13
  8282.04004  1.57580031E-13
  8284.78027  1.61030436E-13
  8287.51953  1.56433555E-13
  8290.25977  1.54513107E-13
  8293.  1.55292879E-13
  8295.74023  1.55386243E-13
  8298.48047  1.55526362E-13
  8301.21973  1.56706028E-13
  8303.95996  1.5687202E-13
  8306.7002  1.52548886E-13
  8309.44043  1.50938913E-13
  8312.17969  1.55050628E-13
  8314.91992  1.55229833E-13
  8317.66016  1.52961614E-13
  8320.40039  1.52041899E-13
  8323.13965  1.51952954E-13
  8325.87988  1.54447974E-13
  8328.62012  1.55876261E-13
  8331.36035  1.5312106E-13
  8334.09961  1.53123933E-13
  8336.83984  1.56896767E-13
  8339.58008  1.563638E-13
  8342.32031  1.53931487E-13
  8345.05957  1.54017248E-13
  8347.7998  1.54375969E-13
  8350.54004  1.53061334E-13
  8353.28027  1.53289924E-13
  8356.01953  1.57389116E-13
  8358.75977  1.56883797E-13
  8361.5  1.52818947E-13
  8364.24023  1.50052036E-13
  8366.98047  1.48166757E-13
  8369.71973  1.50155455E-13
  8372.45996  1.5099273E-13
  8375.2002  1.46391905E-13
  8377.94043  1.44766753E-13
  8380.67969  1.46826995E-13
  8383.41992  1.49253439E-13
  8386.16016  1.52082963E-13
  8388.90039  1.49881884E-13
  8391.63965  1.47553397E-13
  8394.37988  1.50932747E-13
  8397.12012  1.53072853E-13
  8399.86035  1.51362606E-13
  8402.59961  1.52126806E-13
  8405.33984  1.54955096E-13
  8408.08008  1.54082923E-13
  8410.82031  1.51493835E-13
  8413.55957  1.47914789E-13
  8416.2998  1.46452024E-13
  8419.04004  1.51513134E-13
  8421.78027  1.53414919E-13
  8424.51953  1.50787857E-13
  8427.25977  1.48928382E-13
  8430.  1.46985221E-13
  8432.74023  1.46316404E-13
  8435.48047  1.46426775E-13
  8438.21973  1.47273998E-13
  8440.95996  1.48306511E-13
  8443.7002  1.49364204E-13
  8446.44043  1.50379004E-13
  8449.17969  1.51290601E-13
  8451.91992  1.53420435E-13
  8454.66016  1.55889163E-13
  8457.40039  1.56887361E-13
  8460.13965  1.56910048E-13
  8462.87988  1.56436902E-13
  8465.62012  1.53534358E-13
  8468.36035  1.45604232E-13
  8471.09961  1.4499014E-13
  8473.83984  1.48670762E-13
  8476.58008  1.50172003E-13
  8479.32031  1.50573035E-13
  8482.05957  1.4816551E-13
  8484.7998  1.46325145E-13
  8487.54004  1.4735553E-13
  8490.28027  1.45236863E-13
  8493.01953  1.39468854E-13
  8495.75977  1.4003539E-13
  8498.5  1.43559562E-13
  8501.24023  1.45832334E-13
  8503.98047  1.47827524E-13
  8506.71973  1.50107357E-13
  8509.45996  1.49935809E-13
  8512.2002  1.4528797E-13
  8514.94043  1.44573481E-13
  8517.67969  1.4611832E-13
  8520.41992  1.46477489E-13
  8523.16016  1.46711961E-13
  8525.90039  1.47871177E-13
  8528.63965  1.47520898E-13
  8531.37988  1.4353056E-13
  8534.12012  1.41457457E-13
  8536.86035  1.41542553E-13
  8539.59961  1.38692077E-13
  8542.33984  1.35710955E-13
  8545.08008  1.42654551E-13
  8547.82031  1.49836794E-13
  8550.55957  1.49172639E-13
  8553.2998  1.48159249E-13
  8556.04004  1.47564551E-13
  8558.78027  1.47378014E-13
  8561.51953  1.47476202E-13
  8564.25977  1.43850874E-13
  8567.  1.39868653E-13
  8569.74023  1.41528635E-13
  8572.48047  1.43314668E-13
  8575.21973  1.4296157E-13
  8577.95996  1.4270044E-13
  8580.7002  1.42525816E-13
  8583.44043  1.42104197E-13
  8586.17969  1.41703449E-13
  8588.91992  1.42492355E-13
  8591.66016  1.44113156E-13
  8594.40039  1.4748436E-13
  8597.13965  1.48908446E-13
  8599.87988  1.46252259E-13
  8602.62012  1.46435341E-13
  8605.36035  1.48558046E-13
  8608.09961  1.49251556E-13
  8610.83984  1.49327978E-13
  8613.58008  1.48650935E-13
  8616.32031  1.47943059E-13
  8619.05957  1.47635688E-13
  8621.7998  1.47400416E-13
  8624.54004  1.46849167E-13
  8627.28027  1.49013221E-13
  8630.02051  1.52335433E-13
  8632.75977  1.49687662E-13
  8635.5  1.45586193E-13
  8638.24023  1.42659376E-13
  8640.98047  1.42157987E-13
  8643.71973  1.46469764E-13
  8646.45996  1.46963388E-13
  8649.2002  1.44546322E-13
  8651.94043  1.4222602E-13
  8654.67969  1.39820189E-13
  8657.41992  1.38703664E-13
  8660.16016  1.38119225E-13
  8662.90039  1.37231372E-13
  8665.63965  1.38572259E-13
  8668.37988  1.42907672E-13
  8671.12012  1.4694192E-13
  8673.86035  1.5087153E-13
  8676.59961  1.49305291E-13
  8679.33984  1.46634359E-13
  8682.08008  1.47490052E-13
  8684.82031  1.48645107E-13
  8687.55957  1.50592348E-13
  8690.2998  1.48593364E-13
  8693.04004  1.42610004E-13
  8695.78027  1.40920126E-13
  8698.52051  1.41366587E-13
  8701.25977  1.44197073E-13
  8704.  1.46081132E-13
  8706.74023  1.43375058E-13
  8709.48047  1.41867787E-13
  8712.21973  1.41962437E-13
  8714.95996  1.43914584E-13
  8717.7002  1.4694871E-13
  8720.44043  1.40343927E-13
  8723.17969  1.33081886E-13
  8725.91992  1.36879264E-13
  8728.66016  1.41205258E-13
  8731.40039  1.44231171E-13
  8734.13965  1.43536116E-13
  8736.87988  1.38617728E-13
  8739.62012  1.38564372E-13
  8742.36035  1.40329886E-13
  8745.09961  1.40343222E-13
  8747.83984  1.39578887E-13
  8750.58008  1.37711335E-13
  8753.32031  1.36030876E-13
  8756.05957  1.33892707E-13
  8758.7998  1.35362953E-13
  8761.54004  1.39361856E-13
  8764.28027  1.39335375E-13
  8767.02051  1.38792393E-13
  8769.75977  1.4213675E-13
  8772.5  1.44335702E-13
  8775.24023  1.43369556E-13
  8777.98047  1.41501665E-13
  8780.71973  1.3781966E-13
  8783.45996  1.40737194E-13
  8786.2002  1.46159276E-13
  8788.94043  1.430215E-13
  8791.67969  1.3938312E-13
  8794.41992  1.40711038E-13
  8797.16016  1.42717137E-13
  8799.90039  1.47216454E-13
  8802.63965  1.42875173E-13
  8805.37988  1.32020073E-13
  8808.12012  1.36217508E-13
  8810.86035  1.4419008E-13
  8813.59961  1.42756222E-13
  8816.33984  1.40009803E-13
  8819.08008  1.37074773E-13
  8821.82031  1.37341419E-13
  8824.55957  1.41755788E-13
  8827.2998  1.42316294E-13
  8830.04004  1.41153094E-13
  8832.78027  1.40585175E-13
  8835.52051  1.39417273E-13
  8838.25977  1.36159354E-13
  8841.  1.34368008E-13
  8843.74023  1.35234882E-13
  8846.48047  1.35988917E-13
  8849.21973  1.37011279E-13
  8851.95996  1.3664036E-13
  8854.7002  1.35310207E-13
  8857.44043  1.31728111E-13
  8860.17969  1.30527208E-13
  8862.91992  1.36371613E-13
  8865.66016  1.38864099E-13
  8868.40039  1.36995612E-13
  8871.13965  1.37309516E-13
  8873.87988  1.38359173E-13
  8876.62012  1.39778461E-13
  8879.36035  1.40002796E-13
  8882.09961  1.35305666E-13
  8884.83984  1.3297493E-13
  8887.58008  1.3559981E-13
  8890.32031  1.37992455E-13
  8893.05957  1.40891679E-13
  8895.7998  1.38582776E-13
  8898.54004  1.34823996E-13
  8901.28027  1.36801838E-13
  8904.02051  1.39075126E-13
  8906.75977  1.39659917E-13
  8909.5  1.3851813E-13
  8912.24023  1.34506867E-13
  8914.98047  1.3426326E-13
  8917.71973  1.35873721E-13
  8920.45996  1.34237172E-13
  8923.2002  1.3294113E-13
  8925.94043  1.3720752E-13
  8928.67969  1.37950862E-13
  8931.41992  1.29877405E-13
  8934.16016  1.27647038E-13
  8936.90039  1.3013947E-13
  8939.63965  1.32487174E-13
  8942.37988  1.34666583E-13
  8945.12012  1.32178285E-13
  8947.86035  1.30435119E-13
  8950.59961  1.33458457E-13
  8953.33984  1.36081006E-13
  8956.08008  1.38771603E-13
  8958.82031  1.37745352E-13
  8961.55957  1.34170331E-13
  8964.2998  1.30718461E-13
  8967.04004  1.28986109E-13
  8969.78027  1.34937349E-13
  8972.52051  1.38120852E-13
  8975.25977  1.32852469E-13
  8978.  1.32023421E-13
  8980.74023  1.35238866E-13
  8983.48047  1.35841777E-13
  8986.21973  1.35412542E-13
  8988.95996  1.33689595E-13
  8991.7002  1.33087294E-13
  8994.44043  1.36988389E-13
  8997.17969  1.38863964E-13
  8999.91992  1.37869384E-13
  9002.66016  1.35259344E-13
  9005.40039  1.31095696E-13
  9008.13965  1.29513967E-13
  9010.87988  1.2890863E-13
  9013.62012  1.28026116E-13
  9016.36035  1.28161045E-13
  9019.09961  1.3038778E-13
  9021.83984  1.31631278E-13
  9024.58008  1.32259329E-13
  9027.32031  1.29546344E-13
  9030.05957  1.25863567E-13
  9032.7998  1.29973994E-13
  9035.54004  1.3452725E-13
  9038.28027  1.34528795E-13
  9041.02051  1.33227278E-13
  9043.75977  1.3027383E-13
  9046.5  1.27923036E-13
  9049.24023  1.25845935E-13
  9051.98047  1.29928512E-13
  9054.71973  1.35536317E-13
  9057.45996  1.35891542E-13
  9060.2002  1.35229257E-13
  9062.94043  1.34320235E-13
  9065.67969  1.34055161E-13
  9068.41992  1.34639072E-13
  9071.16016  1.34244897E-13
  9073.90039  1.33171902E-13
  9076.63965  1.30753034E-13
  9079.37988  1.27775232E-13
  9082.12012  1.23181155E-13
  9084.86035  1.23238239E-13
  9087.59961  1.32938826E-13
  9090.33984  1.33434388E-13
  9093.08008  1.27504805E-13
  9095.82031  1.2694518E-13
  9098.55957  1.28788053E-13
  9101.2998  1.34006968E-13
  9104.04004  1.37877963E-13
  9106.78027  1.37349957E-13
  9109.52051  1.35861537E-13
  9112.25977  1.32815755E-13
  9115.  1.3205699E-13
  9117.74023  1.32549245E-13
  9120.48047  1.33751639E-13
  9123.21973  1.34574155E-13
  9125.95996  1.33220244E-13
  9128.7002  1.3157841E-13
  9131.44043  1.29265874E-13
  9134.17969  1.29536315E-13
  9136.91992  1.32075096E-13
  9139.66016  1.32097932E-13
  9142.40039  1.30943975E-13
  9145.13965  1.28112148E-13
  9147.87988  1.27019855E-13
  9150.62012  1.31676693E-13
  9153.36035  1.33167227E-13
  9156.09961  1.30026103E-13
  9158.83984  1.30131284E-13
  9161.58008  1.3132594E-13
  9164.32031  1.27464418E-13
  9167.05957  1.24185953E-13
  9169.7998  1.28534106E-13
  9172.54004  1.32195524E-13
  9175.28027  1.33560643E-13
  9178.02051  1.32327797E-13
  9180.75977  1.28196241E-13
  9183.5  1.29950277E-13
  9186.24023  1.33148768E-13
  9188.98047  1.29329734E-13
  9191.71973  1.25772277E-13
  9194.45996  1.26704311E-13
  9197.2002  1.27768469E-13
  9199.94043  1.29035536E-13
  9202.67969  1.29568868E-13
  9205.41992  1.29424981E-13
  9208.16016  1.25004377E-13
  9210.90039  1.21033243E-13
  9213.63965  1.25366067E-13
  9216.37988  1.27852684E-13
  9219.12012  1.24772466E-13
  9221.86035  1.21617926E-13
  9224.59961  1.17478049E-13
  9227.33984  1.19746186E-13
  9230.08008  1.24974412E-13
  9232.82031  1.27834077E-13
  9235.55957  1.2869866E-13
  9238.2998  1.24853564E-13
  9241.04004  1.2396872E-13
  9243.78027  1.28629217E-13
  9246.52051  1.29128113E-13
  9249.25977  1.27483771E-13
  9252.  1.2664239E-13
  9254.74023  1.26190996E-13
  9257.48047  1.26838102E-13
  9260.21973  1.27737027E-13
  9262.95996  1.29571795E-13
  9265.7002  1.28137274E-13
  9268.44043  1.22803677E-13
  9271.17969  1.22920012E-13
  9273.91992  1.2517705E-13
  9276.66016  1.24198896E-13
  9279.40039  1.22990526E-13
  9282.13965  1.23057069E-13
  9284.87988  1.23448913E-13
  9287.62012  1.23672421E-13
  9290.36035  1.26278992E-13
  9293.09961  1.30610366E-13
  9295.83984  1.28651755E-13
  9298.58008  1.25229634E-13
  9301.32031  1.26990703E-13
  9304.05957  1.27627821E-13
  9306.7998  1.23567118E-13
  9309.54004  1.22389146E-13
  9312.28027  1.24698171E-13
  9315.02051  1.22863633E-13
  9317.75977  1.19809693E-13
  9320.5  1.22940354E-13
  9323.24023  1.26668749E-13
  9325.98047  1.26382493E-13
  9328.71973  1.27119588E-13
  9331.45996  1.31211055E-13
  9334.2002  1.30189303E-13
  9336.94043  1.25358586E-13
  9339.67969  1.2293389E-13
  9342.41992  1.21891958E-13
  9345.16016  1.24095341E-13
  9347.90039  1.26090463E-13
  9350.63965  1.25809289E-13
  9353.37988  1.25999851E-13
  9356.12012  1.26571618E-13
  9358.86035  1.28429209E-13
  9361.59961  1.30619596E-13
  9364.33984  1.27823181E-13
  9367.08008  1.24406656E-13
  9369.82031  1.24080677E-13
  9372.55957  1.24372355E-13
  9375.2998  1.26235421E-13
  9378.04004  1.23552197E-13
  9380.78027  1.16910957E-13
  9383.52051  1.18905902E-13
  9386.25977  1.23297802E-13
  9389.  1.20501089E-13
  9391.74023  1.18579436E-13
  9394.48047  1.22116415E-13
  9397.21973  1.24311585E-13
  9399.95996  1.24903817E-13
  9402.7002  1.25100668E-13
  9405.44043  1.24550096E-13
  9408.17969  1.2006711E-13
  9410.91992  1.17565435E-13
  9413.66016  1.27747232E-13
  9416.40039  1.32600297E-13
  9419.13965  1.24370322E-13
  9421.87988  1.2139336E-13
  9424.62012  1.22032633E-13
  9427.36035  1.20775568E-13
  9430.09961  1.19519114E-13
  9432.83984  1.20590834E-13
  9435.58008  1.22233116E-13
  9438.32031  1.24033745E-13
  9441.05957  1.24859853E-13
  9443.7998  1.24264368E-13
  9446.54004  1.24197446E-13
  9449.28027  1.24333296E-13
  9452.02051  1.26194601E-13
  9454.75977  1.27159879E-13
  9457.5  1.22412375E-13
  9460.24023  1.18989982E-13
  9462.98047  1.19141716E-13
  9465.71973  1.2058563E-13
  9468.45996  1.23972555E-13
  9471.2002  1.21526934E-13
  9473.94043  1.17019485E-13
  9476.67969  1.17430967E-13
  9479.41992  1.18850595E-13
  9482.16016  1.20079904E-13
  9484.90039  1.20318333E-13
  9487.63965  1.18763831E-13
  9490.37988  1.18975861E-13
  9493.12012  1.20076299E-13
  9495.86035  1.19484893E-13
  9498.59961  1.18028905E-13
  9501.33984  1.15550392E-13
  9504.08008  1.13592139E-13
  9506.82031  1.11530834E-13
  9509.55957  1.14824328E-13
  9512.2998  1.24571672E-13
  9515.04004  1.24686042E-13
  9517.78027  1.2077199E-13
  9520.52051  1.20764537E-13
  9523.25977  1.21451108E-13
  9526.  1.22365646E-13
  9528.74023  1.22030465E-13
  9531.48047  1.19343568E-13
  9534.21973  1.1897643E-13
  9536.95996  1.19893285E-13
  9539.7002  1.15453911E-13
  9542.44043  1.10198803E-13
  9545.17969  1.09275063E-13
  9547.91992  1.11502916E-13
  9550.66016  1.2017034E-13
  9553.40039  1.21572254E-13
  9556.13965  1.14721451E-13
  9558.87988  1.12813303E-13
  9561.62012  1.12874465E-13
  9564.36035  1.15051198E-13
  9567.09961  1.16677149E-13
  9569.83984  1.13618242E-13
  9572.58008  1.12817965E-13
  9575.32031  1.1739424E-13
  9578.05957  1.16323929E-13
  9580.7998  1.11402187E-13
  9583.54004  1.13745317E-13
  9586.28027  1.17585154E-13
  9589.02051  1.15034731E-13
  9591.75977  1.13300686E-13
  9594.5  1.15443489E-13
  9597.24023  1.18356185E-13
  9599.98047  1.22746363E-13
  9602.71973  1.24147817E-13
  9605.45996  1.23382329E-13
  9608.2002  1.17512716E-13
  9610.94043  1.12567121E-13
  9613.67969  1.1668875E-13
  9616.41992  1.18887756E-13
  9619.16016  1.15930486E-13
  9621.90039  1.15160621E-13
  9624.63965  1.15715502E-13
  9627.37988  1.15084767E-13
  9630.12012  1.14425871E-13
  9632.86035  1.15517771E-13
  9635.59961  1.1657026E-13
  9638.33984  1.16514017E-13
  9641.08008  1.17058774E-13
  9643.82031  1.19875274E-13
  9646.55957  1.13260346E-13
  9649.2998  1.02048212E-13
  9652.04004  1.04931654E-13
  9654.78027  1.10759783E-13
  9657.52051  1.11838774E-13
  9660.25977  1.10319299E-13
  9663.  1.02655711E-13
  9665.74023  1.05182979E-13
  9668.48047  1.16691325E-13
  9671.21973  1.19793186E-13
  9673.95996  1.19445686E-13
  9676.7002  1.17452001E-13
  9679.44043  1.15754872E-13
  9682.17969  1.16487034E-13
  9684.91992  1.17016748E-13
  9687.66016  1.16952726E-13
  9690.40039  1.18181127E-13
  9693.13965  1.20120575E-13
  9695.87988  1.20975617E-13
  9698.62012  1.20675063E-13
  9701.36035  1.1725366E-13
  9704.09961  1.15497848E-13
  9706.83984  1.18476206E-13
  9709.58008  1.1769802E-13
  9712.32031  1.13401211E-13
  9715.05957  1.13818229E-13
  9717.7998  1.15861408E-13
  9720.54004  1.15996554E-13
  9723.28027  1.14217175E-13
  9726.02051  1.06820335E-13
  9728.75977  1.05945539E-13
  9731.5  1.16488782E-13
  9734.24023  1.18024256E-13
  9736.98047  1.1518099E-13
  9739.71973  1.16381541E-13
  9742.45996  1.17410733E-13
  9745.2002  1.13108836E-13
  9747.94043  1.11306241E-13
  9750.67969  1.17096423E-13
  9753.41992  1.17291525E-13
  9756.16016  1.11807109E-13
  9758.90039  1.11852964E-13
  9761.63965  1.13746306E-13
  9764.37988  1.12673258E-13
  9767.12012  1.10824104E-13
  9769.86035  1.082885E-13
  9772.59961  1.07398418E-13
  9775.33984  1.0846328E-13
  9778.08008  1.11881553E-13
  9780.82031  1.17180977E-13
  9783.55957  1.14355262E-13
  9786.2998  1.10064789E-13
  9789.04004  1.12982635E-13
  9791.78027  1.16228235E-13
  9794.52051  1.18843168E-13
  9797.25977  1.17345857E-13
  9800.  1.10515316E-13
  9802.74023  1.11451132E-13
  9805.48047  1.15688993E-13
  9808.21973  1.1582422E-13
  9810.95996  1.15531323E-13
  9813.7002  1.17720368E-13
  9816.44043  1.16801493E-13
  9819.17969  1.09950277E-13
  9821.91992  1.07162177E-13
  9824.66016  1.06804844E-13
  9827.40039  1.08103454E-13
  9830.13965  1.10360472E-13
  9832.87988  1.11275084E-13
  9835.62012  1.13421066E-13
  9838.36035  1.19504477E-13
  9841.09961  1.21619864E-13
  9843.83984  1.18832014E-13
  9846.58008  1.20209046E-13
  9849.32031  1.22218763E-13
  9852.05957  1.12832907E-13
  9854.7998  1.04897217E-13
  9857.54004  1.13001175E-13
  9860.28027  1.17464957E-13
  9863.02051  1.12088737E-13
  9865.75977  1.12866029E-13
  9868.5  1.17811522E-13
  9871.24023  1.17781436E-13
  9873.98047  1.15777952E-13
  9876.71973  1.13448977E-13
  9879.45996  1.11356467E-13
  9882.2002  1.09764181E-13
  9884.94043  1.09936833E-13
  9887.67969  1.13327669E-13
  9890.41992  1.0998073E-13
  9893.16016  1.03400077E-13
  9895.90039  1.03460263E-13
  9898.63965  1.05302567E-13
  9901.37988  1.06635336E-13
  9904.12012  1.06601129E-13
  9906.86035  1.03428273E-13
  9909.59961  1.03538882E-13
  9912.33984  1.06251176E-13
  9915.08008  1.09752749E-13
  9917.82031  1.12470465E-13
  9920.55957  1.06120469E-13
  9923.2998  1.0287539E-13
  9926.04004  1.14255217E-13
  9928.78027  1.16723227E-13
  9931.52051  1.05022483E-13
  9934.25977  1.0570072E-13
  9937.  1.11988367E-13
  9939.74023  1.1039499E-13
  9942.48047  1.07101522E-13
  9945.21973  1.05111314E-13
  9947.95996  1.05818051E-13
  9950.7002  1.12496804E-13
  9953.44043  1.13212723E-13
  9956.17969  1.0861847E-13
  9958.91992  1.07511473E-13
  9961.66016  1.07257383E-13
  9964.40039  1.05207469E-13
  9967.13965  1.03962717E-13
  9969.87988  1.06028217E-13
  9972.62012  1.06332688E-13
  9975.36035  1.02888225E-13
  9978.09961  1.04901548E-13
  9980.83984  1.09813153E-13
  9983.58008  1.07903026E-13
  9986.32031  1.04005482E-13
  9989.05957  1.01529394E-13
  9991.7998  1.00157824E-13
  9994.54004  1.00438924E-13
  9997.28027  1.01198753E-13
  10000.0205  1.02931044E-13
  10002.7598  9.96692217E-14
  10005.5  9.55120247E-14
  10008.2402  1.03065106E-13
  10010.9805  1.09962563E-13
  10013.7197  1.05961348E-13
  10016.46  1.04995643E-13
  10019.2002  1.10834464E-13
  10021.9404  1.10529878E-13
  10024.6797  1.06476229E-13
  10027.4199  9.75513005E-14
  10030.1602  9.01096418E-14
  10032.9004  9.92568251E-14
  10035.6396  1.04928998E-13
  10038.3799  9.68586986E-14
  10041.1201  9.37311277E-14
  10043.8604  9.55336274E-14
  10046.5996  9.36009218E-14
  10049.3398  9.12340611E-14
  10052.0801  9.5628014E-14
  10054.8203  1.02346442E-13
  10057.5596  1.11981977E-13
  10060.2998  1.13955489E-13
  10063.04  1.01364799E-13
  10065.7803  1.00206383E-13
  10068.5205  1.05942748E-13
  10071.2598  1.09878754E-13
  10074.  1.12216578E-13
  10076.7402  1.07109769E-13
  10079.4805  1.0354063E-13
  10082.2197  1.06984734E-13
  10084.96  1.07766335E-13
  10087.7002  1.05429805E-13
  10090.4404  1.05895273E-13
  10093.1797  1.06874396E-13
  10095.9199  1.00715314E-13
  10098.6602  9.56882414E-14
  10101.4004  1.01952341E-13
  10104.1396  1.03339537E-13
  10106.8799  9.19369764E-14
  10109.6201  9.48277169E-14
  10112.3604  1.08274101E-13
  10115.0996  1.07072615E-13
  10117.8398  1.01663618E-13
  10120.5801  1.02508429E-13
  10123.3203  1.0472529E-13
  10126.0596  1.07840054E-13
  10128.7998  1.10000394E-13
  10131.54  1.12002557E-13
  10134.2803  1.0812217E-13
  10137.0205  1.00666749E-13
  10139.7598  9.56002245E-14
  10142.5  9.27866453E-14
  10145.2402  9.54612569E-14
  10147.9805  9.71142654E-14
  10150.7197  9.60619049E-14
  10153.46  9.41602143E-14
  10156.2002  9.10951544E-14
  10158.9404  9.20070904E-14
  10161.6797  9.49520478E-14
  10164.4199  9.92100214E-14
  10167.1602  1.01584512E-13
  10169.9004  9.65836298E-14
  10172.6396  9.88214569E-14
  10175.3799  1.11108469E-13
  10178.1201  1.20939554E-13
  10180.8604  1.29062722E-13
  10183.5996  1.17677203E-13
  10186.3398  1.00911792E-13
  10189.0801  9.93023751E-14
  10191.8203  7.92274639E-14
  10194.5596  1.47510957E-14
  10197.2998 -9.57947846E-15
  10200.04  0.
  10202.7803  0.
  10205.5205  0.
