#GJ7541A G230LB+G430L+G750L Bohlin 20Sep2013
#HST GO12813 FILE WRITTEN BY STISREDUCE.PRO ON 20-Sep-2013 15:52:18.00
#2863
 1667.323120  6.6684E-14
 1668.693359  8.7159E-14
 1670.063721  5.5321E-14
 1671.433960  8.0467E-14
 1672.804321  9.8717E-14
 1674.174683  9.5135E-14
 1675.545044  9.3351E-14
 1676.915405  8.2745E-14
 1678.285767  9.5468E-14
 1679.656250  9.7898E-14
 1681.026611  8.7274E-14
 1682.397095  9.8668E-14
 1683.767578  9.6451E-14
 1685.138062  1.0413E-13
 1686.508545  9.1379E-14
 1687.879028  1.0147E-13
 1689.249512  8.9086E-14
 1690.619995  1.0357E-13
 1691.990601  1.0142E-13
 1693.361084  1.0135E-13
 1694.731689  8.2323E-14
 1696.102295  1.0689E-13
 1697.472900  1.0271E-13
 1698.843506  9.9295E-14
 1700.214111  9.8106E-14
 1701.584717  1.1014E-13
 1702.955444  9.5392E-14
 1704.326050  8.6097E-14
 1705.696777  9.6575E-14
 1707.067505  1.0540E-13
 1708.438110  1.0030E-13
 1709.808838  1.1136E-13
 1711.179688  1.1002E-13
 1712.550415  1.0073E-13
 1713.921143  9.9627E-14
 1715.291870  1.0112E-13
 1716.662720  9.5817E-14
 1718.033569  1.0358E-13
 1719.404297  1.1023E-13
 1720.775146  1.1018E-13
 1722.145996  1.0509E-13
 1723.516846  9.9171E-14
 1724.887817  1.0818E-13
 1726.258667  1.0367E-13
 1727.629517  9.2038E-14
 1729.000488  1.0218E-13
 1730.371460  1.0429E-13
 1731.742310  1.0335E-13
 1733.113281  9.6413E-14
 1734.484253  1.0087E-13
 1735.855225  9.5415E-14
 1737.226318  1.0220E-13
 1738.597290  1.1052E-13
 1739.968262  1.0754E-13
 1741.339355  1.0298E-13
 1742.710327  1.0216E-13
 1744.081421  1.0470E-13
 1745.452515  1.0055E-13
 1746.823608  9.2825E-14
 1748.194702  9.5506E-14
 1749.565796  8.4816E-14
 1750.937012  7.5525E-14
 1752.308105  7.7324E-14
 1753.679199  9.9259E-14
 1755.050415  9.6004E-14
 1756.421631  9.6063E-14
 1757.792847  9.3638E-14
 1759.164062  9.4701E-14
 1760.535278  1.0353E-13
 1761.906494  1.0824E-13
 1763.277710  1.0910E-13
 1764.648926  1.0283E-13
 1766.020264  1.0324E-13
 1767.391479  1.1084E-13
 1768.762817  1.1006E-13
 1770.134155  1.0600E-13
 1771.505493  1.0645E-13
 1772.876709  1.1359E-13
 1774.248169  1.1001E-13
 1775.619507  1.1452E-13
 1776.990845  1.0997E-13
 1778.362183  1.1888E-13
 1779.733643  1.0532E-13
 1781.104980  1.1798E-13
 1782.476440  1.1585E-13
 1783.847900  1.0702E-13
 1785.219360  1.1161E-13
 1786.590820  1.0683E-13
 1787.962280  1.1048E-13
 1789.333740  1.0165E-13
 1790.705200  1.1171E-13
 1792.076782  1.1419E-13
 1793.448242  1.2237E-13
 1794.819824  1.1573E-13
 1796.191284  1.2232E-13
 1797.562866  1.1795E-13
 1798.934448  1.1293E-13
 1800.306030  1.1541E-13
 1801.677612  1.1484E-13
 1803.049194  1.1283E-13
 1804.420776  1.1491E-13
 1805.792480  1.1713E-13
 1807.164062  1.1400E-13
 1808.535767  1.1306E-13
 1809.907349  1.1498E-13
 1811.279053  1.1600E-13
 1812.650757  1.1494E-13
 1814.022461  1.1116E-13
 1815.394165  1.1927E-13
 1816.765869  1.1340E-13
 1818.137573  1.1734E-13
 1819.509277  1.1881E-13
 1820.881104  1.1934E-13
 1822.252808  1.1798E-13
 1823.624634  1.1612E-13
 1824.996338  1.2195E-13
 1826.368164  1.2237E-13
 1827.739990  1.1771E-13
 1829.111816  1.1548E-13
 1830.483643  1.1690E-13
 1831.855469  1.1818E-13
 1833.227295  1.1528E-13
 1834.599243  1.2519E-13
 1835.971069  1.1804E-13
 1837.342896  1.1867E-13
 1838.714844  1.1880E-13
 1840.086792  1.2221E-13
 1841.458618  1.1654E-13
 1842.830566  1.2220E-13
 1844.202515  1.1908E-13
 1845.574463  1.1856E-13
 1846.946411  1.1736E-13
 1848.318481  1.1526E-13
 1849.690430  1.1684E-13
 1851.062378  1.2128E-13
 1852.434448  1.1908E-13
 1853.806396  1.2289E-13
 1855.178467  1.2234E-13
 1856.550537  1.1731E-13
 1857.922485  1.1995E-13
 1859.294556  1.1734E-13
 1860.666626  1.2527E-13
 1862.038696  1.2477E-13
 1863.410767  1.1993E-13
 1864.782959  1.1847E-13
 1866.155029  1.2360E-13
 1867.527100  1.2032E-13
 1868.899292  1.2077E-13
 1870.271362  1.2054E-13
 1871.643555  1.2055E-13
 1873.015747  1.1784E-13
 1874.387939  1.2247E-13
 1875.760132  1.1990E-13
 1877.132324  1.1791E-13
 1878.504517  1.1915E-13
 1879.876709  1.1798E-13
 1881.248901  1.2212E-13
 1882.621094  1.1890E-13
 1883.993408  1.2269E-13
 1885.365601  1.1942E-13
 1886.737915  1.1651E-13
 1888.110229  1.1143E-13
 1889.482422  1.0766E-13
 1890.854736  1.0595E-13
 1892.227051  1.1304E-13
 1893.599365  1.0962E-13
 1894.971680  1.0980E-13
 1896.343994  1.0197E-13
 1897.716309  1.0389E-13
 1899.088745  9.9604E-14
 1900.461060  9.6361E-14
 1901.833374  9.3624E-14
 1903.205811  8.3718E-14
 1904.578125  8.3291E-14
 1905.950562  8.1574E-14
 1907.322998  7.8346E-14
 1908.695435  7.0710E-14
 1910.067871  6.8249E-14
 1911.440308  6.6846E-14
 1912.812744  6.1598E-14
 1914.185181  5.7593E-14
 1915.557617  5.6626E-14
 1916.930054  4.9687E-14
 1918.302612  4.9465E-14
 1919.675049  4.4619E-14
 1921.047607  3.9673E-14
 1922.420044  3.5121E-14
 1923.792603  3.3774E-14
 1925.165039  2.3911E-14
 1926.537598  1.6502E-14
 1927.910156  1.2315E-14
 1929.282715  1.1744E-14
 1930.655273  1.1156E-14
 1932.027832  1.4651E-14
 1933.400391  3.4007E-14
 1934.773071  6.5813E-14
 1936.145630  9.1408E-14
 1937.518188  1.0649E-13
 1938.890869  1.1849E-13
 1940.263428  1.1636E-13
 1941.636108  1.1655E-13
 1943.008667  1.1836E-13
 1944.381348  1.2367E-13
 1945.754028  1.2008E-13
 1947.126709  1.2928E-13
 1948.499390  1.2496E-13
 1949.872070  1.3073E-13
 1951.244751  1.2899E-13
 1952.617432  1.2815E-13
 1953.990112  1.2914E-13
 1955.362793  1.2751E-13
 1956.735596  1.2808E-13
 1958.108276  1.2864E-13
 1959.481079  1.2836E-13
 1960.853760  1.2325E-13
 1962.226562  1.2820E-13
 1963.599365  1.2794E-13
 1964.972046  1.2724E-13
 1966.344849  1.2459E-13
 1967.717651  1.3026E-13
 1969.090454  1.2722E-13
 1970.463257  1.2473E-13
 1971.836060  1.2877E-13
 1973.208862  1.2694E-13
 1974.581665  1.2659E-13
 1975.954590  1.2600E-13
 1977.327393  1.3102E-13
 1978.700195  1.3050E-13
 1980.073120  1.2763E-13
 1981.445923  1.2378E-13
 1982.818848  1.2655E-13
 1984.191772  1.3123E-13
 1985.564575  1.3117E-13
 1986.937500  1.3288E-13
 1988.310425  1.2895E-13
 1989.683350  1.2946E-13
 1991.056274  1.3064E-13
 1992.429199  1.2807E-13
 1993.802124  1.2956E-13
 1995.175049  1.3218E-13
 1996.547974  1.3066E-13
 1997.920898  1.3051E-13
 1999.293945  1.3349E-13
 2000.666870  1.3122E-13
 2002.039795  1.3431E-13
 2003.412842  1.3029E-13
 2004.785889  1.3212E-13
 2006.158813  1.3451E-13
 2007.531860  1.3132E-13
 2008.904907  1.3011E-13
 2010.277832  1.3078E-13
 2011.650879  1.3430E-13
 2013.023926  1.3235E-13
 2014.396973  1.3101E-13
 2015.770020  1.3204E-13
 2017.143066  1.3423E-13
 2018.516113  1.3222E-13
 2019.889160  1.3624E-13
 2021.262329  1.3110E-13
 2022.635376  1.3428E-13
 2024.008423  1.3201E-13
 2025.381592  1.3297E-13
 2026.754639  1.3401E-13
 2028.127808  1.3728E-13
 2029.500854  1.3428E-13
 2030.874023  1.3480E-13
 2032.247070  1.3068E-13
 2033.620239  1.3418E-13
 2034.993408  1.3281E-13
 2036.366577  1.3171E-13
 2037.739624  1.3079E-13
 2039.112793  1.3586E-13
 2040.485962  1.3601E-13
 2041.859131  1.3177E-13
 2043.232300  1.3400E-13
 2044.605591  1.3616E-13
 2045.978760  1.3546E-13
 2047.351929  1.3332E-13
 2048.725098  1.3976E-13
 2050.098389  1.3726E-13
 2051.471680  1.3412E-13
 2052.844727  1.3569E-13
 2054.218018  1.3376E-13
 2055.591309  1.3456E-13
 2056.964600  1.3482E-13
 2058.337646  1.3609E-13
 2059.710938  1.3769E-13
 2061.084229  1.3298E-13
 2062.457520  1.3532E-13
 2063.830811  1.3630E-13
 2065.204102  1.3603E-13
 2066.577393  1.3347E-13
 2067.950684  1.3491E-13
 2069.323975  1.3735E-13
 2070.697266  1.3696E-13
 2072.070557  1.3685E-13
 2073.443848  1.3838E-13
 2074.817139  1.3171E-13
 2076.190430  1.3908E-13
 2077.563721  1.4058E-13
 2078.937012  1.4125E-13
 2080.310303  1.3816E-13
 2081.683838  1.3794E-13
 2083.057129  1.3832E-13
 2084.430420  1.3753E-13
 2085.803711  1.3390E-13
 2087.177246  1.3883E-13
 2088.550537  1.3783E-13
 2089.923828  1.3893E-13
 2091.297363  1.3916E-13
 2092.670654  1.3846E-13
 2094.043945  1.3599E-13
 2095.417480  1.3721E-13
 2096.790771  1.3973E-13
 2098.164307  1.3581E-13
 2099.537598  1.3786E-13
 2100.911133  1.3730E-13
 2102.284424  1.3795E-13
 2103.657959  1.3899E-13
 2105.031250  1.3902E-13
 2106.404785  1.4178E-13
 2107.778076  1.3929E-13
 2109.151611  1.3770E-13
 2110.525146  1.3961E-13
 2111.898438  1.3806E-13
 2113.271973  1.3886E-13
 2114.645508  1.3729E-13
 2116.018799  1.3616E-13
 2117.392334  1.3774E-13
 2118.765869  1.3733E-13
 2120.139404  1.3865E-13
 2121.512695  1.4049E-13
 2122.886230  1.3705E-13
 2124.259766  1.4000E-13
 2125.633301  1.4071E-13
 2127.006836  1.4034E-13
 2128.380371  1.3986E-13
 2129.753662  1.4183E-13
 2131.127197  1.4070E-13
 2132.500732  1.4061E-13
 2133.874268  1.3872E-13
 2135.247803  1.4090E-13
 2136.621338  1.4194E-13
 2137.994873  1.3652E-13
 2139.368408  1.4096E-13
 2140.741943  1.4005E-13
 2142.115479  1.3708E-13
 2143.489014  1.4012E-13
 2144.862549  1.3922E-13
 2146.236084  1.4166E-13
 2147.609619  1.4046E-13
 2148.983398  1.3896E-13
 2150.356934  1.3881E-13
 2151.730469  1.3855E-13
 2153.104004  1.3971E-13
 2154.477539  1.3812E-13
 2155.851074  1.4184E-13
 2157.224609  1.4023E-13
 2158.598389  1.4101E-13
 2159.971924  1.3963E-13
 2161.345459  1.4137E-13
 2162.718994  1.4170E-13
 2164.092773  1.4181E-13
 2165.466309  1.4212E-13
 2166.839844  1.4219E-13
 2168.213623  1.4121E-13
 2169.587158  1.3893E-13
 2170.960693  1.4327E-13
 2172.334473  1.4084E-13
 2173.708008  1.4147E-13
 2175.081543  1.3795E-13
 2176.455322  1.3844E-13
 2177.828857  1.3971E-13
 2179.202637  1.3908E-13
 2180.576172  1.4097E-13
 2181.949707  1.4182E-13
 2183.323486  1.4109E-13
 2184.697021  1.3919E-13
 2186.070801  1.4112E-13
 2187.444336  1.4424E-13
 2188.818115  1.4156E-13
 2190.191650  1.4190E-13
 2191.565430  1.4237E-13
 2192.938965  1.3958E-13
 2194.312744  1.4219E-13
 2195.686279  1.4426E-13
 2197.060059  1.4234E-13
 2198.433838  1.3855E-13
 2199.807373  1.4232E-13
 2201.181152  1.4173E-13
 2202.554688  1.4527E-13
 2203.928467  1.4221E-13
 2205.302246  1.4160E-13
 2206.675781  1.4315E-13
 2208.049561  1.4285E-13
 2209.423340  1.4475E-13
 2210.796875  1.4338E-13
 2212.170654  1.4228E-13
 2213.544434  1.4234E-13
 2214.917969  1.4640E-13
 2216.291748  1.4454E-13
 2217.665527  1.4233E-13
 2219.039062  1.4295E-13
 2220.412842  1.4185E-13
 2221.786621  1.4131E-13
 2223.160400  1.4412E-13
 2224.533936  1.4396E-13
 2225.907715  1.4449E-13
 2227.281494  1.4302E-13
 2228.655273  1.4478E-13
 2230.029053  1.4223E-13
 2231.402588  1.4260E-13
 2232.776367  1.4133E-13
 2234.150146  1.4009E-13
 2235.523926  1.4600E-13
 2236.897705  1.4473E-13
 2238.271240  1.4449E-13
 2239.645020  1.4383E-13
 2241.018799  1.4267E-13
 2242.392578  1.4450E-13
 2243.766357  1.4269E-13
 2245.140137  1.4310E-13
 2246.513916  1.4209E-13
 2247.887451  1.4388E-13
 2249.261230  1.4504E-13
 2250.635010  1.4432E-13
 2252.008789  1.4445E-13
 2253.382568  1.4356E-13
 2254.756348  1.4377E-13
 2256.130127  1.4994E-13
 2257.503906  1.4425E-13
 2258.877686  1.4372E-13
 2260.251221  1.4566E-13
 2261.625000  1.4310E-13
 2262.998779  1.4512E-13
 2264.372559  1.4599E-13
 2265.746338  1.4254E-13
 2267.120117  1.4339E-13
 2268.493896  1.4539E-13
 2269.867676  1.4412E-13
 2271.241455  1.4448E-13
 2272.615234  1.4203E-13
 2273.989014  1.4231E-13
 2275.362793  1.3932E-13
 2276.736572  1.4432E-13
 2278.110352  1.4340E-13
 2279.484131  1.4549E-13
 2280.857910  1.4438E-13
 2282.231689  1.4577E-13
 2283.605469  1.4402E-13
 2284.979248  1.4388E-13
 2286.353027  1.4355E-13
 2287.726807  1.4563E-13
 2289.100586  1.4494E-13
 2290.474365  1.4452E-13
 2291.848145  1.4409E-13
 2293.221924  1.4520E-13
 2294.595703  1.4431E-13
 2295.969482  1.4620E-13
 2297.343262  1.4639E-13
 2298.717041  1.4645E-13
 2300.090820  1.4313E-13
 2301.464600  1.4287E-13
 2302.838379  1.4687E-13
 2304.212158  1.4559E-13
 2305.585938  1.4407E-13
 2306.959717  1.4321E-13
 2308.333496  1.4526E-13
 2309.707275  1.4588E-13
 2311.081055  1.4554E-13
 2312.454834  1.4210E-13
 2313.828613  1.4358E-13
 2315.202393  1.4719E-13
 2316.576172  1.4571E-13
 2317.949951  1.4373E-13
 2319.323730  1.4239E-13
 2320.697510  1.4307E-13
 2322.071289  1.4272E-13
 2323.445068  1.4344E-13
 2324.818848  1.4236E-13
 2326.192627  1.4465E-13
 2327.566406  1.4605E-13
 2328.940186  1.4352E-13
 2330.313965  1.4328E-13
 2331.687744  1.4612E-13
 2333.061523  1.4548E-13
 2334.435303  1.4339E-13
 2335.809082  1.4519E-13
 2337.182861  1.4477E-13
 2338.556396  1.4450E-13
 2339.930176  1.4367E-13
 2341.303955  1.4402E-13
 2342.677734  1.4312E-13
 2344.051514  1.4269E-13
 2345.425293  1.4408E-13
 2346.799072  1.4622E-13
 2348.172852  1.4619E-13
 2349.546631  1.4664E-13
 2350.920410  1.4631E-13
 2352.294189  1.4272E-13
 2353.667969  1.4404E-13
 2355.041748  1.4662E-13
 2356.415527  1.4478E-13
 2357.789307  1.4503E-13
 2359.163086  1.4848E-13
 2360.536865  1.4603E-13
 2361.910400  1.4734E-13
 2363.284180  1.4324E-13
 2364.657959  1.4547E-13
 2366.031738  1.4446E-13
 2367.405518  1.4545E-13
 2368.779297  1.4608E-13
 2370.153076  1.4745E-13
 2371.526855  1.4670E-13
 2372.900391  1.4782E-13
 2374.274170  1.4500E-13
 2375.647949  1.4490E-13
 2377.021729  1.4672E-13
 2378.395508  1.4744E-13
 2379.769287  1.4524E-13
 2381.143066  1.4391E-13
 2382.516602  1.4225E-13
 2383.890381  1.4390E-13
 2385.264160  1.4501E-13
 2386.637939  1.4504E-13
 2388.011475  1.4624E-13
 2389.385254  1.4617E-13
 2390.759033  1.4644E-13
 2392.132812  1.4514E-13
 2393.506592  1.4722E-13
 2394.880127  1.4344E-13
 2396.253906  1.4561E-13
 2397.627686  1.4532E-13
 2399.001221  1.4613E-13
 2400.375000  1.4525E-13
 2401.748779  1.4362E-13
 2403.122559  1.4583E-13
 2404.496094  1.4650E-13
 2405.869873  1.4503E-13
 2407.243652  1.4622E-13
 2408.617188  1.4642E-13
 2409.990967  1.4621E-13
 2411.364746  1.4483E-13
 2412.738281  1.4466E-13
 2414.112061  1.4543E-13
 2415.485596  1.4799E-13
 2416.859375  1.4737E-13
 2418.233154  1.4487E-13
 2419.606689  1.4721E-13
 2420.980469  1.4393E-13
 2422.354004  1.4729E-13
 2423.727783  1.4468E-13
 2425.101318  1.4536E-13
 2426.475098  1.4564E-13
 2427.848633  1.4652E-13
 2429.222412  1.4490E-13
 2430.595947  1.4680E-13
 2431.969727  1.4591E-13
 2433.343262  1.4609E-13
 2434.717041  1.4748E-13
 2436.090576  1.4710E-13
 2437.464355  1.4602E-13
 2438.837891  1.4516E-13
 2440.211426  1.4765E-13
 2441.585205  1.4513E-13
 2442.958740  1.4550E-13
 2444.332275  1.4369E-13
 2445.706055  1.4574E-13
 2447.079590  1.5034E-13
 2448.453125  1.4278E-13
 2449.826904  1.4520E-13
 2451.200439  1.4299E-13
 2452.573975  1.4258E-13
 2453.947754  1.4228E-13
 2455.321289  1.4350E-13
 2456.694824  1.4680E-13
 2458.068359  1.4268E-13
 2459.442139  1.4154E-13
 2460.815674  1.4543E-13
 2462.189209  1.4116E-13
 2463.562744  1.4146E-13
 2464.936279  1.3944E-13
 2466.309814  1.3984E-13
 2467.683594  1.4110E-13
 2469.057129  1.4008E-13
 2470.430664  1.3908E-13
 2471.804199  1.3875E-13
 2473.177734  1.3639E-13
 2474.551270  1.3155E-13
 2475.924805  1.2278E-13
 2477.298340  1.0902E-13
 2478.671875  8.6353E-14
 2480.045410  8.6353E-14
 2481.418945  1.1661E-13
 2482.792480  1.3187E-13
 2484.166016  1.4090E-13
 2485.539551  1.3984E-13
 2486.913086  1.4183E-13
 2488.286377  1.4363E-13
 2489.659912  1.4662E-13
 2491.033447  1.4404E-13
 2492.406982  1.4587E-13
 2493.780518  1.4830E-13
 2495.154053  1.4584E-13
 2496.527344  1.4424E-13
 2497.900879  1.4591E-13
 2499.274414  1.4540E-13
 2500.647705  1.4505E-13
 2502.021240  1.4601E-13
 2503.394775  1.4629E-13
 2504.768311  1.4467E-13
 2506.141602  1.4697E-13
 2507.515137  1.4648E-13
 2508.888428  1.4533E-13
 2510.261963  1.4548E-13
 2511.635498  1.4599E-13
 2513.008789  1.4428E-13
 2514.382324  1.4459E-13
 2515.755615  1.4513E-13
 2517.129150  1.4487E-13
 2518.502441  1.4437E-13
 2519.875977  1.4531E-13
 2521.249268  1.4409E-13
 2522.622559  1.4600E-13
 2523.996094  1.4476E-13
 2525.369385  1.4513E-13
 2526.742676  1.4437E-13
 2528.116211  1.4528E-13
 2529.489502  1.4557E-13
 2530.862793  1.4504E-13
 2532.236328  1.4474E-13
 2533.609619  1.4657E-13
 2534.982910  1.4433E-13
 2536.356201  1.4576E-13
 2537.729492  1.4627E-13
 2539.103027  1.4677E-13
 2540.476318  1.4514E-13
 2541.849609  1.4532E-13
 2543.222900  1.4519E-13
 2544.596191  1.4467E-13
 2545.969482  1.4753E-13
 2547.342773  1.4357E-13
 2548.716064  1.4451E-13
 2550.089355  1.4494E-13
 2551.462646  1.4518E-13
 2552.835938  1.4499E-13
 2554.209229  1.4412E-13
 2555.582520  1.4649E-13
 2556.955566  1.4497E-13
 2558.328857  1.4470E-13
 2559.702148  1.4619E-13
 2561.075439  1.4267E-13
 2562.448730  1.4235E-13
 2563.821777  1.4508E-13
 2565.195068  1.4496E-13
 2566.568359  1.4350E-13
 2567.941406  1.4516E-13
 2569.314697  1.4333E-13
 2570.687988  1.4367E-13
 2572.061035  1.4293E-13
 2573.434326  1.4600E-13
 2574.807373  1.4540E-13
 2576.180664  1.4802E-13
 2577.553711  1.4638E-13
 2578.927002  1.4488E-13
 2580.300049  1.4376E-13
 2581.673096  1.4129E-13
 2583.046387  1.4495E-13
 2584.419434  1.4410E-13
 2585.792725  1.4389E-13
 2587.165771  1.4504E-13
 2588.538818  1.4731E-13
 2589.911865  1.4424E-13
 2591.285156  1.4631E-13
 2592.658203  1.4645E-13
 2594.031250  1.4363E-13
 2595.404297  1.4419E-13
 2596.777344  1.4315E-13
 2598.150391  1.4276E-13
 2599.523438  1.3947E-13
 2600.896484  1.4334E-13
 2602.269531  1.4406E-13
 2603.642578  1.4468E-13
 2605.015625  1.4330E-13
 2606.388672  1.4441E-13
 2607.761719  1.4476E-13
 2609.134766  1.4261E-13
 2610.507812  1.4369E-13
 2611.880615  1.4462E-13
 2613.253662  1.4561E-13
 2614.626709  1.4301E-13
 2615.999756  1.4525E-13
 2617.372559  1.4329E-13
 2618.745605  1.4300E-13
 2620.118652  1.4115E-13
 2621.491455  1.4271E-13
 2622.864502  1.4123E-13
 2624.237305  1.4500E-13
 2625.610352  1.4451E-13
 2626.983154  1.4344E-13
 2628.356201  1.4267E-13
 2629.729004  1.4065E-13
 2631.101807  1.4374E-13
 2632.474854  1.4304E-13
 2633.847656  1.4407E-13
 2635.220459  1.4462E-13
 2636.593506  1.4182E-13
 2637.966309  1.4359E-13
 2639.339111  1.4511E-13
 2640.711914  1.4276E-13
 2642.084717  1.4460E-13
 2643.457520  1.4396E-13
 2644.830322  1.4347E-13
 2646.203125  1.4511E-13
 2647.575928  1.4196E-13
 2648.948730  1.4452E-13
 2650.321533  1.4293E-13
 2651.694336  1.4272E-13
 2653.067139  1.4447E-13
 2654.439941  1.4443E-13
 2655.812744  1.4320E-13
 2657.185303  1.4084E-13
 2658.558105  1.4080E-13
 2659.930908  1.4223E-13
 2661.303711  1.4030E-13
 2662.676270  1.4329E-13
 2664.049072  1.4399E-13
 2665.421631  1.4391E-13
 2666.794434  1.3743E-13
 2668.166992  1.4050E-13
 2669.539795  1.4473E-13
 2670.912354  1.4500E-13
 2672.285156  1.4329E-13
 2673.657715  1.4370E-13
 2675.030273  1.4462E-13
 2676.403076  1.4280E-13
 2677.775635  1.4100E-13
 2679.148193  1.4329E-13
 2680.520752  1.4380E-13
 2681.893311  1.4203E-13
 2683.265869  1.4204E-13
 2684.638428  1.4208E-13
 2686.010986  1.4260E-13
 2687.383545  1.4403E-13
 2688.756104  1.4152E-13
 2690.128662  1.4250E-13
 2691.501221  1.4283E-13
 2692.873779  1.4402E-13
 2694.246338  1.4286E-13
 2695.618896  1.4162E-13
 2696.991211  1.4272E-13
 2698.363770  1.4206E-13
 2699.736328  1.4276E-13
 2701.108643  1.4130E-13
 2702.481201  1.4265E-13
 2703.853760  1.4253E-13
 2705.226074  1.3998E-13
 2706.598633  1.4178E-13
 2707.970947  1.4336E-13
 2709.343262  1.4292E-13
 2710.715820  1.4117E-13
 2712.088135  1.4150E-13
 2713.460449  1.4251E-13
 2714.833008  1.4116E-13
 2716.205322  1.4103E-13
 2717.577637  1.4032E-13
 2718.949951  1.4087E-13
 2720.322266  1.4195E-13
 2721.694580  1.4252E-13
 2723.066895  1.4277E-13
 2724.439209  1.4345E-13
 2725.811523  1.4147E-13
 2727.183838  1.4261E-13
 2728.556152  1.4306E-13
 2729.928467  1.4317E-13
 2731.300537  1.4286E-13
 2732.672852  1.4080E-13
 2734.045166  1.3653E-13
 2735.417236  1.4010E-13
 2736.789551  1.4146E-13
 2738.161865  1.3961E-13
 2739.533936  1.4110E-13
 2740.906250  1.4233E-13
 2742.278320  1.4291E-13
 2743.650635  1.4081E-13
 2745.022705  1.4026E-13
 2746.394775  1.4270E-13
 2747.766846  1.3887E-13
 2749.139160  1.4038E-13
 2750.511230  1.4107E-13
 2751.883301  1.3998E-13
 2753.255371  1.3976E-13
 2754.627441  1.4067E-13
 2755.999512  1.4090E-13
 2757.371582  1.3977E-13
 2758.743652  1.4151E-13
 2760.115723  1.3995E-13
 2761.487793  1.3999E-13
 2762.859863  1.4025E-13
 2764.231689  1.4075E-13
 2765.603760  1.3676E-13
 2766.975830  1.4068E-13
 2768.347656  1.4018E-13
 2769.719727  1.4010E-13
 2771.091797  1.4079E-13
 2772.463623  1.3897E-13
 2773.835449  1.4157E-13
 2775.207520  1.4018E-13
 2776.579346  1.3939E-13
 2777.951416  1.3855E-13
 2779.323242  1.4021E-13
 2780.695068  1.4248E-13
 2782.066895  1.4137E-13
 2783.438721  1.3942E-13
 2784.810547  1.4086E-13
 2786.182617  1.3869E-13
 2787.554443  1.3811E-13
 2788.926025  1.3883E-13
 2790.297852  1.4002E-13
 2791.669678  1.3850E-13
 2793.041504  1.3715E-13
 2794.413330  1.3696E-13
 2795.785156  1.2995E-13
 2797.156738  1.3375E-13
 2798.528564  1.3707E-13
 2799.900146  1.3920E-13
 2801.271973  1.3770E-13
 2802.643555  1.3321E-13
 2804.015381  1.3252E-13
 2805.386963  1.3727E-13
 2806.758789  1.3971E-13
 2808.130371  1.3864E-13
 2809.501953  1.3789E-13
 2810.873535  1.3763E-13
 2812.245361  1.3982E-13
 2813.616943  1.3964E-13
 2814.988525  1.3811E-13
 2816.360107  1.3842E-13
 2817.731689  1.3811E-13
 2819.103271  1.3604E-13
 2820.474609  1.3765E-13
 2821.846191  1.3868E-13
 2823.217773  1.3765E-13
 2824.589355  1.3667E-13
 2825.960693  1.3847E-13
 2827.332275  1.3921E-13
 2828.703857  1.3864E-13
 2830.075195  1.3907E-13
 2831.446777  1.3745E-13
 2832.818115  1.3801E-13
 2834.189453  1.3813E-13
 2835.561035  1.3851E-13
 2836.932373  1.3736E-13
 2838.303711  1.3901E-13
 2839.675049  1.3762E-13
 2841.046387  1.3788E-13
 2842.417725  1.3631E-13
 2843.789307  1.3717E-13
 2845.160400  1.3681E-13
 2846.531738  1.3687E-13
 2847.903076  1.3769E-13
 2849.274414  1.3891E-13
 2850.645752  1.3809E-13
 2852.017090  1.3764E-13
 2853.388184  1.3812E-13
 2854.759521  1.3778E-13
 2856.130615  1.3889E-13
 2857.501953  1.3726E-13
 2858.873047  1.3632E-13
 2860.244385  1.3704E-13
 2861.615479  1.3727E-13
 2862.986572  1.3662E-13
 2864.357666  1.3782E-13
 2865.729004  1.3570E-13
 2867.100098  1.3934E-13
 2868.471191  1.3811E-13
 2869.842285  1.3680E-13
 2871.213379  1.3744E-13
 2872.584473  1.3711E-13
 2873.955566  1.3935E-13
 2875.326416  1.3527E-13
 2876.697510  1.3487E-13
 2878.068604  1.3490E-13
 2879.439453  1.3548E-13
 2880.810547  1.3610E-13
 2882.181641  1.3652E-13
 2883.552490  1.3720E-13
 2884.923340  1.3744E-13
 2886.294434  1.3795E-13
 2887.665283  1.3590E-13
 2889.036133  1.3401E-13
 2890.407227  1.3428E-13
 2891.778076  1.3390E-13
 2893.148926  1.3636E-13
 2894.519775  1.3753E-13
 2895.890625  1.3396E-13
 2897.261475  1.3462E-13
 2898.632324  1.3519E-13
 2900.002930  1.3298E-13
 2901.373779  1.3529E-13
 2902.744629  1.3540E-13
 2904.115479  1.3463E-13
 2905.486084  1.3648E-13
 2906.856934  1.3569E-13
 2908.227539  1.3673E-13
 2909.598389  1.3564E-13
 2910.968994  1.3468E-13
 2912.339600  1.3504E-13
 2913.710205  1.3240E-13
 2915.081055  1.3319E-13
 2916.451660  1.3465E-13
 2917.822266  1.3305E-13
 2919.192871  1.3291E-13
 2920.563477  1.3473E-13
 2921.934082  1.3297E-13
 2923.304443  1.3419E-13
 2924.675049  1.3450E-13
 2926.045654  1.3490E-13
 2927.416260  1.3512E-13
 2928.786621  1.3459E-13
 2930.157227  1.3502E-13
 2931.527588  1.3426E-13
 2932.898193  1.3540E-13
 2934.268555  1.3416E-13
 2935.638916  1.3250E-13
 2937.009277  1.3338E-13
 2938.379883  1.3153E-13
 2939.750244  1.3344E-13
 2941.120605  1.3628E-13
 2942.490967  1.3086E-13
 2943.861328  1.3331E-13
 2945.231689  1.3390E-13
 2946.601807  1.3384E-13
 2947.972168  1.3430E-13
 2949.342529  1.3277E-13
 2950.712891  1.3547E-13
 2952.083008  1.3416E-13
 2953.453369  1.3599E-13
 2954.823486  1.3191E-13
 2956.193604  1.3369E-13
 2957.563965  1.3416E-13
 2958.934082  1.3366E-13
 2960.304199  1.3164E-13
 2961.674316  1.3433E-13
 2963.044434  1.3131E-13
 2964.414551  1.3519E-13
 2965.784668  1.3369E-13
 2967.154785  1.3374E-13
 2968.524902  1.3388E-13
 2969.895020  1.3338E-13
 2971.265137  1.3079E-13
 2972.635010  1.3155E-13
 2974.005127  1.3179E-13
 2975.375000  1.3458E-13
 2976.745117  1.3190E-13
 2978.114990  1.3369E-13
 2979.484863  1.3515E-13
 2980.854980  1.3410E-13
 2982.224854  1.3352E-13
 2983.594727  1.3280E-13
 2984.964600  1.3209E-13
 2986.334473  1.3174E-13
 2987.704346  1.3234E-13
 2989.074219  1.2990E-13
 2990.444092  1.2954E-13
 2991.813721  1.3213E-13
 2993.183594  1.3210E-13
 2994.553467  1.3120E-13
 2995.923096  1.3155E-13
 2997.292969  1.3073E-13
 2998.662598  1.3306E-13
 3000.032227  1.3229E-13
 3001.402100  1.3177E-13
 3002.771729  1.3249E-13
 3004.141357  1.3472E-13
 3005.510986  1.3460E-13
 3006.880615  1.3284E-13
 3008.250244  1.2981E-13
 3009.619873  1.2997E-13
 3010.989502  1.3096E-13
 3012.359131  1.2996E-13
 3013.728516  1.3066E-13
 3015.098145  1.3009E-13
 3016.467529  1.3120E-13
 3017.837158  1.3107E-13
 3019.206543  1.3094E-13
 3020.576172  1.3011E-13
 3021.945557  1.3027E-13
 3023.314941  1.3202E-13
 3024.684326  1.2943E-13
 3026.053711  1.2969E-13
 3027.423096  1.2992E-13
 3028.792480  1.3192E-13
 3030.161865  1.3220E-13
 3031.531250  1.3198E-13
 3032.900635  1.3104E-13
 3034.269775  1.3078E-13
 3035.639160  1.3072E-13
 3037.008301  1.3039E-13
 3038.377686  1.2826E-13
 3039.746826  1.3134E-13
 3041.116211  1.3153E-13
 3042.485352  1.3091E-13
 3043.854492  1.3076E-13
 3045.223633  1.3045E-13
 3046.592773  1.2987E-13
 3047.961914  1.3021E-13
 3049.331055  1.3014E-13
 3050.700195  1.2893E-13
 3052.069336  1.3060E-13
 3053.438232  1.3025E-13
 3054.807373  1.3054E-13
 3056.176270  1.2969E-13
 3057.545410  1.2830E-13
 3058.914307  1.2900E-13
 3060.283447  1.2934E-13
 3067.066406  1.2683E-13
 3069.812256  1.2871E-13
 3072.558350  1.2884E-13
 3075.304199  1.2740E-13
 3078.050049  1.2861E-13
 3080.796143  1.2748E-13
 3083.541992  1.2825E-13
 3086.288086  1.2797E-13
 3089.033936  1.2565E-13
 3091.780029  1.2934E-13
 3094.526123  1.2899E-13
 3097.272217  1.2713E-13
 3100.018311  1.2649E-13
 3102.764404  1.2626E-13
 3105.510498  1.2754E-13
 3108.256592  1.2740E-13
 3111.002686  1.2860E-13
 3113.749023  1.2612E-13
 3116.495117  1.2752E-13
 3119.241455  1.2688E-13
 3121.987549  1.2549E-13
 3124.733887  1.2511E-13
 3127.479980  1.2745E-13
 3130.226318  1.2829E-13
 3132.972656  1.2686E-13
 3135.718994  1.2638E-13
 3138.465332  1.2585E-13
 3141.211670  1.2486E-13
 3143.958008  1.2552E-13
 3146.704346  1.2621E-13
 3149.450684  1.2823E-13
 3152.197266  1.2747E-13
 3154.943604  1.2387E-13
 3157.689941  1.2455E-13
 3160.436523  1.2456E-13
 3163.182861  1.2324E-13
 3165.929443  1.2340E-13
 3168.676025  1.2540E-13
 3171.422607  1.2460E-13
 3174.168945  1.2333E-13
 3176.915527  1.2281E-13
 3179.662109  1.2030E-13
 3182.408691  1.2259E-13
 3185.155273  1.2230E-13
 3187.902100  1.2344E-13
 3190.648682  1.2344E-13
 3193.395264  1.2284E-13
 3196.141846  1.2256E-13
 3198.888672  1.2299E-13
 3201.635254  1.2230E-13
 3204.382080  1.2315E-13
 3207.128662  1.2197E-13
 3209.875488  1.2263E-13
 3212.622314  1.2262E-13
 3215.369141  1.2382E-13
 3218.115723  1.2507E-13
 3220.862549  1.2226E-13
 3223.609375  1.2054E-13
 3226.356201  1.2298E-13
 3229.103027  1.2360E-13
 3231.850098  1.2233E-13
 3234.596924  1.2222E-13
 3237.343750  1.2071E-13
 3240.090576  1.2187E-13
 3242.837646  1.2071E-13
 3245.584473  1.2269E-13
 3248.331543  1.2152E-13
 3251.078369  1.2037E-13
 3253.825439  1.2086E-13
 3256.572510  1.2197E-13
 3259.319580  1.2047E-13
 3262.066406  1.1801E-13
 3264.813477  1.2110E-13
 3267.560547  1.2058E-13
 3270.307617  1.2031E-13
 3273.054688  1.2126E-13
 3275.801758  1.2115E-13
 3278.548828  1.1909E-13
 3281.296143  1.1851E-13
 3284.043213  1.2055E-13
 3286.790283  1.1950E-13
 3289.537354  1.1775E-13
 3292.284668  1.1880E-13
 3295.031738  1.1999E-13
 3297.779053  1.2009E-13
 3300.526367  1.1951E-13
 3303.273438  1.1905E-13
 3306.020752  1.1745E-13
 3308.768066  1.2045E-13
 3311.515137  1.1909E-13
 3314.262451  1.1753E-13
 3317.009766  1.1684E-13
 3319.757080  1.1694E-13
 3322.504395  1.1628E-13
 3325.251709  1.1800E-13
 3327.999023  1.1767E-13
 3330.746338  1.1745E-13
 3333.493896  1.1726E-13
 3336.241211  1.1746E-13
 3338.988525  1.1710E-13
 3341.736084  1.1671E-13
 3344.483398  1.1662E-13
 3347.230713  1.1840E-13
 3349.978271  1.1753E-13
 3352.725830  1.1619E-13
 3355.473145  1.1664E-13
 3358.220703  1.1473E-13
 3360.968018  1.1674E-13
 3363.715576  1.1642E-13
 3366.463135  1.1584E-13
 3369.210693  1.1568E-13
 3371.958252  1.1517E-13
 3374.705811  1.1531E-13
 3377.453369  1.1539E-13
 3380.200928  1.1508E-13
 3382.948486  1.1546E-13
 3385.696045  1.1538E-13
 3388.443604  1.1511E-13
 3391.191162  1.1463E-13
 3393.938965  1.1439E-13
 3396.686523  1.1444E-13
 3399.434082  1.1464E-13
 3402.181885  1.1448E-13
 3404.929443  1.1328E-13
 3407.677246  1.1432E-13
 3410.424805  1.1346E-13
 3413.172607  1.1314E-13
 3415.920166  1.1329E-13
 3418.667969  1.1295E-13
 3421.415771  1.1279E-13
 3424.163330  1.1423E-13
 3426.911133  1.1402E-13
 3429.658936  1.1307E-13
 3432.406738  1.1302E-13
 3435.154541  1.1197E-13
 3437.902344  1.1247E-13
 3440.650146  1.1238E-13
 3443.397949  1.1174E-13
 3446.145752  1.1202E-13
 3448.893555  1.1295E-13
 3451.641357  1.1320E-13
 3454.389160  1.1126E-13
 3457.136963  1.1173E-13
 3459.885010  1.1153E-13
 3462.632812  1.1219E-13
 3465.380615  1.1235E-13
 3468.128662  1.0966E-13
 3470.876465  1.1093E-13
 3473.624512  1.1018E-13
 3476.372314  1.1147E-13
 3479.120361  1.1057E-13
 3481.868164  1.1011E-13
 3484.616211  1.0996E-13
 3487.364014  1.1100E-13
 3490.112061  1.1027E-13
 3492.860107  1.0956E-13
 3495.608154  1.1018E-13
 3498.355957  1.1012E-13
 3501.104004  1.0859E-13
 3503.852051  1.1011E-13
 3506.600098  1.1000E-13
 3509.348145  1.0838E-13
 3512.096191  1.0762E-13
 3514.844238  1.0906E-13
 3517.592285  1.1003E-13
 3520.340332  1.0860E-13
 3523.088379  1.0826E-13
 3525.836426  1.0805E-13
 3528.584473  1.0871E-13
 3531.332520  1.0789E-13
 3534.080566  1.0821E-13
 3536.828857  1.0906E-13
 3539.576904  1.0807E-13
 3542.324951  1.0848E-13
 3545.073242  1.0911E-13
 3547.821289  1.0687E-13
 3550.569336  1.0794E-13
 3553.317627  1.0783E-13
 3556.065674  1.0586E-13
 3558.813965  1.0550E-13
 3561.562012  1.0685E-13
 3564.310303  1.0746E-13
 3567.058350  1.0709E-13
 3569.806641  1.0774E-13
 3572.554688  1.0644E-13
 3575.302979  1.0642E-13
 3578.051270  1.0640E-13
 3580.799316  1.0687E-13
 3583.547607  1.0556E-13
 3586.295898  1.0482E-13
 3589.044189  1.0617E-13
 3591.792480  1.0643E-13
 3594.540527  1.0579E-13
 3597.288818  1.0411E-13
 3600.037109  1.0636E-13
 3602.785400  1.0599E-13
 3605.533691  1.0469E-13
 3608.281982  1.0559E-13
 3611.030273  1.0442E-13
 3613.778564  1.0447E-13
 3616.526855  1.0418E-13
 3619.275146  1.0552E-13
 3622.023438  1.0354E-13
 3624.771729  1.0474E-13
 3627.520020  1.0451E-13
 3630.268311  1.0314E-13
 3633.016846  1.0409E-13
 3635.765137  1.0435E-13
 3638.513428  1.0328E-13
 3641.261719  1.0495E-13
 3644.010010  1.0366E-13
 3646.758545  1.0239E-13
 3649.506836  1.0242E-13
 3652.255127  1.0329E-13
 3655.003662  1.0362E-13
 3657.751953  1.0272E-13
 3660.500244  1.0422E-13
 3663.248779  1.0336E-13
 3665.997070  1.0268E-13
 3668.745605  1.0280E-13
 3671.493896  1.0298E-13
 3674.242432  1.0264E-13
 3676.990723  1.0127E-13
 3679.739014  1.0141E-13
 3682.487549  1.0158E-13
 3685.236084  1.0165E-13
 3687.984375  1.0033E-13
 3690.732910  1.0131E-13
 3693.481201  1.0262E-13
 3696.229736  1.0327E-13
 3698.978027  1.0213E-13
 3701.726562  1.0089E-13
 3704.475098  1.0188E-13
 3707.223389  1.0155E-13
 3709.971924  1.0156E-13
 3712.720459  9.8466E-14
 3715.468750  1.0018E-13
 3718.217285  9.9587E-14
 3720.965820  1.0002E-13
 3723.714355  1.0074E-13
 3726.462646  9.9192E-14
 3729.211182  9.9958E-14
 3731.959717  1.0089E-13
 3734.708252  1.0080E-13
 3737.456787  1.0066E-13
 3740.205078  1.0066E-13
 3742.953613  1.0055E-13
 3745.702148  9.9431E-14
 3748.450684  9.9424E-14
 3751.199219  1.0029E-13
 3753.947754  9.9602E-14
 3756.696289  9.8246E-14
 3759.444580  9.8101E-14
 3762.193115  9.7797E-14
 3764.941650  9.7898E-14
 3767.690186  9.8674E-14
 3770.438721  9.9290E-14
 3773.187256  9.9828E-14
 3775.935791  9.9585E-14
 3778.684326  9.8231E-14
 3781.432861  9.9551E-14
 3784.181396  9.7984E-14
 3786.929932  9.7352E-14
 3789.678467  9.7872E-14
 3792.427002  9.7199E-14
 3795.175537  9.6217E-14
 3797.924072  9.7526E-14
 3800.672607  9.6257E-14
 3803.421143  9.6251E-14
 3806.169678  9.5389E-14
 3808.918213  9.6118E-14
 3811.666748  9.5895E-14
 3814.415283  9.6378E-14
 3817.163818  9.6097E-14
 3819.912354  9.6318E-14
 3822.660889  9.6227E-14
 3825.409424  9.7172E-14
 3828.157959  9.5864E-14
 3830.906494  9.6111E-14
 3833.655029  9.6323E-14
 3836.403564  9.5835E-14
 3839.152100  9.6611E-14
 3841.900635  9.5756E-14
 3844.649414  9.5911E-14
 3847.397949  9.5206E-14
 3850.146484  9.3737E-14
 3852.895020  9.4160E-14
 3855.643555  9.5714E-14
 3858.392090  9.4651E-14
 3861.140625  9.4997E-14
 3863.889160  9.3901E-14
 3866.637695  9.4435E-14
 3869.386230  9.4258E-14
 3872.134766  9.4309E-14
 3874.883301  9.2794E-14
 3877.631836  9.2857E-14
 3880.380371  9.1439E-14
 3883.128906  9.3240E-14
 3885.877686  9.1774E-14
 3888.626221  9.1864E-14
 3891.374756  9.1862E-14
 3894.123291  9.1606E-14
 3896.871826  9.1218E-14
 3899.620361  9.2803E-14
 3902.368896  9.2373E-14
 3905.117432  9.2210E-14
 3907.865967  9.2332E-14
 3910.614502  9.2328E-14
 3913.363037  9.2550E-14
 3916.111572  9.1695E-14
 3918.860107  9.2230E-14
 3921.608643  9.0853E-14
 3924.357178  9.0952E-14
 3927.105713  9.1784E-14
 3929.854248  9.1659E-14
 3932.602783  9.1127E-14
 3935.351318  9.0507E-14
 3938.099854  9.1542E-14
 3940.848389  9.0887E-14
 3943.596924  9.0072E-14
 3946.345459  9.1025E-14
 3949.093994  8.9826E-14
 3951.842529  9.0059E-14
 3954.591064  9.1378E-14
 3957.339355  8.9710E-14
 3960.087891  9.0199E-14
 3962.836426  8.9917E-14
 3965.584961  8.9182E-14
 3968.333496  9.0376E-14
 3971.082031  9.0028E-14
 3973.830566  8.9243E-14
 3976.579102  8.9882E-14
 3979.327393  8.9724E-14
 3982.075928  8.9246E-14
 3984.824463  9.0173E-14
 3987.572998  8.9432E-14
 3990.321533  8.8029E-14
 3993.069824  8.9222E-14
 3995.818359  8.8728E-14
 3998.566895  8.8771E-14
 4001.315430  8.8575E-14
 4004.063721  8.8459E-14
 4006.812256  8.7407E-14
 4009.560791  8.8140E-14
 4012.309082  8.7907E-14
 4015.057617  8.8037E-14
 4017.806152  8.7775E-14
 4020.554443  8.8561E-14
 4023.302979  8.7356E-14
 4026.051270  8.7616E-14
 4028.799805  8.6505E-14
 4031.548340  8.6606E-14
 4034.296631  8.7690E-14
 4037.045166  8.7260E-14
 4039.793457  8.7196E-14
 4042.541992  8.7819E-14
 4045.290283  8.6447E-14
 4048.038818  8.6923E-14
 4050.787109  8.7015E-14
 4053.535400  8.6505E-14
 4056.283936  8.6324E-14
 4059.032227  8.6656E-14
 4061.780762  8.6543E-14
 4064.529053  8.6591E-14
 4067.277344  8.6295E-14
 4070.025879  8.5987E-14
 4072.774170  8.4605E-14
 4075.522461  8.5773E-14
 4078.270752  8.5403E-14
 4081.019287  8.4945E-14
 4083.767578  8.5762E-14
 4086.515869  8.6209E-14
 4089.264160  8.5062E-14
 4092.012451  8.5090E-14
 4094.760742  8.5475E-14
 4097.509277  8.5242E-14
 4100.257324  8.4488E-14
 4103.005859  8.4114E-14
 4105.753906  8.5260E-14
 4108.502441  8.3827E-14
 4111.250488  8.3386E-14
 4113.999023  8.5252E-14
 4116.747070  8.4598E-14
 4119.495605  8.3853E-14
 4122.243652  8.4369E-14
 4124.992188  8.3807E-14
 4127.740234  8.4075E-14
 4130.488281  8.3778E-14
 4133.236816  8.4447E-14
 4135.984863  8.3534E-14
 4138.732910  8.3434E-14
 4141.481445  8.2898E-14
 4144.229492  8.3742E-14
 4146.977539  8.3430E-14
 4149.726074  8.2994E-14
 4152.474121  8.3057E-14
 4155.222168  8.2468E-14
 4157.970703  8.2180E-14
 4160.718750  8.2848E-14
 4163.466797  8.2258E-14
 4166.214844  8.2367E-14
 4168.962891  8.3155E-14
 4171.711426  8.2742E-14
 4174.459473  8.1520E-14
 4177.207520  8.2476E-14
 4179.955566  8.0378E-14
 4182.703613  8.2638E-14
 4185.451660  8.1484E-14
 4188.200195  8.1171E-14
 4190.948242  8.2283E-14
 4193.696289  8.2212E-14
 4196.444336  8.1745E-14
 4199.192383  8.1087E-14
 4201.940430  8.0034E-14
 4204.688477  8.0486E-14
 4207.436523  8.0411E-14
 4210.184570  8.1231E-14
 4212.932617  8.0235E-14
 4215.680664  8.1189E-14
 4218.428711  8.0892E-14
 4221.176270  8.0111E-14
 4223.924316  8.0506E-14
 4226.672363  8.0617E-14
 4229.420410  8.0264E-14
 4232.168457  7.9930E-14
 4234.916504  8.0160E-14
 4237.664062  8.0190E-14
 4240.412109  7.9598E-14
 4243.160156  8.0194E-14
 4245.908203  7.9696E-14
 4248.655762  7.9213E-14
 4251.403809  7.9369E-14
 4254.151855  7.9589E-14
 4256.899414  7.7663E-14
 4259.647461  7.8789E-14
 4262.395508  7.9324E-14
 4265.143066  7.9182E-14
 4267.891113  7.8910E-14
 4270.639160  7.7517E-14
 4273.386719  7.8947E-14
 4276.134766  7.7447E-14
 4278.882324  7.8241E-14
 4281.630371  7.7900E-14
 4284.377930  7.7228E-14
 4287.125488  7.7254E-14
 4289.873535  7.6792E-14
 4292.621094  7.7044E-14
 4295.369141  7.6879E-14
 4298.116699  7.7495E-14
 4300.864258  7.6737E-14
 4303.612305  7.7217E-14
 4306.359863  7.7169E-14
 4309.107422  7.6894E-14
 4311.855469  7.6537E-14
 4314.603027  7.6051E-14
 4317.350586  7.6237E-14
 4320.098145  7.5614E-14
 4322.845703  7.5887E-14
 4325.593750  7.5024E-14
 4328.341309  7.4572E-14
 4331.088867  7.5389E-14
 4333.836426  7.5764E-14
 4336.583984  7.5189E-14
 4339.331543  7.5409E-14
 4342.079102  7.5521E-14
 4344.826660  7.4338E-14
 4347.574219  7.5245E-14
 4350.321777  7.5521E-14
 4353.069336  7.4575E-14
 4355.816895  7.4668E-14
 4358.564453  7.4723E-14
 4361.311523  7.4834E-14
 4364.059082  7.5201E-14
 4366.806641  7.4183E-14
 4369.554199  7.3441E-14
 4372.301270  7.3572E-14
 4375.048828  7.3432E-14
 4377.796387  7.4465E-14
 4380.543945  7.4818E-14
 4383.291016  7.3795E-14
 4386.038574  7.3601E-14
 4388.785645  7.3557E-14
 4391.533203  7.3109E-14
 4394.280762  7.4426E-14
 4397.027832  7.3560E-14
 4399.775391  7.3809E-14
 4402.522461  7.3632E-14
 4405.270020  7.3133E-14
 4408.017090  7.4130E-14
 4410.764160  7.2918E-14
 4413.511719  7.2911E-14
 4416.258789  7.3025E-14
 4419.005859  7.3316E-14
 4421.753418  7.2311E-14
 4424.500488  7.2574E-14
 4427.247559  7.2512E-14
 4429.994629  7.2311E-14
 4432.741699  7.1932E-14
 4435.489258  7.2335E-14
 4438.236328  7.2138E-14
 4440.983398  7.1519E-14
 4443.730469  7.1403E-14
 4446.477539  7.2039E-14
 4449.224609  7.0530E-14
 4451.971680  7.0933E-14
 4454.718750  7.1385E-14
 4457.465820  7.1538E-14
 4460.212891  7.0507E-14
 4462.959961  7.0404E-14
 4465.706543  7.0748E-14
 4468.453613  6.9725E-14
 4471.200684  6.9918E-14
 4473.947754  6.9898E-14
 4476.694336  7.0027E-14
 4479.441406  7.0432E-14
 4482.188477  7.0178E-14
 4484.935059  7.0264E-14
 4487.682129  6.9796E-14
 4490.429199  7.0193E-14
 4493.175781  7.0344E-14
 4495.922852  7.0054E-14
 4498.669434  7.0657E-14
 4501.416504  7.0263E-14
 4504.163086  7.0493E-14
 4506.909668  6.9394E-14
 4509.656738  6.9731E-14
 4512.403320  6.9877E-14
 4515.149902  7.0430E-14
 4517.896973  6.9553E-14
 4520.643555  7.0573E-14
 4523.390137  6.8863E-14
 4526.136719  6.9806E-14
 4528.883301  6.9129E-14
 4531.629883  6.9076E-14
 4534.376953  6.8551E-14
 4537.123535  6.8887E-14
 4539.870117  6.8803E-14
 4542.616699  6.9110E-14
 4545.362793  6.7930E-14
 4548.109375  6.7792E-14
 4550.855957  6.8575E-14
 4553.602539  6.8318E-14
 4556.349121  6.9073E-14
 4559.095703  6.8418E-14
 4561.841797  6.8473E-14
 4564.588379  6.8103E-14
 4567.334961  6.8547E-14
 4570.081055  6.8373E-14
 4572.827637  6.7828E-14
 4575.574219  6.8196E-14
 4578.320312  6.8540E-14
 4581.066895  6.7990E-14
 4583.812988  6.7442E-14
 4586.559570  6.7834E-14
 4589.305664  6.6931E-14
 4592.051758  6.7404E-14
 4594.798340  6.7511E-14
 4597.544434  6.7559E-14
 4600.290527  6.7676E-14
 4603.036621  6.7413E-14
 4605.783203  6.7062E-14
 4608.529297  6.6838E-14
 4611.275391  6.6703E-14
 4614.021484  6.6582E-14
 4616.767578  6.6728E-14
 4619.513672  6.6912E-14
 4622.259766  6.6713E-14
 4625.005859  6.6445E-14
 4627.751953  6.7011E-14
 4630.498047  6.7035E-14
 4633.243652  6.5927E-14
 4635.989746  6.6658E-14
 4638.735840  6.6341E-14
 4641.481934  6.6924E-14
 4644.227539  6.5866E-14
 4646.973633  6.4915E-14
 4649.719727  6.6105E-14
 4652.465332  6.5242E-14
 4655.211426  6.5683E-14
 4657.957031  6.5726E-14
 4660.703125  6.4500E-14
 4663.448730  6.5309E-14
 4666.194336  6.5151E-14
 4668.940430  6.5190E-14
 4671.686035  6.4511E-14
 4674.431641  6.4632E-14
 4677.177246  6.4769E-14
 4679.923340  6.4585E-14
 4682.668945  6.4882E-14
 4685.414551  6.3839E-14
 4688.160156  6.2343E-14
 4690.905762  6.3823E-14
 4693.651367  6.4255E-14
 4696.396973  6.4293E-14
 4699.142578  6.4258E-14
 4701.888184  6.3881E-14
 4704.633301  6.3575E-14
 4707.378906  6.3491E-14
 4710.124512  6.4261E-14
 4712.870117  6.3770E-14
 4715.615234  6.3658E-14
 4718.360840  6.3128E-14
 4721.105957  6.3932E-14
 4723.851562  6.2374E-14
 4726.596680  6.2670E-14
 4729.342285  6.3109E-14
 4732.087402  6.2112E-14
 4734.833008  6.2321E-14
 4737.578125  6.3014E-14
 4740.323242  6.3141E-14
 4743.068848  6.3400E-14
 4745.813965  6.2871E-14
 4748.559082  6.2999E-14
 4751.304199  6.3376E-14
 4754.049316  6.2513E-14
 4756.794434  6.2215E-14
 4759.539551  6.2191E-14
 4762.284668  6.1892E-14
 4765.029785  6.1837E-14
 4767.774902  6.2627E-14
 4770.520020  6.1505E-14
 4773.264648  6.1560E-14
 4776.009766  6.1759E-14
 4778.754883  6.1378E-14
 4781.499512  6.1262E-14
 4784.244629  6.0456E-14
 4786.989258  6.1201E-14
 4789.734375  6.0795E-14
 4792.479004  6.0428E-14
 4795.224121  6.0472E-14
 4797.968750  6.0846E-14
 4800.713867  5.9840E-14
 4803.458496  6.0215E-14
 4806.203125  6.0607E-14
 4808.947754  6.0232E-14
 4811.692383  6.0203E-14
 4814.437012  6.0043E-14
 4817.181641  5.9443E-14
 4819.926270  5.9347E-14
 4822.670898  5.9491E-14
 4825.415527  6.0039E-14
 4828.160156  6.0399E-14
 4830.904785  5.9800E-14
 4833.649414  5.9405E-14
 4836.394043  5.9258E-14
 4839.138184  5.8858E-14
 4841.882812  5.9348E-14
 4844.626953  5.8989E-14
 4847.371582  5.8917E-14
 4850.115723  5.8987E-14
 4852.860352  5.8970E-14
 4855.604492  5.9276E-14
 4858.349121  5.8225E-14
 4861.093262  5.8356E-14
 4863.837402  5.7971E-14
 4866.581543  5.8631E-14
 4869.326172  5.8383E-14
 4872.070312  5.8641E-14
 4874.814453  5.8615E-14
 4877.558594  5.7225E-14
 4880.302734  5.8318E-14
 4883.046875  5.8140E-14
 4885.790527  5.6908E-14
 4888.534668  5.8342E-14
 4891.278809  5.8380E-14
 4894.022949  5.7976E-14
 4896.766602  5.7600E-14
 4899.510742  5.7531E-14
 4902.254883  5.7958E-14
 4904.998535  5.8163E-14
 4907.742676  5.7791E-14
 4910.486328  5.7924E-14
 4913.229980  5.7654E-14
 4915.974121  5.7920E-14
 4918.717773  5.7210E-14
 4921.461426  5.7491E-14
 4924.205078  5.7300E-14
 4926.948730  5.7413E-14
 4929.692383  5.7183E-14
 4932.436035  5.6923E-14
 4935.179688  5.7479E-14
 4937.923340  5.7105E-14
 4940.666992  5.7391E-14
 4943.410645  5.6693E-14
 4946.154297  5.6793E-14
 4948.897461  5.7030E-14
 4951.641113  5.6762E-14
 4954.384766  5.6251E-14
 4957.127930  5.7082E-14
 4959.871582  5.6413E-14
 4962.614746  5.6260E-14
 4965.358398  5.6253E-14
 4968.101562  5.6120E-14
 4970.844727  5.6367E-14
 4973.587891  5.6641E-14
 4976.331543  5.6566E-14
 4979.074707  5.6843E-14
 4981.817871  5.5988E-14
 4984.561035  5.6006E-14
 4987.304199  5.5588E-14
 4990.047363  5.5789E-14
 4992.790039  5.5418E-14
 4995.533203  5.5996E-14
 4998.276367  5.5435E-14
 5001.019531  5.5860E-14
 5003.762207  5.5658E-14
 5006.505371  5.5294E-14
 5009.248047  5.5406E-14
 5011.991211  5.5102E-14
 5014.733887  5.5221E-14
 5017.477051  5.5217E-14
 5020.219727  5.4752E-14
 5022.962402  5.4777E-14
 5025.705078  5.4259E-14
 5028.448242  5.4268E-14
 5031.190918  5.4759E-14
 5033.933594  5.4578E-14
 5036.676270  5.5131E-14
 5039.418945  5.4108E-14
 5042.161133  5.4129E-14
 5044.903809  5.4046E-14
 5047.646484  5.4217E-14
 5050.389160  5.4337E-14
 5053.131348  5.4521E-14
 5055.874023  5.4570E-14
 5058.616211  5.3892E-14
 5061.358887  5.3789E-14
 5064.101074  5.3484E-14
 5066.843750  5.4085E-14
 5069.585938  5.4192E-14
 5072.328125  5.3425E-14
 5075.070312  5.3912E-14
 5077.812500  5.3499E-14
 5080.554688  5.4397E-14
 5083.296875  5.3092E-14
 5086.039062  5.3940E-14
 5088.781250  5.3821E-14
 5091.523438  5.3411E-14
 5094.265625  5.2851E-14
 5097.007324  5.2947E-14
 5099.749512  5.3084E-14
 5102.491699  5.3419E-14
 5105.233398  5.2784E-14
 5107.975586  5.2647E-14
 5110.717285  5.2874E-14
 5113.458984  5.2615E-14
 5116.201172  5.2489E-14
 5118.942871  5.3045E-14
 5121.684570  5.2660E-14
 5124.426270  5.2903E-14
 5127.167969  5.2570E-14
 5129.909668  5.2554E-14
 5132.651367  5.2035E-14
 5135.393066  5.1876E-14
 5138.134766  5.1666E-14
 5140.876465  5.2013E-14
 5143.617676  5.1553E-14
 5146.359375  5.1576E-14
 5149.100586  5.1381E-14
 5151.842285  5.1633E-14
 5154.583496  5.1576E-14
 5157.325195  5.2017E-14
 5160.066406  5.1807E-14
 5162.807617  5.1082E-14
 5165.548828  5.1263E-14
 5168.290527  5.1242E-14
 5171.031738  5.1542E-14
 5173.772949  5.0807E-14
 5176.514160  5.1350E-14
 5179.254883  5.1000E-14
 5181.996094  5.1057E-14
 5184.737305  5.1181E-14
 5187.478516  5.0564E-14
 5190.219238  5.0532E-14
 5192.960449  5.1044E-14
 5195.701172  5.1039E-14
 5198.442383  5.1620E-14
 5201.183105  5.0168E-14
 5203.923828  5.0353E-14
 5206.665039  5.0940E-14
 5209.405762  5.1696E-14
 5212.146484  5.0306E-14
 5214.887207  4.9691E-14
 5217.627930  4.9600E-14
 5220.368652  5.0019E-14
 5223.109375  5.0420E-14
 5225.850098  5.0048E-14
 5228.590332  5.0118E-14
 5231.331055  4.9969E-14
 5234.071777  4.9555E-14
 5236.812012  4.8883E-14
 5239.552734  4.9769E-14
 5242.292969  4.9678E-14
 5245.033203  4.9169E-14
 5247.773438  4.9738E-14
 5250.514160  4.8642E-14
 5253.254395  4.9170E-14
 5255.994629  4.9534E-14
 5258.734863  4.9511E-14
 5261.475098  4.9310E-14
 5264.215332  4.8648E-14
 5266.955078  4.9429E-14
 5269.695312  4.9207E-14
 5272.435547  4.8951E-14
 5275.175293  4.8764E-14
 5277.915527  4.9067E-14
 5280.655273  4.8686E-14
 5283.395508  4.8554E-14
 5286.135254  4.8715E-14
 5288.875000  4.8411E-14
 5291.615234  4.8761E-14
 5294.354980  4.8028E-14
 5297.094727  4.8973E-14
 5299.834473  4.8494E-14
 5302.574219  4.8383E-14
 5305.313477  4.8353E-14
 5308.053223  4.8427E-14
 5310.792969  4.8612E-14
 5313.532715  4.7507E-14
 5316.271973  4.7475E-14
 5319.011719  4.7455E-14
 5321.750977  4.7583E-14
 5324.490234  4.7963E-14
 5327.229980  4.7279E-14
 5329.969238  4.6992E-14
 5332.708496  4.7342E-14
 5335.447754  4.7766E-14
 5338.187012  4.6986E-14
 5340.926270  4.6957E-14
 5343.665527  4.7241E-14
 5346.404785  4.7488E-14
 5349.144043  4.7588E-14
 5351.882812  4.7408E-14
 5354.622070  4.6250E-14
 5357.360840  4.6859E-14
 5360.100098  4.6806E-14
 5362.838867  4.6852E-14
 5365.577637  4.6808E-14
 5368.316895  4.7205E-14
 5371.055664  4.6808E-14
 5373.794434  4.6215E-14
 5376.533203  4.7243E-14
 5379.271973  4.6374E-14
 5382.010742  4.6808E-14
 5384.749512  4.6107E-14
 5387.487793  4.6012E-14
 5390.226562  4.6310E-14
 5392.964844  4.6623E-14
 5395.703613  4.5834E-14
 5398.441895  4.5531E-14
 5401.180664  4.5591E-14
 5403.918945  4.5985E-14
 5406.657227  4.5736E-14
 5409.395508  4.5926E-14
 5412.133789  4.5582E-14
 5414.872070  4.5945E-14
 5417.610352  4.6114E-14
 5420.348633  4.6385E-14
 5423.086914  4.5855E-14
 5425.825195  4.5476E-14
 5428.562988  4.5625E-14
 5431.301270  4.5792E-14
 5434.039062  4.5179E-14
 5436.777344  4.5482E-14
 5439.515137  4.4571E-14
 5442.252930  4.5358E-14
 5444.990723  4.5079E-14
 5447.729004  4.5121E-14
 5450.772949  4.4244E-14
 5455.643555  4.4367E-14
 5460.514160  4.4617E-14
 5465.384766  4.4476E-14
 5470.255371  4.4789E-14
 5475.125977  4.4854E-14
 5479.996582  4.4557E-14
 5484.867676  4.4422E-14
 5489.738281  4.4207E-14
 5494.609375  4.4354E-14
 5499.480469  4.4699E-14
 5504.351562  4.3955E-14
 5509.222656  4.3541E-14
 5514.093750  4.3376E-14
 5518.964844  4.3695E-14
 5523.835938  4.4203E-14
 5528.707520  4.3670E-14
 5533.578613  4.2667E-14
 5538.450195  4.2889E-14
 5543.321777  4.3145E-14
 5548.193359  4.2725E-14
 5553.064941  4.2828E-14
 5557.936523  4.2277E-14
 5562.808105  4.2526E-14
 5567.680176  4.2846E-14
 5572.551758  4.2328E-14
 5577.423828  4.2535E-14
 5582.295410  4.1968E-14
 5587.167480  4.1813E-14
 5592.039551  4.1815E-14
 5596.911621  4.1820E-14
 5601.783691  4.1680E-14
 5606.655762  4.1660E-14
 5611.527832  4.1779E-14
 5616.400391  4.1547E-14
 5621.272461  4.1723E-14
 5626.145020  4.1333E-14
 5631.017578  4.0587E-14
 5635.890137  4.1335E-14
 5640.762695  4.0897E-14
 5645.635254  4.0566E-14
 5650.507812  4.0623E-14
 5655.380371  4.0751E-14
 5660.252930  4.0491E-14
 5665.125977  4.1014E-14
 5669.998535  4.0394E-14
 5674.871582  4.0136E-14
 5679.744629  3.9912E-14
 5684.617676  3.9811E-14
 5689.490723  4.0267E-14
 5694.363770  4.0064E-14
 5699.236816  4.0315E-14
 5704.109863  3.9867E-14
 5708.983398  3.9423E-14
 5713.856445  3.9871E-14
 5718.729980  3.9360E-14
 5723.603516  3.9292E-14
 5728.476562  3.9471E-14
 5733.350098  3.9346E-14
 5738.223633  3.9454E-14
 5743.097656  3.8939E-14
 5747.971191  3.8926E-14
 5752.844727  3.8921E-14
 5757.718262  3.8308E-14
 5762.592285  3.8834E-14
 5767.466309  3.8474E-14
 5772.339844  3.8573E-14
 5777.213867  3.8517E-14
 5782.087891  3.8567E-14
 5786.961914  3.8162E-14
 5791.835938  3.8194E-14
 5796.709961  3.7661E-14
 5801.584473  3.8050E-14
 5806.458496  3.7634E-14
 5811.333008  3.7715E-14
 5816.207031  3.7515E-14
 5821.081543  3.7652E-14
 5825.956055  3.7499E-14
 5830.830566  3.7007E-14
 5835.705078  3.7343E-14
 5840.579590  3.6562E-14
 5845.454102  3.6989E-14
 5850.328613  3.6610E-14
 5855.203613  3.6361E-14
 5860.078125  3.5928E-14
 5864.953125  3.5684E-14
 5869.827637  3.5163E-14
 5874.702637  3.5065E-14
 5879.577637  3.5542E-14
 5884.452637  3.5489E-14
 5889.327637  3.5167E-14
 5894.202637  3.5476E-14
 5899.077637  3.5829E-14
 5903.952637  3.5820E-14
 5908.828125  3.5601E-14
 5913.703125  3.5668E-14
 5918.578613  3.6020E-14
 5923.454102  3.5810E-14
 5928.329102  3.5894E-14
 5933.204590  3.5700E-14
 5938.080078  3.5788E-14
 5942.955566  3.5167E-14
 5947.831543  3.5424E-14
 5952.707031  3.5834E-14
 5957.582520  3.5150E-14
 5962.458496  3.5387E-14
 5967.333984  3.5198E-14
 5972.209961  3.5012E-14
 5977.085449  3.5296E-14
 5981.961426  3.4830E-14
 5986.837402  3.4885E-14
 5991.713379  3.4639E-14
 5996.589355  3.4766E-14
 6001.465332  3.4444E-14
 6006.341309  3.4585E-14
 6011.217773  3.4431E-14
 6016.093750  3.4523E-14
 6020.970215  3.4665E-14
 6025.846191  3.4883E-14
 6030.722656  3.4320E-14
 6035.599121  3.4113E-14
 6040.475098  3.4324E-14
 6045.351562  3.3901E-14
 6050.228027  3.3693E-14
 6055.104492  3.3599E-14
 6059.981445  3.3879E-14
 6064.857910  3.3817E-14
 6069.734375  3.4003E-14
 6074.611328  3.3617E-14
 6079.487793  3.3739E-14
 6084.364746  3.3278E-14
 6089.241699  3.3156E-14
 6094.118164  3.3094E-14
 6098.995117  3.3232E-14
 6103.872070  3.3314E-14
 6108.749023  3.2963E-14
 6113.625977  3.2836E-14
 6118.502930  3.2704E-14
 6123.380371  3.2762E-14
 6128.257324  3.2567E-14
 6133.134766  3.2908E-14
 6138.011719  3.2730E-14
 6142.889160  3.2605E-14
 6147.766113  3.2507E-14
 6152.643555  3.2751E-14
 6157.520996  3.2478E-14
 6162.398438  3.2496E-14
 6167.275879  3.2174E-14
 6172.153320  3.2372E-14
 6177.030762  3.1910E-14
 6181.908691  3.2145E-14
 6186.786133  3.2060E-14
 6191.663574  3.2046E-14
 6196.541504  3.1975E-14
 6201.418945  3.2175E-14
 6206.296875  3.1934E-14
 6211.174805  3.1707E-14
 6216.052734  3.1507E-14
 6220.930176  3.1545E-14
 6225.808105  3.1526E-14
 6230.686035  3.1239E-14
 6235.564453  3.1316E-14
 6240.442383  3.0946E-14
 6245.320312  3.1462E-14
 6250.198242  3.0992E-14
 6255.076660  3.1107E-14
 6259.954590  3.1230E-14
 6264.833008  3.0747E-14
 6269.711426  3.0979E-14
 6274.589355  3.0666E-14
 6279.467773  3.0701E-14
 6284.346191  3.0471E-14
 6289.224609  3.0769E-14
 6294.103027  3.0780E-14
 6298.981445  3.1093E-14
 6303.859863  3.0378E-14
 6308.738770  3.0276E-14
 6313.617188  3.0174E-14
 6318.495605  2.9848E-14
 6323.374512  3.0009E-14
 6328.252930  2.9363E-14
 6333.131836  2.9462E-14
 6338.010742  2.9379E-14
 6342.889648  3.0186E-14
 6347.768066  2.9913E-14
 6352.646973  3.0018E-14
 6357.525879  2.9761E-14
 6362.404785  2.9833E-14
 6367.284180  2.9432E-14
 6372.163086  2.9427E-14
 6377.041992  2.9329E-14
 6381.920898  2.9515E-14
 6386.800293  2.9517E-14
 6391.679199  2.9422E-14
 6396.558594  2.9610E-14
 6401.437500  2.9155E-14
 6406.316895  2.8760E-14
 6411.196289  2.8685E-14
 6416.075684  2.8629E-14
 6420.955078  2.8932E-14
 6425.834473  2.8877E-14
 6430.713867  2.8769E-14
 6435.593262  2.8650E-14
 6440.472656  2.8256E-14
 6445.352051  2.8207E-14
 6450.231934  2.8135E-14
 6455.111328  2.8376E-14
 6459.990723  2.8026E-14
 6464.870605  2.8149E-14
 6469.750488  2.8393E-14
 6474.629883  2.8153E-14
 6479.509766  2.7854E-14
 6484.389648  2.7961E-14
 6489.269531  2.7985E-14
 6494.148926  2.8006E-14
 6499.028809  2.8105E-14
 6503.908691  2.7431E-14
 6508.789062  2.7292E-14
 6513.668945  2.7625E-14
 6518.548828  2.7299E-14
 6523.428711  2.6979E-14
 6528.309082  2.7371E-14
 6533.188965  2.6952E-14
 6538.069336  2.6928E-14
 6542.949219  2.6627E-14
 6547.829590  2.6596E-14
 6552.709473  2.6292E-14
 6557.589844  2.6428E-14
 6562.470215  2.5812E-14
 6567.350586  2.5896E-14
 6572.230957  2.5866E-14
 6577.111328  2.5719E-14
 6581.991699  2.5746E-14
 6586.872070  2.6283E-14
 6591.752441  2.6023E-14
 6596.632812  2.6446E-14
 6601.513672  2.6214E-14
 6606.394043  2.6395E-14
 6611.274414  2.6238E-14
 6616.155273  2.6177E-14
 6621.035645  2.6327E-14
 6625.916504  2.6533E-14
 6630.797363  2.6281E-14
 6635.677734  2.6143E-14
 6640.558594  2.5983E-14
 6645.439453  2.5936E-14
 6650.320312  2.5795E-14
 6655.201172  2.5912E-14
 6660.082031  2.5907E-14
 6664.962891  2.5776E-14
 6669.843750  2.5728E-14
 6674.724609  2.6182E-14
 6679.605469  2.5861E-14
 6684.486816  2.5443E-14
 6689.367676  2.5603E-14
 6694.248535  2.5522E-14
 6699.129883  2.5526E-14
 6704.010742  2.5299E-14
 6708.892090  2.5338E-14
 6713.772949  2.5717E-14
 6718.654297  2.5164E-14
 6723.535645  2.4922E-14
 6728.416992  2.4963E-14
 6733.297852  2.4947E-14
 6738.179199  2.5093E-14
 6743.060547  2.5182E-14
 6747.941895  2.5061E-14
 6752.823242  2.5067E-14
 6757.704590  2.4909E-14
 6762.586426  2.5060E-14
 6767.467773  2.4875E-14
 6772.349121  2.4725E-14
 6777.230469  2.4493E-14
 6782.112305  2.4791E-14
 6786.993652  2.4857E-14
 6791.875000  2.4418E-14
 6796.756836  2.4704E-14
 6801.638672  2.4410E-14
 6806.520020  2.4705E-14
 6811.401855  2.4625E-14
 6816.283691  2.4230E-14
 6821.165039  2.4470E-14
 6826.046875  2.4153E-14
 6830.928711  2.3984E-14
 6835.810547  2.4222E-14
 6840.692383  2.4210E-14
 6845.574219  2.4268E-14
 6850.456055  2.3931E-14
 6855.337891  2.4069E-14
 6860.219727  2.3689E-14
 6865.101562  2.4002E-14
 6869.983887  2.3751E-14
 6874.865723  2.3626E-14
 6879.747559  2.3730E-14
 6884.629883  2.3599E-14
 6889.511719  2.3552E-14
 6894.394043  2.3626E-14
 6899.275879  2.3651E-14
 6904.158203  2.3686E-14
 6909.040039  2.3730E-14
 6913.922363  2.3519E-14
 6918.804688  2.3260E-14
 6923.686523  2.3320E-14
 6928.568848  2.3330E-14
 6933.451172  2.3066E-14
 6938.333496  2.3383E-14
 6943.215820  2.3148E-14
 6948.098145  2.2900E-14
 6952.980469  2.2879E-14
 6957.862793  2.2934E-14
 6962.745117  2.2876E-14
 6967.627441  2.2679E-14
 6972.509766  2.2717E-14
 6977.392578  2.2762E-14
 6982.274902  2.2977E-14
 6987.157227  2.2773E-14
 6992.040039  2.2507E-14
 6996.922363  2.2467E-14
 7001.804688  2.2509E-14
 7006.687500  2.2374E-14
 7011.569824  2.2367E-14
 7016.452637  2.2549E-14
 7021.335449  2.2117E-14
 7026.217773  2.2223E-14
 7031.100586  2.2288E-14
 7035.983398  2.2282E-14
 7040.865723  2.2127E-14
 7045.748535  2.2006E-14
 7050.631348  2.2096E-14
 7055.514160  2.2128E-14
 7060.396973  2.1971E-14
 7065.279785  2.2105E-14
 7070.162598  2.1886E-14
 7075.045410  2.1877E-14
 7079.928223  2.2040E-14
 7084.811035  2.1617E-14
 7089.693848  2.1702E-14
 7094.576660  2.1681E-14
 7099.459961  2.1590E-14
 7104.342773  2.1720E-14
 7109.225586  2.1607E-14
 7114.108398  2.1516E-14
 7118.991699  2.1469E-14
 7123.874512  2.1415E-14
 7128.757812  2.1296E-14
 7133.640625  2.1363E-14
 7138.523926  2.1397E-14
 7143.406738  2.1397E-14
 7148.290039  2.1419E-14
 7153.172852  2.1209E-14
 7158.056152  2.1368E-14
 7162.939453  2.1191E-14
 7167.822266  2.0900E-14
 7172.705566  2.0861E-14
 7177.588867  2.1035E-14
 7182.472168  2.0903E-14
 7187.354980  2.1100E-14
 7192.238281  2.0660E-14
 7197.121582  2.0693E-14
 7202.004883  2.0816E-14
 7206.888184  2.0800E-14
 7211.771484  2.0871E-14
 7216.654785  2.0702E-14
 7221.538086  2.0724E-14
 7226.421387  2.0326E-14
 7231.304688  2.0629E-14
 7236.188477  2.0672E-14
 7241.071777  2.0627E-14
 7245.955078  2.0472E-14
 7250.838379  2.0405E-14
 7255.721680  2.0606E-14
 7260.605469  2.0343E-14
 7265.488770  2.0134E-14
 7270.372070  2.0117E-14
 7275.255859  2.0091E-14
 7280.139160  2.0152E-14
 7285.022949  2.0016E-14
 7289.906250  1.9911E-14
 7294.789551  1.9895E-14
 7299.673340  2.0209E-14
 7304.557129  2.0149E-14
 7309.440430  1.9883E-14
 7314.324219  1.9895E-14
 7319.207520  1.9753E-14
 7324.091309  1.9891E-14
 7328.975098  1.9807E-14
 7333.858398  1.9816E-14
 7338.742188  1.9432E-14
 7343.625977  1.9579E-14
 7348.509766  1.9727E-14
 7353.393066  1.9264E-14
 7358.276855  1.9515E-14
 7363.160645  1.9283E-14
 7368.044434  1.9291E-14
 7372.928223  1.9672E-14
 7377.812012  1.9425E-14
 7382.695801  1.9313E-14
 7387.579590  1.9265E-14
 7392.462891  1.9390E-14
 7397.346680  1.9294E-14
 7402.230957  1.9123E-14
 7407.114746  1.9057E-14
 7411.998535  1.9086E-14
 7416.882324  1.8858E-14
 7421.766113  1.8998E-14
 7426.649902  1.8895E-14
 7431.533691  1.9027E-14
 7436.417480  1.8918E-14
 7441.301270  1.8651E-14
 7446.185547  1.8965E-14
 7451.069336  1.8869E-14
 7455.953125  1.8368E-14
 7460.836914  1.8649E-14
 7465.721191  1.8547E-14
 7470.604980  1.8444E-14
 7475.488770  1.8407E-14
 7480.373047  1.8342E-14
 7485.256836  1.8443E-14
 7490.140625  1.8448E-14
 7495.024902  1.8337E-14
 7499.908691  1.8270E-14
 7504.792969  1.8589E-14
 7509.676758  1.8315E-14
 7514.561035  1.8533E-14
 7519.444824  1.8182E-14
 7524.329102  1.8176E-14
 7529.212891  1.8138E-14
 7534.097168  1.8274E-14
 7538.980957  1.8167E-14
 7543.865234  1.7997E-14
 7548.749023  1.8163E-14
 7553.633301  1.7892E-14
 7558.517090  1.8065E-14
 7563.401367  1.7977E-14
 7568.285645  1.7619E-14
 7573.169434  1.7920E-14
 7578.053711  1.7763E-14
 7582.937988  1.7731E-14
 7587.821777  1.7654E-14
 7592.706055  1.7590E-14
 7597.590332  1.7745E-14
 7602.474121  1.7612E-14
 7607.358398  1.7797E-14
 7612.242676  1.7161E-14
 7617.126953  1.7693E-14
 7622.010742  1.7477E-14
 7626.895020  1.7651E-14
 7631.779297  1.7090E-14
 7636.663574  1.7322E-14
 7641.547852  1.7573E-14
 7646.431641  1.7534E-14
 7651.315918  1.7228E-14
 7656.200195  1.7129E-14
 7661.084473  1.7114E-14
 7665.968750  1.7281E-14
 7670.853027  1.7280E-14
 7675.737305  1.7132E-14
 7680.621094  1.6869E-14
 7685.505371  1.6894E-14
 7690.389648  1.6812E-14
 7695.273926  1.7146E-14
 7700.158203  1.7060E-14
 7705.042480  1.7077E-14
 7709.926758  1.6888E-14
 7714.811035  1.7114E-14
 7719.695312  1.7013E-14
 7724.579590  1.6662E-14
 7729.463867  1.6940E-14
 7734.348145  1.6507E-14
 7739.232422  1.6798E-14
 7744.116699  1.6829E-14
 7749.000977  1.6669E-14
 7753.885254  1.6730E-14
 7758.769531  1.6724E-14
 7763.653809  1.6354E-14
 7768.538086  1.6608E-14
 7773.422363  1.6298E-14
 7778.306641  1.6634E-14
 7783.190918  1.6485E-14
 7788.075195  1.6645E-14
 7792.959473  1.6494E-14
 7797.843750  1.6341E-14
 7802.728027  1.6376E-14
 7807.612305  1.5946E-14
 7812.496582  1.6091E-14
 7817.380859  1.6085E-14
 7822.265137  1.6139E-14
 7827.149414  1.6093E-14
 7832.033691  1.5952E-14
 7836.917969  1.6019E-14
 7841.802246  1.6077E-14
 7846.686523  1.6059E-14
 7851.570801  1.6098E-14
 7856.455078  1.6149E-14
 7861.339355  1.5972E-14
 7866.223633  1.6063E-14
 7871.107910  1.5667E-14
 7875.992188  1.5638E-14
 7880.876465  1.5670E-14
 7885.760742  1.5681E-14
 7890.645508  1.5566E-14
 7895.529785  1.5890E-14
 7900.414062  1.5794E-14
 7905.298340  1.5761E-14
 7910.182617  1.5685E-14
 7915.066895  1.5492E-14
 7919.951172  1.5601E-14
 7924.835449  1.5735E-14
 7929.719727  1.5538E-14
 7934.604004  1.5464E-14
 7939.488281  1.5393E-14
 7944.372559  1.5482E-14
 7949.256836  1.5737E-14
 7954.141113  1.5482E-14
 7959.025391  1.5202E-14
 7963.909668  1.5228E-14
 7968.793945  1.5381E-14
 7973.678223  1.5128E-14
 7978.562500  1.5356E-14
 7983.446777  1.5221E-14
 7988.331055  1.5163E-14
 7993.215332  1.5077E-14
 7998.099121  1.5107E-14
 8002.983398  1.4983E-14
 8007.867676  1.5124E-14
 8012.751953  1.5133E-14
 8017.636230  1.5063E-14
 8022.520508  1.4976E-14
 8027.404785  1.5109E-14
 8032.289062  1.4979E-14
 8037.173340  1.4847E-14
 8042.057617  1.5000E-14
 8046.941895  1.4932E-14
 8051.825684  1.4722E-14
 8056.709961  1.4577E-14
 8061.594238  1.4846E-14
 8066.478516  1.4966E-14
 8071.362793  1.4558E-14
 8076.247070  1.4911E-14
 8081.130859  1.4568E-14
 8086.015137  1.4703E-14
 8090.899414  1.4375E-14
 8095.783691  1.4679E-14
 8100.667480  1.4401E-14
 8105.551758  1.4570E-14
 8110.436035  1.4275E-14
 8115.320312  1.4492E-14
 8120.204102  1.4360E-14
 8125.088379  1.4643E-14
 8129.972656  1.4566E-14
 8134.856445  1.4405E-14
 8139.740723  1.4296E-14
 8144.625000  1.4174E-14
 8149.508789  1.4305E-14
 8154.393066  1.4239E-14
 8159.276855  1.4120E-14
 8164.161133  1.4014E-14
 8169.045410  1.3766E-14
 8173.929199  1.3837E-14
 8178.813477  1.4039E-14
 8183.697266  1.3560E-14
 8188.581543  1.3849E-14
 8193.465820  1.4004E-14
 8198.349609  1.4060E-14
 8203.233398  1.3920E-14
 8208.117188  1.3969E-14
 8213.001953  1.3826E-14
 8217.885742  1.3982E-14
 8222.769531  1.3780E-14
 8227.653320  1.3735E-14
 8232.537109  1.3602E-14
 8237.420898  1.3830E-14
 8242.305664  1.3737E-14
 8247.189453  1.3780E-14
 8252.073242  1.3621E-14
 8256.957031  1.3505E-14
 8261.840820  1.3532E-14
 8266.724609  1.3429E-14
 8271.608398  1.3404E-14
 8276.492188  1.3774E-14
 8281.376953  1.3450E-14
 8286.260742  1.3573E-14
 8291.144531  1.3388E-14
 8296.028320  1.3401E-14
 8300.912109  1.3205E-14
 8305.795898  1.3401E-14
 8310.679688  1.3225E-14
 8315.563477  1.3211E-14
 8320.447266  1.3223E-14
 8325.331055  1.3477E-14
 8330.214844  1.3070E-14
 8335.098633  1.3280E-14
 8339.982422  1.3044E-14
 8344.866211  1.3013E-14
 8349.750000  1.3225E-14
 8354.632812  1.2906E-14
 8359.516602  1.3017E-14
 8364.400391  1.2837E-14
 8369.284180  1.2716E-14
 8374.167969  1.3212E-14
 8379.051758  1.2968E-14
 8383.935547  1.2906E-14
 8388.819336  1.3054E-14
 8393.702148  1.2870E-14
 8398.585938  1.3059E-14
 8403.469727  1.2849E-14
 8408.353516  1.2930E-14
 8413.236328  1.2789E-14
 8418.120117  1.2703E-14
 8423.003906  1.3102E-14
 8427.887695  1.2681E-14
 8432.770508  1.2758E-14
 8437.654297  1.2831E-14
 8442.538086  1.2819E-14
 8447.420898  1.2654E-14
 8452.304688  1.2909E-14
 8457.188477  1.2615E-14
 8462.071289  1.2290E-14
 8466.955078  1.2502E-14
 8471.838867  1.2418E-14
 8476.721680  1.2552E-14
 8481.605469  1.2549E-14
 8486.488281  1.2946E-14
 8491.372070  1.2725E-14
 8496.254883  1.2628E-14
 8501.138672  1.2114E-14
 8506.021484  1.2341E-14
 8510.905273  1.2270E-14
 8515.788086  1.2140E-14
 8520.671875  1.2180E-14
 8525.554688  1.2298E-14
 8530.438477  1.2348E-14
 8535.321289  1.2346E-14
 8540.204102  1.2166E-14
 8545.087891  1.2091E-14
 8549.970703  1.2455E-14
 8554.853516  1.2241E-14
 8559.737305  1.2118E-14
 8564.620117  1.2413E-14
 8569.502930  1.2253E-14
 8574.385742  1.2181E-14
 8579.269531  1.2061E-14
 8584.152344  1.2095E-14
 8589.035156  1.1995E-14
 8593.917969  1.2041E-14
 8598.801758  1.2048E-14
 8603.684570  1.1758E-14
 8608.567383  1.2083E-14
 8613.450195  1.1852E-14
 8618.333008  1.2420E-14
 8623.215820  1.1579E-14
 8628.098633  1.1743E-14
 8632.981445  1.1983E-14
 8637.864258  1.1467E-14
 8642.747070  1.1546E-14
 8647.629883  1.1931E-14
 8652.512695  1.1509E-14
 8657.395508  1.1732E-14
 8662.278320  1.1747E-14
 8667.161133  1.1529E-14
 8672.043945  1.1534E-14
 8676.926758  1.1409E-14
 8681.809570  1.1541E-14
 8686.692383  1.1517E-14
 8691.574219  1.1474E-14
 8696.457031  1.1551E-14
 8701.339844  1.1758E-14
 8706.222656  1.1512E-14
 8711.104492  1.1561E-14
 8715.987305  1.1497E-14
 8720.870117  1.1501E-14
 8725.751953  1.1289E-14
 8730.634766  1.1497E-14
 8735.517578  1.1490E-14
 8740.399414  1.1178E-14
 8745.282227  1.1323E-14
 8750.165039  1.1465E-14
 8755.046875  1.1352E-14
 8759.929688  1.1417E-14
 8764.811523  1.1357E-14
 8769.694336  1.1516E-14
 8774.576172  1.1347E-14
 8779.458008  1.1305E-14
 8784.340820  1.0864E-14
 8789.222656  1.1027E-14
 8794.105469  1.1357E-14
 8798.987305  1.1108E-14
 8803.869141  1.1154E-14
 8808.751953  1.1253E-14
 8813.633789  1.0820E-14
 8818.515625  1.1061E-14
 8823.397461  1.0958E-14
 8828.280273  1.1043E-14
 8833.162109  1.1204E-14
 8838.043945  1.1103E-14
 8842.925781  1.1038E-14
 8847.807617  1.0920E-14
 8852.689453  1.0808E-14
 8857.571289  1.0667E-14
 8862.453125  1.0845E-14
 8867.334961  1.0752E-14
 8872.216797  1.0841E-14
 8877.098633  1.0801E-14
 8881.980469  1.0963E-14
 8886.862305  1.0911E-14
 8891.744141  1.0801E-14
 8896.625977  1.0794E-14
 8901.507812  1.0659E-14
 8906.389648  1.0618E-14
 8911.270508  1.0557E-14
 8916.152344  1.0990E-14
 8921.034180  1.0803E-14
 8925.916016  1.0529E-14
 8930.796875  1.0547E-14
 8935.678711  1.0565E-14
 8940.560547  1.0506E-14
 8945.441406  1.0700E-14
 8950.323242  1.0428E-14
 8955.205078  1.1053E-14
 8960.085938  1.0524E-14
 8964.967773  1.0497E-14
 8969.848633  1.0511E-14
 8974.730469  1.0267E-14
 8979.611328  1.0499E-14
 8984.492188  1.0658E-14
 8989.374023  1.0323E-14
 8994.254883  1.0445E-14
 8999.135742  1.0303E-14
 9004.017578  1.0438E-14
 9008.898438  1.0169E-14
 9013.779297  1.0506E-14
 9018.660156  1.0549E-14
 9023.541992  1.0421E-14
 9028.422852  1.0170E-14
 9033.303711  1.0201E-14
 9038.184570  1.0397E-14
 9043.065430  1.0124E-14
 9047.946289  1.0076E-14
 9052.827148  9.9229E-15
 9057.708008  1.0161E-14
 9062.588867  1.0062E-14
 9067.469727  9.8602E-15
 9072.350586  1.0187E-14
 9077.231445  1.0303E-14
 9082.112305  9.9058E-15
 9086.992188  9.9068E-15
 9091.873047  1.0104E-14
 9096.753906  9.9362E-15
 9101.634766  9.9723E-15
 9106.514648  9.8140E-15
 9111.395508  1.0011E-14
 9116.276367  9.8885E-15
 9121.156250  9.7055E-15
 9126.037109  9.7888E-15
 9130.916992  9.9211E-15
 9135.797852  1.0018E-14
 9140.677734  9.7601E-15
 9145.558594  9.9417E-15
 9150.438477  9.7361E-15
 9155.319336  9.9585E-15
 9160.199219  9.8165E-15
 9165.079102  9.9738E-15
 9169.959961  9.6318E-15
 9174.839844  9.5870E-15
 9179.719727  9.6150E-15
 9184.599609  9.6651E-15
 9189.480469  9.9215E-15
 9194.360352  9.9279E-15
 9199.240234  9.4066E-15
 9204.120117  9.6518E-15
 9209.000000  9.6685E-15
 9213.879883  9.5057E-15
 9218.759766  9.7176E-15
 9223.639648  9.6588E-15
 9228.519531  9.4014E-15
 9233.399414  9.9460E-15
 9238.278320  9.6398E-15
 9243.158203  9.6414E-15
 9248.038086  9.5064E-15
 9252.917969  9.5728E-15
 9257.797852  9.6779E-15
 9262.676758  9.2771E-15
 9267.556641  9.1443E-15
 9272.435547  9.3088E-15
 9277.315430  9.3933E-15
 9282.195312  9.5706E-15
 9287.074219  9.3682E-15
 9291.954102  9.3213E-15
 9296.833008  9.4432E-15
 9301.711914  9.6035E-15
 9306.591797  9.4823E-15
 9311.470703  9.5189E-15
 9316.349609  9.0194E-15
 9321.229492  9.1916E-15
 9326.108398  9.5741E-15
 9330.987305  9.3966E-15
 9335.866211  9.1016E-15
 9340.745117  8.8610E-15
 9345.624023  9.4125E-15
 9350.503906  8.8652E-15
 9355.382812  9.2070E-15
 9360.261719  9.0696E-15
 9365.139648  8.8845E-15
 9370.018555  9.1767E-15
 9374.897461  9.2027E-15
 9379.776367  9.0191E-15
 9384.655273  8.9013E-15
 9389.534180  9.2806E-15
 9394.412109  8.5960E-15
 9399.291016  8.8616E-15
 9404.169922  8.8509E-15
 9409.047852  9.2534E-15
 9413.926758  8.5882E-15
 9418.805664  8.6088E-15
 9423.683594  8.8494E-15
 9428.561523  8.8757E-15
 9433.440430  8.8982E-15
 9438.318359  8.9212E-15
 9443.197266  8.6246E-15
 9448.075195  8.7532E-15
 9452.953125  8.8640E-15
 9457.832031  8.7272E-15
 9462.709961  8.7572E-15
 9467.587891  8.8857E-15
 9472.465820  8.8673E-15
 9477.343750  8.7905E-15
 9482.221680  8.6165E-15
 9487.099609  8.6908E-15
 9491.977539  8.3754E-15
 9496.855469  8.7623E-15
 9501.733398  8.7103E-15
 9506.611328  8.5689E-15
 9511.489258  8.8099E-15
 9516.366211  8.4855E-15
 9521.244141  8.5391E-15
 9526.122070  8.6362E-15
 9530.999023  8.6500E-15
 9535.876953  8.4110E-15
 9540.754883  8.6834E-15
 9545.631836  8.6290E-15
 9550.509766  8.5459E-15
 9555.386719  8.6040E-15
 9560.264648  8.5996E-15
 9565.141602  8.5646E-15
 9570.018555  8.3443E-15
 9574.896484  8.6683E-15
 9579.773438  8.2230E-15
 9584.650391  8.1693E-15
 9589.527344  8.4941E-15
 9594.404297  8.3843E-15
 9599.281250  8.5255E-15
 9604.158203  8.4771E-15
 9609.035156  8.6807E-15
 9613.912109  8.9970E-15
 9618.789062  8.1789E-15
 9623.666016  8.3169E-15
 9628.542969  8.0863E-15
 9633.419922  8.2980E-15
 9638.296875  8.3424E-15
 9643.172852  8.1274E-15
 9648.049805  8.3118E-15
 9652.926758  7.9401E-15
 9657.802734  8.1755E-15
 9662.679688  8.4557E-15
 9667.555664  8.2907E-15
 9672.432617  8.0489E-15
 9677.308594  7.9869E-15
 9682.184570  8.0943E-15
 9687.061523  8.3137E-15
 9691.937500  8.2911E-15
 9696.813477  8.1160E-15
 9701.689453  8.3952E-15
 9706.565430  8.0820E-15
 9711.442383  8.0580E-15
 9716.318359  7.9547E-15
 9721.194336  7.8419E-15
 9726.070312  8.0616E-15
 9730.945312  8.1408E-15
 9735.821289  8.0882E-15
 9740.697266  7.8792E-15
 9745.573242  7.8797E-15
 9750.449219  7.7004E-15
 9755.324219  7.8167E-15
 9760.200195  8.0519E-15
 9765.076172  8.1896E-15
 9769.951172  7.6902E-15
 9774.827148  7.6052E-15
 9779.702148  7.8344E-15
 9784.578125  7.7715E-15
 9789.453125  7.5672E-15
 9794.328125  7.6274E-15
 9799.204102  7.5328E-15
 9804.079102  7.5625E-15
 9808.954102  7.9170E-15
 9813.829102  7.8448E-15
 9818.704102  7.6554E-15
 9823.579102  7.6773E-15
 9828.454102  7.6553E-15
 9833.329102  7.6020E-15
 9838.204102  7.7606E-15
 9843.079102  7.5112E-15
 9847.954102  7.3953E-15
 9852.829102  7.5718E-15
 9857.703125  7.6395E-15
 9862.578125  7.9541E-15
 9867.453125  7.8116E-15
 9872.327148  7.6673E-15
 9877.202148  8.1207E-15
 9882.076172  7.6632E-15
 9886.951172  7.9029E-15
 9891.825195  7.4811E-15
 9896.699219  7.3714E-15
 9901.574219  7.5833E-15
 9906.448242  7.6451E-15
 9911.322266  7.3717E-15
 9916.196289  7.0570E-15
 9921.070312  7.2849E-15
 9925.944336  7.4646E-15
 9930.818359  8.0293E-15
 9935.692383  7.5433E-15
 9940.566406  7.7825E-15
 9945.440430  7.4805E-15
 9950.314453  7.8348E-15
 9955.187500  7.8639E-15
 9960.061523  7.5549E-15
 9964.935547  7.5280E-15
 9969.808594  7.2890E-15
 9974.682617  7.3714E-15
 9979.555664  7.5577E-15
 9984.429688  7.0234E-15
 9989.302734  6.7122E-15
 9994.176758  7.1052E-15
 9999.049805  7.5126E-15
10003.922852  7.6418E-15
10008.795898  7.1156E-15
10013.668945  7.3865E-15
10018.541992  7.1103E-15
10023.415039  7.4932E-15
10028.288086  7.2364E-15
10033.161133  7.3153E-15
10038.034180  6.7655E-15
10042.907227  7.1927E-15
10047.780273  7.3823E-15
10052.653320  7.2329E-15
10057.525391  7.4275E-15
10062.398438  7.3263E-15
10067.270508  7.1555E-15
10072.143555  7.2156E-15
10077.015625  7.1747E-15
10081.888672  7.6151E-15
10086.760742  6.8183E-15
10091.632812  7.2010E-15
10096.505859  7.1388E-15
10101.377930  7.2498E-15
10106.250000  6.8904E-15
10111.122070  7.0670E-15
10115.994141  7.2499E-15
10120.866211  6.4911E-15
10125.738281  6.9937E-15
10130.610352  6.6279E-15
10135.482422  6.4198E-15
10140.353516  6.4226E-15
10145.225586  6.6000E-15
10150.097656  6.9787E-15
10154.968750  6.7687E-15
10159.840820  6.9903E-15
10164.711914  6.1529E-15
10169.583984  6.2698E-15
10174.455078  6.8081E-15
10179.326172  6.3516E-15
10184.198242  6.1773E-15
10189.069336  6.6331E-15
10193.940430  6.5806E-15
10198.811523  6.9368E-15
10203.682617  6.4176E-15
10208.553711  7.1450E-15
10213.424805  6.1609E-15
10218.295898  6.2874E-15
10223.166992  7.0099E-15
