#HD009051 G230LB+G430L+G750L Bohlin 20Sep2013
#HST GO12813 FILE WRITTEN BY STISREDUCE.PRO ON 20-Sep-2013 15:52:18.00
#2863
 1667.335571  8.5687E-15
 1668.705933  1.3402E-14
 1670.076294  6.1177E-15
 1671.446655  1.1093E-14
 1672.817017  5.5123E-15
 1674.187500  5.8703E-15
 1675.557861  3.2608E-15
 1676.928345  4.7635E-15
 1678.298828  1.3854E-14
 1679.669312  1.0212E-14
 1681.039795  9.8393E-15
 1682.410278  1.7867E-14
 1683.780762  6.4103E-15
 1685.151367  1.7045E-14
 1686.521851  3.8359E-15
 1687.892456  1.7443E-14
 1689.263062 -1.2890E-15
 1690.633667 -3.2637E-15
 1692.004272  7.8747E-15
 1693.374878  5.8494E-15
 1694.745483  7.5719E-15
 1696.116211  4.4079E-15
 1697.486816  5.7012E-15
 1698.857544  4.1026E-15
 1700.228149 -3.3167E-15
 1701.598877  1.2580E-14
 1702.969604  1.0139E-14
 1704.340332 -3.7426E-15
 1705.711060 -1.5383E-15
 1707.081909  1.2067E-14
 1708.452637  1.3976E-15
 1709.823486  6.7212E-15
 1711.194214  3.6460E-15
 1712.565063  5.7551E-15
 1713.935913  5.7352E-15
 1715.306763  1.0200E-14
 1716.677612  7.8627E-15
 1718.048462  5.1837E-15
 1719.419434  2.5561E-15
 1720.790283  6.2179E-15
 1722.161255  7.8815E-15
 1723.532104 -1.6819E-15
 1724.903076 -9.1534E-16
 1726.274048  9.1308E-15
 1727.645020  1.2574E-14
 1729.015991  3.3260E-18
 1730.386963  4.9171E-15
 1731.758057  5.9755E-15
 1733.129028  4.2147E-15
 1734.500122 -3.1215E-15
 1735.871094 -3.1227E-16
 1737.242188  2.5764E-16
 1738.613281  7.9710E-16
 1739.984375  1.0394E-15
 1741.355469  6.3625E-15
 1742.726562  5.4186E-15
 1744.097778 -2.9067E-15
 1745.468872  3.6378E-15
 1746.839966  8.0131E-15
 1748.211182  4.7510E-15
 1749.582397  6.4473E-15
 1750.953613  3.4875E-15
 1752.324829  1.0772E-14
 1753.696045  3.7182E-15
 1755.067261  1.4161E-15
 1756.438477  2.6511E-15
 1757.809814  5.9342E-15
 1759.181030 -2.1019E-15
 1760.552368  4.6283E-15
 1761.923584  6.5286E-15
 1763.294922  4.9784E-15
 1764.666260  1.3489E-16
 1766.037598  6.4866E-15
 1767.408936  8.2021E-15
 1768.780273  1.0853E-15
 1770.151733  3.6538E-15
 1771.523071  3.4642E-15
 1772.894531  5.8628E-15
 1774.265869  3.0370E-15
 1775.637329  5.8137E-15
 1777.008789  6.3306E-15
 1778.380249  5.0065E-15
 1779.751709  3.7744E-15
 1781.123169  5.0320E-15
 1782.494629  5.7875E-15
 1783.866089  3.7850E-15
 1785.237671  3.1666E-15
 1786.609131  4.6844E-15
 1787.980713  2.3375E-15
 1789.352295  4.3789E-15
 1790.723877  4.8975E-15
 1792.095337  4.3479E-15
 1793.466919  3.7566E-15
 1794.838623  9.3964E-16
 1796.210205  6.0026E-15
 1797.581787  4.2171E-15
 1798.953491  5.9256E-15
 1800.325073  9.2470E-15
 1801.696777  7.2085E-15
 1803.068359  5.3827E-15
 1804.440063  3.5732E-15
 1805.811768  5.4624E-15
 1807.183472  2.8984E-15
 1808.555176  4.3682E-15
 1809.926880  4.1052E-15
 1811.298706  6.3472E-15
 1812.670410  2.8201E-15
 1814.042236  2.3947E-15
 1815.413940  5.0812E-15
 1816.785767  2.4322E-15
 1818.157593  4.6768E-15
 1819.529297  1.8497E-15
 1820.901123  5.2163E-15
 1822.272949  2.4214E-15
 1823.644897  4.6054E-16
 1825.016724  3.0675E-15
 1826.388550  2.4440E-15
 1827.760376  4.9298E-15
 1829.132324  2.7530E-15
 1830.504272  4.1325E-17
 1831.876099  4.0551E-15
 1833.248047  1.7405E-15
 1834.619995  6.4298E-15
 1835.991943  7.2581E-15
 1837.363892  5.3529E-15
 1838.735840  1.6125E-15
 1840.107788  3.4474E-15
 1841.479858  1.1946E-15
 1842.851807  1.3999E-15
 1844.223755  2.8098E-15
 1845.595825  2.4819E-15
 1846.967896  2.6167E-15
 1848.339844  1.3866E-15
 1849.711914  2.6967E-15
 1851.083984  4.8346E-15
 1852.456055  1.7552E-15
 1853.828125  2.9276E-15
 1855.200317  2.2744E-15
 1856.572388  4.1778E-15
 1857.944458 -4.3902E-16
 1859.316650  1.2035E-15
 1860.688721  4.6165E-15
 1862.060913  1.8053E-16
 1863.433105  2.3405E-15
 1864.805176  1.8328E-15
 1866.177368  2.7180E-15
 1867.549561 -1.5269E-15
 1868.921753  2.8359E-15
 1870.293945  4.5372E-15
 1871.666260  7.4930E-15
 1873.038452  8.9612E-17
 1874.410645  2.3664E-15
 1875.782959  3.2520E-15
 1877.155151  2.4457E-15
 1878.527466  3.2326E-15
 1879.899780  3.7017E-15
 1881.272095  2.7440E-15
 1882.644287  2.5434E-15
 1884.016602  1.9680E-15
 1885.388916  2.3757E-15
 1886.761353  3.3857E-15
 1888.133667  2.1747E-15
 1889.505981  3.0694E-15
 1890.878296  3.3061E-15
 1892.250732  5.7676E-15
 1893.623047  4.6745E-15
 1894.995483  4.0010E-15
 1896.367920  3.0439E-15
 1897.740234 -5.3947E-16
 1899.112671  1.2778E-15
 1900.485107  4.6343E-15
 1901.857544  2.7430E-15
 1903.229980  2.2468E-15
 1904.602417  3.2158E-15
 1905.974976  2.3659E-15
 1907.347412  3.4934E-15
 1908.719849  4.0238E-15
 1910.092407  4.3401E-15
 1911.464844  3.8109E-15
 1912.837402  4.2721E-15
 1914.209961  2.2911E-15
 1915.582397  5.8709E-16
 1916.954956  1.0233E-15
 1918.327515  2.0188E-15
 1919.700073  3.7262E-15
 1921.072632  2.6426E-15
 1922.445190  2.2925E-15
 1923.817871  3.2694E-15
 1925.190430  4.9262E-15
 1926.562988  2.9238E-15
 1927.935669  3.0437E-15
 1929.308228  2.9400E-15
 1930.680908  3.7859E-15
 1932.053467  2.9871E-15
 1933.426147  2.7448E-15
 1934.798828  2.6955E-15
 1936.171509  1.9038E-15
 1937.544189  2.7513E-16
 1938.916870  1.7860E-15
 1940.289551  4.9532E-15
 1941.662231  3.2818E-15
 1943.034912  1.7868E-15
 1944.407715  4.9791E-15
 1945.780396  2.4392E-15
 1947.153076  3.2392E-15
 1948.525879  3.7468E-15
 1949.898560  4.9781E-15
 1951.271362  3.0065E-15
 1952.644165  2.9987E-15
 1954.016846  4.8441E-15
 1955.389648  4.3455E-15
 1956.762451  3.7281E-15
 1958.135254  3.1682E-15
 1959.508057  2.6710E-15
 1960.880859  2.6861E-15
 1962.253784  3.7643E-15
 1963.626587  5.2253E-15
 1964.999390  3.7410E-15
 1966.372192  2.0747E-15
 1967.745117  2.9525E-15
 1969.117920  4.8053E-15
 1970.490845  3.8919E-15
 1971.863770  1.9570E-15
 1973.236572  4.3569E-15
 1974.609497  4.2468E-15
 1975.982422  2.3712E-15
 1977.355347  2.2714E-15
 1978.728271  2.9575E-15
 1980.101196  2.4329E-15
 1981.474121  2.3805E-15
 1982.847046  1.6854E-15
 1984.219971  3.2998E-15
 1985.592896  3.5217E-15
 1986.965942  3.0472E-15
 1988.338867  3.1972E-15
 1989.711914  4.2316E-15
 1991.084839  1.3466E-15
 1992.457886  1.8317E-15
 1993.830811  4.5761E-15
 1995.203857  2.9439E-15
 1996.576904  3.2051E-15
 1997.949951  2.7724E-15
 1999.322998  3.0055E-15
 2000.695923  3.8248E-15
 2002.068970  2.3550E-15
 2003.442139  3.5092E-15
 2004.815186  3.9194E-15
 2006.188232  3.7678E-15
 2007.561279  1.8033E-15
 2008.934326  2.7905E-15
 2010.307495  3.9533E-15
 2011.680542  2.2239E-15
 2013.053711  3.1445E-15
 2014.426758  2.6348E-15
 2015.799927  6.8921E-16
 2017.172974  2.7933E-15
 2018.546143  5.2472E-15
 2019.919312  3.1781E-15
 2021.292358  3.5820E-15
 2022.665527  4.3440E-15
 2024.038696  2.3562E-15
 2025.411865  3.0816E-15
 2026.785034  2.7536E-15
 2028.158203  2.9392E-15
 2029.531372  3.3423E-15
 2030.904541  2.4768E-15
 2032.277832  1.9193E-15
 2033.651001  3.4137E-15
 2035.024170  3.9796E-15
 2036.397461  1.8518E-15
 2037.770630  3.5407E-15
 2039.143921  4.3473E-15
 2040.517090  2.6625E-15
 2041.890381  2.7600E-15
 2043.263550  3.8215E-15
 2044.636841  3.7104E-15
 2046.010132  2.6072E-15
 2047.383423  3.5570E-15
 2048.756592  3.3900E-15
 2050.129883  3.1442E-15
 2051.503174  2.9322E-15
 2052.876465  3.6213E-15
 2054.249756  3.0140E-15
 2055.623047  2.9989E-15
 2056.996338  4.8150E-15
 2058.369629  2.2203E-15
 2059.743164  4.3957E-15
 2061.116455  1.8606E-15
 2062.489746  2.6914E-15
 2063.863037  3.1914E-15
 2065.236328  3.2493E-15
 2066.609619  4.2768E-15
 2067.983154  2.7211E-15
 2069.356445  4.0355E-15
 2070.729736  3.4543E-15
 2072.103271  4.4132E-15
 2073.476562  3.7982E-15
 2074.849854  3.8944E-15
 2076.223389  4.1669E-15
 2077.596680  4.2984E-15
 2078.970215  5.0483E-15
 2080.343506  4.4255E-15
 2081.717041  4.4630E-15
 2083.090332  4.4801E-15
 2084.463867  4.7924E-15
 2085.837158  3.8503E-15
 2087.210693  4.7330E-15
 2088.583984  4.8168E-15
 2089.957520  5.0198E-15
 2091.331055  4.7417E-15
 2092.704346  4.6224E-15
 2094.077881  5.5208E-15
 2095.451416  4.1939E-15
 2096.824707  5.3017E-15
 2098.198242  5.5448E-15
 2099.571777  4.2847E-15
 2100.945312  5.5394E-15
 2102.318604  4.7370E-15
 2103.692139  5.3048E-15
 2105.065674  4.8289E-15
 2106.439209  5.6251E-15
 2107.812744  5.7846E-15
 2109.186279  4.8455E-15
 2110.559570  5.9538E-15
 2111.933105  4.7127E-15
 2113.306641  5.0438E-15
 2114.680176  6.4303E-15
 2116.053711  5.3799E-15
 2117.427246  5.5455E-15
 2118.800781  6.2926E-15
 2120.174316  6.5384E-15
 2121.547852  5.1499E-15
 2122.921631  4.7596E-15
 2124.295166  4.6426E-15
 2125.668701  4.9041E-15
 2127.042236  4.8192E-15
 2128.415771  5.7046E-15
 2129.789307  5.2469E-15
 2131.162842  5.2372E-15
 2132.536621  4.6055E-15
 2133.910156  5.1578E-15
 2135.283691  4.8535E-15
 2136.657227  5.6482E-15
 2138.031006  5.3902E-15
 2139.404541  5.4075E-15
 2140.778076  6.0806E-15
 2142.151611  6.9614E-15
 2143.525391  6.4932E-15
 2144.898926  6.1258E-15
 2146.272461  6.4829E-15
 2147.646240  6.6954E-15
 2149.019775  6.9085E-15
 2150.393555  6.0879E-15
 2151.767090  6.4606E-15
 2153.140625  7.3144E-15
 2154.514404  5.8795E-15
 2155.887939  6.1020E-15
 2157.261719  6.2935E-15
 2158.635254  4.7702E-15
 2160.009033  6.2625E-15
 2161.382568  7.2210E-15
 2162.756348  7.0437E-15
 2164.130127  5.7966E-15
 2165.503662  5.4685E-15
 2166.877441  6.5977E-15
 2168.250977  6.6565E-15
 2169.624756  6.2558E-15
 2170.998535  6.2082E-15
 2172.372070  6.9544E-15
 2173.745850  6.0273E-15
 2175.119385  6.1212E-15
 2176.493164  6.3328E-15
 2177.866943  7.1138E-15
 2179.240723  8.1608E-15
 2180.614258  8.3066E-15
 2181.988037  8.7093E-15
 2183.361816  7.1689E-15
 2184.735352  7.7114E-15
 2186.109131  7.0739E-15
 2187.482910  7.9333E-15
 2188.856689  8.1358E-15
 2190.230469  8.2522E-15
 2191.604004  9.2243E-15
 2192.977783  9.8509E-15
 2194.351562  9.9225E-15
 2195.725342  9.3674E-15
 2197.099121  1.2130E-14
 2198.472900  9.7194E-15
 2199.846436  7.4149E-15
 2201.220215  9.4321E-15
 2202.593994  1.1157E-14
 2203.967773  1.0801E-14
 2205.341553  9.5575E-15
 2206.715332  8.8741E-15
 2208.089111  7.7751E-15
 2209.462891  7.6355E-15
 2210.836670  7.0606E-15
 2212.210449  1.0118E-14
 2213.584229  8.8213E-15
 2214.958008  7.1187E-15
 2216.331787  8.2543E-15
 2217.705566  8.4709E-15
 2219.079346  8.9496E-15
 2220.453125  1.0545E-14
 2221.826904  9.7389E-15
 2223.200684  1.0876E-14
 2224.574463  1.0621E-14
 2225.948242  1.0547E-14
 2227.322021  1.0951E-14
 2228.695801  1.0522E-14
 2230.069580  1.0310E-14
 2231.443359  1.3187E-14
 2232.817139  1.4301E-14
 2234.190918  1.3407E-14
 2235.564697  1.4180E-14
 2236.938477  1.3296E-14
 2238.312500  1.3160E-14
 2239.686279  1.3151E-14
 2241.060059  1.1714E-14
 2242.433838  1.1751E-14
 2243.807617  1.1145E-14
 2245.181396  1.3349E-14
 2246.555176  1.3414E-14
 2247.929199  1.2589E-14
 2249.302979  1.1193E-14
 2250.676758  1.1953E-14
 2252.050537  1.2310E-14
 2253.424316  1.1342E-14
 2254.798096  1.0935E-14
 2256.172119  1.1799E-14
 2257.545898  1.1706E-14
 2258.919678  1.0550E-14
 2260.293457  1.0395E-14
 2261.667236  1.1140E-14
 2263.041260  1.0823E-14
 2264.415039  1.0434E-14
 2265.788818  1.0713E-14
 2267.162598  1.0595E-14
 2268.536377  1.0777E-14
 2269.910400  1.1064E-14
 2271.284180  1.3182E-14
 2272.657959  1.1634E-14
 2274.031738  1.2076E-14
 2275.405762  1.2052E-14
 2276.779541  1.3137E-14
 2278.153320  1.3454E-14
 2279.527100  1.2791E-14
 2280.901123  1.5533E-14
 2282.274902  1.4161E-14
 2283.648682  1.4005E-14
 2285.022461  1.4882E-14
 2286.396484  1.3750E-14
 2287.770264  1.3854E-14
 2289.144043  1.3657E-14
 2290.518066  1.3671E-14
 2291.891846  1.4425E-14
 2293.265625  1.4462E-14
 2294.639404  1.4324E-14
 2296.013428  1.3240E-14
 2297.387207  1.0940E-14
 2298.760986  1.1729E-14
 2300.135010  1.2798E-14
 2301.508789  1.3416E-14
 2302.882568  1.3132E-14
 2304.256348  1.5796E-14
 2305.630371  1.7521E-14
 2307.004150  1.6951E-14
 2308.377930  1.5935E-14
 2309.751953  1.3681E-14
 2311.125732  1.2236E-14
 2312.499512  1.3105E-14
 2313.873291  1.5715E-14
 2315.247314  1.7236E-14
 2316.621094  1.6983E-14
 2317.994873  1.4768E-14
 2319.368896  1.3339E-14
 2320.742676  1.6267E-14
 2322.116455  1.8914E-14
 2323.490234  1.8324E-14
 2324.864258  1.4470E-14
 2326.238037  1.3983E-14
 2327.611816  1.4964E-14
 2328.985596  1.4869E-14
 2330.359619  1.1778E-14
 2331.733398  1.0756E-14
 2333.107178  1.2845E-14
 2334.481201  1.4999E-14
 2335.854980  1.4258E-14
 2337.228760  1.0499E-14
 2338.602539  1.2635E-14
 2339.976562  1.4399E-14
 2341.350342  1.2298E-14
 2342.724121  8.1100E-15
 2344.097900  8.3965E-15
 2345.471924  1.0104E-14
 2346.845703  1.0073E-14
 2348.219482  1.1663E-14
 2349.593262  1.5639E-14
 2350.967041  1.8071E-14
 2352.341064  1.8851E-14
 2353.714844  1.6866E-14
 2355.088623  1.6838E-14
 2356.462402  1.6724E-14
 2357.836426  1.2610E-14
 2359.210205  1.1114E-14
 2360.583984  1.3857E-14
 2361.957764  1.5915E-14
 2363.331543  1.3087E-14
 2364.705322  1.1569E-14
 2366.079346  1.2904E-14
 2367.453125  1.4334E-14
 2368.826904  1.7561E-14
 2370.200684  1.8052E-14
 2371.574463  1.6773E-14
 2372.948242  1.1451E-14
 2374.322266  1.3593E-14
 2375.696045  1.6594E-14
 2377.069824  1.5941E-14
 2378.443604  1.1915E-14
 2379.817383  1.0249E-14
 2381.191162  7.0061E-15
 2382.564941  8.1389E-15
 2383.938721  1.2023E-14
 2385.312500  1.5065E-14
 2386.686279  1.3308E-14
 2388.060303  1.1533E-14
 2389.434082  1.5922E-14
 2390.807861  1.8191E-14
 2392.181641  1.6903E-14
 2393.555420  1.2272E-14
 2394.929199  9.0428E-15
 2396.302979  1.0737E-14
 2397.676758  1.1256E-14
 2399.050537  1.2343E-14
 2400.424316  1.6112E-14
 2401.798096  1.5054E-14
 2403.171875  1.1763E-14
 2404.545654  1.0076E-14
 2405.919434  1.0219E-14
 2407.293213  1.2982E-14
 2408.666992  1.3778E-14
 2410.040771  9.4141E-15
 2411.414307  1.1826E-14
 2412.788086  1.2227E-14
 2414.161865  1.8510E-14
 2415.535645  2.1382E-14
 2416.909424  2.2415E-14
 2418.283203  2.3344E-14
 2419.656982  2.5006E-14
 2421.030762  2.6873E-14
 2422.404297  2.4165E-14
 2423.778076  2.3338E-14
 2425.151855  2.6506E-14
 2426.525635  2.9122E-14
 2427.899414  2.8105E-14
 2429.272949  2.7217E-14
 2430.646729  2.8194E-14
 2432.020508  2.5903E-14
 2433.394287  2.4667E-14
 2434.767822  2.2760E-14
 2436.141602  2.3868E-14
 2437.515381  2.4730E-14
 2438.889160  2.4759E-14
 2440.262695  2.8907E-14
 2441.636475  2.9398E-14
 2443.010254  2.6045E-14
 2444.383789  2.6421E-14
 2445.757568  2.4300E-14
 2447.131104  2.4041E-14
 2448.504883  2.3102E-14
 2449.878662  2.0536E-14
 2451.252197  2.0845E-14
 2452.625977  2.2009E-14
 2453.999512  2.4059E-14
 2455.373291  2.2510E-14
 2456.746826  2.4447E-14
 2458.120605  2.4043E-14
 2459.494141  2.1400E-14
 2460.867920  1.8755E-14
 2462.241455  1.7271E-14
 2463.615234  2.0987E-14
 2464.988770  2.2737E-14
 2466.362549  2.2335E-14
 2467.736084  2.4240E-14
 2469.109619  2.4382E-14
 2470.483398  2.4256E-14
 2471.856934  1.9937E-14
 2473.230713  2.5427E-14
 2474.604248  2.7387E-14
 2475.977783  2.4848E-14
 2477.351318  2.1786E-14
 2478.725098  1.9760E-14
 2480.098633  2.2106E-14
 2481.472168  1.7796E-14
 2482.845703  1.4706E-14
 2484.219482  1.8908E-14
 2485.593018  1.7392E-14
 2486.966553  1.5184E-14
 2488.340088  1.4464E-14
 2489.713623  1.2853E-14
 2491.087158  1.7580E-14
 2492.460938  2.2591E-14
 2493.834473  2.8031E-14
 2495.208008  2.7904E-14
 2496.581543  2.8722E-14
 2497.955078  2.8831E-14
 2499.328613  2.8780E-14
 2500.702148  2.3470E-14
 2502.075684  2.6747E-14
 2503.449219  2.6133E-14
 2504.822754  2.0773E-14
 2506.196289  1.6795E-14
 2507.569824  2.2500E-14
 2508.943115  2.4851E-14
 2510.316650  1.9974E-14
 2511.690186  1.8745E-14
 2513.063721  1.4588E-14
 2514.437256  1.0781E-14
 2515.810791  9.6615E-15
 2517.184082  1.1820E-14
 2518.557617  1.4277E-14
 2519.931152  1.6889E-14
 2521.304688  1.4639E-14
 2522.677979  1.3580E-14
 2524.051514  1.3208E-14
 2525.425049  1.5694E-14
 2526.798340  1.3483E-14
 2528.171875  1.4393E-14
 2529.545166  2.0748E-14
 2530.918701  2.5600E-14
 2532.292236  2.5894E-14
 2533.665527  2.4976E-14
 2535.039062  2.3211E-14
 2536.412354  2.5570E-14
 2537.785645  2.6522E-14
 2539.159180  2.8677E-14
 2540.532471  2.6357E-14
 2541.906006  3.2559E-14
 2543.279297  3.0937E-14
 2544.652588  2.7409E-14
 2546.026123  2.8146E-14
 2547.399414  2.6702E-14
 2548.772705  2.6079E-14
 2550.146240  3.7904E-14
 2551.519531  4.0875E-14
 2552.892822  4.2195E-14
 2554.266113  4.3218E-14
 2555.639404  4.0060E-14
 2557.012695  4.2019E-14
 2558.386230  4.4162E-14
 2559.759521  4.2638E-14
 2561.132812  3.6386E-14
 2562.506104  3.2507E-14
 2563.879395  4.3249E-14
 2565.252686  4.9098E-14
 2566.625977  4.7540E-14
 2567.999268  5.5194E-14
 2569.372559  5.4262E-14
 2570.745850  5.3319E-14
 2572.118896  5.3122E-14
 2573.492188  5.1258E-14
 2574.865479  4.1133E-14
 2576.238770  4.1687E-14
 2577.612061  5.0527E-14
 2578.985107  5.5567E-14
 2580.358398  5.4139E-14
 2581.731689  4.8242E-14
 2583.104736  4.4843E-14
 2584.478027  3.1352E-14
 2585.851318  3.3839E-14
 2587.224365  5.2049E-14
 2588.597656  6.2175E-14
 2589.970703  5.4859E-14
 2591.343994  4.8861E-14
 2592.717041  4.3230E-14
 2594.090332  4.7062E-14
 2595.463379  4.2146E-14
 2596.836426  2.7075E-14
 2598.209717  1.7426E-14
 2599.582764  2.6554E-14
 2600.955811  4.0739E-14
 2602.329102  5.0312E-14
 2603.702148  4.3023E-14
 2605.075195  3.0745E-14
 2606.448242  2.8347E-14
 2607.821533  3.4451E-14
 2609.194580  3.6122E-14
 2610.567627  2.2946E-14
 2611.940674  2.1994E-14
 2613.313721  2.7450E-14
 2614.686768  4.1364E-14
 2616.059814  4.0372E-14
 2617.432861  3.8350E-14
 2618.805908  4.7321E-14
 2620.178955  4.2568E-14
 2621.552002  4.6058E-14
 2622.924805  4.8085E-14
 2624.297852  3.7462E-14
 2625.670898  3.5240E-14
 2627.043945  3.1828E-14
 2628.416992  2.9773E-14
 2629.789795  2.9913E-14
 2631.162842  3.3898E-14
 2632.535889  5.9081E-14
 2633.908691  7.5077E-14
 2635.281738  7.9881E-14
 2636.654541  8.6517E-14
 2638.027588  8.9785E-14
 2639.400391  9.0107E-14
 2640.773438  9.2392E-14
 2642.146240  1.0014E-13
 2643.519043  9.6834E-14
 2644.892090  8.8766E-14
 2646.264893  8.9660E-14
 2647.637695  8.6968E-14
 2649.010742  8.7248E-14
 2650.383545  8.6556E-14
 2651.756348  9.2572E-14
 2653.129150  9.9929E-14
 2654.501953  1.0754E-13
 2655.874756  1.0094E-13
 2657.247559  9.7229E-14
 2658.620361  9.7117E-14
 2659.993164  9.4853E-14
 2661.365967  8.8863E-14
 2662.738770  8.5243E-14
 2664.111572  8.7220E-14
 2665.484375  8.5553E-14
 2666.857178  8.8110E-14
 2668.229980  9.1760E-14
 2669.602539  9.5747E-14
 2670.975342  9.2504E-14
 2672.348145  9.0602E-14
 2673.720703  1.0418E-13
 2675.093506  9.9174E-14
 2676.466064  9.0816E-14
 2677.838867  7.9293E-14
 2679.211426  8.6179E-14
 2680.584229  9.3395E-14
 2681.956787  9.3424E-14
 2683.329590  9.0740E-14
 2684.702148  9.1923E-14
 2686.074707  9.3933E-14
 2687.447510  8.9331E-14
 2688.820068  8.3829E-14
 2690.192627  8.3533E-14
 2691.565186  8.7972E-14
 2692.937744  8.6358E-14
 2694.310547  8.4205E-14
 2695.683105  8.2138E-14
 2697.055664  8.6066E-14
 2698.428223  9.3399E-14
 2699.800781  1.0092E-13
 2701.173096  1.0186E-13
 2702.545654  1.0259E-13
 2703.918213  1.0325E-13
 2705.290771  8.8327E-14
 2706.663330  9.0617E-14
 2708.035645  9.2482E-14
 2709.408203  9.2328E-14
 2710.780762  9.2486E-14
 2712.153076  9.3641E-14
 2713.525635  7.9834E-14
 2714.898193  7.9758E-14
 2716.270508  8.5022E-14
 2717.642822  7.0019E-14
 2719.015381  6.3212E-14
 2720.387695  6.8376E-14
 2721.760254  7.6340E-14
 2723.132568  7.7984E-14
 2724.504883  7.9281E-14
 2725.877197  8.1996E-14
 2727.249756  8.4565E-14
 2728.622070  1.0030E-13
 2729.994385  9.5261E-14
 2731.366699  9.2850E-14
 2732.739014  8.2947E-14
 2734.111328  7.8792E-14
 2735.483643  7.8561E-14
 2736.855957  6.3318E-14
 2738.228027  6.0349E-14
 2739.600342  5.7013E-14
 2740.972656  6.2962E-14
 2742.344971  4.9435E-14
 2743.717041  6.0858E-14
 2745.089355  6.1311E-14
 2746.461670  5.0346E-14
 2747.833740  5.5488E-14
 2749.206055  4.8343E-14
 2750.578125  7.1146E-14
 2751.950439  7.6980E-14
 2753.322510  7.1002E-14
 2754.694580  5.6057E-14
 2756.066895  6.2232E-14
 2757.438965  8.9075E-14
 2758.811035  9.3693E-14
 2760.183105  8.9401E-14
 2761.555176  7.8172E-14
 2762.927490  8.5577E-14
 2764.299561  9.3002E-14
 2765.671631  8.5037E-14
 2767.043701  8.5936E-14
 2768.415527  8.6921E-14
 2769.787598  8.9831E-14
 2771.159668  9.1782E-14
 2772.531738  9.2080E-14
 2773.903809  9.0833E-14
 2775.275635  8.2535E-14
 2776.647705  7.6714E-14
 2778.019775  6.3990E-14
 2779.391602  6.3235E-14
 2780.763672  6.3125E-14
 2782.135498  6.0939E-14
 2783.507568  5.4342E-14
 2784.879395  5.1431E-14
 2786.251221  4.3812E-14
 2787.623291  3.3981E-14
 2788.995117  2.7116E-14
 2790.366943  2.1729E-14
 2791.738770  1.6905E-14
 2793.110596  1.5655E-14
 2794.482422  1.8296E-14
 2795.854248  1.4778E-14
 2797.226074  1.3482E-14
 2798.597900  1.4276E-14
 2799.969727  1.5266E-14
 2801.341553  1.7226E-14
 2802.713379  1.6940E-14
 2804.084961  1.6980E-14
 2805.456787  2.2704E-14
 2806.828613  2.9697E-14
 2808.200195  3.9421E-14
 2809.572021  4.3768E-14
 2810.943604  4.5497E-14
 2812.315430  5.3509E-14
 2813.687012  6.8097E-14
 2815.058594  7.4725E-14
 2816.430420  7.6359E-14
 2817.802002  8.5577E-14
 2819.173584  8.5518E-14
 2820.545166  9.1300E-14
 2821.916748  9.7087E-14
 2823.288574  1.0798E-13
 2824.660156  1.0412E-13
 2826.031494  1.0264E-13
 2827.403076  1.0427E-13
 2828.774658  1.0169E-13
 2830.146240  1.0953E-13
 2831.517822  1.0926E-13
 2832.889404  1.1148E-13
 2834.260742  9.9469E-14
 2835.632324  1.0040E-13
 2837.003662  1.1261E-13
 2838.375244  1.0966E-13
 2839.746582  1.0281E-13
 2841.118164  1.0399E-13
 2842.489502  9.3836E-14
 2843.860840  1.0013E-13
 2845.232422  9.8426E-14
 2846.603760  8.4159E-14
 2847.975098  6.0774E-14
 2849.346436  3.8224E-14
 2850.717773  2.3883E-14
 2852.089111  2.4051E-14
 2853.460449  4.0773E-14
 2854.831787  6.1114E-14
 2856.203125  8.2623E-14
 2857.574219  9.7075E-14
 2858.945557  1.1552E-13
 2860.316895  1.1782E-13
 2861.687988  1.2133E-13
 2863.059326  1.2870E-13
 2864.430664  1.2679E-13
 2865.801758  1.2227E-13
 2867.172852  1.2100E-13
 2868.544189  1.1692E-13
 2869.915283  1.3658E-13
 2871.286377  1.4470E-13
 2872.657715  1.3933E-13
 2874.028809  1.2898E-13
 2875.399902  1.0943E-13
 2876.770996  1.1484E-13
 2878.142090  1.0448E-13
 2879.513184  9.1514E-14
 2880.884277  6.7320E-14
 2882.255127  9.8822E-14
 2883.626221  1.2991E-13
 2884.997314  1.3921E-13
 2886.368408  1.3748E-13
 2887.739258  1.3639E-13
 2889.110352  1.2696E-13
 2890.481201  1.2729E-13
 2891.852295  1.2572E-13
 2893.223145  1.2694E-13
 2894.593994  1.4762E-13
 2895.965088  1.5176E-13
 2897.335938  1.5798E-13
 2898.706787  1.6861E-13
 2900.077637  1.6942E-13
 2901.448486  1.7407E-13
 2902.819336  1.7926E-13
 2904.190186  1.8014E-13
 2905.561035  1.7746E-13
 2906.931885  1.5764E-13
 2908.302490  1.5303E-13
 2909.673340  1.5803E-13
 2911.044189  1.7495E-13
 2912.414795  1.8101E-13
 2913.785645  1.7354E-13
 2915.156250  1.7366E-13
 2916.527100  1.6539E-13
 2917.897705  1.6237E-13
 2919.268311  1.7084E-13
 2920.639160  1.7633E-13
 2922.009766  1.6776E-13
 2923.380371  1.5122E-13
 2924.750977  1.4935E-13
 2926.121582  1.5234E-13
 2927.492188  1.4779E-13
 2928.862793  1.6760E-13
 2930.233398  1.8614E-13
 2931.603760  1.9556E-13
 2932.974365  1.9205E-13
 2934.344971  1.8990E-13
 2935.715332  1.6376E-13
 2937.085938  1.5523E-13
 2938.456299  1.6668E-13
 2939.826904  1.7304E-13
 2941.197266  1.7858E-13
 2942.567627  1.8739E-13
 2943.937988  1.6065E-13
 2945.308594  1.7228E-13
 2946.678955  1.4190E-13
 2948.049316  1.4514E-13
 2949.419678  1.6462E-13
 2950.790039  1.7221E-13
 2952.160400  1.6775E-13
 2953.530518  1.6616E-13
 2954.900879  1.8422E-13
 2956.271240  1.7317E-13
 2957.641357  1.9615E-13
 2959.011719  1.8035E-13
 2960.381836  1.8205E-13
 2961.752197  1.9073E-13
 2963.122314  1.7448E-13
 2964.492432  1.4725E-13
 2965.862793  1.3697E-13
 2967.232910  1.5089E-13
 2968.603027  1.3973E-13
 2969.973145  1.5057E-13
 2971.343262  1.6424E-13
 2972.713379  1.6934E-13
 2974.083496  1.9464E-13
 2975.453613  1.9701E-13
 2976.823486  2.1435E-13
 2978.193604  1.8827E-13
 2979.563721  1.7111E-13
 2980.933594  1.5640E-13
 2982.303711  1.5101E-13
 2983.673584  1.3561E-13
 2985.043457  1.4980E-13
 2986.413574  1.6303E-13
 2987.783447  1.8354E-13
 2989.153320  2.0667E-13
 2990.523193  2.0563E-13
 2991.893066  2.0208E-13
 2993.262939  1.8313E-13
 2994.632812  1.8538E-13
 2996.002686  2.1979E-13
 2997.372559  1.9834E-13
 2998.742188  1.6494E-13
 3000.112061  1.5335E-13
 3001.481689  1.5583E-13
 3002.851562  1.7294E-13
 3004.221191  1.9060E-13
 3005.591064  1.9283E-13
 3006.960693  1.7940E-13
 3008.330322  1.9247E-13
 3009.699951  2.2950E-13
 3011.069824  2.1479E-13
 3012.439453  1.9782E-13
 3013.809082  1.9500E-13
 3015.178467  1.8718E-13
 3016.548096  1.7806E-13
 3017.917725  1.6399E-13
 3019.287354  1.3255E-13
 3020.656738  1.4568E-13
 3022.026367  2.0285E-13
 3023.395752  2.0581E-13
 3024.765381  1.8616E-13
 3026.134766  2.1806E-13
 3027.504395  2.2503E-13
 3028.873779  2.0863E-13
 3030.243164  1.9982E-13
 3031.612549  2.2254E-13
 3032.981934  2.2456E-13
 3034.351318  2.2745E-13
 3035.720703  2.1365E-13
 3037.090088  1.9165E-13
 3038.459229  2.2209E-13
 3039.828613  2.0882E-13
 3041.197998  1.9857E-13
 3042.567139  2.2102E-13
 3043.936523  2.2464E-13
 3045.305664  2.2972E-13
 3046.674805  1.9617E-13
 3048.044189  2.2246E-13
 3049.413330  2.3406E-13
 3050.782471  2.4829E-13
 3052.151611  2.3504E-13
 3053.520752  2.0661E-13
 3054.889893  2.1568E-13
 3056.259033  1.8344E-13
 3057.627930  1.7270E-13
 3058.997070  1.8927E-13
 3060.366211  2.1230E-13
 3065.854980  1.6379E-13
 3068.601074  1.8197E-13
 3071.347168  1.9506E-13
 3074.093262  1.9988E-13
 3076.839111  2.0448E-13
 3079.585205  2.0194E-13
 3082.331299  2.0188E-13
 3085.077637  1.9184E-13
 3087.823730  1.7626E-13
 3090.569824  1.6542E-13
 3093.315918  1.6631E-13
 3096.062256  1.6686E-13
 3098.808350  1.6047E-13
 3101.554688  1.8347E-13
 3104.301025  2.0644E-13
 3107.047119  2.2065E-13
 3109.793457  2.2895E-13
 3112.539795  2.2521E-13
 3115.286133  2.1029E-13
 3118.032471  1.8733E-13
 3120.778809  1.8467E-13
 3123.525146  1.8811E-13
 3126.271484  1.8701E-13
 3129.018066  1.9810E-13
 3131.764404  2.0554E-13
 3134.510742  2.0566E-13
 3137.257324  2.1389E-13
 3140.003662  2.0390E-13
 3142.750244  1.7955E-13
 3145.496826  1.7983E-13
 3148.243164  2.0566E-13
 3150.989746  2.1459E-13
 3153.736328  2.0040E-13
 3156.482910  1.7805E-13
 3159.229492  1.7506E-13
 3161.976074  1.8589E-13
 3164.722656  2.0071E-13
 3167.469482  2.1621E-13
 3170.216064  2.4282E-13
 3172.962646  2.4954E-13
 3175.709473  2.4671E-13
 3178.456055  2.1515E-13
 3181.202881  1.9657E-13
 3183.949707  2.0102E-13
 3186.696289  2.1925E-13
 3189.443115  2.1764E-13
 3192.189941  2.0697E-13
 3194.936768  2.2716E-13
 3197.683594  2.5432E-13
 3200.430420  2.5478E-13
 3203.177246  2.6667E-13
 3205.924072  2.6602E-13
 3208.670898  2.4188E-13
 3211.417725  2.2136E-13
 3214.164795  2.3204E-13
 3216.911621  2.5451E-13
 3219.658691  2.5926E-13
 3222.405518  2.4642E-13
 3225.152588  2.3408E-13
 3227.899414  2.2729E-13
 3230.646484  2.3103E-13
 3233.393555  2.2620E-13
 3236.140625  2.3602E-13
 3238.887451  2.5631E-13
 3241.634521  2.6822E-13
 3244.381592  2.8338E-13
 3247.128662  2.8044E-13
 3249.875977  2.7663E-13
 3252.623047  2.8621E-13
 3255.370117  3.1187E-13
 3258.117188  3.3129E-13
 3260.864502  3.2606E-13
 3263.611572  3.1752E-13
 3266.358643  3.2794E-13
 3269.105957  3.2569E-13
 3271.853271  3.1525E-13
 3274.600342  3.1263E-13
 3277.347656  3.0421E-13
 3280.094971  3.0246E-13
 3282.842041  3.0488E-13
 3285.589355  3.0304E-13
 3288.336670  3.1933E-13
 3291.083984  3.4415E-13
 3293.831299  3.5445E-13
 3296.578613  3.4845E-13
 3299.325928  3.4507E-13
 3302.073486  3.2594E-13
 3304.820801  3.1102E-13
 3307.568115  3.0641E-13
 3310.315430  3.1215E-13
 3313.062988  3.0815E-13
 3315.810303  3.0722E-13
 3318.557861  3.1111E-13
 3321.305176  3.0435E-13
 3324.052734  3.0364E-13
 3326.800293  3.0735E-13
 3329.547607  3.0555E-13
 3332.295166  3.0411E-13
 3335.042725  2.8660E-13
 3337.790283  2.8777E-13
 3340.537842  2.9456E-13
 3343.285400  3.0174E-13
 3346.032959  2.9408E-13
 3348.780518  2.8471E-13
 3351.528076  2.9961E-13
 3354.275635  2.9423E-13
 3357.023193  2.4303E-13
 3359.770752  1.8308E-13
 3362.518555  2.3526E-13
 3365.266113  2.6520E-13
 3368.013672  2.3129E-13
 3370.761475  2.1058E-13
 3373.509033  2.4848E-13
 3376.256836  2.8548E-13
 3379.004395  2.7452E-13
 3381.752197  2.7530E-13
 3384.500000  2.7801E-13
 3387.247559  2.8443E-13
 3389.995361  2.9096E-13
 3392.743164  2.9448E-13
 3395.490967  3.2541E-13
 3398.238770  3.5003E-13
 3400.986572  3.4609E-13
 3403.734375  3.3195E-13
 3406.482178  3.1993E-13
 3409.229980  3.1825E-13
 3411.977783  3.2349E-13
 3414.725586  3.2710E-13
 3417.473389  3.4977E-13
 3420.221436  3.5899E-13
 3422.969238  3.5417E-13
 3425.717041  3.5981E-13
 3428.465088  3.7776E-13
 3431.212891  3.7622E-13
 3433.960693  3.7554E-13
 3436.708740  3.6109E-13
 3439.456543  3.2469E-13
 3442.204590  3.1772E-13
 3444.952637  3.5029E-13
 3447.700439  3.7759E-13
 3450.448486  3.8351E-13
 3453.196533  3.8190E-13
 3455.944580  3.8352E-13
 3458.692383  3.7478E-13
 3461.440430  3.7424E-13
 3464.188477  3.9065E-13
 3466.936523  3.9616E-13
 3469.684570  4.0053E-13
 3472.432617  3.8136E-13
 3475.180664  3.5126E-13
 3477.928711  3.7299E-13
 3480.676758  3.9407E-13
 3483.424805  3.9928E-13
 3486.173096  4.0758E-13
 3488.921143  3.8823E-13
 3491.669189  3.7633E-13
 3494.417236  3.7478E-13
 3497.165527  3.8749E-13
 3499.913574  4.1208E-13
 3502.661621  4.1755E-13
 3505.409912  4.0807E-13
 3508.157959  4.0613E-13
 3510.906250  3.9901E-13
 3513.654297  3.9902E-13
 3516.402588  4.1835E-13
 3519.150879  4.0802E-13
 3521.898926  3.8295E-13
 3524.647217  3.6398E-13
 3527.395508  3.8847E-13
 3530.143555  4.1087E-13
 3532.891846  4.2313E-13
 3535.640137  4.3545E-13
 3538.388428  4.4514E-13
 3541.136475  4.4678E-13
 3543.884766  4.5098E-13
 3546.633057  4.4862E-13
 3549.381348  4.3997E-13
 3552.129639  4.3269E-13
 3554.877930  4.3122E-13
 3557.626221  4.3104E-13
 3560.374512  4.2928E-13
 3563.122803  4.1823E-13
 3565.871094  3.8457E-13
 3568.619629  3.7702E-13
 3571.367920  3.7821E-13
 3574.116211  3.9036E-13
 3576.864502  3.9683E-13
 3579.613037  3.7631E-13
 3582.361328  3.4962E-13
 3585.109619  3.3295E-13
 3587.857910  3.4685E-13
 3590.606445  3.9841E-13
 3593.354736  4.3332E-13
 3596.103271  4.5189E-13
 3598.851562  4.5940E-13
 3601.600098  4.4136E-13
 3604.348389  4.2806E-13
 3607.096924  4.1995E-13
 3609.845215  4.0965E-13
 3612.593750  4.1739E-13
 3615.342041  4.2549E-13
 3618.090576  4.0912E-13
 3620.838867  4.2973E-13
 3623.587402  4.4943E-13
 3626.335938  4.5546E-13
 3629.084473  4.4396E-13
 3631.832764  4.0848E-13
 3634.581299  4.1669E-13
 3637.329834  4.3784E-13
 3640.078369  4.5437E-13
 3642.826660  4.3714E-13
 3645.575195  4.2134E-13
 3648.323730  4.2535E-13
 3651.072266  4.4645E-13
 3653.820801  4.6790E-13
 3656.569336  4.8376E-13
 3659.317871  4.8718E-13
 3662.066406  4.8337E-13
 3664.814941  4.8098E-13
 3667.563477  4.7853E-13
 3670.312012  4.7498E-13
 3673.060547  4.8533E-13
 3675.809082  4.8132E-13
 3678.557617  4.6653E-13
 3681.306152  4.7141E-13
 3684.054688  4.7267E-13
 3686.803223  4.6413E-13
 3689.551758  4.8829E-13
 3692.300293  5.0847E-13
 3695.048828  5.1597E-13
 3697.797607  5.2372E-13
 3700.546143  5.3813E-13
 3703.294678  4.9660E-13
 3706.043213  4.6545E-13
 3708.791748  4.8354E-13
 3711.540527  5.0647E-13
 3714.289062  5.4431E-13
 3717.037598  5.4075E-13
 3719.786377  4.7400E-13
 3722.534912  4.5718E-13
 3725.283447  5.1023E-13
 3728.032227  5.1867E-13
 3730.780762  4.9523E-13
 3733.529297  4.4352E-13
 3736.278076  4.2679E-13
 3739.026611  4.9108E-13
 3741.775146  5.1037E-13
 3744.523926  4.8633E-13
 3747.272461  4.4364E-13
 3750.021240  4.4124E-13
 3752.769775  5.1489E-13
 3755.518311  5.4290E-13
 3758.267090  5.1067E-13
 3761.015625  5.1682E-13
 3763.764404  5.4834E-13
 3766.512939  5.4244E-13
 3769.261719  5.3454E-13
 3772.010254  5.4520E-13
 3774.759033  5.6943E-13
 3777.507568  5.8492E-13
 3780.256348  6.1225E-13
 3783.004883  6.0955E-13
 3785.753662  5.8117E-13
 3788.502441  5.5828E-13
 3791.250977  5.5190E-13
 3793.999756  5.2657E-13
 3796.748291  5.0391E-13
 3799.497070  5.2418E-13
 3802.245605  5.7564E-13
 3804.994385  5.9041E-13
 3807.743164  5.7749E-13
 3810.491699  5.7809E-13
 3813.240479  5.4847E-13
 3815.989014  5.2565E-13
 3818.737793  5.1880E-13
 3821.486572  5.0055E-13
 3824.235107  4.8631E-13
 3826.983887  4.6638E-13
 3829.732666  4.6911E-13
 3832.481201  4.3895E-13
 3835.229980  4.2349E-13
 3837.978516  4.4121E-13
 3840.727295  4.7536E-13
 3843.476074  5.2488E-13
 3846.224609  5.3259E-13
 3848.973389  5.2096E-13
 3851.722168  5.1817E-13
 3854.470703  5.1773E-13
 3857.219482  5.0077E-13
 3859.968262  4.9106E-13
 3862.716797  5.2510E-13
 3865.465576  5.3012E-13
 3868.214111  5.0042E-13
 3870.962891  4.4852E-13
 3873.711670  4.6410E-13
 3876.460205  4.8876E-13
 3879.208984  4.6145E-13
 3881.957764  4.5489E-13
 3884.706299  4.8776E-13
 3887.455078  4.9336E-13
 3890.203857  5.0769E-13
 3892.952393  5.4749E-13
 3895.701172  5.5567E-13
 3898.449707  5.6627E-13
 3901.198486  5.6938E-13
 3903.947266  5.6410E-13
 3906.695801  5.6263E-13
 3909.444580  5.8722E-13
 3912.193115  5.9993E-13
 3914.941895  5.7897E-13
 3917.690674  5.6285E-13
 3920.439209  5.2869E-13
 3923.187988  5.0640E-13
 3925.936523  4.3378E-13
 3928.685303  3.2205E-13
 3931.433838  2.0215E-13
 3934.182617  1.6972E-13
 3936.931396  2.5395E-13
 3939.679932  3.7983E-13
 3942.428711  4.6196E-13
 3945.177246  5.1609E-13
 3947.926025  5.5539E-13
 3950.674561  5.7376E-13
 3953.423340  5.7958E-13
 3956.171875  5.8716E-13
 3958.920654  5.7110E-13
 3961.669189  4.8910E-13
 3964.417725  3.6127E-13
 3967.166504  2.5114E-13
 3969.915039  2.3879E-13
 3972.663818  3.7139E-13
 3975.412354  5.0614E-13
 3978.161133  5.9857E-13
 3980.909668  6.3782E-13
 3983.658203  6.5118E-13
 3986.406982  6.7165E-13
 3989.155518  6.9021E-13
 3991.904053  6.9861E-13
 3994.652832  6.9474E-13
 3997.401367  6.8575E-13
 4000.149902  7.0188E-13
 4002.898682  7.1645E-13
 4005.647217  6.9357E-13
 4008.395752  7.1772E-13
 4011.144287  7.3726E-13
 4013.893066  7.4004E-13
 4016.641602  7.3931E-13
 4019.390137  7.4050E-13
 4022.138672  7.3411E-13
 4024.887207  7.3613E-13
 4027.635986  7.3997E-13
 4030.384521  7.0988E-13
 4033.133057  7.0118E-13
 4035.881592  7.3851E-13
 4038.630127  7.6600E-13
 4041.378662  7.4716E-13
 4044.127197  7.1717E-13
 4046.875732  7.1607E-13
 4049.624268  7.4399E-13
 4052.372803  7.5171E-13
 4055.121338  7.4569E-13
 4057.869873  7.4346E-13
 4060.618408  7.4784E-13
 4063.366943  7.2595E-13
 4066.115479  7.2720E-13
 4068.864014  7.4680E-13
 4071.612549  7.4657E-13
 4074.361084  7.2901E-13
 4077.109375  7.0316E-13
 4079.857910  7.3067E-13
 4082.606445  7.5576E-13
 4085.354980  7.5940E-13
 4088.103516  7.9569E-13
 4090.851807  7.9896E-13
 4093.600342  7.8834E-13
 4096.348633  7.5826E-13
 4099.097168  7.2343E-13
 4101.845703  6.8369E-13
 4104.594238  7.2482E-13
 4107.342773  7.6152E-13
 4110.090820  7.6757E-13
 4112.839355  7.8453E-13
 4115.587891  7.9767E-13
 4118.336426  7.7900E-13
 4121.084473  7.6544E-13
 4123.833008  7.7574E-13
 4126.581543  7.7760E-13
 4129.329590  7.6621E-13
 4132.078125  7.5498E-13
 4134.826660  7.6713E-13
 4137.574707  7.9309E-13
 4140.323242  7.9888E-13
 4143.071777  7.6374E-13
 4145.819824  7.7796E-13
 4148.568359  7.7886E-13
 4151.316406  7.7294E-13
 4154.064941  7.6297E-13
 4156.813477  7.7086E-13
 4159.561523  7.9095E-13
 4162.310059  7.9524E-13
 4165.058105  8.0087E-13
 4167.806641  7.8958E-13
 4170.554688  7.7250E-13
 4173.303223  7.3229E-13
 4176.051270  7.4455E-13
 4178.799805  7.5441E-13
 4181.547852  7.6655E-13
 4184.295898  7.6829E-13
 4187.044434  7.5965E-13
 4189.792480  7.7438E-13
 4192.540527  7.8098E-13
 4195.289062  7.6665E-13
 4198.037109  7.5153E-13
 4200.785156  7.4709E-13
 4203.533691  7.5417E-13
 4206.281738  7.6796E-13
 4209.029785  7.8359E-13
 4211.778320  7.8008E-13
 4214.526367  7.6343E-13
 4217.274414  7.6673E-13
 4220.022461  7.7661E-13
 4222.770508  7.5910E-13
 4225.519043  7.1181E-13
 4228.267090  7.3701E-13
 4231.015137  7.7196E-13
 4233.763184  7.7226E-13
 4236.511230  7.5862E-13
 4239.259277  7.6415E-13
 4242.007324  7.6973E-13
 4244.755371  7.6959E-13
 4247.503418  7.3851E-13
 4250.251465  7.4272E-13
 4252.999512  7.6642E-13
 4255.747559  7.5846E-13
 4258.495605  7.5425E-13
 4261.243652  7.5361E-13
 4263.991699  7.7717E-13
 4266.739746  7.7166E-13
 4269.487793  7.3804E-13
 4272.235352  7.0765E-13
 4274.983398  7.1490E-13
 4277.731445  7.4684E-13
 4280.479492  7.2433E-13
 4283.227539  7.2005E-13
 4285.975098  6.9043E-13
 4288.723145  6.6970E-13
 4291.471191  6.6483E-13
 4294.218750  6.6962E-13
 4296.966797  6.1457E-13
 4299.714844  5.4656E-13
 4302.462402  5.2793E-13
 4305.210449  5.2884E-13
 4307.958496  5.1163E-13
 4310.706055  5.2276E-13
 4313.454102  6.1364E-13
 4316.201660  7.4610E-13
 4318.949707  7.9201E-13
 4321.697266  7.6597E-13
 4324.445312  7.0157E-13
 4327.192871  7.4430E-13
 4329.940430  7.9584E-13
 4332.688477  8.1466E-13
 4335.436035  7.9513E-13
 4338.183594  7.1959E-13
 4340.931641  6.9078E-13
 4343.679199  7.5315E-13
 4346.426758  8.0077E-13
 4349.174316  8.0184E-13
 4351.922363  7.7221E-13
 4354.669922  7.7720E-13
 4357.417480  7.9177E-13
 4360.165039  7.9804E-13
 4362.912598  8.1172E-13
 4365.660156  8.1393E-13
 4368.407715  7.9171E-13
 4371.155762  7.7688E-13
 4373.903320  7.6354E-13
 4376.650879  7.6983E-13
 4379.398438  7.9021E-13
 4382.145508  7.6738E-13
 4384.893066  7.3430E-13
 4387.640625  7.6300E-13
 4390.388184  7.7656E-13
 4393.135742  7.9157E-13
 4395.883301  7.9526E-13
 4398.630859  8.0407E-13
 4401.377930  8.0799E-13
 4404.125488  8.1472E-13
 4406.873047  8.1790E-13
 4409.620605  8.3531E-13
 4412.367676  8.5769E-13
 4415.115234  8.4392E-13
 4417.862305  8.5334E-13
 4420.609863  8.6946E-13
 4423.357422  8.7322E-13
 4426.104492  8.6499E-13
 4428.852051  8.7548E-13
 4431.599121  8.7250E-13
 4434.346680  8.6728E-13
 4437.093750  8.8219E-13
 4439.840820  8.8902E-13
 4442.588379  8.6017E-13
 4445.335449  8.6827E-13
 4448.082520  8.7865E-13
 4450.830078  8.6786E-13
 4453.577148  8.6910E-13
 4456.324219  8.5495E-13
 4459.071289  8.5975E-13
 4461.818359  8.6510E-13
 4464.565918  8.7364E-13
 4467.312988  8.7846E-13
 4470.060059  8.7401E-13
 4472.807129  9.0341E-13
 4475.554199  9.1360E-13
 4478.301270  9.1846E-13
 4481.048340  9.0416E-13
 4483.795410  9.0410E-13
 4486.542480  9.1333E-13
 4489.289551  9.0341E-13
 4492.036133  9.0543E-13
 4494.783203  9.0362E-13
 4497.530273  9.1418E-13
 4500.277344  9.2335E-13
 4503.023926  9.3499E-13
 4505.770996  9.5017E-13
 4508.518066  9.4478E-13
 4511.264648  9.4756E-13
 4514.011719  9.3872E-13
 4516.758789  9.2607E-13
 4519.505371  9.1877E-13
 4522.252441  9.1421E-13
 4524.999023  8.9385E-13
 4527.745605  8.8312E-13
 4530.492676  8.7278E-13
 4533.239258  8.6991E-13
 4535.986328  8.9059E-13
 4538.732910  9.2448E-13
 4541.479492  9.2269E-13
 4544.226074  9.1515E-13
 4546.973145  9.0031E-13
 4549.719727  8.7798E-13
 4552.466309  8.8816E-13
 4555.212891  8.9033E-13
 4557.959473  9.2214E-13
 4560.706055  9.3742E-13
 4563.452637  9.2651E-13
 4566.199219  9.3744E-13
 4568.945801  9.4764E-13
 4571.692383  9.3302E-13
 4574.438965  9.3595E-13
 4577.185547  9.3970E-13
 4579.932129  9.3068E-13
 4582.678223  9.1920E-13
 4585.424805  9.2694E-13
 4588.171387  9.3395E-13
 4590.917480  9.3083E-13
 4593.664062  9.3309E-13
 4596.410645  9.4244E-13
 4599.156738  9.4101E-13
 4601.903320  9.3795E-13
 4604.649414  9.4469E-13
 4607.395996  9.5457E-13
 4610.142090  9.5495E-13
 4612.888184  9.5273E-13
 4615.634766  9.5646E-13
 4618.380859  9.5329E-13
 4621.126953  9.6033E-13
 4623.873535  9.6523E-13
 4626.619629  9.6220E-13
 4629.365723  9.5160E-13
 4632.111816  9.5860E-13
 4634.857910  9.5883E-13
 4637.604004  9.5322E-13
 4640.350098  9.6239E-13
 4643.096191  9.7054E-13
 4645.842285  9.5005E-13
 4648.588379  9.4778E-13
 4651.334473  9.4817E-13
 4654.080566  9.3354E-13
 4656.826660  9.4618E-13
 4659.572266  9.6364E-13
 4662.318359  9.6222E-13
 4665.064453  9.5769E-13
 4667.810059  9.3463E-13
 4670.556152  9.4315E-13
 4673.301758  9.6492E-13
 4676.047852  9.6782E-13
 4678.793457  9.5639E-13
 4681.539551  9.5934E-13
 4684.285156  9.6660E-13
 4687.031250  9.6585E-13
 4689.776855  9.6640E-13
 4692.522461  9.7396E-13
 4695.268555  9.8519E-13
 4698.014160  9.7491E-13
 4700.759766  9.6779E-13
 4703.505371  9.5099E-13
 4706.250977  9.5121E-13
 4708.996582  9.4591E-13
 4711.742188  9.6641E-13
 4714.487793  9.6521E-13
 4717.233398  9.7707E-13
 4719.979004  9.7867E-13
 4722.724609  9.8080E-13
 4725.469727  9.7655E-13
 4728.215332  9.6582E-13
 4730.960938  9.6669E-13
 4733.706543  9.6450E-13
 4736.451660  9.6773E-13
 4739.197266  9.7526E-13
 4741.942383  9.7294E-13
 4744.687988  9.7856E-13
 4747.433105  9.8606E-13
 4750.178711  9.8838E-13
 4752.923828  9.8202E-13
 4755.668945  9.7708E-13
 4758.414551  9.7600E-13
 4761.159668  9.6706E-13
 4763.904785  9.5550E-13
 4766.649902  9.6136E-13
 4769.395020  9.7829E-13
 4772.140625  9.7802E-13
 4774.885742  9.8219E-13
 4777.630859  9.8318E-13
 4780.375488  9.7484E-13
 4783.120605  9.7191E-13
 4785.865723  9.6325E-13
 4788.610840  9.6003E-13
 4791.355957  9.7064E-13
 4794.100586  9.7669E-13
 4796.845703  9.7564E-13
 4799.590820  9.7458E-13
 4802.335449  9.6881E-13
 4805.080566  9.6630E-13
 4807.825195  9.6870E-13
 4810.570312  9.7280E-13
 4813.314941  9.8226E-13
 4816.060059  9.8156E-13
 4818.804688  9.7368E-13
 4821.549316  9.6873E-13
 4824.293945  9.6488E-13
 4827.039062  9.7870E-13
 4829.783691  9.7949E-13
 4832.528320  9.7967E-13
 4835.272949  9.8006E-13
 4838.017578  9.7324E-13
 4840.762207  9.7131E-13
 4843.506836  9.7602E-13
 4846.250977  9.7511E-13
 4848.995605  9.6491E-13
 4851.740234  9.6838E-13
 4854.484863  9.5087E-13
 4857.229004  9.1465E-13
 4859.973633  8.3266E-13
 4862.718262  8.5047E-13
 4865.462402  9.0509E-13
 4868.207031  9.3457E-13
 4870.951172  9.3418E-13
 4873.695312  9.4283E-13
 4876.439941  9.4932E-13
 4879.184082  9.5267E-13
 4881.928223  9.5925E-13
 4884.672363  9.5598E-13
 4887.416504  9.4710E-13
 4890.160645  9.4269E-13
 4892.904785  9.6672E-13
 4895.648926  9.8369E-13
 4898.393066  9.8271E-13
 4901.137207  9.7169E-13
 4903.881348  9.7226E-13
 4906.625488  9.7940E-13
 4909.369629  9.7064E-13
 4912.113281  9.6880E-13
 4914.857422  9.7481E-13
 4917.601074  9.5965E-13
 4920.345215  9.2951E-13
 4923.088867  9.4644E-13
 4925.833008  9.6728E-13
 4928.576660  9.7692E-13
 4931.320801  9.7947E-13
 4934.064453  9.5864E-13
 4936.808105  9.5280E-13
 4939.551758  9.6467E-13
 4942.295410  9.8356E-13
 4945.039062  9.9128E-13
 4947.782715  9.9870E-13
 4950.526367  1.0002E-12
 4953.270020  9.8703E-13
 4956.013672  9.7014E-13
 4958.757324  9.7198E-13
 4961.500977  9.8862E-13
 4964.244141  9.8946E-13
 4966.987793  9.9097E-13
 4969.731445  9.8861E-13
 4972.474609  9.9655E-13
 4975.218262  9.9481E-13
 4977.961426  9.8283E-13
 4980.704590  9.6497E-13
 4983.448242  9.5582E-13
 4986.191406  9.6541E-13
 4988.934570  9.7418E-13
 4991.677734  9.7327E-13
 4994.421387  9.7755E-13
 4997.164551  9.8307E-13
 4999.907715  9.6992E-13
 5002.650879  9.6425E-13
 5005.393555  9.5489E-13
 5008.136719  9.5925E-13
 5010.879883  9.6025E-13
 5013.623047  9.4168E-13
 5016.365723  9.4773E-13
 5019.108887  9.5745E-13
 5021.852051  9.7378E-13
 5024.594727  9.8107E-13
 5027.337891  9.7417E-13
 5030.080566  9.8507E-13
 5032.823242  9.8146E-13
 5035.566406  9.7236E-13
 5038.309082  9.6140E-13
 5041.051758  9.3988E-13
 5043.794434  9.7027E-13
 5046.537109  9.8765E-13
 5049.279785  9.8098E-13
 5052.022461  9.8049E-13
 5054.765137  9.9802E-13
 5057.507812  1.0042E-12
 5060.250488  1.0003E-12
 5062.992676  9.9023E-13
 5065.735352  9.8206E-13
 5068.478027  9.8654E-13
 5071.220215  9.8942E-13
 5073.962891  9.8508E-13
 5076.705078  9.7843E-13
 5079.447266  9.5845E-13
 5082.189941  9.6229E-13
 5084.932129  9.7549E-13
 5087.674316  9.9427E-13
 5090.416504  9.9693E-13
 5093.158691  9.9950E-13
 5095.900879  9.8811E-13
 5098.643066  9.7725E-13
 5101.385254  9.8276E-13
 5104.127441  9.8488E-13
 5106.869629  9.6952E-13
 5109.611816  9.6930E-13
 5112.353516  9.8399E-13
 5115.095703  1.0002E-12
 5117.837402  1.0008E-12
 5120.579590  9.8931E-13
 5123.321289  9.7171E-13
 5126.063477  9.6578E-13
 5128.805176  9.6479E-13
 5131.546875  9.7535E-13
 5134.288574  9.7402E-13
 5137.030273  9.6453E-13
 5139.771973  9.5039E-13
 5142.513672  9.5362E-13
 5145.255371  9.6838E-13
 5147.997070  9.7190E-13
 5150.738770  9.6914E-13
 5153.480469  9.7075E-13
 5156.222168  9.8434E-13
 5158.963379  9.9207E-13
 5161.705078  9.7877E-13
 5164.446289  9.4638E-13
 5167.187988  8.9314E-13
 5169.929199  8.9290E-13
 5172.670410  9.0210E-13
 5175.412109  9.5285E-13
 5178.153320  9.7921E-13
 5180.894531  9.6168E-13
 5183.635742  9.1839E-13
 5186.376953  9.3598E-13
 5189.118164  9.4977E-13
 5191.859375  9.4289E-13
 5194.600586  9.4863E-13
 5197.341309  9.6024E-13
 5200.082520  9.6960E-13
 5202.823730  9.5998E-13
 5205.564453  9.4422E-13
 5208.305664  9.4698E-13
 5211.046387  9.6560E-13
 5213.787109  9.7859E-13
 5216.528320  9.7628E-13
 5219.269043  9.8876E-13
 5222.009766  9.9014E-13
 5224.750488  9.6506E-13
 5227.491211  9.4710E-13
 5230.231934  9.7114E-13
 5232.972656  9.6879E-13
 5235.713379  9.8630E-13
 5238.454102  9.9708E-13
 5241.194824  1.0004E-12
 5243.935059  9.9766E-13
 5246.675781  9.8030E-13
 5249.416016  9.7725E-13
 5252.156738  9.8000E-13
 5254.896973  9.8421E-13
 5257.637207  9.9352E-13
 5260.377930  9.7709E-13
 5263.118164  9.4323E-13
 5265.858398  9.3196E-13
 5268.598633  9.2853E-13
 5271.338867  9.3926E-13
 5274.079102  9.6481E-13
 5276.819336  9.8226E-13
 5279.559570  9.8981E-13
 5282.299316  9.8477E-13
 5285.039551  9.9407E-13
 5287.779297  1.0072E-12
 5290.519531  1.0129E-12
 5293.259277  1.0044E-12
 5295.999512  9.8837E-13
 5298.739258  9.8950E-13
 5301.479004  9.9311E-13
 5304.218750  9.9979E-13
 5306.958984  1.0015E-12
 5309.698730  1.0089E-12
 5312.438477  1.0062E-12
 5315.177734  9.9305E-13
 5317.917480  9.9301E-13
 5320.657227  9.9586E-13
 5323.396973  9.7839E-13
 5326.136230  9.6065E-13
 5328.875977  9.5517E-13
 5331.615234  9.8032E-13
 5334.354980  9.8552E-13
 5337.094238  9.8337E-13
 5339.833496  9.7627E-13
 5342.572754  9.8278E-13
 5345.312500  9.8858E-13
 5348.051758  9.9263E-13
 5350.791016  9.9959E-13
 5353.529785  1.0099E-12
 5356.269043  1.0037E-12
 5359.008301  1.0106E-12
 5361.747559  1.0012E-12
 5364.486328  9.9242E-13
 5367.225586  9.8821E-13
 5369.964355  9.7748E-13
 5372.703613  9.8815E-13
 5375.442383  1.0000E-12
 5378.181152  1.0065E-12
 5380.920410  9.9758E-13
 5383.659180  9.9800E-13
 5386.397949  1.0021E-12
 5389.136719  9.9889E-13
 5391.875488  9.9061E-13
 5394.613770  9.8628E-13
 5397.352539  9.8065E-13
 5400.091309  9.8240E-13
 5402.830078  9.7087E-13
 5405.568359  9.6747E-13
 5408.307129  9.7999E-13
 5411.045410  9.8661E-13
 5413.783691  9.9121E-13
 5416.521973  9.9409E-13
 5419.260742  9.9949E-13
 5421.999023  9.9638E-13
 5424.737305  9.9240E-13
 5427.475586  9.8761E-13
 5430.213867  9.8314E-13
 5432.951660  9.8200E-13
 5435.689941  9.8663E-13
 5438.428223  1.0020E-12
 5441.166016  1.0023E-12
 5443.904297  9.9052E-13
 5446.642090  9.8498E-13
 5449.380371  9.9811E-13
 5450.502930  9.8249E-13
 5455.374023  9.8070E-13
 5460.244629  9.8623E-13
 5465.115723  9.9982E-13
 5469.986328  9.9841E-13
 5474.857422  9.8575E-13
 5479.728516  9.9082E-13
 5484.599609  9.9701E-13
 5489.470703  9.9822E-13
 5494.341797  9.9493E-13
 5499.212891  9.8689E-13
 5504.083984  9.8918E-13
 5508.955566  9.9655E-13
 5513.827148  9.9480E-13
 5518.698242  1.0044E-12
 5523.569824  1.0051E-12
 5528.441406  9.9401E-13
 5533.312988  9.9916E-13
 5538.184570  9.9690E-13
 5543.056641  9.9839E-13
 5547.928223  1.0049E-12
 5552.799805  1.0096E-12
 5557.671875  1.0057E-12
 5562.543945  9.9562E-13
 5567.416016  9.8710E-13
 5572.288086  9.8778E-13
 5577.160156  9.8802E-13
 5582.032227  9.8878E-13
 5586.904297  9.8088E-13
 5591.776367  9.7386E-13
 5596.648926  9.7664E-13
 5601.520996  9.7670E-13
 5606.393555  9.8947E-13
 5611.266113  9.9314E-13
 5616.138672  9.8617E-13
 5621.011230  9.8996E-13
 5625.883789  9.9750E-13
 5630.756348  1.0057E-12
 5635.629395  9.9577E-13
 5640.501953  9.8646E-13
 5645.375000  9.9457E-13
 5650.247559  9.9604E-13
 5655.120605  9.8672E-13
 5659.993652  9.8105E-13
 5664.866699  9.8675E-13
 5669.739746  9.9171E-13
 5674.612793  9.9380E-13
 5679.485840  9.9378E-13
 5684.359375  9.9111E-13
 5689.232422  9.8412E-13
 5694.105957  9.9694E-13
 5698.979004  9.9274E-13
 5703.852539  9.8932E-13
 5708.726074  9.8443E-13
 5713.599609  9.7988E-13
 5718.473145  9.9376E-13
 5723.346680  9.9260E-13
 5728.220703  9.9826E-13
 5733.094238  9.9501E-13
 5737.968262  9.9857E-13
 5742.841797  9.9933E-13
 5747.715820  9.9722E-13
 5752.589844  9.9297E-13
 5757.463867  9.9485E-13
 5762.337891  9.8975E-13
 5767.211914  9.9390E-13
 5772.085938  9.9336E-13
 5776.959961  9.9709E-13
 5781.834473  1.0010E-12
 5786.708496  9.9110E-13
 5791.583008  9.8868E-13
 5796.457031  9.9670E-13
 5801.331543  9.9442E-13
 5806.206055  9.9483E-13
 5811.080566  9.8966E-13
 5815.955078  9.9448E-13
 5820.829590  9.9843E-13
 5825.704590  9.9450E-13
 5830.579102  9.9589E-13
 5835.454102  9.9065E-13
 5840.328613  9.9313E-13
 5845.203613  9.9022E-13
 5850.078613  9.8606E-13
 5854.953125  9.7722E-13
 5859.828125  9.7000E-13
 5864.703125  9.7736E-13
 5869.578613  9.8667E-13
 5874.453613  9.9152E-13
 5879.328613  9.8709E-13
 5884.204102  9.8216E-13
 5889.079102  9.6428E-13
 5893.954590  9.5426E-13
 5898.829590  9.6306E-13
 5903.705078  9.7709E-13
 5908.580566  9.7968E-13
 5913.456055  9.8612E-13
 5918.331543  9.8593E-13
 5923.207031  9.9066E-13
 5928.083008  9.7655E-13
 5932.958496  9.8259E-13
 5937.834473  9.8746E-13
 5942.709961  9.9183E-13
 5947.585938  9.7747E-13
 5952.461426  9.8441E-13
 5957.337402  9.8354E-13
 5962.213379  9.8226E-13
 5967.089355  9.8692E-13
 5971.965332  9.8819E-13
 5976.841309  9.8341E-13
 5981.717773  9.8387E-13
 5986.593750  9.8329E-13
 5991.470215  9.8282E-13
 5996.346191  9.7959E-13
 6001.222656  9.8306E-13
 6006.098633  9.7879E-13
 6010.975098  9.7457E-13
 6015.851562  9.7579E-13
 6020.728027  9.7330E-13
 6025.604492  9.7456E-13
 6030.480957  9.8006E-13
 6035.357910  9.8098E-13
 6040.234375  9.7901E-13
 6045.110840  9.9427E-13
 6049.987793  9.7769E-13
 6054.864258  9.7770E-13
 6059.741211  9.7061E-13
 6064.618164  9.6802E-13
 6069.495117  9.7186E-13
 6074.372070  9.7124E-13
 6079.249023  9.6988E-13
 6084.125977  9.7664E-13
 6089.002930  9.6839E-13
 6093.879883  9.6625E-13
 6098.757324  9.6420E-13
 6103.634277  9.6214E-13
 6108.511719  9.6884E-13
 6113.388672  9.6197E-13
 6118.266113  9.5968E-13
 6123.143555  9.5911E-13
 6128.020996  9.5747E-13
 6132.897949  9.5623E-13
 6137.775391  9.5378E-13
 6142.653320  9.5209E-13
 6147.530762  9.6196E-13
 6152.408203  9.5975E-13
 6157.285645  9.6093E-13
 6162.163574  9.5118E-13
 6167.041016  9.5087E-13
 6171.918945  9.5242E-13
 6176.796875  9.6193E-13
 6181.674316  9.6590E-13
 6186.552246  9.5891E-13
 6191.430176  9.5857E-13
 6196.308105  9.6104E-13
 6201.186035  9.6474E-13
 6206.063965  9.6742E-13
 6210.942383  9.6052E-13
 6215.820312  9.5846E-13
 6220.698242  9.5014E-13
 6225.576660  9.5484E-13
 6230.454590  9.5319E-13
 6235.333008  9.5761E-13
 6240.211426  9.5884E-13
 6245.089355  9.4378E-13
 6249.967773  9.4448E-13
 6254.846191  9.4031E-13
 6259.724609  9.4679E-13
 6264.603027  9.4733E-13
 6269.481445  9.4972E-13
 6274.360352  9.6115E-13
 6279.238770  9.5904E-13
 6284.117188  9.5387E-13
 6288.996094  9.5636E-13
 6293.874512  9.5524E-13
 6298.753418  9.5587E-13
 6303.632324  9.5337E-13
 6308.510742  9.4529E-13
 6313.389648  9.4415E-13
 6318.268555  9.3582E-13
 6323.147461  9.3159E-13
 6328.026367  9.3129E-13
 6332.905273  9.2858E-13
 6337.784180  9.2356E-13
 6342.663574  9.3791E-13
 6347.542480  9.4342E-13
 6352.421387  9.4937E-13
 6357.300781  9.4862E-13
 6362.180176  9.4837E-13
 6367.059082  9.4903E-13
 6371.938477  9.4599E-13
 6376.817871  9.4895E-13
 6381.696777  9.4907E-13
 6386.576172  9.4749E-13
 6391.455566  9.4661E-13
 6396.334961  9.3928E-13
 6401.214844  9.4449E-13
 6406.094238  9.3956E-13
 6410.973633  9.2955E-13
 6415.853027  9.3247E-13
 6420.732910  9.3298E-13
 6425.612305  9.3628E-13
 6430.492188  9.3073E-13
 6435.371582  9.3470E-13
 6440.251465  9.3277E-13
 6445.131348  9.3527E-13
 6450.011230  9.2249E-13
 6454.890625  9.3115E-13
 6459.770508  9.2800E-13
 6464.650391  9.2433E-13
 6469.530762  9.3232E-13
 6474.410645  9.3430E-13
 6479.290527  9.3267E-13
 6484.170410  9.2550E-13
 6489.050293  9.2738E-13
 6493.930664  9.1351E-13
 6498.810547  9.1382E-13
 6503.690918  9.2588E-13
 6508.571289  9.2843E-13
 6513.451172  9.3268E-13
 6518.331543  9.2943E-13
 6523.211914  9.2467E-13
 6528.092285  9.2551E-13
 6532.972168  9.3484E-13
 6537.852539  9.3710E-13
 6542.733398  9.3021E-13
 6547.613770  9.1868E-13
 6552.494141  9.0740E-13
 6557.374512  8.6634E-13
 6562.254883  8.2592E-13
 6567.135742  8.4959E-13
 6572.016113  8.9347E-13
 6576.896973  9.1447E-13
 6581.777344  9.2109E-13
 6586.658203  9.1920E-13
 6591.538574  9.2440E-13
 6596.419434  9.1366E-13
 6601.300293  9.2454E-13
 6606.181152  9.2018E-13
 6611.062012  9.2504E-13
 6615.942871  9.2286E-13
 6620.823730  9.2791E-13
 6625.704590  9.2576E-13
 6630.585449  9.2696E-13
 6635.466309  9.1865E-13
 6640.347168  9.1495E-13
 6645.228516  9.1556E-13
 6650.109375  9.1424E-13
 6654.990723  9.1941E-13
 6659.871582  9.2010E-13
 6664.752930  9.2060E-13
 6669.633789  9.2101E-13
 6674.515137  9.1683E-13
 6679.396484  9.1348E-13
 6684.277344  9.2160E-13
 6689.158691  9.1973E-13
 6694.040039  9.2321E-13
 6698.921387  9.2127E-13
 6703.802734  9.1773E-13
 6708.684082  9.1806E-13
 6713.565430  9.1475E-13
 6718.446777  9.1694E-13
 6723.328613  9.1421E-13
 6728.209961  9.1074E-13
 6733.091309  9.1378E-13
 6737.973145  9.1769E-13
 6742.854492  9.1922E-13
 6747.736328  9.1987E-13
 6752.617676  9.1418E-13
 6757.499512  9.1391E-13
 6762.380859  9.1348E-13
 6767.262695  9.1109E-13
 6772.144531  9.0947E-13
 6777.026367  9.1047E-13
 6781.907715  9.1051E-13
 6786.789551  9.1085E-13
 6791.671387  9.0951E-13
 6796.553223  9.1059E-13
 6801.435059  9.1044E-13
 6806.316895  9.0809E-13
 6811.199219  9.0443E-13
 6816.081055  9.0847E-13
 6820.962891  9.0902E-13
 6825.844727  9.0752E-13
 6830.727051  9.1000E-13
 6835.608887  9.0682E-13
 6840.491211  9.0423E-13
 6845.373047  8.9960E-13
 6850.255371  9.0208E-13
 6855.137207  9.0010E-13
 6860.019531  8.9679E-13
 6864.901855  8.9531E-13
 6869.783691  8.9964E-13
 6874.666016  8.9960E-13
 6879.548340  9.0312E-13
 6884.430664  8.9528E-13
 6889.312988  9.0286E-13
 6894.195312  8.9804E-13
 6899.077637  8.9949E-13
 6903.959961  8.9583E-13
 6908.842285  8.9916E-13
 6913.724609  8.9706E-13
 6918.606934  8.9432E-13
 6923.489746  8.9571E-13
 6928.372070  8.9371E-13
 6933.254395  8.9553E-13
 6938.137207  8.9050E-13
 6943.019531  8.9366E-13
 6947.902344  8.8968E-13
 6952.784668  8.8769E-13
 6957.667480  8.8547E-13
 6962.549805  8.8883E-13
 6967.432617  8.9057E-13
 6972.315430  8.8505E-13
 6977.197754  8.8538E-13
 6982.080566  8.8513E-13
 6986.963379  8.9080E-13
 6991.846191  8.8604E-13
 6996.729004  8.8680E-13
 7001.611816  8.8335E-13
 7006.494629  8.8033E-13
 7011.377441  8.8004E-13
 7016.260254  8.8162E-13
 7021.143066  8.7851E-13
 7026.025879  8.7981E-13
 7030.908691  8.8045E-13
 7035.791504  8.7984E-13
 7040.674805  8.7792E-13
 7045.557617  8.8326E-13
 7050.440430  8.7456E-13
 7055.323730  8.8183E-13
 7060.206543  8.8194E-13
 7065.089844  8.7823E-13
 7069.972656  8.7884E-13
 7074.855957  8.7541E-13
 7079.738770  8.7696E-13
 7084.622070  8.7827E-13
 7089.504883  8.6992E-13
 7094.388184  8.7332E-13
 7099.271484  8.7431E-13
 7104.154785  8.7380E-13
 7109.037598  8.7291E-13
 7113.920898  8.7218E-13
 7118.804199  8.6922E-13
 7123.687500  8.7051E-13
 7128.570801  8.6813E-13
 7133.454102  8.6441E-13
 7138.337402  8.6431E-13
 7143.220703  8.6407E-13
 7148.104004  8.6383E-13
 7152.987305  8.6332E-13
 7157.870605  8.6517E-13
 7162.753906  8.6671E-13
 7167.637695  8.6738E-13
 7172.520996  8.6165E-13
 7177.404297  8.6282E-13
 7182.287598  8.6006E-13
 7187.171387  8.5782E-13
 7192.054688  8.5902E-13
 7196.938477  8.5568E-13
 7201.821777  8.5672E-13
 7206.705078  8.6071E-13
 7211.588867  8.5877E-13
 7216.472168  8.6192E-13
 7221.355957  8.6107E-13
 7226.239746  8.5791E-13
 7231.123047  8.6164E-13
 7236.006836  8.5636E-13
 7240.890625  8.5622E-13
 7245.773926  8.5422E-13
 7250.657715  8.5295E-13
 7255.541504  8.5299E-13
 7260.424805  8.5511E-13
 7265.308594  8.5194E-13
 7270.192383  8.5560E-13
 7275.076172  8.5613E-13
 7279.959961  8.5116E-13
 7284.843750  8.5242E-13
 7289.727539  8.4339E-13
 7294.611328  8.4473E-13
 7299.495117  8.4812E-13
 7304.378906  8.4684E-13
 7309.262695  8.4483E-13
 7314.146484  8.4783E-13
 7319.030273  8.4719E-13
 7323.914062  8.4663E-13
 7328.797852  8.4558E-13
 7333.682129  8.4640E-13
 7338.565918  8.4698E-13
 7343.449707  8.4949E-13
 7348.333496  8.4136E-13
 7353.217773  8.4595E-13
 7358.101562  8.3970E-13
 7362.985352  8.4764E-13
 7367.869629  8.4697E-13
 7372.753418  8.3982E-13
 7377.637695  8.4300E-13
 7382.521484  8.4063E-13
 7387.405273  8.3806E-13
 7392.289551  8.3358E-13
 7397.173340  8.3747E-13
 7402.057617  8.3744E-13
 7406.941406  8.3574E-13
 7411.825684  8.2612E-13
 7416.709961  8.2947E-13
 7421.593750  8.2996E-13
 7426.478027  8.3040E-13
 7431.362305  8.3284E-13
 7436.246094  8.3521E-13
 7441.130371  8.3207E-13
 7446.014648  8.3421E-13
 7450.898438  8.3022E-13
 7455.782715  8.3146E-13
 7460.666992  8.2568E-13
 7465.551270  8.3351E-13
 7470.435059  8.3197E-13
 7475.319336  8.3076E-13
 7480.203613  8.2921E-13
 7485.087891  8.3101E-13
 7489.972168  8.2751E-13
 7494.856445  8.2519E-13
 7499.740723  8.2514E-13
 7504.625000  8.2364E-13
 7509.509277  8.2189E-13
 7514.393555  8.2528E-13
 7519.277832  8.2543E-13
 7524.162109  8.2131E-13
 7529.046387  8.2059E-13
 7533.930664  8.2016E-13
 7538.814941  8.2356E-13
 7543.699219  8.2447E-13
 7548.583496  8.2313E-13
 7553.467773  8.1944E-13
 7558.352051  8.1860E-13
 7563.236328  8.2188E-13
 7568.120605  8.1914E-13
 7573.004883  8.2045E-13
 7577.889648  8.1697E-13
 7582.773926  8.1615E-13
 7587.658203  8.1546E-13
 7592.542480  8.1962E-13
 7597.426758  8.1867E-13
 7602.311523  8.1867E-13
 7607.195801  8.1571E-13
 7612.080078  8.1289E-13
 7616.964355  8.0736E-13
 7621.849121  8.1592E-13
 7626.733398  8.1339E-13
 7631.617676  8.1385E-13
 7636.501953  8.1349E-13
 7641.386719  8.1675E-13
 7646.270996  8.1510E-13
 7651.155273  8.1126E-13
 7656.040039  8.0654E-13
 7660.924316  8.0327E-13
 7665.809082  7.9839E-13
 7670.693359  8.0396E-13
 7675.577637  8.1244E-13
 7680.462402  8.0968E-13
 7685.346680  8.0629E-13
 7690.231445  8.0756E-13
 7695.115723  8.0283E-13
 7700.000000  8.0201E-13
 7704.884766  8.0328E-13
 7709.769043  8.0699E-13
 7714.653809  7.9936E-13
 7719.538086  8.0367E-13
 7724.422852  8.0508E-13
 7729.307129  8.0394E-13
 7734.191895  8.0739E-13
 7739.076172  8.0405E-13
 7743.960938  8.0174E-13
 7748.845215  7.9602E-13
 7753.729492  8.0131E-13
 7758.614258  7.9824E-13
 7763.499023  8.0637E-13
 7768.383301  8.0271E-13
 7773.268066  8.0103E-13
 7778.152344  7.9766E-13
 7783.037109  7.9497E-13
 7787.921387  7.9435E-13
 7792.806152  7.9548E-13
 7797.690430  7.9165E-13
 7802.575195  7.9624E-13
 7807.459473  7.9528E-13
 7812.344238  7.9614E-13
 7817.228516  7.9713E-13
 7822.113281  7.9712E-13
 7826.997559  7.9550E-13
 7831.882324  7.9788E-13
 7836.766602  7.9295E-13
 7841.651367  7.9718E-13
 7846.536133  7.9354E-13
 7851.420410  7.8624E-13
 7856.305176  7.9153E-13
 7861.189453  7.9250E-13
 7866.074219  7.9522E-13
 7870.958496  7.9389E-13
 7875.843262  7.8794E-13
 7880.727539  7.8873E-13
 7885.612305  7.8357E-13
 7890.497070  7.8506E-13
 7895.381348  7.8882E-13
 7900.266113  7.9152E-13
 7905.150391  7.8718E-13
 7910.035156  7.8264E-13
 7914.919434  7.7651E-13
 7919.804199  7.7813E-13
 7924.688477  7.7641E-13
 7929.573242  7.7834E-13
 7934.457520  7.7111E-13
 7939.342285  7.7347E-13
 7944.226562  7.7250E-13
 7949.111328  7.7050E-13
 7953.995605  7.7888E-13
 7958.880371  7.7404E-13
 7963.764648  7.7636E-13
 7968.649414  7.7147E-13
 7973.533691  7.7542E-13
 7978.418457  7.8032E-13
 7983.302734  7.8055E-13
 7988.187500  7.8119E-13
 7993.071777  7.7760E-13
 7997.956543  7.7302E-13
 8002.840820  7.7123E-13
 8007.725586  7.7000E-13
 8012.609863  7.7255E-13
 8017.494141  7.7319E-13
 8022.378906  7.7846E-13
 8027.263184  7.7215E-13
 8032.147949  7.7580E-13
 8037.032227  7.6554E-13
 8041.916504  7.6327E-13
 8046.801270  7.6237E-13
 8051.685547  7.5954E-13
 8056.570312  7.6436E-13
 8061.454590  7.6658E-13
 8066.338867  7.6664E-13
 8071.223633  7.6520E-13
 8076.107910  7.6221E-13
 8080.992188  7.5721E-13
 8085.876465  7.5730E-13
 8090.761230  7.5639E-13
 8095.645508  7.6143E-13
 8100.529785  7.5621E-13
 8105.414551  7.5609E-13
 8110.298828  7.5835E-13
 8115.183105  7.5877E-13
 8120.067383  7.5701E-13
 8124.951660  7.5920E-13
 8129.836426  7.6128E-13
 8134.720703  7.6199E-13
 8139.604980  7.5076E-13
 8144.489258  7.5102E-13
 8149.373535  7.5631E-13
 8154.257812  7.5357E-13
 8159.142090  7.5520E-13
 8164.026855  7.5596E-13
 8168.911133  7.5328E-13
 8173.795410  7.4579E-13
 8178.679688  7.5000E-13
 8183.563965  7.4703E-13
 8188.448242  7.4465E-13
 8193.332031  7.4889E-13
 8198.216797  7.4031E-13
 8203.100586  7.4255E-13
 8207.985352  7.4189E-13
 8212.869141  7.4369E-13
 8217.753906  7.3957E-13
 8222.637695  7.4227E-13
 8227.522461  7.4110E-13
 8232.406250  7.4284E-13
 8237.291016  7.4029E-13
 8242.174805  7.4175E-13
 8247.058594  7.4107E-13
 8251.943359  7.4160E-13
 8256.827148  7.4501E-13
 8261.711914  7.4101E-13
 8266.595703  7.3867E-13
 8271.479492  7.4197E-13
 8276.364258  7.3445E-13
 8281.248047  7.3836E-13
 8286.131836  7.4303E-13
 8291.016602  7.3930E-13
 8295.900391  7.3635E-13
 8300.784180  7.3869E-13
 8305.667969  7.4021E-13
 8310.552734  7.3696E-13
 8315.436523  7.3494E-13
 8320.320312  7.3444E-13
 8325.204102  7.2956E-13
 8330.088867  7.2683E-13
 8334.972656  7.2624E-13
 8339.856445  7.2775E-13
 8344.740234  7.2689E-13
 8349.625000  7.2917E-13
 8354.508789  7.3273E-13
 8359.392578  7.2759E-13
 8364.276367  7.2460E-13
 8369.160156  7.2314E-13
 8374.043945  7.2590E-13
 8378.927734  7.2697E-13
 8383.811523  7.2850E-13
 8388.696289  7.2970E-13
 8393.580078  7.2500E-13
 8398.463867  7.3025E-13
 8403.347656  7.2655E-13
 8408.231445  7.2668E-13
 8413.115234  7.2561E-13
 8417.999023  7.2361E-13
 8422.882812  7.2689E-13
 8427.766602  7.2850E-13
 8432.650391  7.2143E-13
 8437.534180  7.1885E-13
 8442.417969  7.1095E-13
 8447.301758  7.1112E-13
 8452.184570  7.1713E-13
 8457.068359  7.1603E-13
 8461.952148  7.2030E-13
 8466.835938  7.1964E-13
 8471.719727  7.1982E-13
 8476.603516  7.2275E-13
 8481.487305  7.1921E-13
 8486.370117  7.1271E-13
 8491.253906  7.0692E-13
 8496.137695  6.9326E-13
 8501.021484  6.7816E-13
 8505.904297  6.9789E-13
 8510.788086  7.0749E-13
 8515.671875  7.0320E-13
 8520.555664  7.0709E-13
 8525.438477  7.0430E-13
 8530.322266  6.9419E-13
 8535.206055  6.7642E-13
 8540.088867  6.4039E-13
 8544.972656  6.4544E-13
 8549.855469  6.6445E-13
 8554.739258  6.9225E-13
 8559.623047  7.0175E-13
 8564.505859  7.0621E-13
 8569.389648  7.1493E-13
 8574.272461  7.1377E-13
 8579.156250  7.1821E-13
 8584.039062  7.0754E-13
 8588.922852  7.1223E-13
 8593.805664  7.0799E-13
 8598.689453  7.0489E-13
 8603.572266  7.0631E-13
 8608.455078  7.0273E-13
 8613.338867  6.9953E-13
 8618.221680  6.9992E-13
 8623.104492  7.0458E-13
 8627.988281  7.0161E-13
 8632.871094  6.9898E-13
 8637.753906  6.9601E-13
 8642.637695  6.9535E-13
 8647.520508  6.9001E-13
 8652.403320  6.8776E-13
 8657.286133  6.6812E-13
 8662.169922  6.3197E-13
 8667.052734  6.4480E-13
 8671.935547  6.7517E-13
 8676.818359  6.8047E-13
 8681.701172  6.8825E-13
 8686.583984  6.8993E-13
 8691.466797  6.9283E-13
 8696.349609  6.9661E-13
 8701.232422  6.9631E-13
 8706.115234  7.0066E-13
 8710.998047  7.0089E-13
 8715.880859  6.9392E-13
 8720.763672  6.9346E-13
 8725.646484  6.9438E-13
 8730.529297  6.8980E-13
 8735.412109  6.8870E-13
 8740.294922  6.9144E-13
 8745.177734  6.8714E-13
 8750.060547  6.8505E-13
 8754.942383  6.8782E-13
 8759.825195  6.8822E-13
 8764.708008  6.9585E-13
 8769.590820  6.9626E-13
 8774.472656  6.9123E-13
 8779.355469  6.9393E-13
 8784.238281  6.9353E-13
 8789.120117  6.8591E-13
 8794.002930  6.8149E-13
 8798.885742  6.8435E-13
 8803.767578  6.7947E-13
 8808.650391  6.7604E-13
 8813.532227  6.8167E-13
 8818.415039  6.8364E-13
 8823.296875  6.7992E-13
 8828.179688  6.7940E-13
 8833.061523  6.8399E-13
 8837.944336  6.8302E-13
 8842.826172  6.8377E-13
 8847.708008  6.8741E-13
 8852.590820  6.8356E-13
 8857.472656  6.8073E-13
 8862.354492  6.7430E-13
 8867.237305  6.7417E-13
 8872.119141  6.7691E-13
 8877.000977  6.7998E-13
 8881.882812  6.8521E-13
 8886.764648  6.8577E-13
 8891.647461  6.8235E-13
 8896.529297  6.7579E-13
 8901.411133  6.7262E-13
 8906.292969  6.7282E-13
 8911.174805  6.7201E-13
 8916.056641  6.7456E-13
 8920.938477  6.7970E-13
 8925.820312  6.7933E-13
 8930.702148  6.7546E-13
 8935.583984  6.7350E-13
 8940.465820  6.6974E-13
 8945.347656  6.6435E-13
 8950.229492  6.7287E-13
 8955.110352  6.7202E-13
 8959.992188  6.7942E-13
 8964.874023  6.7426E-13
 8969.755859  6.7273E-13
 8974.636719  6.6976E-13
 8979.518555  6.7113E-13
 8984.400391  6.6960E-13
 8989.281250  6.6711E-13
 8994.163086  6.7238E-13
 8999.044922  6.6164E-13
 9003.925781  6.6328E-13
 9008.807617  6.5784E-13
 9013.688477  6.5488E-13
 9018.570312  6.6129E-13
 9023.451172  6.6691E-13
 9028.332031  6.7085E-13
 9033.213867  6.6670E-13
 9038.094727  6.7085E-13
 9042.976562  6.6465E-13
 9047.857422  6.6123E-13
 9052.738281  6.6395E-13
 9057.619141  6.5606E-13
 9062.500977  6.5478E-13
 9067.381836  6.5955E-13
 9072.262695  6.5812E-13
 9077.143555  6.6052E-13
 9082.024414  6.6425E-13
 9086.905273  6.5475E-13
 9091.786133  6.5110E-13
 9096.666992  6.4894E-13
 9101.547852  6.5632E-13
 9106.428711  6.5611E-13
 9111.309570  6.5390E-13
 9116.190430  6.5354E-13
 9121.071289  6.5672E-13
 9125.952148  6.5201E-13
 9130.833008  6.5468E-13
 9135.712891  6.5232E-13
 9140.593750  6.5160E-13
 9145.474609  6.5206E-13
 9150.354492  6.5518E-13
 9155.235352  6.5258E-13
 9160.116211  6.5526E-13
 9164.996094  6.5556E-13
 9169.876953  6.4805E-13
 9174.756836  6.4301E-13
 9179.637695  6.4295E-13
 9184.517578  6.4172E-13
 9189.398438  6.4824E-13
 9194.278320  6.5061E-13
 9199.159180  6.5389E-13
 9204.039062  6.4452E-13
 9208.918945  6.4005E-13
 9213.798828  6.3514E-13
 9218.679688  6.3087E-13
 9223.559570  6.3584E-13
 9228.439453  6.3489E-13
 9233.319336  6.3535E-13
 9238.199219  6.3629E-13
 9243.079102  6.3097E-13
 9247.958984  6.2971E-13
 9252.838867  6.3135E-13
 9257.718750  6.2865E-13
 9262.598633  6.3563E-13
 9267.478516  6.3458E-13
 9272.358398  6.3331E-13
 9277.238281  6.3653E-13
 9282.118164  6.3406E-13
 9286.998047  6.3738E-13
 9291.876953  6.4645E-13
 9296.756836  6.4084E-13
 9301.636719  6.3716E-13
 9306.515625  6.3648E-13
 9311.395508  6.3385E-13
 9316.274414  6.2778E-13
 9321.154297  6.2653E-13
 9326.033203  6.2986E-13
 9330.913086  6.3235E-13
 9335.791992  6.3205E-13
 9340.671875  6.3175E-13
 9345.550781  6.2587E-13
 9350.429688  6.2852E-13
 9355.309570  6.2816E-13
 9360.188477  6.3167E-13
 9365.067383  6.2698E-13
 9369.946289  6.2673E-13
 9374.825195  6.2744E-13
 9379.705078  6.2105E-13
 9384.583984  6.2046E-13
 9389.462891  6.1935E-13
 9394.341797  6.2123E-13
 9399.220703  6.2110E-13
 9404.098633  6.2202E-13
 9408.977539  6.1618E-13
 9413.856445  6.1474E-13
 9418.735352  6.1312E-13
 9423.614258  6.1174E-13
 9428.492188  6.1724E-13
 9433.371094  6.1682E-13
 9438.250000  6.1963E-13
 9443.127930  6.2244E-13
 9448.006836  6.2237E-13
 9452.885742  6.2129E-13
 9457.763672  6.1355E-13
 9462.642578  6.1909E-13
 9467.520508  6.1996E-13
 9472.398438  6.1993E-13
 9477.277344  6.1921E-13
 9482.155273  6.2121E-13
 9487.033203  6.1265E-13
 9491.911133  6.1213E-13
 9496.790039  6.0929E-13
 9501.667969  6.1264E-13
 9506.545898  6.1161E-13
 9511.423828  6.1466E-13
 9516.301758  6.1120E-13
 9521.179688  6.1506E-13
 9526.057617  6.0649E-13
 9530.935547  6.1189E-13
 9535.813477  6.1146E-13
 9540.691406  6.1122E-13
 9545.568359  6.0422E-13
 9550.446289  6.0510E-13
 9555.324219  6.0159E-13
 9560.202148  5.9802E-13
 9565.079102  6.0725E-13
 9569.957031  6.0531E-13
 9574.833984  6.0784E-13
 9579.711914  6.0610E-13
 9584.588867  5.9981E-13
 9589.466797  6.0371E-13
 9594.343750  6.0042E-13
 9599.220703  6.0324E-13
 9604.098633  6.0611E-13
 9608.975586  6.0161E-13
 9613.852539  6.0027E-13
 9618.729492  6.1052E-13
 9623.607422  6.0314E-13
 9628.484375  6.0089E-13
 9633.361328  6.0051E-13
 9638.238281  5.9537E-13
 9643.115234  5.9602E-13
 9647.992188  5.9076E-13
 9652.868164  5.9354E-13
 9657.745117  5.9296E-13
 9662.622070  5.9206E-13
 9667.499023  5.9538E-13
 9672.375977  5.9631E-13
 9677.251953  5.9754E-13
 9682.128906  5.9573E-13
 9687.004883  5.9706E-13
 9691.881836  5.9602E-13
 9696.757812  5.9881E-13
 9701.634766  5.9645E-13
 9706.510742  5.9458E-13
 9711.387695  5.8950E-13
 9716.263672  5.8847E-13
 9721.139648  5.8539E-13
 9726.015625  5.8350E-13
 9730.892578  5.8922E-13
 9735.768555  5.9185E-13
 9740.644531  5.8733E-13
 9745.520508  5.8904E-13
 9750.396484  5.8936E-13
 9755.272461  5.9566E-13
 9760.148438  5.9122E-13
 9765.024414  5.8495E-13
 9769.899414  5.8978E-13
 9774.775391  5.8728E-13
 9779.651367  5.9144E-13
 9784.527344  5.9048E-13
 9789.402344  5.9220E-13
 9794.278320  5.8673E-13
 9799.153320  5.8203E-13
 9804.029297  5.8300E-13
 9808.904297  5.8656E-13
 9813.780273  5.8533E-13
 9818.655273  5.7739E-13
 9823.530273  5.7629E-13
 9828.406250  5.7630E-13
 9833.281250  5.7932E-13
 9838.156250  5.7882E-13
 9843.031250  5.7636E-13
 9847.906250  5.7389E-13
 9852.781250  5.8360E-13
 9857.656250  5.8211E-13
 9862.531250  5.8352E-13
 9867.406250  5.8482E-13
 9872.281250  5.7549E-13
 9877.156250  5.7504E-13
 9882.030273  5.8735E-13
 9886.905273  5.7603E-13
 9891.780273  5.7348E-13
 9896.654297  5.8013E-13
 9901.529297  5.7797E-13
 9906.403320  5.7372E-13
 9911.278320  5.7059E-13
 9916.152344  5.7052E-13
 9921.027344  5.6383E-13
 9925.901367  5.8046E-13
 9930.775391  5.7701E-13
 9935.649414  5.7728E-13
 9940.523438  5.7024E-13
 9945.398438  5.7567E-13
 9950.272461  5.7535E-13
 9955.146484  5.7062E-13
 9960.020508  5.7319E-13
 9964.893555  5.7745E-13
 9969.767578  5.7343E-13
 9974.641602  5.6829E-13
 9979.515625  5.6892E-13
 9984.389648  5.7402E-13
 9989.262695  5.7053E-13
 9994.136719  5.6973E-13
 9999.009766  5.7283E-13
10003.883789  5.7483E-13
10008.756836  5.7197E-13
10013.630859  5.6858E-13
10018.503906  5.7270E-13
10023.376953  5.6940E-13
10028.250977  5.6128E-13
10033.124023  5.5877E-13
10037.997070  5.5773E-13
10042.870117  5.5509E-13
10047.743164  5.5460E-13
10052.616211  5.5227E-13
10057.489258  5.5987E-13
10062.362305  5.5519E-13
10067.235352  5.5452E-13
10072.107422  5.6414E-13
10076.980469  5.6159E-13
10081.853516  5.5702E-13
10086.725586  5.6204E-13
10091.598633  5.5919E-13
10096.470703  5.5873E-13
10101.343750  5.5468E-13
10106.215820  5.5529E-13
10111.088867  5.5975E-13
10115.960938  5.6027E-13
10120.833008  5.5363E-13
10125.705078  5.5763E-13
10130.577148  5.5561E-13
10135.449219  5.5963E-13
10140.321289  5.6539E-13
10145.193359  5.5810E-13
10150.065430  5.5295E-13
10154.937500  5.5303E-13
10159.809570  5.5779E-13
10164.681641  5.5079E-13
10169.552734  5.5270E-13
10174.424805  5.5405E-13
10179.296875  5.5946E-13
10184.167969  5.5200E-13
10189.040039  5.5944E-13
10193.911133  5.5951E-13
10198.782227  5.6251E-13
10203.654297  5.6108E-13
10208.525391  5.6042E-13
10213.396484  5.5943E-13
10218.267578  5.6329E-13
10223.138672  5.5322E-13
10228.009766  5.6057E-13
