#HD031128 G230LB+G430L+G750L Bohlin 20Sep2013
#HST GO12813 FILE WRITTEN BY STISREDUCE.PRO ON 20-Sep-2013 15:52:18.00
#2863
 1667.641968  1.6281E-14
 1669.012451  3.8799E-14
 1670.382935  2.5632E-14
 1671.753418  3.2222E-14
 1673.123901  2.7277E-14
 1674.494507  1.8464E-14
 1675.864990  1.6460E-14
 1677.235596  4.1942E-14
 1678.606079  3.0170E-14
 1679.976685  6.1149E-15
 1681.347290  1.4465E-14
 1682.717896  2.8832E-14
 1684.088501  2.1329E-14
 1685.459229  3.5843E-14
 1686.829834  1.9981E-14
 1688.200562  2.8141E-14
 1689.571167  2.8402E-14
 1690.941895  2.1637E-14
 1692.312622  2.1499E-14
 1693.683350  1.8925E-14
 1695.054077  1.5332E-14
 1696.424805  1.0378E-14
 1697.795654  1.2788E-14
 1699.166382  1.0593E-14
 1700.537231  1.3886E-14
 1701.907959  2.0883E-14
 1703.278809  1.7671E-14
 1704.649658  1.0452E-14
 1706.020508  1.3987E-14
 1707.391357  2.2867E-14
 1708.762329  4.7884E-15
 1710.133179  5.9501E-15
 1711.504028  1.3620E-14
 1712.875000  1.3475E-14
 1714.245972  5.6270E-15
 1715.616943  1.8802E-14
 1716.987915  2.3803E-14
 1718.358887  1.1581E-14
 1719.729858  1.1255E-14
 1721.100830  1.6574E-14
 1722.471924  1.0672E-14
 1723.842896  1.8279E-14
 1725.213989  1.8858E-14
 1726.584961  2.2831E-14
 1727.956055  1.2738E-14
 1729.327148  1.2545E-14
 1730.698242  2.3177E-14
 1732.069458  2.5860E-14
 1733.440552  1.2522E-14
 1734.811646  1.1115E-14
 1736.182861  1.6107E-14
 1737.553955  1.6669E-14
 1738.925171  1.2172E-14
 1740.296387  2.0985E-14
 1741.667603  1.6470E-14
 1743.038818  1.8380E-14
 1744.410034  1.6098E-14
 1745.781250  1.6104E-14
 1747.152588  1.7793E-14
 1748.523804  1.1978E-14
 1749.895142  1.9913E-14
 1751.266479  2.1171E-14
 1752.637695  1.4383E-14
 1754.009033  2.3383E-14
 1755.380371  2.1073E-14
 1756.751709  1.7769E-14
 1758.123169  1.8555E-14
 1759.494507  2.1557E-14
 1760.865845  2.7658E-14
 1762.237305  2.6693E-14
 1763.608765  2.2652E-14
 1764.980103  2.6705E-14
 1766.351562  2.8525E-14
 1767.723022  2.2340E-14
 1769.094482  2.8462E-14
 1770.465942  2.5556E-14
 1771.837524  2.4465E-14
 1773.208984  2.6206E-14
 1774.580566  3.0883E-14
 1775.952026  3.2365E-14
 1777.323608  2.6876E-14
 1778.695190  2.9296E-14
 1780.066772  3.2807E-14
 1781.438354  2.6988E-14
 1782.809937  2.9252E-14
 1784.181519  3.7777E-14
 1785.553101  3.3928E-14
 1786.924683  2.5601E-14
 1788.296387  3.0222E-14
 1789.668091  3.2744E-14
 1791.039673  3.2991E-14
 1792.411377  3.0107E-14
 1793.783081  3.1678E-14
 1795.154785  3.2975E-14
 1796.526489  3.4494E-14
 1797.898193  3.2515E-14
 1799.269897  3.8945E-14
 1800.641724  3.7613E-14
 1802.013428  3.3280E-14
 1803.385254  3.8369E-14
 1804.756958  3.4373E-14
 1806.128784  3.2292E-14
 1807.500610  2.7868E-14
 1808.872437  4.3172E-14
 1810.244263  3.4619E-14
 1811.616089  3.8710E-14
 1812.987915  3.6627E-14
 1814.359863  3.3975E-14
 1815.731689  3.5405E-14
 1817.103638  3.2640E-14
 1818.475464  3.8482E-14
 1819.847412  3.0424E-14
 1821.219360  3.4192E-14
 1822.591309  4.0224E-14
 1823.963257  4.1627E-14
 1825.335205  3.7621E-14
 1826.707153  3.2620E-14
 1828.079102  4.1248E-14
 1829.451172  4.4208E-14
 1830.823120  4.2680E-14
 1832.195190  4.4924E-14
 1833.567139  4.7295E-14
 1834.939209  4.3236E-14
 1836.311279  4.1890E-14
 1837.683350  4.7868E-14
 1839.055420  4.5473E-14
 1840.427490  3.1469E-14
 1841.799561  2.8951E-14
 1843.171631  3.7756E-14
 1844.543701  2.8490E-14
 1845.915894  2.4170E-14
 1847.287964  2.0211E-14
 1848.660156  2.3612E-14
 1850.032349  2.4366E-14
 1851.404541  2.2845E-14
 1852.776611  3.2232E-14
 1854.148804  4.5512E-14
 1855.520996  4.9734E-14
 1856.893311  5.2637E-14
 1858.265503  4.8447E-14
 1859.637695  5.1581E-14
 1861.009888  5.1939E-14
 1862.382202  5.3280E-14
 1863.754517  5.3082E-14
 1865.126709  5.0501E-14
 1866.499023  5.4404E-14
 1867.871338  6.0781E-14
 1869.243652  5.8689E-14
 1870.615967  6.1890E-14
 1871.988281  6.1968E-14
 1873.360596  5.9686E-14
 1874.732910  5.0862E-14
 1876.105225  5.5963E-14
 1877.477661  5.7466E-14
 1878.849976  5.6516E-14
 1880.222412  5.5734E-14
 1881.594849  6.1118E-14
 1882.967163  6.6271E-14
 1884.339600  6.2738E-14
 1885.712036  6.6362E-14
 1887.084473  7.5414E-14
 1888.456909  7.1311E-14
 1889.829346  6.8989E-14
 1891.201782  7.1197E-14
 1892.574341  7.1582E-14
 1893.946777  6.8038E-14
 1895.319336  7.3079E-14
 1896.691772  6.8161E-14
 1898.064331  6.4515E-14
 1899.436768  6.1845E-14
 1900.809326  5.6535E-14
 1902.181885  5.9035E-14
 1903.554443  6.7820E-14
 1904.927002  7.1610E-14
 1906.299561  8.0325E-14
 1907.672119  7.4338E-14
 1909.044678  8.1205E-14
 1910.417358  7.5112E-14
 1911.789917  7.6338E-14
 1913.162598  8.0332E-14
 1914.535156  8.1978E-14
 1915.907837  8.7024E-14
 1917.280396  8.3837E-14
 1918.653076  8.6370E-14
 1920.025757  9.2028E-14
 1921.398438  8.9586E-14
 1922.771118  8.8798E-14
 1924.143799  8.8887E-14
 1925.516479  8.8711E-14
 1926.889160  8.4850E-14
 1928.261963  8.0435E-14
 1929.634644  6.7492E-14
 1931.007324  4.9421E-14
 1932.380127  5.3994E-14
 1933.752930  6.3489E-14
 1935.125610  6.6285E-14
 1936.498413  7.1027E-14
 1937.871216  7.6964E-14
 1939.244019  9.4128E-14
 1940.616699  9.9852E-14
 1941.989502  1.0695E-13
 1943.362427  1.0670E-13
 1944.735229  1.0973E-13
 1946.108032  1.0843E-13
 1947.480835  1.0112E-13
 1948.853760  1.0769E-13
 1950.226562  1.0519E-13
 1951.599365  9.9860E-14
 1952.972290  1.0418E-13
 1954.345215  1.0992E-13
 1955.718018  9.8402E-14
 1957.090942  1.0649E-13
 1958.463867  1.0009E-13
 1959.836792  1.0425E-13
 1961.209717  9.7942E-14
 1962.582642  9.7965E-14
 1963.955566  1.0498E-13
 1965.328491  1.1469E-13
 1966.701416  1.2083E-13
 1968.074463  1.2485E-13
 1969.447388  1.2316E-13
 1970.820312  1.2119E-13
 1972.193359  1.1661E-13
 1973.566284  1.2293E-13
 1974.939331  1.1949E-13
 1976.312378  1.1095E-13
 1977.685303  9.7620E-14
 1979.058350  9.7111E-14
 1980.431396  9.5304E-14
 1981.804443  1.0258E-13
 1983.177490  1.0379E-13
 1984.550537  1.0928E-13
 1985.923584  1.0492E-13
 1987.296631  9.8078E-14
 1988.669800  9.0968E-14
 1990.042847  1.0011E-13
 1991.415894  1.0855E-13
 1992.789062  1.1486E-13
 1994.162109  1.1593E-13
 1995.535278  1.2424E-13
 1996.908325  1.2165E-13
 1998.281494  1.2786E-13
 1999.654663  1.2285E-13
 2001.027832  1.2267E-13
 2002.400879  1.3021E-13
 2003.774048  1.3151E-13
 2005.147217  1.2119E-13
 2006.520386  1.3229E-13
 2007.893555  1.2602E-13
 2009.266724  1.3133E-13
 2010.640015  1.3007E-13
 2012.013184  1.2720E-13
 2013.386353  1.3601E-13
 2014.759644  1.3769E-13
 2016.132812  1.3820E-13
 2017.505981  1.4100E-13
 2018.879272  1.4221E-13
 2020.252563  1.3776E-13
 2021.625732  1.3534E-13
 2022.999023  1.3105E-13
 2024.372314  1.2866E-13
 2025.745483  1.1298E-13
 2027.118774  1.0144E-13
 2028.492065  1.3311E-13
 2029.865356  1.3928E-13
 2031.238647  1.4565E-13
 2032.611938  1.5327E-13
 2033.985229  1.4317E-13
 2035.358643  1.4104E-13
 2036.731934  1.5687E-13
 2038.105225  1.5746E-13
 2039.478516  1.5377E-13
 2040.851929  1.4881E-13
 2042.225220  1.5721E-13
 2043.598633  1.6521E-13
 2044.971924  1.7546E-13
 2046.345337  1.8496E-13
 2047.718750  1.7749E-13
 2049.092041  1.7162E-13
 2050.465332  1.7523E-13
 2051.838867  1.7316E-13
 2053.212158  1.7049E-13
 2054.585693  1.6524E-13
 2055.958984  1.5985E-13
 2057.332520  1.4169E-13
 2058.705811  1.3788E-13
 2060.079346  1.4483E-13
 2061.452637  1.5358E-13
 2062.826172  1.3963E-13
 2064.199707  1.4868E-13
 2065.572998  1.5607E-13
 2066.946533  1.5614E-13
 2068.320068  1.6218E-13
 2069.693359  1.6944E-13
 2071.066895  1.7660E-13
 2072.440430  1.8148E-13
 2073.813721  1.8108E-13
 2075.187256  1.8845E-13
 2076.560791  1.9785E-13
 2077.934326  1.9733E-13
 2079.307861  1.8769E-13
 2080.681396  1.8751E-13
 2082.054932  1.9048E-13
 2083.428223  1.8823E-13
 2084.801758  1.8617E-13
 2086.175293  1.8291E-13
 2087.548828  1.9494E-13
 2088.922363  1.9553E-13
 2090.295898  1.9707E-13
 2091.669678  1.9023E-13
 2093.043213  1.9434E-13
 2094.416748  1.9109E-13
 2095.790283  1.9491E-13
 2097.163818  1.9917E-13
 2098.537354  1.9705E-13
 2099.910889  2.0039E-13
 2101.284424  1.9639E-13
 2102.658203  1.9980E-13
 2104.031738  1.8937E-13
 2105.405273  2.0378E-13
 2106.778809  2.0801E-13
 2108.152588  1.9602E-13
 2109.526123  1.8620E-13
 2110.899658  1.8816E-13
 2112.273438  1.9153E-13
 2113.646973  1.9673E-13
 2115.020752  1.9292E-13
 2116.394287  1.9880E-13
 2117.767822  2.2662E-13
 2119.141602  2.1599E-13
 2120.515137  2.2379E-13
 2121.888916  2.1088E-13
 2123.262451  1.8498E-13
 2124.636230  1.3344E-13
 2126.009766  1.5380E-13
 2127.383545  1.9387E-13
 2128.757080  2.0571E-13
 2130.130859  1.9940E-13
 2131.504639  1.8772E-13
 2132.878174  1.8544E-13
 2134.251953  1.7957E-13
 2135.625732  1.7231E-13
 2136.999268  1.8384E-13
 2138.373047  1.9940E-13
 2139.746826  1.8580E-13
 2141.120361  1.9917E-13
 2142.494141  2.1820E-13
 2143.867920  2.2080E-13
 2145.241699  2.2382E-13
 2146.615234  2.1473E-13
 2147.989014  2.0221E-13
 2149.362793  2.1171E-13
 2150.736572  2.0947E-13
 2152.110352  1.9791E-13
 2153.484131  2.1360E-13
 2154.857666  2.1806E-13
 2156.231445  2.1540E-13
 2157.605225  2.1722E-13
 2158.979004  1.9970E-13
 2160.352783  1.8972E-13
 2161.726562  2.0889E-13
 2163.100342  2.1727E-13
 2164.474121  2.1246E-13
 2165.847900  1.9521E-13
 2167.221680  1.8315E-13
 2168.595459  1.8229E-13
 2169.969238  1.9586E-13
 2171.343018  2.1244E-13
 2172.716797  2.1435E-13
 2174.090576  2.1076E-13
 2175.464355  2.0133E-13
 2176.838135  2.0295E-13
 2178.211914  1.9979E-13
 2179.585938  2.1194E-13
 2180.959717  2.3692E-13
 2182.333496  2.5440E-13
 2183.707275  2.5440E-13
 2185.081055  2.3590E-13
 2186.454834  2.3520E-13
 2187.828857  2.0411E-13
 2189.202637  2.2861E-13
 2190.576416  2.3997E-13
 2191.950195  2.3882E-13
 2193.323975  2.4253E-13
 2194.697998  2.6255E-13
 2196.071777  2.7118E-13
 2197.445557  2.5865E-13
 2198.819580  2.6409E-13
 2200.193359  2.7120E-13
 2201.567139  2.4022E-13
 2202.940918  2.5438E-13
 2204.314941  2.7425E-13
 2205.688721  2.6473E-13
 2207.062500  2.4984E-13
 2208.436523  2.2323E-13
 2209.810303  2.1018E-13
 2211.184326  1.9008E-13
 2212.558105  1.6980E-13
 2213.931885  2.2433E-13
 2215.305908  2.2615E-13
 2216.679688  2.1725E-13
 2218.053711  2.0149E-13
 2219.427490  2.0995E-13
 2220.801270  2.4793E-13
 2222.175293  2.5269E-13
 2223.549072  2.5714E-13
 2224.923096  2.5610E-13
 2226.296875  2.5521E-13
 2227.670898  2.5726E-13
 2229.044678  2.6229E-13
 2230.418701  2.7211E-13
 2231.792480  2.7842E-13
 2233.166504  2.7941E-13
 2234.540283  2.9285E-13
 2235.914307  2.9562E-13
 2237.288086  2.9479E-13
 2238.662109  2.9489E-13
 2240.035889  2.9524E-13
 2241.409912  2.8854E-13
 2242.783691  2.7841E-13
 2244.157715  2.6781E-13
 2245.531738  2.5954E-13
 2246.905518  2.7083E-13
 2248.279541  2.7210E-13
 2249.653320  2.6333E-13
 2251.027344  2.4999E-13
 2252.401123  2.4374E-13
 2253.775146  2.5659E-13
 2255.149170  2.3692E-13
 2256.522949  2.4745E-13
 2257.896973  2.5308E-13
 2259.270752  2.5841E-13
 2260.644775  2.5017E-13
 2262.018799  2.4065E-13
 2263.392578  2.6960E-13
 2264.766602  2.5783E-13
 2266.140625  2.4727E-13
 2267.514404  2.3436E-13
 2268.888428  2.3521E-13
 2270.262451  2.3942E-13
 2271.636230  2.4835E-13
 2273.010254  2.5016E-13
 2274.384277  2.5552E-13
 2275.758057  2.5052E-13
 2277.132080  2.4519E-13
 2278.506104  2.5437E-13
 2279.879883  2.5932E-13
 2281.253906  2.6913E-13
 2282.627930  3.0554E-13
 2284.001709  2.8799E-13
 2285.375732  2.7544E-13
 2286.749756  2.8796E-13
 2288.123535  2.5252E-13
 2289.497559  2.6411E-13
 2290.871582  2.5986E-13
 2292.245361  2.5878E-13
 2293.619385  2.6659E-13
 2294.993408  2.6748E-13
 2296.367432  2.6906E-13
 2297.741211  2.3718E-13
 2299.115234  2.1096E-13
 2300.489258  2.3393E-13
 2301.863037  2.4299E-13
 2303.237061  2.5924E-13
 2304.611084  2.4873E-13
 2305.985107  2.8346E-13
 2307.358887  2.9212E-13
 2308.732910  2.8512E-13
 2310.106934  2.8586E-13
 2311.480713  2.6390E-13
 2312.854736  2.3594E-13
 2314.228760  2.2868E-13
 2315.602539  2.5814E-13
 2316.976562  2.6600E-13
 2318.350586  2.7178E-13
 2319.724609  2.6716E-13
 2321.098389  2.5717E-13
 2322.472412  2.6229E-13
 2323.846436  2.8937E-13
 2325.220215  2.8881E-13
 2326.594238  2.6021E-13
 2327.968262  2.4054E-13
 2329.342041  2.5573E-13
 2330.716064  2.7028E-13
 2332.090088  2.3252E-13
 2333.464111  1.9783E-13
 2334.837891  2.2173E-13
 2336.211914  2.4662E-13
 2337.585938  2.5758E-13
 2338.959717  2.0939E-13
 2340.333740  2.1467E-13
 2341.707764  2.3496E-13
 2343.081543  2.3362E-13
 2344.455566  1.5290E-13
 2345.829590  1.3750E-13
 2347.203369  1.7062E-13
 2348.577393  1.7502E-13
 2349.951416  1.8491E-13
 2351.325195  2.4994E-13
 2352.699219  2.7066E-13
 2354.072998  2.8227E-13
 2355.447021  2.5898E-13
 2356.821045  2.5766E-13
 2358.194824  2.7469E-13
 2359.568848  2.4732E-13
 2360.942871  1.7765E-13
 2362.316650  2.1069E-13
 2363.690674  2.4819E-13
 2365.064453  2.4066E-13
 2366.438477  2.1266E-13
 2367.812500  2.3047E-13
 2369.186279  2.4712E-13
 2370.560303  2.5794E-13
 2371.934082  2.7590E-13
 2373.308105  2.6553E-13
 2374.681885  2.1343E-13
 2376.055908  2.2302E-13
 2377.429688  2.6414E-13
 2378.803711  2.7226E-13
 2380.177734  2.1670E-13
 2381.551514  1.6578E-13
 2382.925537  1.0162E-13
 2384.299316  1.1408E-13
 2385.673340  1.8755E-13
 2387.047119  2.4682E-13
 2388.421143  2.4251E-13
 2389.794922  1.9449E-13
 2391.168945  2.4666E-13
 2392.542725  2.7923E-13
 2393.916504  2.8628E-13
 2395.290527  2.3863E-13
 2396.664307  1.7280E-13
 2398.038330  1.8038E-13
 2399.412109  2.1156E-13
 2400.786133  1.8667E-13
 2402.159912  2.4738E-13
 2403.533691  2.4106E-13
 2404.907715  2.0875E-13
 2406.281494  1.5133E-13
 2407.655518  1.5781E-13
 2409.029297  2.0113E-13
 2410.403076  2.2735E-13
 2411.777100  1.5620E-13
 2413.150879  1.7757E-13
 2414.524658  1.9680E-13
 2415.898682  2.5221E-13
 2417.272461  2.8058E-13
 2418.646240  2.9182E-13
 2420.020020  3.0621E-13
 2421.394043  3.3229E-13
 2422.767822  3.4515E-13
 2424.141602  3.1516E-13
 2425.515381  2.8565E-13
 2426.889404  3.0979E-13
 2428.263184  3.2381E-13
 2429.636963  3.0745E-13
 2431.010742  3.0901E-13
 2432.384521  3.3328E-13
 2433.758545  3.1221E-13
 2435.132324  2.8739E-13
 2436.506104  2.5081E-13
 2437.879883  2.7404E-13
 2439.253662  2.8846E-13
 2440.627441  2.8653E-13
 2442.001221  3.0783E-13
 2443.375000  3.2479E-13
 2444.748779  3.1089E-13
 2446.122559  3.0538E-13
 2447.496582  3.0473E-13
 2448.870361  3.0372E-13
 2450.244141  3.0694E-13
 2451.617920  2.8515E-13
 2452.991699  2.8237E-13
 2454.365234  2.8596E-13
 2455.739014  2.9441E-13
 2457.112793  3.0117E-13
 2458.486572  3.0850E-13
 2459.860352  3.0486E-13
 2461.234131  2.9537E-13
 2462.607910  2.6920E-13
 2463.981689  2.4496E-13
 2465.355469  2.7334E-13
 2466.729248  2.8679E-13
 2468.102783  2.8023E-13
 2469.476562  2.8880E-13
 2470.850342  2.9142E-13
 2472.224121  2.9539E-13
 2473.597900  2.6485E-13
 2474.971436  2.8038E-13
 2476.345215  3.0010E-13
 2477.718994  2.8159E-13
 2479.092529  2.6310E-13
 2480.466309  2.3340E-13
 2481.840088  2.6312E-13
 2483.213623  2.3209E-13
 2484.587402  1.7473E-13
 2485.961182  2.0260E-13
 2487.334717  2.0915E-13
 2488.708496  2.0533E-13
 2490.082031  1.7976E-13
 2491.455811  1.5544E-13
 2492.829346  1.8423E-13
 2494.203125  2.5219E-13
 2495.576660  2.9722E-13
 2496.950439  3.1607E-13
 2498.323975  3.1152E-13
 2499.697754  3.1159E-13
 2501.071289  3.2631E-13
 2502.445068  2.7330E-13
 2503.818604  2.9334E-13
 2505.192139  2.8942E-13
 2506.565918  2.5519E-13
 2507.939453  1.8027E-13
 2509.312988  2.3607E-13
 2510.686768  2.9098E-13
 2512.060303  2.5552E-13
 2513.433838  2.3693E-13
 2514.807373  1.7941E-13
 2516.181152  1.1367E-13
 2517.554688  9.9718E-14
 2518.928223  1.3008E-13
 2520.301758  1.4322E-13
 2521.675293  2.0230E-13
 2523.048828  1.9451E-13
 2524.422363  1.4108E-13
 2525.795898  1.3346E-13
 2527.169678  1.4925E-13
 2528.543213  1.3160E-13
 2529.916748  1.1555E-13
 2531.290283  1.8129E-13
 2532.663574  2.4231E-13
 2534.037109  2.5283E-13
 2535.410645  2.4332E-13
 2536.784180  2.3363E-13
 2538.157715  2.3821E-13
 2539.531250  2.4284E-13
 2540.904785  2.5242E-13
 2542.278320  2.4313E-13
 2543.651611  2.6040E-13
 2545.025146  2.7384E-13
 2546.398682  2.5916E-13
 2547.772217  2.5414E-13
 2549.145508  2.5540E-13
 2550.519043  2.3008E-13
 2551.892578  2.7590E-13
 2553.265869  3.3320E-13
 2554.639404  3.3114E-13
 2556.012695  3.4407E-13
 2557.386230  3.3710E-13
 2558.759521  3.3800E-13
 2560.133057  3.5955E-13
 2561.506348  3.3618E-13
 2562.879883  3.1302E-13
 2564.253174  2.6278E-13
 2565.626709  3.1742E-13
 2567.000000  3.6386E-13
 2568.373291  3.5230E-13
 2569.746826  3.5936E-13
 2571.120117  3.6699E-13
 2572.493408  3.5801E-13
 2573.866943  3.7501E-13
 2575.240234  3.7270E-13
 2576.613525  3.2459E-13
 2577.986816  3.1335E-13
 2579.360107  3.5589E-13
 2580.733643  3.8127E-13
 2582.106934  3.7942E-13
 2583.480225  3.5681E-13
 2584.853516  3.5054E-13
 2586.226807  3.0354E-13
 2587.600098  2.8188E-13
 2588.973389  3.5145E-13
 2590.346680  3.8424E-13
 2591.719971  4.0546E-13
 2593.093262  3.6757E-13
 2594.466309  3.5153E-13
 2595.839600  3.5861E-13
 2597.212891  3.6531E-13
 2598.586182  2.8773E-13
 2599.959473  2.1254E-13
 2601.332520  2.0804E-13
 2602.705811  3.4999E-13
 2604.079102  3.7691E-13
 2605.452148  3.3251E-13
 2606.825439  2.7658E-13
 2608.198486  2.2255E-13
 2609.571777  2.8819E-13
 2610.945068  3.1260E-13
 2612.318115  2.5104E-13
 2613.691162  2.1118E-13
 2615.064453  2.3050E-13
 2616.437500  3.0249E-13
 2617.810791  3.5799E-13
 2619.183838  2.9525E-13
 2620.556885  3.5699E-13
 2621.930176  3.5418E-13
 2623.303223  3.4769E-13
 2624.676270  3.6724E-13
 2626.049316  3.3740E-13
 2627.422363  2.9466E-13
 2628.795654  2.9951E-13
 2630.168701  2.7333E-13
 2631.541748  2.4845E-13
 2632.914795  2.2404E-13
 2634.287842  3.2658E-13
 2635.660889  4.1411E-13
 2637.033936  4.3087E-13
 2638.406982  4.5298E-13
 2639.780029  4.7356E-13
 2641.152832  4.7873E-13
 2642.525879  4.7445E-13
 2643.898926  4.9203E-13
 2645.271973  4.9223E-13
 2646.645020  4.7782E-13
 2648.017822  4.7728E-13
 2649.390869  4.7348E-13
 2650.763916  4.7491E-13
 2652.136719  4.7837E-13
 2653.509766  4.7743E-13
 2654.882568  4.7847E-13
 2656.255615  4.9940E-13
 2657.628418  4.8990E-13
 2659.001465  4.8771E-13
 2660.374268  4.7720E-13
 2661.747070  4.7040E-13
 2663.120117  4.4511E-13
 2664.492920  4.3793E-13
 2665.865723  4.3375E-13
 2667.238525  4.2934E-13
 2668.611572  4.2739E-13
 2669.984375  4.3468E-13
 2671.357178  4.4500E-13
 2672.729980  4.4751E-13
 2674.102783  4.2407E-13
 2675.475586  4.7591E-13
 2676.848389  4.8707E-13
 2678.221191  4.6187E-13
 2679.593994  4.3877E-13
 2680.966797  4.4307E-13
 2682.339600  4.6775E-13
 2683.712158  4.7690E-13
 2685.084961  4.6788E-13
 2686.457764  4.6863E-13
 2687.830566  4.6513E-13
 2689.203125  4.5262E-13
 2690.575928  4.3716E-13
 2691.948486  4.3058E-13
 2693.321289  4.4786E-13
 2694.694092  4.4893E-13
 2696.066650  4.4268E-13
 2697.439209  4.2790E-13
 2698.812012  4.3324E-13
 2700.184570  4.4511E-13
 2701.557373  4.6067E-13
 2702.929932  4.6198E-13
 2704.302490  4.6965E-13
 2705.675049  4.7455E-13
 2707.047607  4.6100E-13
 2708.420410  4.4650E-13
 2709.792969  4.5042E-13
 2711.165527  4.4077E-13
 2712.538086  4.4008E-13
 2713.910645  4.4170E-13
 2715.283203  4.2980E-13
 2716.655762  4.0101E-13
 2718.028076  4.2692E-13
 2719.400635  4.0472E-13
 2720.773193  3.5567E-13
 2722.145752  3.7759E-13
 2723.518311  4.0926E-13
 2724.890625  4.0689E-13
 2726.263184  3.9742E-13
 2727.635498  4.0882E-13
 2729.008057  3.9915E-13
 2730.380615  4.3768E-13
 2731.752930  4.5572E-13
 2733.125244  4.3433E-13
 2734.497803  4.1265E-13
 2735.870117  3.8981E-13
 2737.242432  3.8488E-13
 2738.614990  3.3161E-13
 2739.987305  3.5843E-13
 2741.359619  3.3616E-13
 2742.731934  3.6342E-13
 2744.104248  3.0714E-13
 2745.476562  3.1004E-13
 2746.848877  3.5229E-13
 2748.221191  2.7558E-13
 2749.593506  3.2005E-13
 2750.965820  2.7692E-13
 2752.338135  3.3518E-13
 2753.710449  4.0329E-13
 2755.082764  3.8780E-13
 2756.454834  3.3927E-13
 2757.827148  3.0528E-13
 2759.199463  3.9519E-13
 2760.571533  4.4390E-13
 2761.943848  4.4004E-13
 2763.315918  4.1004E-13
 2764.688232  4.1011E-13
 2766.060303  4.3202E-13
 2767.432617  4.3740E-13
 2768.804688  4.1909E-13
 2770.176758  4.0784E-13
 2771.548828  4.2966E-13
 2772.921143  4.4858E-13
 2774.293213  4.3732E-13
 2775.665283  4.4608E-13
 2777.037354  4.2555E-13
 2778.409424  3.9799E-13
 2779.781494  3.6847E-13
 2781.153564  3.4795E-13
 2782.525635  3.5017E-13
 2783.897461  3.5549E-13
 2785.269531  3.5616E-13
 2786.641602  3.5440E-13
 2788.013672  3.3921E-13
 2789.385498  2.8930E-13
 2790.757568  2.4012E-13
 2792.129639  1.7281E-13
 2793.501465  1.1852E-13
 2794.873535  8.0008E-14
 2796.245361  5.4413E-14
 2797.617188  5.0047E-14
 2798.989258  5.4009E-14
 2800.361084  6.5405E-14
 2801.732910  7.1800E-14
 2803.104736  5.8452E-14
 2804.476562  5.6620E-14
 2805.848633  8.3812E-14
 2807.220459  1.2992E-13
 2808.592285  1.9557E-13
 2809.964111  2.6836E-13
 2811.335693  3.0891E-13
 2812.707520  3.2504E-13
 2814.079346  3.5306E-13
 2815.451172  3.8943E-13
 2816.822998  4.1798E-13
 2818.194580  4.1474E-13
 2819.566406  4.2627E-13
 2820.937988  4.4206E-13
 2822.309814  4.5166E-13
 2823.681396  4.5654E-13
 2825.053223  4.6356E-13
 2826.424805  4.7309E-13
 2827.796387  4.5415E-13
 2829.168213  4.7092E-13
 2830.539795  4.6741E-13
 2831.911377  4.7449E-13
 2833.282959  4.6541E-13
 2834.654541  4.7390E-13
 2836.026123  4.6343E-13
 2837.397705  4.2807E-13
 2838.769287  4.8104E-13
 2840.140869  4.7528E-13
 2841.512451  4.5012E-13
 2842.884033  4.5432E-13
 2844.255371  4.4749E-13
 2845.626953  4.2994E-13
 2846.998535  4.3859E-13
 2848.369873  4.1910E-13
 2849.741455  3.6254E-13
 2851.112793  2.8889E-13
 2852.484375  1.8210E-13
 2853.855713  1.2609E-13
 2855.227051  2.0616E-13
 2856.598389  3.2460E-13
 2857.969971  3.8459E-13
 2859.341309  4.2295E-13
 2860.712646  4.5604E-13
 2862.083984  4.9183E-13
 2863.455322  4.7831E-13
 2864.826660  4.8260E-13
 2866.197998  4.8334E-13
 2867.569336  4.7256E-13
 2868.940430  4.6095E-13
 2870.311768  4.6216E-13
 2871.683105  4.8752E-13
 2873.054199  5.1501E-13
 2874.425537  5.0639E-13
 2875.796631  4.8526E-13
 2877.167969  4.6557E-13
 2878.539062  4.5792E-13
 2879.910156  4.5620E-13
 2881.281494  4.2238E-13
 2882.652588  2.9732E-13
 2884.023682  3.4599E-13
 2885.394775  4.5370E-13
 2886.765869  5.0465E-13
 2888.136963  5.1615E-13
 2889.508057  5.1182E-13
 2890.879150  4.9505E-13
 2892.250244  4.9363E-13
 2893.621338  4.8141E-13
 2894.992432  4.8241E-13
 2896.363281  4.9871E-13
 2897.734375  5.2515E-13
 2899.105225  5.4266E-13
 2900.476318  5.4651E-13
 2901.847168  5.6981E-13
 2903.218262  5.5416E-13
 2904.589111  5.7141E-13
 2905.959961  5.7562E-13
 2907.331055  5.7209E-13
 2908.701904  5.4608E-13
 2910.072754  5.2320E-13
 2911.443604  5.2833E-13
 2912.814453  5.4322E-13
 2914.185303  5.5827E-13
 2915.556152  5.6393E-13
 2916.927002  5.5781E-13
 2918.297607  5.4876E-13
 2919.668457  5.3252E-13
 2921.039307  5.4755E-13
 2922.409912  5.5498E-13
 2923.780762  5.4834E-13
 2925.151367  5.1889E-13
 2926.522217  5.2128E-13
 2927.892822  5.1804E-13
 2929.263428  5.1466E-13
 2930.634033  5.0898E-13
 2932.004883  5.6272E-13
 2933.375488  5.7883E-13
 2934.746094  5.6298E-13
 2936.116699  5.5868E-13
 2937.487305  5.1987E-13
 2938.857910  4.8576E-13
 2940.228271  5.1826E-13
 2941.598877  5.4307E-13
 2942.969482  5.2578E-13
 2944.340088  5.6834E-13
 2945.710449  5.3397E-13
 2947.081055  5.4842E-13
 2948.451416  5.2137E-13
 2949.821777  4.9029E-13
 2951.192383  5.3600E-13
 2952.562744  5.9210E-13
 2953.933105  5.8924E-13
 2955.303467  5.0941E-13
 2956.673828  5.6819E-13
 2958.044434  5.6062E-13
 2959.414551  5.6569E-13
 2960.784912  5.7239E-13
 2962.155273  5.7003E-13
 2963.525635  5.8585E-13
 2964.895996  5.8754E-13
 2966.266113  5.2663E-13
 2967.636475  4.9981E-13
 2969.006592  5.0662E-13
 2970.376953  5.1511E-13
 2971.747070  4.7781E-13
 2973.117432  5.3223E-13
 2974.487549  5.2376E-13
 2975.857666  5.8093E-13
 2977.227783  5.7110E-13
 2978.597900  5.9280E-13
 2979.968018  6.0182E-13
 2981.338135  5.6696E-13
 2982.708252  5.3476E-13
 2984.078369  5.3130E-13
 2985.448486  4.8673E-13
 2986.818359  4.8125E-13
 2988.188477  5.1313E-13
 2989.558594  5.3250E-13
 2990.928467  5.7237E-13
 2992.298584  5.8900E-13
 2993.668457  5.8132E-13
 2995.038330  5.6396E-13
 2996.408203  5.4164E-13
 2997.778320  5.8830E-13
 2999.148193  6.0183E-13
 3000.518066  5.6100E-13
 3001.887939  5.1085E-13
 3003.257812  5.1228E-13
 3004.627686  5.1566E-13
 3005.997314  5.7067E-13
 3007.367188  5.9354E-13
 3008.737061  5.5065E-13
 3010.106689  5.4470E-13
 3011.476562  5.8437E-13
 3012.846191  5.9466E-13
 3014.216064  5.8715E-13
 3015.585693  5.8292E-13
 3016.955322  5.7094E-13
 3018.324951  5.4789E-13
 3019.694580  5.1872E-13
 3021.064209  4.8652E-13
 3022.433838  4.2489E-13
 3023.803467  5.5788E-13
 3025.173096  5.8804E-13
 3026.542725  5.6345E-13
 3027.912354  5.6371E-13
 3029.281738  6.2677E-13
 3030.651367  6.1149E-13
 3032.020752  5.8344E-13
 3033.390381  5.8820E-13
 3034.759766  6.1163E-13
 3036.129150  6.2093E-13
 3037.498779  6.2213E-13
 3038.868164  5.5937E-13
 3040.237549  5.9768E-13
 3041.606934  6.0158E-13
 3042.976318  5.6136E-13
 3044.345703  5.8560E-13
 3045.714844  6.0526E-13
 3047.084229  6.1255E-13
 3048.453613  5.8344E-13
 3049.822754  5.7585E-13
 3051.192139  6.1486E-13
 3052.561279  6.1995E-13
 3053.930664  6.3622E-13
 3055.299805  6.0128E-13
 3056.668945  5.9918E-13
 3058.038086  5.8143E-13
 3059.407227  5.2194E-13
 3060.776611  5.4391E-13
 3067.423828  5.1354E-13
 3070.169922  5.4091E-13
 3072.916260  5.5475E-13
 3075.662598  5.6113E-13
 3078.408936  5.6739E-13
 3081.155029  5.7179E-13
 3083.901367  5.7638E-13
 3086.647705  5.6928E-13
 3089.394043  5.2924E-13
 3092.140625  5.0679E-13
 3094.886963  5.0129E-13
 3097.633301  5.0612E-13
 3100.379639  5.0048E-13
 3103.126221  5.3478E-13
 3105.872559  5.6734E-13
 3108.619141  5.9506E-13
 3111.365723  5.9610E-13
 3114.112061  5.9271E-13
 3116.858643  5.8693E-13
 3119.605225  5.5632E-13
 3122.351807  5.4743E-13
 3125.098389  5.5746E-13
 3127.844971  5.6970E-13
 3130.591553  5.7532E-13
 3133.338135  5.7987E-13
 3136.084961  5.8968E-13
 3138.831543  5.9598E-13
 3141.578125  5.7936E-13
 3144.324951  5.2513E-13
 3147.071777  5.4313E-13
 3149.818359  5.8262E-13
 3152.565186  5.8838E-13
 3155.312012  5.7286E-13
 3158.058594  5.4111E-13
 3160.805420  5.2859E-13
 3163.552246  5.5505E-13
 3166.299072  5.8061E-13
 3169.046143  5.9161E-13
 3171.792969  6.1430E-13
 3174.539795  6.2907E-13
 3177.286621  6.0394E-13
 3180.033691  5.5783E-13
 3182.780518  5.5266E-13
 3185.527588  5.7185E-13
 3188.274414  5.9369E-13
 3191.021484  5.8785E-13
 3193.768311  5.7228E-13
 3196.515381  5.8292E-13
 3199.262451  6.1296E-13
 3202.009521  6.2585E-13
 3204.756592  6.4362E-13
 3207.503662  6.4180E-13
 3210.250732  6.0734E-13
 3212.997803  5.8032E-13
 3215.744873  5.8769E-13
 3218.492188  6.0517E-13
 3221.239258  6.1804E-13
 3223.986328  6.0610E-13
 3226.733643  5.9555E-13
 3229.480713  5.7405E-13
 3232.228027  5.7529E-13
 3234.975098  5.7594E-13
 3237.722412  5.9210E-13
 3240.469727  6.0802E-13
 3243.217041  6.2538E-13
 3245.964111  6.3813E-13
 3248.711426  6.1591E-13
 3251.458740  6.2375E-13
 3254.206055  6.3361E-13
 3256.953369  6.6459E-13
 3259.700928  6.7738E-13
 3262.448242  6.7796E-13
 3265.195557  6.7403E-13
 3267.942871  6.8258E-13
 3270.690430  6.8099E-13
 3273.437744  6.6978E-13
 3276.185303  6.6201E-13
 3278.932617  6.5250E-13
 3281.680176  6.6425E-13
 3284.427734  6.7090E-13
 3287.175049  6.7044E-13
 3289.922607  6.7146E-13
 3292.670166  6.9855E-13
 3295.417725  7.1288E-13
 3298.165283  7.1731E-13
 3300.912842  7.1307E-13
 3303.660400  6.9738E-13
 3306.407959  6.8374E-13
 3309.155518  6.8738E-13
 3311.903076  7.0413E-13
 3314.650635  6.9427E-13
 3317.398438  6.8452E-13
 3320.145996  6.9254E-13
 3322.893799  6.7225E-13
 3325.641357  6.7755E-13
 3328.389160  6.7992E-13
 3331.136719  6.7307E-13
 3333.884521  6.7891E-13
 3336.632080  6.6909E-13
 3339.379883  6.6763E-13
 3342.127686  6.6770E-13
 3344.875488  6.7840E-13
 3347.623291  6.7171E-13
 3350.371094  6.4347E-13
 3353.118652  6.8034E-13
 3355.866455  6.9015E-13
 3358.614502  6.8358E-13
 3361.362305  6.4606E-13
 3364.110107  6.6015E-13
 3366.857910  6.8000E-13
 3369.605713  6.5775E-13
 3372.353760  6.4747E-13
 3375.101562  6.6179E-13
 3377.849365  6.8875E-13
 3380.597412  6.5944E-13
 3383.345215  6.5432E-13
 3386.093262  6.7935E-13
 3388.841064  6.8728E-13
 3391.589111  6.8379E-13
 3394.337158  6.7188E-13
 3397.084961  6.9623E-13
 3399.833008  7.1304E-13
 3402.581055  7.0900E-13
 3405.329102  6.8132E-13
 3408.077148  6.7735E-13
 3410.825195  6.7876E-13
 3413.573242  6.7349E-13
 3416.321289  6.7386E-13
 3419.069336  6.9968E-13
 3421.817383  7.1126E-13
 3424.565430  6.9236E-13
 3427.313477  6.9993E-13
 3430.061523  7.1738E-13
 3432.809814  7.1672E-13
 3435.557861  7.0961E-13
 3438.305908  6.9372E-13
 3441.054199  6.5486E-13
 3443.802246  6.3692E-13
 3446.550537  6.6324E-13
 3449.298584  6.9275E-13
 3452.046875  6.9812E-13
 3454.794922  6.9299E-13
 3457.543213  7.0775E-13
 3460.291504  6.9787E-13
 3463.039551  6.8718E-13
 3465.787842  7.0129E-13
 3468.536133  7.0243E-13
 3471.284424  7.1546E-13
 3474.032471  6.9113E-13
 3476.780762  6.6515E-13
 3479.529053  6.9333E-13
 3482.277344  7.1692E-13
 3485.025635  7.0564E-13
 3487.773926  7.1258E-13
 3490.522217  6.9526E-13
 3493.270508  6.8817E-13
 3496.019043  6.9132E-13
 3498.767334  6.8721E-13
 3501.515625  7.0143E-13
 3504.263916  7.1020E-13
 3507.012451  7.0673E-13
 3509.760742  7.0297E-13
 3512.509033  6.8905E-13
 3515.257568  6.8583E-13
 3518.005859  7.0419E-13
 3520.754395  7.0538E-13
 3523.502686  6.8190E-13
 3526.251221  6.5854E-13
 3528.999512  6.7217E-13
 3531.748047  7.0427E-13
 3534.496338  7.1636E-13
 3537.244873  7.2387E-13
 3539.993408  7.3490E-13
 3542.741699  7.3345E-13
 3545.490234  7.4227E-13
 3548.238770  7.4319E-13
 3550.987305  7.4625E-13
 3553.735596  7.3227E-13
 3556.484131  7.2016E-13
 3559.232666  7.2028E-13
 3561.981201  7.2840E-13
 3564.729736  7.2479E-13
 3567.478271  6.8416E-13
 3570.226807  6.6754E-13
 3572.975342  6.5856E-13
 3575.723877  6.7910E-13
 3578.472412  6.8467E-13
 3581.220947  6.7804E-13
 3583.969482  6.5806E-13
 3586.718262  6.3961E-13
 3589.466797  6.4820E-13
 3592.215332  6.8822E-13
 3594.963867  7.1479E-13
 3597.712402  7.2516E-13
 3600.461182  7.3628E-13
 3603.209717  7.2377E-13
 3605.958252  7.0045E-13
 3608.707031  6.9263E-13
 3611.455566  6.8737E-13
 3614.204346  6.9445E-13
 3616.952881  7.0499E-13
 3619.701660  6.9082E-13
 3622.450195  6.9355E-13
 3625.198730  7.1454E-13
 3627.947510  7.3616E-13
 3630.696289  7.2508E-13
 3633.444824  6.8266E-13
 3636.193604  7.0386E-13
 3638.942139  7.2579E-13
 3641.690918  7.3644E-13
 3644.439697  7.1137E-13
 3647.188232  7.0185E-13
 3649.937012  6.9619E-13
 3652.685791  7.1846E-13
 3655.434570  7.4285E-13
 3658.183105  7.5683E-13
 3660.931885  7.5797E-13
 3663.680664  7.5773E-13
 3666.429443  7.5225E-13
 3669.177979  7.5763E-13
 3671.926758  7.4990E-13
 3674.675537  7.5538E-13
 3677.424316  7.4425E-13
 3680.173096  7.3087E-13
 3682.921875  7.2758E-13
 3685.670654  7.2190E-13
 3688.419434  7.1141E-13
 3691.168213  7.3974E-13
 3693.916992  7.5889E-13
 3696.665771  7.6255E-13
 3699.414551  7.6292E-13
 3702.163330  7.7536E-13
 3704.912109  7.3995E-13
 3707.660889  7.0474E-13
 3710.409668  7.1717E-13
 3713.158447  7.3278E-13
 3715.907227  7.7267E-13
 3718.656006  7.8282E-13
 3721.405029  7.1468E-13
 3724.153809  6.9685E-13
 3726.902588  7.5054E-13
 3729.651367  7.7764E-13
 3732.400146  7.4782E-13
 3735.148926  6.6976E-13
 3737.897949  6.5092E-13
 3740.646729  7.2859E-13
 3743.395508  7.8731E-13
 3746.144287  7.4512E-13
 3748.893311  6.8633E-13
 3751.642090  6.7410E-13
 3754.390869  7.3442E-13
 3757.139648  8.1084E-13
 3759.888672  7.9469E-13
 3762.637451  7.9963E-13
 3765.386230  8.1135E-13
 3768.135254  7.8427E-13
 3770.884033  7.2185E-13
 3773.632812  7.1656E-13
 3776.381836  8.0429E-13
 3779.130615  8.6840E-13
 3781.879639  9.0020E-13
 3784.628418  9.0582E-13
 3787.377197  8.9013E-13
 3790.126221  8.6728E-13
 3792.875000  8.5088E-13
 3795.624023  7.9446E-13
 3798.372803  7.0757E-13
 3801.121582  6.9622E-13
 3803.870605  8.0743E-13
 3806.619385  8.7303E-13
 3809.368408  8.7782E-13
 3812.117188  9.0034E-13
 3814.866211  8.8038E-13
 3817.614990  8.5367E-13
 3820.363770  8.7495E-13
 3823.112793  8.4835E-13
 3825.861572  8.2897E-13
 3828.610596  7.8486E-13
 3831.359375  7.3878E-13
 3834.108398  6.6602E-13
 3836.857178  5.9972E-13
 3839.606201  6.3363E-13
 3842.354980  7.3290E-13
 3845.104004  8.3421E-13
 3847.852783  8.8714E-13
 3850.601807  9.1599E-13
 3853.350586  9.2329E-13
 3856.099609  9.3033E-13
 3858.848389  9.0523E-13
 3861.597412  8.8637E-13
 3864.346191  9.2842E-13
 3867.094971  9.4526E-13
 3869.843994  9.4531E-13
 3872.592773  9.2653E-13
 3875.341797  8.8078E-13
 3878.090576  8.8819E-13
 3880.839600  8.6236E-13
 3883.588379  8.7029E-13
 3886.337402  8.0739E-13
 3889.086182  6.9329E-13
 3891.835205  6.6789E-13
 3894.583984  7.6331E-13
 3897.333008  8.1649E-13
 3900.081787  8.5119E-13
 3902.830811  8.6443E-13
 3905.579590  8.6440E-13
 3908.328369  8.7052E-13
 3911.077393  9.1164E-13
 3913.826172  9.2246E-13
 3916.575195  9.1711E-13
 3919.323975  9.0085E-13
 3922.072998  8.6825E-13
 3924.821777  8.6036E-13
 3927.570557  8.3213E-13
 3930.319580  7.0393E-13
 3933.068359  5.0260E-13
 3935.817383  3.6745E-13
 3938.566162  5.1777E-13
 3941.314941  7.2653E-13
 3944.063965  8.2322E-13
 3946.812744  8.5656E-13
 3949.561523  8.8131E-13
 3952.310547  8.9058E-13
 3955.059326  8.9222E-13
 3957.808105  8.8399E-13
 3960.557129  8.6809E-13
 3963.305908  8.0306E-13
 3966.054688  6.9152E-13
 3968.803711  4.9369E-13
 3971.552490  4.1825E-13
 3974.301270  5.9182E-13
 3977.050049  7.6411E-13
 3979.799072  8.5094E-13
 3982.547852  8.9658E-13
 3985.296631  9.1524E-13
 3988.045410  9.2605E-13
 3990.794189  9.4189E-13
 3993.543213  9.6459E-13
 3996.291992  9.5818E-13
 3999.040771  9.5192E-13
 4001.789551  9.6349E-13
 4004.538330  9.6867E-13
 4007.287109  9.5720E-13
 4010.035889  9.6891E-13
 4012.784668  9.8293E-13
 4015.533691  9.8156E-13
 4018.282471  9.8579E-13
 4021.031250  9.8509E-13
 4023.780029  9.8620E-13
 4026.528809  9.8472E-13
 4029.277588  9.7489E-13
 4032.026367  9.5805E-13
 4034.775146  9.5227E-13
 4037.523926  9.7101E-13
 4040.272461  9.9382E-13
 4043.021240  9.8568E-13
 4045.770020  9.5817E-13
 4048.518799  9.5045E-13
 4051.267578  9.7577E-13
 4054.016357  9.8797E-13
 4056.765137  9.7377E-13
 4059.513672  9.6650E-13
 4062.262451  9.7025E-13
 4065.011230  9.4755E-13
 4067.760010  9.4446E-13
 4070.508545  9.6206E-13
 4073.257324  9.5663E-13
 4076.006104  9.5610E-13
 4078.754639  9.4761E-13
 4081.503418  9.5279E-13
 4084.252197  9.6714E-13
 4087.000732  9.6030E-13
 4089.749512  9.6606E-13
 4092.498047  9.5956E-13
 4095.246826  9.3106E-13
 4097.995605  8.9278E-13
 4100.744141  8.1028E-13
 4103.492676  7.1259E-13
 4106.241211  7.7560E-13
 4108.990234  8.6610E-13
 4111.738770  9.1362E-13
 4114.487305  9.4630E-13
 4117.235840  9.6252E-13
 4119.984375  9.5947E-13
 4122.732910  9.6087E-13
 4125.481934  9.7467E-13
 4128.230469  9.8015E-13
 4130.979004  9.7622E-13
 4133.727539  9.6993E-13
 4136.476074  9.6709E-13
 4139.224609  9.8799E-13
 4141.973145  9.9330E-13
 4144.721680  9.7228E-13
 4147.470215  9.7657E-13
 4150.218750  9.8396E-13
 4152.967285  9.7916E-13
 4155.715820  9.7050E-13
 4158.464355  9.6689E-13
 4161.212891  9.7587E-13
 4163.961426  9.8681E-13
 4166.709961  9.8456E-13
 4169.458496  9.8231E-13
 4172.207031  9.7036E-13
 4174.955566  9.5628E-13
 4177.703613  9.5477E-13
 4180.452148  9.5966E-13
 4183.200684  9.6954E-13
 4185.949219  9.6503E-13
 4188.697754  9.5760E-13
 4191.446289  9.6220E-13
 4194.194336  9.7145E-13
 4196.942871  9.6247E-13
 4199.691406  9.5149E-13
 4202.439941  9.4539E-13
 4205.187988  9.5451E-13
 4207.936523  9.6639E-13
 4210.685059  9.6856E-13
 4213.433105  9.6625E-13
 4216.181641  9.6177E-13
 4218.930176  9.5317E-13
 4221.678223  9.5522E-13
 4224.426758  9.4792E-13
 4227.174805  9.1879E-13
 4229.923340  9.0356E-13
 4232.671387  9.5002E-13
 4235.419922  9.5047E-13
 4238.167969  9.4723E-13
 4240.916504  9.5406E-13
 4243.664551  9.6212E-13
 4246.413086  9.6086E-13
 4249.161133  9.4143E-13
 4251.909668  9.3270E-13
 4254.657715  9.4546E-13
 4257.405762  9.4655E-13
 4260.154297  9.5916E-13
 4262.902344  9.4769E-13
 4265.650391  9.6194E-13
 4268.398926  9.6177E-13
 4271.146973  9.4323E-13
 4273.895020  9.1470E-13
 4276.643066  9.2401E-13
 4279.391602  9.4600E-13
 4282.139648  9.4294E-13
 4284.887695  9.2904E-13
 4287.635742  9.2340E-13
 4290.383789  9.0456E-13
 4293.131836  8.9129E-13
 4295.880371  8.9766E-13
 4298.628418  8.8713E-13
 4301.376465  8.4672E-13
 4304.124512  8.3000E-13
 4306.872559  8.3947E-13
 4309.620605  8.2831E-13
 4312.368652  8.3497E-13
 4315.116699  8.6945E-13
 4317.864746  9.0789E-13
 4320.612305  9.3518E-13
 4323.360352  9.2814E-13
 4326.108398  8.9757E-13
 4328.856445  8.8856E-13
 4331.604492  9.1658E-13
 4334.352539  9.1506E-13
 4337.100098  8.7094E-13
 4339.848145  7.8516E-13
 4342.596191  6.9635E-13
 4345.343750  7.5953E-13
 4348.091797  8.4895E-13
 4350.839844  8.9836E-13
 4353.587402  8.9886E-13
 4356.335449  9.1233E-13
 4359.083496  9.3174E-13
 4361.831055  9.4663E-13
 4364.579102  9.5470E-13
 4367.326660  9.5397E-13
 4370.074707  9.4457E-13
 4372.822266  9.4311E-13
 4375.570312  9.3920E-13
 4378.317871  9.3653E-13
 4381.065430  9.4653E-13
 4383.813477  9.3366E-13
 4386.561035  9.0769E-13
 4389.308594  9.3102E-13
 4392.056641  9.4641E-13
 4394.804199  9.4923E-13
 4397.551758  9.4297E-13
 4400.299316  9.4579E-13
 4403.046875  9.4397E-13
 4405.794922  9.4381E-13
 4408.542480  9.4426E-13
 4411.290039  9.5548E-13
 4414.037598  9.6774E-13
 4416.785156  9.5647E-13
 4419.532715  9.5306E-13
 4422.280273  9.5782E-13
 4425.027832  9.6021E-13
 4427.775391  9.6332E-13
 4430.522949  9.6135E-13
 4433.270508  9.6660E-13
 4436.018066  9.5993E-13
 4438.765137  9.5546E-13
 4441.512695  9.7106E-13
 4444.260254  9.5741E-13
 4447.007812  9.5375E-13
 4449.754883  9.4667E-13
 4452.502441  9.6065E-13
 4455.250000  9.5239E-13
 4457.997070  9.3817E-13
 4460.744629  9.4881E-13
 4463.492188  9.5003E-13
 4466.239258  9.5590E-13
 4468.986816  9.5015E-13
 4471.733887  9.4778E-13
 4474.481445  9.5753E-13
 4477.228516  9.6592E-13
 4479.975586  9.6666E-13
 4482.723145  9.5694E-13
 4485.470215  9.5187E-13
 4488.217285  9.6589E-13
 4490.964844  9.6617E-13
 4493.711914  9.5978E-13
 4496.458984  9.6105E-13
 4499.206055  9.6242E-13
 4501.953125  9.6422E-13
 4504.700684  9.6993E-13
 4507.447754  9.7518E-13
 4510.194824  9.7740E-13
 4512.941895  9.7970E-13
 4515.688965  9.7380E-13
 4518.436035  9.6906E-13
 4521.183105  9.6852E-13
 4523.930176  9.5075E-13
 4526.676758  9.5353E-13
 4529.423828  9.4611E-13
 4532.170898  9.3768E-13
 4534.917969  9.3551E-13
 4537.665039  9.3786E-13
 4540.411621  9.5484E-13
 4543.158691  9.6781E-13
 4545.905762  9.6249E-13
 4548.652344  9.5164E-13
 4551.399414  9.4027E-13
 4554.145996  9.3547E-13
 4556.893066  9.4166E-13
 4559.639648  9.5135E-13
 4562.386719  9.5747E-13
 4565.133301  9.6123E-13
 4567.880371  9.6554E-13
 4570.626953  9.6463E-13
 4573.373535  9.5420E-13
 4576.120605  9.5781E-13
 4578.867188  9.6440E-13
 4581.613770  9.5868E-13
 4584.360352  9.5222E-13
 4587.106934  9.4519E-13
 4589.853516  9.5587E-13
 4592.600586  9.5347E-13
 4595.347168  9.5457E-13
 4598.093750  9.5714E-13
 4600.840332  9.5862E-13
 4603.586426  9.5676E-13
 4606.333008  9.5306E-13
 4609.079590  9.5594E-13
 4611.826172  9.6211E-13
 4614.572754  9.6399E-13
 4617.319336  9.6253E-13
 4620.065430  9.6125E-13
 4622.812012  9.6039E-13
 4625.558594  9.6443E-13
 4628.304688  9.5945E-13
 4631.051270  9.5837E-13
 4633.797363  9.5759E-13
 4636.543945  9.5663E-13
 4639.290039  9.5875E-13
 4642.036621  9.6218E-13
 4644.782715  9.5332E-13
 4647.528809  9.5279E-13
 4650.275391  9.4715E-13
 4653.021484  9.4792E-13
 4655.767578  9.4964E-13
 4658.513672  9.4722E-13
 4661.259766  9.5076E-13
 4664.006348  9.5844E-13
 4666.752441  9.5549E-13
 4669.498535  9.3977E-13
 4672.244629  9.4722E-13
 4674.990723  9.5164E-13
 4677.736816  9.5112E-13
 4680.482422  9.5295E-13
 4683.228516  9.5039E-13
 4685.974609  9.4945E-13
 4688.720703  9.4990E-13
 4691.466797  9.5477E-13
 4694.212402  9.5684E-13
 4696.958496  9.5527E-13
 4699.704590  9.5491E-13
 4702.450195  9.4586E-13
 4705.196289  9.3409E-13
 4707.941895  9.3273E-13
 4710.687988  9.3944E-13
 4713.433594  9.4251E-13
 4716.179199  9.4521E-13
 4718.925293  9.4385E-13
 4721.670898  9.4699E-13
 4724.416504  9.4502E-13
 4727.162109  9.4207E-13
 4729.907715  9.4420E-13
 4732.653809  9.4411E-13
 4735.399414  9.4298E-13
 4738.145020  9.4128E-13
 4740.890625  9.4004E-13
 4743.636230  9.4271E-13
 4746.381836  9.4740E-13
 4749.126953  9.4783E-13
 4751.872559  9.4594E-13
 4754.618164  9.4451E-13
 4757.363770  9.4067E-13
 4760.108887  9.3739E-13
 4762.854492  9.3485E-13
 4765.600098  9.3175E-13
 4768.345215  9.3495E-13
 4771.090820  9.3816E-13
 4773.835938  9.3425E-13
 4776.581543  9.3770E-13
 4779.326660  9.3658E-13
 4782.071777  9.3643E-13
 4784.817383  9.3509E-13
 4787.562500  9.2645E-13
 4790.307617  9.2857E-13
 4793.052734  9.2586E-13
 4795.797852  9.3061E-13
 4798.542969  9.3266E-13
 4801.288086  9.2603E-13
 4804.033203  9.2631E-13
 4806.778320  9.2566E-13
 4809.523438  9.2470E-13
 4812.268555  9.2725E-13
 4815.013672  9.2514E-13
 4817.758789  9.2001E-13
 4820.503418  9.2331E-13
 4823.248535  9.2372E-13
 4825.993652  9.2463E-13
 4828.738281  9.2408E-13
 4831.483398  9.2450E-13
 4834.228027  9.2321E-13
 4836.973145  9.1841E-13
 4839.717773  9.1671E-13
 4842.462402  9.1630E-13
 4845.207520  9.1060E-13
 4847.952148  8.9888E-13
 4850.696777  8.9570E-13
 4853.441406  8.9021E-13
 4856.186035  8.6417E-13
 4858.930664  8.1497E-13
 4861.675293  7.2853E-13
 4864.419922  6.7255E-13
 4867.164551  7.5253E-13
 4869.909180  8.2515E-13
 4872.653809  8.5038E-13
 4875.398438  8.6066E-13
 4878.142578  8.7232E-13
 4880.887207  8.8319E-13
 4883.631836  8.9495E-13
 4886.375977  8.9402E-13
 4889.120605  8.9760E-13
 4891.864746  8.9396E-13
 4894.609375  8.9399E-13
 4897.353516  9.0735E-13
 4900.097656  9.0907E-13
 4902.842285  9.1127E-13
 4905.586426  9.0871E-13
 4908.330566  9.0799E-13
 4911.074707  9.0649E-13
 4913.818848  9.0945E-13
 4916.562988  9.1056E-13
 4919.307129  8.9821E-13
 4922.051270  8.8631E-13
 4924.795410  8.9019E-13
 4927.539551  8.9493E-13
 4930.283691  9.0630E-13
 4933.027344  9.0365E-13
 4935.771484  8.9832E-13
 4938.515625  8.9920E-13
 4941.259277  9.0273E-13
 4944.003418  9.0772E-13
 4946.747070  9.1322E-13
 4949.491211  9.1684E-13
 4952.234863  9.1388E-13
 4954.978516  9.1146E-13
 4957.722168  9.0153E-13
 4960.466309  8.8818E-13
 4963.209961  9.0038E-13
 4965.953613  9.0746E-13
 4968.697266  9.0741E-13
 4971.440918  9.0983E-13
 4974.184570  9.0852E-13
 4976.928223  9.1138E-13
 4979.671875  9.0893E-13
 4982.415039  9.0234E-13
 4985.158691  8.9544E-13
 4987.902344  8.9310E-13
 4990.645508  8.9758E-13
 4993.389160  9.0049E-13
 4996.132324  9.0283E-13
 4998.875977  9.0401E-13
 5001.619141  8.9664E-13
 5004.362793  8.9254E-13
 5007.105957  8.8941E-13
 5009.849121  8.8715E-13
 5012.592285  8.8993E-13
 5015.335449  8.8386E-13
 5018.078613  8.8644E-13
 5020.821777  8.8957E-13
 5023.564941  8.9404E-13
 5026.308105  8.9352E-13
 5029.051270  8.9703E-13
 5031.794434  8.9148E-13
 5034.537598  8.9784E-13
 5037.280273  8.9915E-13
 5040.023438  8.8836E-13
 5042.766602  8.8474E-13
 5045.509277  8.8412E-13
 5048.252441  8.9661E-13
 5050.995117  8.9401E-13
 5053.737793  8.9033E-13
 5056.480957  8.9513E-13
 5059.223633  8.9983E-13
 5061.966309  8.9932E-13
 5064.708984  8.9604E-13
 5067.451660  8.9494E-13
 5070.194336  8.9246E-13
 5072.937012  8.9216E-13
 5075.679688  8.9124E-13
 5078.422363  8.8756E-13
 5081.164551  8.8108E-13
 5083.907227  8.7561E-13
 5086.649902  8.8371E-13
 5089.392090  8.8911E-13
 5092.134766  8.9355E-13
 5094.876953  8.8634E-13
 5097.619629  8.8629E-13
 5100.361816  8.8376E-13
 5103.104004  8.8539E-13
 5105.846680  8.9058E-13
 5108.588867  8.8420E-13
 5111.331055  8.7855E-13
 5114.073242  8.8392E-13
 5116.815430  8.8848E-13
 5119.557617  8.8878E-13
 5122.299805  8.8838E-13
 5125.041992  8.8459E-13
 5127.783691  8.7859E-13
 5130.525879  8.7977E-13
 5133.268066  8.7842E-13
 5136.009766  8.7647E-13
 5138.751953  8.7411E-13
 5141.493652  8.6497E-13
 5144.235840  8.6862E-13
 5146.977539  8.7282E-13
 5149.719238  8.7710E-13
 5152.460938  8.7617E-13
 5155.203125  8.7424E-13
 5157.944824  8.7802E-13
 5160.686523  8.7958E-13
 5163.428223  8.7181E-13
 5166.169434  8.6130E-13
 5168.911133  8.2727E-13
 5171.652832  8.0451E-13
 5174.394531  8.0451E-13
 5177.135742  8.2635E-13
 5179.877441  8.5714E-13
 5182.619141  8.5332E-13
 5185.360352  8.3040E-13
 5188.101562  8.2143E-13
 5190.843262  8.4480E-13
 5193.584473  8.4720E-13
 5196.325684  8.4976E-13
 5199.066895  8.5733E-13
 5201.808105  8.5918E-13
 5204.549316  8.5856E-13
 5207.290527  8.5042E-13
 5210.031738  8.4836E-13
 5212.772949  8.5706E-13
 5215.514160  8.6660E-13
 5218.254883  8.6322E-13
 5220.996094  8.6639E-13
 5223.737305  8.7139E-13
 5226.478027  8.6430E-13
 5229.219238  8.4749E-13
 5231.959961  8.4737E-13
 5234.700684  8.5517E-13
 5237.441406  8.5955E-13
 5240.182617  8.6839E-13
 5242.923340  8.6980E-13
 5245.664062  8.6374E-13
 5248.404785  8.6840E-13
 5251.145508  8.6616E-13
 5253.885742  8.6567E-13
 5256.626465  8.6721E-13
 5259.367188  8.6745E-13
 5262.107910  8.6175E-13
 5264.848145  8.4844E-13
 5267.588867  8.3484E-13
 5270.329102  8.2675E-13
 5273.069336  8.2630E-13
 5275.810059  8.4257E-13
 5278.550293  8.5124E-13
 5281.290527  8.5691E-13
 5284.030762  8.5217E-13
 5286.770996  8.5443E-13
 5289.511230  8.6238E-13
 5292.251465  8.6538E-13
 5294.991699  8.6089E-13
 5297.731934  8.6417E-13
 5300.471680  8.5637E-13
 5303.211914  8.5809E-13
 5305.952148  8.5686E-13
 5308.691895  8.6103E-13
 5311.431641  8.6287E-13
 5314.171875  8.5680E-13
 5316.911621  8.5602E-13
 5319.651367  8.5451E-13
 5322.391113  8.5356E-13
 5325.131348  8.4594E-13
 5327.871094  8.3728E-13
 5330.610352  8.3025E-13
 5333.350098  8.3836E-13
 5336.089844  8.4771E-13
 5338.829590  8.4979E-13
 5341.568848  8.4153E-13
 5344.308594  8.4328E-13
 5347.048340  8.4574E-13
 5349.787598  8.4952E-13
 5352.526855  8.5263E-13
 5355.266602  8.4773E-13
 5358.005859  8.5608E-13
 5360.745117  8.5561E-13
 5363.484375  8.5307E-13
 5366.223633  8.4836E-13
 5368.962891  8.3910E-13
 5371.702148  8.3375E-13
 5374.441406  8.3147E-13
 5377.180176  8.4501E-13
 5379.919434  8.4967E-13
 5382.658691  8.4520E-13
 5385.397461  8.4260E-13
 5388.136719  8.4388E-13
 5390.875488  8.4548E-13
 5393.614258  8.4290E-13
 5396.353027  8.3765E-13
 5399.092285  8.3045E-13
 5401.831055  8.2767E-13
 5404.569824  8.3008E-13
 5407.308594  8.2617E-13
 5410.046875  8.2994E-13
 5412.785645  8.3109E-13
 5415.524414  8.3422E-13
 5418.262695  8.3957E-13
 5421.001465  8.3854E-13
 5423.740234  8.3773E-13
 5426.478516  8.3549E-13
 5429.216797  8.3368E-13
 5431.955078  8.2676E-13
 5434.693848  8.2414E-13
 5437.432129  8.2837E-13
 5440.170410  8.3319E-13
 5442.908691  8.3573E-13
 5445.646973  8.3484E-13
 5448.384766  8.2637E-13
 5451.583008  8.2806E-13
 5456.454102  8.2885E-13
 5461.325195  8.3737E-13
 5466.196777  8.3342E-13
 5471.067871  8.3337E-13
 5475.938965  8.3363E-13
 5480.810547  8.3037E-13
 5485.682129  8.3140E-13
 5490.553223  8.3124E-13
 5495.424805  8.2833E-13
 5500.296387  8.2497E-13
 5505.167969  8.2450E-13
 5510.040039  8.2218E-13
 5514.911621  8.2587E-13
 5519.783691  8.2991E-13
 5524.655273  8.2632E-13
 5529.527344  8.1534E-13
 5534.399414  8.1703E-13
 5539.271484  8.1488E-13
 5544.143555  8.2288E-13
 5549.015625  8.2684E-13
 5553.887695  8.2156E-13
 5558.759766  8.1971E-13
 5563.632324  8.1263E-13
 5568.504395  8.1484E-13
 5573.376953  8.1171E-13
 5578.249512  8.1331E-13
 5583.122070  8.1244E-13
 5587.994629  8.0211E-13
 5592.867188  8.0023E-13
 5597.739746  8.0321E-13
 5602.612305  8.0157E-13
 5607.485352  8.0661E-13
 5612.357910  8.0617E-13
 5617.230957  8.0057E-13
 5622.104004  8.1374E-13
 5626.977051  8.1306E-13
 5631.850098  8.0597E-13
 5636.723145  8.0023E-13
 5641.596191  8.0235E-13
 5646.469238  8.0780E-13
 5651.342773  8.0005E-13
 5656.215820  8.0172E-13
 5661.089355  8.0024E-13
 5665.962402  8.0169E-13
 5670.835938  7.9889E-13
 5675.709473  7.9964E-13
 5680.583008  8.0077E-13
 5685.456543  7.9464E-13
 5690.330566  7.9640E-13
 5695.204102  7.9761E-13
 5700.077637  7.9818E-13
 5704.951660  7.9560E-13
 5709.825684  7.9011E-13
 5714.699219  7.9254E-13
 5719.573242  7.9094E-13
 5724.447266  7.9229E-13
 5729.321289  7.9108E-13
 5734.195312  7.9123E-13
 5739.069824  7.9253E-13
 5743.943848  7.9260E-13
 5748.817871  7.8998E-13
 5753.692383  7.8669E-13
 5758.566895  7.8288E-13
 5763.440918  7.8819E-13
 5768.315430  7.8585E-13
 5773.189941  7.8772E-13
 5778.064453  7.9165E-13
 5782.938965  7.8595E-13
 5787.813965  7.8388E-13
 5792.688477  7.8643E-13
 5797.562988  7.8130E-13
 5802.437988  7.8245E-13
 5807.312988  7.7645E-13
 5812.187500  7.8148E-13
 5817.062500  7.8464E-13
 5821.937500  7.7935E-13
 5826.812500  7.7760E-13
 5831.687500  7.7226E-13
 5836.562500  7.7616E-13
 5841.437988  7.7605E-13
 5846.312988  7.7355E-13
 5851.188477  7.6617E-13
 5856.063477  7.5866E-13
 5860.938965  7.6050E-13
 5865.814453  7.6556E-13
 5870.689941  7.7023E-13
 5875.565430  7.6907E-13
 5880.440918  7.6924E-13
 5885.316406  7.6242E-13
 5890.191895  7.4721E-13
 5895.067871  7.4688E-13
 5899.943359  7.5191E-13
 5904.819336  7.5682E-13
 5909.694824  7.6595E-13
 5914.570801  7.6382E-13
 5919.446777  7.6358E-13
 5924.322754  7.5139E-13
 5929.198730  7.5960E-13
 5934.074707  7.5921E-13
 5938.950684  7.6076E-13
 5943.827148  7.5452E-13
 5948.703125  7.5571E-13
 5953.579102  7.5552E-13
 5958.455566  7.5473E-13
 5963.332031  7.5693E-13
 5968.208008  7.5648E-13
 5973.084473  7.5424E-13
 5977.960938  7.5343E-13
 5982.837402  7.5104E-13
 5987.713867  7.5278E-13
 5992.590332  7.4947E-13
 5997.467285  7.5261E-13
 6002.343750  7.4817E-13
 6007.220703  7.4650E-13
 6012.097168  7.4465E-13
 6016.974121  7.4627E-13
 6021.851074  7.4617E-13
 6026.727539  7.4476E-13
 6031.604492  7.4551E-13
 6036.481445  7.4303E-13
 6041.358398  7.5537E-13
 6046.235352  7.4247E-13
 6051.112793  7.4154E-13
 6055.989746  7.3765E-13
 6060.866699  7.3914E-13
 6065.744141  7.3678E-13
 6070.621582  7.3551E-13
 6075.498535  7.3563E-13
 6080.375977  7.4067E-13
 6085.253418  7.3308E-13
 6090.130859  7.3245E-13
 6095.008301  7.3375E-13
 6099.885742  7.3350E-13
 6104.763184  7.3221E-13
 6109.640625  7.2766E-13
 6114.518555  7.2716E-13
 6119.395996  7.2884E-13
 6124.273926  7.2008E-13
 6129.151367  7.2423E-13
 6134.029297  7.3139E-13
 6138.907227  7.2212E-13
 6143.785156  7.2167E-13
 6148.663086  7.2185E-13
 6153.541016  7.2241E-13
 6158.418945  7.2185E-13
 6163.296875  7.1733E-13
 6168.174805  7.1496E-13
 6173.052734  7.2052E-13
 6177.931152  7.2402E-13
 6182.809082  7.1878E-13
 6187.687500  7.1963E-13
 6192.565918  7.1807E-13
 6197.443848  7.1800E-13
 6202.322266  7.1960E-13
 6207.200684  7.1698E-13
 6212.079102  7.1972E-13
 6216.957520  7.1395E-13
 6221.835938  7.1055E-13
 6226.714355  7.1361E-13
 6231.593262  7.1383E-13
 6236.471680  7.1241E-13
 6241.350586  7.0596E-13
 6246.229004  7.0779E-13
 6251.107910  7.0692E-13
 6255.986328  7.0743E-13
 6260.865234  7.0410E-13
 6265.744141  7.0284E-13
 6270.623047  7.0849E-13
 6275.501953  7.0985E-13
 6280.380859  7.0673E-13
 6285.259766  7.0540E-13
 6290.138672  7.0623E-13
 6295.018066  7.0915E-13
 6299.896973  7.0663E-13
 6304.775879  6.9750E-13
 6309.655273  6.9772E-13
 6314.534180  6.9425E-13
 6319.413574  6.8838E-13
 6324.292969  6.8498E-13
 6329.172363  6.8559E-13
 6334.051270  6.8331E-13
 6338.930664  6.8725E-13
 6343.810059  6.8854E-13
 6348.689453  6.9119E-13
 6353.569336  6.9838E-13
 6358.448730  6.9655E-13
 6363.328125  6.9337E-13
 6368.208008  6.9045E-13
 6373.087402  6.9109E-13
 6377.967285  6.9172E-13
 6382.846680  6.9291E-13
 6387.726562  6.9418E-13
 6392.606445  6.8974E-13
 6397.485840  6.9174E-13
 6402.365723  6.8394E-13
 6407.245605  6.8045E-13
 6412.125488  6.7936E-13
 6417.005371  6.7930E-13
 6421.885254  6.8030E-13
 6426.765625  6.7996E-13
 6431.645508  6.7890E-13
 6436.525391  6.7885E-13
 6441.405762  6.7333E-13
 6446.285645  6.6898E-13
 6451.166016  6.7481E-13
 6456.045898  6.7289E-13
 6460.926270  6.7169E-13
 6465.806641  6.7236E-13
 6470.687012  6.7406E-13
 6475.566895  6.7067E-13
 6480.447266  6.7060E-13
 6485.327637  6.7042E-13
 6490.208496  6.6819E-13
 6495.088867  6.6481E-13
 6499.969238  6.6070E-13
 6504.849609  6.6605E-13
 6509.730469  6.6791E-13
 6514.610840  6.6725E-13
 6519.491211  6.6138E-13
 6524.372070  6.6177E-13
 6529.252930  6.6365E-13
 6534.133301  6.6454E-13
 6539.014160  6.5918E-13
 6543.895020  6.5153E-13
 6548.775879  6.4186E-13
 6553.656738  6.2151E-13
 6558.537598  5.9756E-13
 6563.418457  5.5777E-13
 6568.299316  5.4628E-13
 6573.180176  6.0030E-13
 6578.061035  6.2510E-13
 6582.941895  6.3927E-13
 6587.823242  6.4937E-13
 6592.704102  6.4757E-13
 6597.585449  6.5138E-13
 6602.466309  6.5065E-13
 6607.347656  6.5448E-13
 6612.228516  6.5125E-13
 6617.109863  6.5351E-13
 6621.991211  6.5116E-13
 6626.872559  6.5503E-13
 6631.753906  6.5224E-13
 6636.635254  6.4768E-13
 6641.516602  6.5033E-13
 6646.397949  6.4689E-13
 6651.279297  6.4903E-13
 6656.160645  6.4857E-13
 6661.041992  6.4946E-13
 6665.923828  6.4929E-13
 6670.805176  6.4591E-13
 6675.686523  6.4484E-13
 6680.568359  6.4658E-13
 6685.449707  6.4514E-13
 6690.331543  6.4773E-13
 6695.212891  6.4571E-13
 6700.094727  6.4322E-13
 6704.976562  6.4314E-13
 6709.858398  6.4105E-13
 6714.740234  6.4234E-13
 6719.621582  6.4073E-13
 6724.503418  6.3897E-13
 6729.385254  6.4028E-13
 6734.267578  6.3847E-13
 6739.149414  6.4077E-13
 6744.031250  6.4352E-13
 6748.913086  6.3745E-13
 6753.794922  6.3774E-13
 6758.677246  6.3687E-13
 6763.559082  6.3780E-13
 6768.441406  6.3441E-13
 6773.323242  6.3219E-13
 6778.205566  6.3478E-13
 6783.087402  6.3336E-13
 6787.969727  6.3147E-13
 6792.852051  6.3191E-13
 6797.733887  6.3192E-13
 6802.616211  6.2887E-13
 6807.498535  6.2737E-13
 6812.380859  6.3200E-13
 6817.263184  6.2924E-13
 6822.145508  6.2544E-13
 6827.027832  6.2659E-13
 6831.910156  6.2540E-13
 6836.792480  6.2278E-13
 6841.674805  6.2465E-13
 6846.557617  6.2289E-13
 6851.439941  6.2171E-13
 6856.322266  6.1924E-13
 6861.205078  6.1812E-13
 6866.087402  6.2077E-13
 6870.970215  6.1936E-13
 6875.852539  6.1918E-13
 6880.735352  6.1702E-13
 6885.617676  6.2014E-13
 6890.500488  6.1869E-13
 6895.383301  6.1869E-13
 6900.266113  6.1399E-13
 6905.148438  6.1738E-13
 6910.031250  6.1405E-13
 6914.914062  6.1289E-13
 6919.796875  6.1143E-13
 6924.679688  6.1116E-13
 6929.562500  6.1371E-13
 6934.445312  6.0945E-13
 6939.328125  6.1224E-13
 6944.211426  6.1193E-13
 6949.094238  6.0661E-13
 6953.977051  6.0504E-13
 6958.859863  6.0606E-13
 6963.743164  6.0950E-13
 6968.625977  6.0862E-13
 6973.509277  6.0916E-13
 6978.392090  6.0832E-13
 6983.275391  6.0525E-13
 6988.158203  6.0223E-13
 6993.041504  6.0439E-13
 6997.924316  6.0472E-13
 7002.807617  5.9953E-13
 7007.690918  5.9761E-13
 7012.574219  6.0087E-13
 7017.457031  5.9715E-13
 7022.340332  5.9861E-13
 7027.223633  5.9588E-13
 7032.106934  5.9589E-13
 7036.990234  5.9423E-13
 7041.873535  5.9861E-13
 7046.756836  5.9293E-13
 7051.640137  5.9495E-13
 7056.523438  5.9544E-13
 7061.406738  5.9421E-13
 7066.290527  5.9398E-13
 7071.173828  5.9091E-13
 7076.057129  5.9030E-13
 7080.940430  5.9187E-13
 7085.824219  5.8484E-13
 7090.707520  5.9013E-13
 7095.591309  5.8836E-13
 7100.474609  5.8809E-13
 7105.358398  5.8728E-13
 7110.241699  5.8508E-13
 7115.125488  5.8706E-13
 7120.008789  5.8671E-13
 7124.892578  5.8553E-13
 7129.776367  5.8362E-13
 7134.659668  5.8390E-13
 7139.543457  5.8265E-13
 7144.427246  5.8255E-13
 7149.311035  5.7958E-13
 7154.194336  5.7806E-13
 7159.078125  5.7959E-13
 7163.961914  5.7900E-13
 7168.845703  5.7761E-13
 7173.729492  5.7827E-13
 7178.613281  5.7527E-13
 7183.497070  5.7609E-13
 7188.380859  5.7477E-13
 7193.264648  5.7276E-13
 7198.148926  5.7480E-13
 7203.032715  5.7677E-13
 7207.916504  5.7523E-13
 7212.800293  5.7446E-13
 7217.684082  5.7254E-13
 7222.568359  5.7157E-13
 7227.452148  5.7160E-13
 7232.335938  5.7277E-13
 7237.220215  5.6983E-13
 7242.104004  5.7042E-13
 7246.988281  5.6732E-13
 7251.872070  5.6762E-13
 7256.756348  5.6573E-13
 7261.640137  5.6646E-13
 7266.524414  5.6737E-13
 7271.408203  5.6851E-13
 7276.292480  5.6511E-13
 7281.176758  5.6493E-13
 7286.060547  5.6053E-13
 7290.944824  5.6278E-13
 7295.829102  5.6089E-13
 7300.713379  5.6041E-13
 7305.597168  5.5873E-13
 7310.481445  5.6018E-13
 7315.365723  5.6028E-13
 7320.250000  5.6014E-13
 7325.134277  5.5880E-13
 7330.018555  5.5651E-13
 7334.902832  5.5779E-13
 7339.787109  5.5908E-13
 7344.670898  5.5658E-13
 7349.555664  5.5928E-13
 7354.439941  5.5452E-13
 7359.324219  5.5508E-13
 7364.208496  5.5400E-13
 7369.092773  5.5201E-13
 7373.977051  5.5243E-13
 7378.861328  5.5288E-13
 7383.745605  5.5206E-13
 7388.629883  5.4909E-13
 7393.514648  5.4935E-13
 7398.398926  5.5050E-13
 7403.283203  5.4994E-13
 7408.167480  5.4433E-13
 7413.052246  5.4293E-13
 7417.936523  5.4484E-13
 7422.820801  5.4297E-13
 7427.705566  5.4314E-13
 7432.589844  5.4429E-13
 7437.474609  5.4320E-13
 7442.358887  5.4585E-13
 7447.243652  5.4143E-13
 7452.127930  5.4154E-13
 7457.012695  5.3867E-13
 7461.896973  5.4039E-13
 7466.781738  5.3892E-13
 7471.666016  5.4074E-13
 7476.550781  5.3753E-13
 7481.435059  5.3842E-13
 7486.319824  5.3723E-13
 7491.204590  5.3524E-13
 7496.088867  5.3299E-13
 7500.973633  5.3574E-13
 7505.858398  5.3423E-13
 7510.742676  5.3513E-13
 7515.627441  5.3472E-13
 7520.512207  5.3476E-13
 7525.396484  5.3169E-13
 7530.281250  5.3100E-13
 7535.166016  5.3065E-13
 7540.050781  5.3102E-13
 7544.935547  5.3261E-13
 7549.819824  5.2816E-13
 7554.704590  5.2960E-13
 7559.589355  5.2938E-13
 7564.474121  5.3031E-13
 7569.358887  5.2762E-13
 7574.243652  5.2868E-13
 7579.128418  5.2844E-13
 7584.012695  5.2671E-13
 7588.897461  5.2432E-13
 7593.782227  5.2357E-13
 7598.666992  5.2254E-13
 7603.551758  5.2134E-13
 7608.436523  5.2181E-13
 7613.321289  5.2235E-13
 7618.206055  5.2299E-13
 7623.090820  5.2325E-13
 7627.975586  5.2055E-13
 7632.860352  5.2131E-13
 7637.745117  5.2158E-13
 7642.629883  5.2164E-13
 7647.514648  5.1973E-13
 7652.399902  5.1795E-13
 7657.284668  5.1377E-13
 7662.169434  5.1371E-13
 7667.054199  5.1330E-13
 7671.938965  5.1743E-13
 7676.823730  5.1789E-13
 7681.708496  5.1617E-13
 7686.593262  5.1455E-13
 7691.478516  5.1413E-13
 7696.363281  5.1346E-13
 7701.248047  5.1062E-13
 7706.132812  5.1037E-13
 7711.017578  5.1084E-13
 7715.902344  5.1145E-13
 7720.787598  5.1397E-13
 7725.672363  5.1353E-13
 7730.557129  5.1381E-13
 7735.441895  5.1281E-13
 7740.326660  5.1068E-13
 7745.211914  5.0595E-13
 7750.096680  5.0770E-13
 7754.981445  5.0525E-13
 7759.866211  5.0868E-13
 7764.751465  5.0674E-13
 7769.636230  5.0572E-13
 7774.520996  5.0411E-13
 7779.405762  5.0367E-13
 7784.291016  5.0241E-13
 7789.175781  5.0148E-13
 7794.060547  5.0074E-13
 7798.945312  5.0198E-13
 7803.830566  5.0172E-13
 7808.715332  5.0209E-13
 7813.600098  4.9989E-13
 7818.485352  5.0183E-13
 7823.370117  4.9847E-13
 7828.254883  5.0232E-13
 7833.139648  4.9798E-13
 7838.024902  4.9966E-13
 7842.909668  4.9513E-13
 7847.794434  4.9116E-13
 7852.679688  4.9405E-13
 7857.564453  4.9316E-13
 7862.449219  4.9537E-13
 7867.333984  4.9770E-13
 7872.219238  4.9293E-13
 7877.104004  4.9368E-13
 7881.988770  4.9250E-13
 7886.874023  4.9465E-13
 7891.758789  4.9568E-13
 7896.643555  4.9540E-13
 7901.528320  4.9663E-13
 7906.413574  4.9345E-13
 7911.298340  4.8562E-13
 7916.183105  4.8676E-13
 7921.068359  4.8722E-13
 7925.953125  4.8817E-13
 7930.837891  4.8314E-13
 7935.722656  4.8481E-13
 7940.607910  4.8303E-13
 7945.492676  4.8090E-13
 7950.377441  4.8340E-13
 7955.262207  4.8306E-13
 7960.147461  4.8529E-13
 7965.032227  4.8564E-13
 7969.916992  4.8361E-13
 7974.801758  4.8913E-13
 7979.687012  4.8678E-13
 7984.571777  4.8482E-13
 7989.456543  4.8238E-13
 7994.341309  4.7987E-13
 7999.226074  4.7545E-13
 8004.111328  4.7498E-13
 8008.996094  4.7853E-13
 8013.880859  4.8058E-13
 8018.765625  4.8284E-13
 8023.650391  4.7968E-13
 8028.535156  4.7997E-13
 8033.420410  4.7477E-13
 8038.305176  4.7359E-13
 8043.189941  4.7588E-13
 8048.074707  4.7377E-13
 8052.959473  4.7327E-13
 8057.844238  4.7377E-13
 8062.729004  4.7425E-13
 8067.613770  4.7232E-13
 8072.498535  4.7029E-13
 8077.383301  4.6884E-13
 8082.268066  4.6728E-13
 8087.152832  4.6649E-13
 8092.038086  4.6916E-13
 8096.922852  4.6526E-13
 8101.807617  4.6627E-13
 8106.692383  4.6472E-13
 8111.576660  4.6467E-13
 8116.461426  4.6540E-13
 8121.346191  4.6556E-13
 8126.230957  4.6520E-13
 8131.115723  4.6728E-13
 8136.000488  4.6339E-13
 8140.885254  4.6356E-13
 8145.770020  4.6419E-13
 8150.654785  4.6242E-13
 8155.539551  4.6404E-13
 8160.424316  4.6024E-13
 8165.308594  4.6150E-13
 8170.193359  4.5973E-13
 8175.078125  4.6080E-13
 8179.962891  4.5930E-13
 8184.847656  4.5392E-13
 8189.731934  4.5742E-13
 8194.617188  4.5666E-13
 8199.500977  4.5601E-13
 8204.385742  4.5437E-13
 8209.270508  4.5628E-13
 8214.155273  4.5451E-13
 8219.040039  4.5511E-13
 8223.924805  4.5355E-13
 8228.808594  4.5265E-13
 8233.693359  4.4989E-13
 8238.578125  4.5090E-13
 8243.462891  4.5220E-13
 8248.347656  4.5441E-13
 8253.231445  4.5232E-13
 8258.116211  4.5057E-13
 8263.000977  4.4911E-13
 8267.885742  4.4869E-13
 8272.769531  4.4755E-13
 8277.654297  4.4952E-13
 8282.539062  4.4808E-13
 8287.422852  4.4888E-13
 8292.307617  4.4415E-13
 8297.192383  4.4819E-13
 8302.076172  4.4564E-13
 8306.960938  4.4413E-13
 8311.845703  4.4297E-13
 8316.729492  4.4416E-13
 8321.614258  4.4220E-13
 8326.499023  4.4106E-13
 8331.382812  4.4186E-13
 8336.267578  4.4069E-13
 8341.151367  4.4041E-13
 8346.036133  4.3930E-13
 8350.919922  4.4049E-13
 8355.804688  4.3891E-13
 8360.689453  4.3910E-13
 8365.573242  4.3508E-13
 8370.458008  4.3473E-13
 8375.341797  4.3660E-13
 8380.226562  4.3801E-13
 8385.110352  4.3979E-13
 8389.994141  4.3612E-13
 8394.878906  4.3651E-13
 8399.762695  4.3702E-13
 8404.647461  4.3361E-13
 8409.531250  4.3704E-13
 8414.416016  4.3585E-13
 8419.299805  4.3586E-13
 8424.183594  4.3755E-13
 8429.068359  4.3472E-13
 8433.952148  4.3401E-13
 8438.835938  4.2884E-13
 8443.720703  4.2730E-13
 8448.604492  4.2707E-13
 8453.488281  4.2595E-13
 8458.372070  4.2835E-13
 8463.256836  4.3272E-13
 8468.140625  4.3479E-13
 8473.024414  4.2881E-13
 8477.908203  4.2958E-13
 8482.791992  4.2784E-13
 8487.676758  4.2813E-13
 8492.560547  4.2589E-13
 8497.444336  4.1996E-13
 8502.328125  4.0977E-13
 8507.211914  4.1467E-13
 8512.095703  4.2242E-13
 8516.979492  4.2034E-13
 8521.863281  4.2097E-13
 8526.748047  4.2110E-13
 8531.631836  4.1423E-13
 8536.515625  4.1096E-13
 8541.399414  3.9521E-13
 8546.283203  3.7863E-13
 8551.166992  3.9872E-13
 8556.050781  4.1220E-13
 8560.933594  4.1413E-13
 8565.817383  4.2156E-13
 8570.701172  4.2516E-13
 8575.584961  4.2579E-13
 8580.468750  4.2331E-13
 8585.352539  4.2070E-13
 8590.236328  4.1906E-13
 8595.120117  4.1809E-13
 8600.002930  4.1528E-13
 8604.886719  4.1350E-13
 8609.770508  4.1474E-13
 8614.654297  4.1369E-13
 8619.537109  4.1853E-13
 8624.420898  4.1511E-13
 8629.304688  4.1405E-13
 8634.187500  4.1028E-13
 8639.071289  4.1017E-13
 8643.955078  4.1456E-13
 8648.837891  4.1419E-13
 8653.721680  4.0496E-13
 8658.604492  4.0236E-13
 8663.488281  3.8864E-13
 8668.372070  3.8042E-13
 8673.254883  3.9624E-13
 8678.138672  4.0139E-13
 8683.021484  4.0397E-13
 8687.905273  4.0789E-13
 8692.788086  4.0852E-13
 8697.670898  4.0950E-13
 8702.554688  4.0938E-13
 8707.437500  4.0902E-13
 8712.321289  4.0665E-13
 8717.204102  4.0531E-13
 8722.086914  4.0457E-13
 8726.969727  4.0380E-13
 8731.853516  4.0482E-13
 8736.736328  4.0485E-13
 8741.619141  4.0247E-13
 8746.501953  4.0009E-13
 8751.385742  3.9852E-13
 8756.268555  3.9786E-13
 8761.151367  4.0119E-13
 8766.034180  4.0402E-13
 8770.916992  4.0359E-13
 8775.799805  4.0453E-13
 8780.682617  4.0314E-13
 8785.565430  3.9875E-13
 8790.448242  3.9977E-13
 8795.331055  3.9928E-13
 8800.213867  3.9712E-13
 8805.096680  3.9895E-13
 8809.979492  3.9728E-13
 8814.862305  3.9367E-13
 8819.745117  3.9708E-13
 8824.627930  3.9303E-13
 8829.510742  3.9292E-13
 8834.393555  3.9586E-13
 8839.275391  3.9627E-13
 8844.158203  3.9902E-13
 8849.041016  3.9450E-13
 8853.923828  3.9375E-13
 8858.805664  3.9051E-13
 8863.688477  3.8805E-13
 8868.571289  3.8483E-13
 8873.453125  3.8811E-13
 8878.335938  3.9196E-13
 8883.217773  3.9183E-13
 8888.100586  3.9383E-13
 8892.982422  3.9115E-13
 8897.865234  3.8779E-13
 8902.747070  3.8839E-13
 8907.629883  3.8792E-13
 8912.511719  3.8912E-13
 8917.394531  3.9181E-13
 8922.276367  3.9256E-13
 8927.158203  3.9007E-13
 8932.041016  3.8594E-13
 8936.922852  3.8683E-13
 8941.804688  3.8202E-13
 8946.687500  3.8664E-13
 8951.569336  3.8686E-13
 8956.451172  3.9187E-13
 8961.333008  3.8737E-13
 8966.214844  3.8788E-13
 8971.096680  3.8532E-13
 8975.978516  3.8360E-13
 8980.861328  3.8547E-13
 8985.743164  3.8232E-13
 8990.625000  3.8703E-13
 8995.506836  3.8017E-13
 9000.387695  3.8038E-13
 9005.269531  3.7817E-13
 9010.151367  3.7603E-13
 9015.033203  3.7522E-13
 9019.915039  3.7456E-13
 9024.796875  3.7830E-13
 9029.678711  3.7912E-13
 9034.559570  3.8024E-13
 9039.441406  3.7928E-13
 9044.323242  3.7895E-13
 9049.204102  3.7829E-13
 9054.085938  3.7425E-13
 9058.967773  3.7649E-13
 9063.848633  3.7767E-13
 9068.730469  3.7613E-13
 9073.611328  3.7981E-13
 9078.493164  3.7970E-13
 9083.374023  3.7702E-13
 9088.255859  3.7212E-13
 9093.136719  3.7251E-13
 9098.018555  3.7218E-13
 9102.899414  3.7239E-13
 9107.780273  3.7577E-13
 9112.662109  3.7614E-13
 9117.542969  3.7379E-13
 9122.423828  3.7457E-13
 9127.304688  3.7179E-13
 9132.185547  3.7392E-13
 9137.067383  3.7419E-13
 9141.948242  3.7542E-13
 9146.829102  3.7898E-13
 9151.709961  3.7829E-13
 9156.590820  3.7807E-13
 9161.471680  3.7709E-13
 9166.352539  3.7053E-13
 9171.233398  3.6807E-13
 9176.114258  3.6712E-13
 9180.994141  3.6555E-13
 9185.875000  3.7097E-13
 9190.755859  3.7150E-13
 9195.636719  3.7344E-13
 9200.517578  3.7024E-13
 9205.397461  3.6740E-13
 9210.278320  3.6549E-13
 9215.159180  3.5958E-13
 9220.039062  3.6124E-13
 9224.919922  3.6160E-13
 9229.799805  3.5855E-13
 9234.680664  3.5583E-13
 9239.560547  3.5471E-13
 9244.441406  3.5253E-13
 9249.321289  3.5775E-13
 9254.201172  3.5785E-13
 9259.082031  3.6018E-13
 9263.961914  3.5633E-13
 9268.841797  3.5512E-13
 9273.722656  3.5867E-13
 9278.602539  3.5901E-13
 9283.482422  3.6255E-13
 9288.362305  3.6629E-13
 9293.242188  3.6597E-13
 9298.122070  3.6338E-13
 9303.001953  3.6095E-13
 9307.881836  3.5924E-13
 9312.761719  3.5544E-13
 9317.641602  3.5159E-13
 9322.521484  3.5239E-13
 9327.401367  3.5384E-13
 9332.281250  3.5340E-13
 9337.161133  3.5333E-13
 9342.040039  3.4895E-13
 9346.919922  3.5035E-13
 9351.799805  3.4821E-13
 9356.678711  3.5172E-13
 9361.558594  3.5344E-13
 9366.438477  3.5164E-13
 9371.317383  3.5237E-13
 9376.197266  3.4870E-13
 9381.076172  3.4718E-13
 9385.955078  3.4705E-13
 9390.834961  3.5202E-13
 9395.713867  3.4897E-13
 9400.592773  3.4936E-13
 9405.472656  3.4805E-13
 9410.351562  3.4963E-13
 9415.230469  3.4505E-13
 9420.109375  3.4155E-13
 9424.989258  3.4462E-13
 9429.868164  3.4558E-13
 9434.747070  3.4648E-13
 9439.625977  3.4943E-13
 9444.504883  3.4862E-13
 9449.383789  3.4615E-13
 9454.262695  3.4374E-13
 9459.140625  3.4492E-13
 9464.019531  3.4663E-13
 9468.898438  3.4826E-13
 9473.777344  3.4706E-13
 9478.655273  3.4605E-13
 9483.534180  3.4518E-13
 9488.413086  3.4294E-13
 9493.291016  3.4384E-13
 9498.169922  3.4199E-13
 9503.047852  3.3924E-13
 9507.926758  3.4117E-13
 9512.804688  3.4140E-13
 9517.683594  3.3912E-13
 9522.561523  3.3699E-13
 9527.439453  3.3580E-13
 9532.318359  3.3621E-13
 9537.196289  3.3209E-13
 9542.074219  3.3370E-13
 9546.952148  3.2854E-13
 9551.830078  3.2472E-13
 9556.708984  3.2663E-13
 9561.586914  3.3301E-13
 9566.464844  3.3287E-13
 9571.342773  3.3479E-13
 9576.219727  3.3362E-13
 9581.097656  3.2870E-13
 9585.975586  3.3428E-13
 9590.853516  3.3261E-13
 9595.731445  3.3740E-13
 9600.608398  3.3758E-13
 9605.486328  3.3695E-13
 9610.364258  3.3448E-13
 9615.241211  3.3631E-13
 9620.119141  3.2928E-13
 9624.996094  3.3154E-13
 9629.874023  3.3132E-13
 9634.750977  3.3021E-13
 9639.628906  3.3180E-13
 9644.505859  3.2596E-13
 9649.382812  3.2749E-13
 9654.259766  3.2711E-13
 9659.137695  3.2618E-13
 9664.014648  3.2673E-13
 9668.891602  3.2868E-13
 9673.768555  3.2788E-13
 9678.645508  3.2657E-13
 9683.522461  3.2704E-13
 9688.399414  3.2936E-13
 9693.276367  3.3117E-13
 9698.153320  3.3263E-13
 9703.030273  3.3080E-13
 9707.906250  3.2265E-13
 9712.783203  3.2215E-13
 9717.660156  3.2222E-13
 9722.536133  3.1899E-13
 9727.413086  3.2231E-13
 9732.289062  3.2239E-13
 9737.166016  3.2114E-13
 9742.041992  3.2157E-13
 9746.918945  3.2140E-13
 9751.794922  3.2603E-13
 9756.670898  3.2682E-13
 9761.547852  3.2405E-13
 9766.423828  3.2448E-13
 9771.299805  3.2233E-13
 9776.175781  3.2539E-13
 9781.051758  3.2172E-13
 9785.927734  3.2169E-13
 9790.803711  3.1965E-13
 9795.679688  3.1400E-13
 9800.555664  3.1680E-13
 9805.431641  3.1968E-13
 9810.307617  3.1696E-13
 9815.183594  3.1431E-13
 9820.058594  3.1549E-13
 9824.934570  3.1312E-13
 9829.810547  3.1493E-13
 9834.685547  3.1602E-13
 9839.561523  3.1489E-13
 9844.436523  3.1559E-13
 9849.312500  3.1624E-13
 9854.187500  3.1649E-13
 9859.063477  3.1681E-13
 9863.938477  3.1356E-13
 9868.813477  3.0788E-13
 9873.688477  3.0968E-13
 9878.563477  3.1593E-13
 9883.439453  3.1516E-13
 9888.314453  3.1475E-13
 9893.189453  3.1306E-13
 9898.064453  3.1480E-13
 9902.938477  3.0892E-13
 9907.813477  3.0930E-13
 9912.688477  3.0974E-13
 9917.563477  3.0675E-13
 9922.438477  3.1238E-13
 9927.312500  3.0872E-13
 9932.187500  3.0962E-13
 9937.061523  3.0665E-13
 9941.936523  3.0903E-13
 9946.810547  3.0781E-13
 9951.685547  3.0519E-13
 9956.559570  3.0783E-13
 9961.434570  3.0845E-13
 9966.308594  3.0653E-13
 9971.182617  3.0663E-13
 9976.056641  3.0609E-13
 9980.930664  3.0837E-13
 9985.804688  3.0835E-13
 9990.678711  3.0690E-13
 9995.552734  3.0440E-13
10000.426758  3.0504E-13
10005.300781  3.0631E-13
10010.174805  3.0541E-13
10015.048828  3.0487E-13
10019.921875  3.0525E-13
10024.795898  3.0220E-13
10029.669922  2.9856E-13
10034.542969  3.0004E-13
10039.416992  2.9679E-13
10044.290039  2.9379E-13
10049.163086  2.8811E-13
10054.037109  2.8831E-13
10058.910156  2.8858E-13
10063.783203  2.9183E-13
10068.657227  2.9344E-13
10073.530273  2.9715E-13
10078.403320  2.9611E-13
10083.276367  2.9572E-13
10088.149414  2.9509E-13
10093.022461  2.9607E-13
10097.895508  2.9751E-13
10102.767578  2.9322E-13
10107.640625  2.9370E-13
10112.513672  2.9616E-13
10117.385742  2.9712E-13
10122.258789  2.9536E-13
10127.131836  2.9714E-13
10132.003906  2.9976E-13
10136.876953  2.9510E-13
10141.749023  2.9728E-13
10146.621094  2.9587E-13
10151.493164  2.9597E-13
10156.366211  2.9601E-13
10161.238281  2.9453E-13
10166.110352  2.9157E-13
10170.982422  2.9098E-13
10175.854492  2.9588E-13
10180.726562  2.9290E-13
10185.598633  2.9230E-13
10190.470703  2.9674E-13
10195.341797  2.9507E-13
10200.213867  2.9697E-13
10205.085938  2.9357E-13
10209.957031  2.9683E-13
10214.829102  2.9539E-13
10219.701172  2.9964E-13
10224.572266  2.9958E-13
