#HD074000 G230LB+G430L+G750L Bohlin 20Sep2013
#HST GO12813 FILE WRITTEN BY STISREDUCE.PRO ON 20-Sep-2013 15:52:18.00
#2863
 1668.227295  2.6725E-14
 1669.597900  2.8994E-14
 1670.968384  1.5911E-14
 1672.338989  1.5101E-14
 1673.709595  1.3787E-14
 1675.080200  1.9254E-14
 1676.450806  2.6807E-14
 1677.821411  7.2954E-15
 1679.192017  1.8647E-14
 1680.562744 -2.1919E-16
 1681.933350  6.4543E-15
 1683.304077  2.1831E-14
 1684.674805  1.7288E-14
 1686.045410  2.5653E-14
 1687.416138  7.0668E-15
 1688.786987  6.1447E-15
 1690.157715  1.8408E-14
 1691.528442  5.1816E-15
 1692.899292  1.6802E-14
 1694.270020  1.6101E-14
 1695.640869  2.0449E-14
 1697.011719  1.1102E-14
 1698.382568  1.2850E-14
 1699.753418  9.3566E-15
 1701.124268  1.5954E-14
 1702.495117  2.3209E-14
 1703.866089  1.4964E-14
 1705.236938  1.5117E-14
 1706.607910  1.2548E-14
 1707.978760  2.4187E-14
 1709.349731  1.3808E-14
 1710.720703  2.4311E-14
 1712.091675  2.0807E-14
 1713.462769  2.5869E-14
 1714.833740  2.0830E-14
 1716.204712  2.6122E-14
 1717.575806  1.5667E-14
 1718.946899  2.1513E-14
 1720.317871  1.9411E-14
 1721.688965  2.8044E-14
 1723.060059  2.3756E-14
 1724.431152  1.5643E-14
 1725.802368  2.6008E-14
 1727.173462  3.2942E-14
 1728.544556  2.3242E-14
 1729.915771  3.2249E-14
 1731.286987  3.7789E-14
 1732.658081  2.7656E-14
 1734.029297  3.3408E-14
 1735.400513  3.4521E-14
 1736.771729  2.7945E-14
 1738.143066  3.1289E-14
 1739.514282  3.6375E-14
 1740.885498  3.3084E-14
 1742.256836  4.0993E-14
 1743.628052  4.5516E-14
 1744.999390  3.5820E-14
 1746.370728  3.9169E-14
 1747.742065  4.3223E-14
 1749.113403  3.9774E-14
 1750.484741  4.1832E-14
 1751.856201  5.1484E-14
 1753.227539  4.7268E-14
 1754.598877  4.8029E-14
 1755.970337  5.4590E-14
 1757.341797  5.7375E-14
 1758.713257  5.2955E-14
 1760.084717  4.8588E-14
 1761.456177  4.9660E-14
 1762.827637  4.4078E-14
 1764.199097  4.5938E-14
 1765.570557  4.1410E-14
 1766.942139  5.2202E-14
 1768.313599  5.8583E-14
 1769.685181  4.7780E-14
 1771.056763  5.2028E-14
 1772.428345  5.7969E-14
 1773.799927  5.7676E-14
 1775.171509  6.3324E-14
 1776.543091  6.4262E-14
 1777.914673  6.3825E-14
 1779.286255  6.3270E-14
 1780.657959  7.0400E-14
 1782.029541  6.8148E-14
 1783.401245  7.0516E-14
 1784.772949  7.3128E-14
 1786.144653  6.9532E-14
 1787.516357  6.1473E-14
 1788.888062  7.1056E-14
 1790.259766  7.5587E-14
 1791.631470  7.6505E-14
 1793.003296  7.6625E-14
 1794.375000  7.3633E-14
 1795.746826  7.3477E-14
 1797.118530  7.6264E-14
 1798.490356  7.7213E-14
 1799.862183  7.9568E-14
 1801.234009  7.9039E-14
 1802.605835  8.1998E-14
 1803.977661  8.2308E-14
 1805.349487  7.2662E-14
 1806.721436  6.9617E-14
 1808.093262  6.4507E-14
 1809.465210  6.2431E-14
 1810.837036  7.7914E-14
 1812.208984  7.9816E-14
 1813.580933  7.9125E-14
 1814.952881  7.0353E-14
 1816.324829  7.9767E-14
 1817.696777  7.9460E-14
 1819.068726  7.8841E-14
 1820.440674  8.1609E-14
 1821.812744  8.1843E-14
 1823.184692  8.6407E-14
 1824.556763  8.9463E-14
 1825.928711  8.4790E-14
 1827.300781  7.6142E-14
 1828.672852  8.0723E-14
 1830.044922  8.7735E-14
 1831.416992  8.7052E-14
 1832.789062  8.5812E-14
 1834.161133  9.1131E-14
 1835.533325  9.4336E-14
 1836.905396  9.1375E-14
 1838.277466  9.0133E-14
 1839.649658  8.4825E-14
 1841.021851  8.2618E-14
 1842.393921  7.9617E-14
 1843.766113  8.1591E-14
 1845.138306  7.6966E-14
 1846.510498  6.9799E-14
 1847.882690  6.2197E-14
 1849.254883  6.7971E-14
 1850.627197  7.2293E-14
 1851.999390  7.3329E-14
 1853.371704  7.7190E-14
 1854.743896  9.3004E-14
 1856.116211  9.1881E-14
 1857.488403  9.3145E-14
 1858.860718  8.8680E-14
 1860.233032  9.0089E-14
 1861.605347  9.3127E-14
 1862.977661  9.2861E-14
 1864.349976  9.5026E-14
 1865.722412  9.3116E-14
 1867.094727  9.8102E-14
 1868.467041  1.0417E-13
 1869.839478  1.0917E-13
 1871.211792  1.1018E-13
 1872.584229  1.0186E-13
 1873.956665  1.0222E-13
 1875.329102  9.7556E-14
 1876.701416  9.6000E-14
 1878.073853  9.8147E-14
 1879.446411  1.0354E-13
 1880.818848  1.0393E-13
 1882.191284  1.0583E-13
 1883.563721  1.0971E-13
 1884.936279  1.1654E-13
 1886.308716  1.1818E-13
 1887.681274  1.1733E-13
 1889.053711  1.1556E-13
 1890.426270  1.1748E-13
 1891.798828  1.1369E-13
 1893.171387  1.1633E-13
 1894.543945  1.1498E-13
 1895.916504  1.1521E-13
 1897.289062  1.1490E-13
 1898.661621  1.1440E-13
 1900.034180  1.0586E-13
 1901.406860  1.0544E-13
 1902.779419  1.0687E-13
 1904.152100  1.1565E-13
 1905.524658  1.1603E-13
 1906.897339  1.2613E-13
 1908.270020  1.2061E-13
 1909.642578  1.2393E-13
 1911.015259  1.1497E-13
 1912.387939  1.2149E-13
 1913.760620  1.2544E-13
 1915.133301  1.2666E-13
 1916.506104  1.3070E-13
 1917.878784  1.2782E-13
 1919.251465  1.2646E-13
 1920.624268  1.2986E-13
 1921.996948  1.2799E-13
 1923.369751  1.3340E-13
 1924.742432  1.3228E-13
 1926.115234  1.3158E-13
 1927.488037  1.2476E-13
 1928.860840  1.2837E-13
 1930.233643  1.1479E-13
 1931.606445  9.4415E-14
 1932.979248  1.0264E-13
 1934.352051  1.1478E-13
 1935.724854  1.1823E-13
 1937.097656  1.1874E-13
 1938.470581  1.2249E-13
 1939.843384  1.3151E-13
 1941.216309  1.3273E-13
 1942.589111  1.3896E-13
 1943.962036  1.4125E-13
 1945.334961  1.3886E-13
 1946.707764  1.3503E-13
 1948.080688  1.4189E-13
 1949.453613  1.4349E-13
 1950.826538  1.3673E-13
 1952.199463  1.3511E-13
 1953.572388  1.3492E-13
 1954.945435  1.4123E-13
 1956.318359  1.3932E-13
 1957.691284  1.4215E-13
 1959.064331  1.3484E-13
 1960.437256  1.3556E-13
 1961.810303  1.3678E-13
 1963.183228  1.3891E-13
 1964.556274  1.4099E-13
 1965.929321  1.4805E-13
 1967.302246  1.5174E-13
 1968.675293  1.5163E-13
 1970.048340  1.4854E-13
 1971.421387  1.5029E-13
 1972.794434  1.4930E-13
 1974.167480  1.5241E-13
 1975.540527  1.5477E-13
 1976.913696  1.4569E-13
 1978.286743  1.4384E-13
 1979.659790  1.4207E-13
 1981.032959  1.4426E-13
 1982.406006  1.4956E-13
 1983.779175  1.4663E-13
 1985.152344  1.5439E-13
 1986.525391  1.4819E-13
 1987.898560  1.5252E-13
 1989.271729  1.4653E-13
 1990.644897  1.3808E-13
 1992.018066  1.5143E-13
 1993.391235  1.5009E-13
 1994.764404  1.5318E-13
 1996.137573  1.5274E-13
 1997.510742  1.5664E-13
 1998.883911  1.5531E-13
 2000.257202  1.5454E-13
 2001.630371  1.5012E-13
 2003.003540  1.5575E-13
 2004.376831  1.5600E-13
 2005.750000  1.5255E-13
 2007.123291  1.6007E-13
 2008.496582  1.5168E-13
 2009.869751  1.5406E-13
 2011.243042  1.6219E-13
 2012.616333  1.5502E-13
 2013.989624  1.6167E-13
 2015.362915  1.6020E-13
 2016.736206  1.6286E-13
 2018.109497  1.6237E-13
 2019.482788  1.6397E-13
 2020.856079  1.6163E-13
 2022.229370  1.5906E-13
 2023.602661  1.6039E-13
 2024.976074  1.6046E-13
 2026.349365  1.5044E-13
 2027.722778  1.3870E-13
 2029.096069  1.5899E-13
 2030.469482  1.6490E-13
 2031.842773  1.7137E-13
 2033.216187  1.7285E-13
 2034.589478  1.6512E-13
 2035.962891  1.6644E-13
 2037.336304  1.6868E-13
 2038.709717  1.7336E-13
 2040.083130  1.7434E-13
 2041.456543  1.6983E-13
 2042.829956  1.7629E-13
 2044.203369  1.8195E-13
 2045.576782  1.8078E-13
 2046.950195  1.8202E-13
 2048.323730  1.8766E-13
 2049.697021  1.8132E-13
 2051.070557  1.9986E-13
 2052.444092  1.8741E-13
 2053.817383  1.8208E-13
 2055.190918  1.8107E-13
 2056.564453  1.7177E-13
 2057.937988  1.6611E-13
 2059.311279  1.7055E-13
 2060.684814  1.7348E-13
 2062.058350  1.7568E-13
 2063.431885  1.7237E-13
 2064.805420  1.7462E-13
 2066.178955  1.7932E-13
 2067.552490  1.7359E-13
 2068.926025  1.8041E-13
 2070.299561  1.8425E-13
 2071.673096  1.9053E-13
 2073.046631  1.9518E-13
 2074.420166  1.9028E-13
 2075.793701  1.8880E-13
 2077.167236  1.9614E-13
 2078.540771  2.0234E-13
 2079.914307  1.9447E-13
 2081.287842  1.9699E-13
 2082.661621  1.9485E-13
 2084.035156  1.9093E-13
 2085.408691  1.9281E-13
 2086.782227  1.8985E-13
 2088.155762  1.9706E-13
 2089.529541  2.0054E-13
 2090.903076  1.9829E-13
 2092.276611  1.9556E-13
 2093.650391  1.9730E-13
 2095.023926  1.9432E-13
 2096.397705  1.9234E-13
 2097.771240  1.9602E-13
 2099.144775  2.0122E-13
 2100.518555  2.0057E-13
 2101.892090  1.9983E-13
 2103.265869  1.9959E-13
 2104.639404  1.8937E-13
 2106.013184  2.0008E-13
 2107.386963  2.0423E-13
 2108.760498  1.9460E-13
 2110.134277  1.8756E-13
 2111.507812  1.9192E-13
 2112.881592  1.8729E-13
 2114.255371  1.9529E-13
 2115.628906  1.9087E-13
 2117.002686  1.9621E-13
 2118.376465  2.1444E-13
 2119.750000  2.0726E-13
 2121.123779  2.1046E-13
 2122.497559  2.1219E-13
 2123.871338  2.0263E-13
 2125.244873  1.7356E-13
 2126.618652  1.8276E-13
 2127.992432  1.9912E-13
 2129.366211  2.0461E-13
 2130.739990  1.9521E-13
 2132.113770  1.8865E-13
 2133.487549  1.8675E-13
 2134.861328  1.8406E-13
 2136.235107  1.7456E-13
 2137.608643  1.8113E-13
 2138.982422  1.9593E-13
 2140.356201  1.9266E-13
 2141.729980  2.0123E-13
 2143.103760  2.0141E-13
 2144.477539  2.1204E-13
 2145.851562  2.0953E-13
 2147.225342  2.0473E-13
 2148.599121  2.0018E-13
 2149.972900  2.0204E-13
 2151.346680  1.9527E-13
 2152.720459  1.9112E-13
 2154.094238  1.9778E-13
 2155.468018  2.1079E-13
 2156.841797  2.0651E-13
 2158.215820  2.0974E-13
 2159.589600  1.9928E-13
 2160.963379  1.8703E-13
 2162.337158  1.9806E-13
 2163.711182  2.0611E-13
 2165.084961  2.0433E-13
 2166.458740  1.9999E-13
 2167.832520  1.8914E-13
 2169.206543  1.8973E-13
 2170.580322  1.9317E-13
 2171.954102  2.0462E-13
 2173.328125  2.0644E-13
 2174.701904  2.0356E-13
 2176.075684  1.9469E-13
 2177.449707  1.9729E-13
 2178.823486  2.0014E-13
 2180.197510  2.0879E-13
 2181.571289  2.1907E-13
 2182.945068  2.2961E-13
 2184.319092  2.3217E-13
 2185.692871  2.1883E-13
 2187.066895  2.2103E-13
 2188.440674  2.1244E-13
 2189.814697  2.1414E-13
 2191.188477  2.2585E-13
 2192.562500  2.2610E-13
 2193.936279  2.2290E-13
 2195.310303  2.3598E-13
 2196.684082  2.4082E-13
 2198.058105  2.3624E-13
 2199.431885  2.3761E-13
 2200.805908  2.3607E-13
 2202.179932  2.2377E-13
 2203.553711  2.2807E-13
 2204.927734  2.4036E-13
 2206.301514  2.3571E-13
 2207.675537  2.3236E-13
 2209.049561  2.2262E-13
 2210.423340  2.1459E-13
 2211.797363  2.0501E-13
 2213.171387  1.8752E-13
 2214.545166  2.1527E-13
 2215.919189  2.1815E-13
 2217.293213  2.1680E-13
 2218.666992  2.0350E-13
 2220.041016  2.1360E-13
 2221.415039  2.2827E-13
 2222.788818  2.3149E-13
 2224.162842  2.3478E-13
 2225.536865  2.3199E-13
 2226.910889  2.3372E-13
 2228.284668  2.3356E-13
 2229.658691  2.3622E-13
 2231.032715  2.4104E-13
 2232.406738  2.4442E-13
 2233.780518  2.4229E-13
 2235.154541  2.4716E-13
 2236.528564  2.4798E-13
 2237.902588  2.5295E-13
 2239.276611  2.5645E-13
 2240.650635  2.5602E-13
 2242.024414  2.4796E-13
 2243.398438  2.4380E-13
 2244.772461  2.3639E-13
 2246.146484  2.3062E-13
 2247.520508  2.3491E-13
 2248.894531  2.3759E-13
 2250.268311  2.3324E-13
 2251.642334  2.2526E-13
 2253.016357  2.2132E-13
 2254.390381  2.2691E-13
 2255.764404  2.1714E-13
 2257.138428  2.2320E-13
 2258.512451  2.2656E-13
 2259.886475  2.3335E-13
 2261.260254  2.2886E-13
 2262.634277  2.1780E-13
 2264.008301  2.3109E-13
 2265.382324  2.3035E-13
 2266.756348  2.2346E-13
 2268.130371  2.2013E-13
 2269.504395  2.2219E-13
 2270.878418  2.2065E-13
 2272.252441  2.3201E-13
 2273.626465  2.3549E-13
 2275.000488  2.4152E-13
 2276.374512  2.3937E-13
 2277.748535  2.3350E-13
 2279.122559  2.3452E-13
 2280.496582  2.3790E-13
 2281.870361  2.4295E-13
 2283.244385  2.5871E-13
 2284.618408  2.4887E-13
 2285.992432  2.4486E-13
 2287.366455  2.4522E-13
 2288.740479  2.3785E-13
 2290.114502  2.3834E-13
 2291.488525  2.4105E-13
 2292.862549  2.3489E-13
 2294.236572  2.3646E-13
 2295.610596  2.4162E-13
 2296.984619  2.4364E-13
 2298.358643  2.2877E-13
 2299.732666  2.1113E-13
 2301.106689  2.2156E-13
 2302.480713  2.2968E-13
 2303.854736  2.3482E-13
 2305.228760  2.3198E-13
 2306.602783  2.4414E-13
 2307.976807  2.5212E-13
 2309.350830  2.4972E-13
 2310.724854  2.5180E-13
 2312.098877  2.5032E-13
 2313.472900  2.3370E-13
 2314.846924  2.2637E-13
 2316.220947  2.3713E-13
 2317.594971  2.4508E-13
 2318.968994  2.4980E-13
 2320.343018  2.4978E-13
 2321.717041  2.4286E-13
 2323.091064  2.4200E-13
 2324.465088  2.5407E-13
 2325.839111  2.5936E-13
 2327.213135  2.4375E-13
 2328.587158  2.3181E-13
 2329.961182  2.3817E-13
 2331.335205  2.5725E-13
 2332.709229  2.3749E-13
 2334.083252  2.1817E-13
 2335.457275  2.2549E-13
 2336.831055  2.3700E-13
 2338.205078  2.4492E-13
 2339.579102  2.1488E-13
 2340.953125  2.2431E-13
 2342.327148  2.3203E-13
 2343.701172  2.2830E-13
 2345.075195  1.8821E-13
 2346.449219  1.6790E-13
 2347.823242  1.9529E-13
 2349.197266  2.0003E-13
 2350.571289  2.1225E-13
 2351.945312  2.4292E-13
 2353.319336  2.5257E-13
 2354.693359  2.5961E-13
 2356.067139  2.4874E-13
 2357.441162  2.3969E-13
 2358.815186  2.5381E-13
 2360.189209  2.4509E-13
 2361.563232  2.1505E-13
 2362.937256  2.1259E-13
 2364.311279  2.3230E-13
 2365.685303  2.3485E-13
 2367.059326  2.2259E-13
 2368.433105  2.3299E-13
 2369.807129  2.4009E-13
 2371.181152  2.4590E-13
 2372.555176  2.5322E-13
 2373.929199  2.5303E-13
 2375.303223  2.2516E-13
 2376.677002  2.3372E-13
 2378.051025  2.4309E-13
 2379.425049  2.5937E-13
 2380.799072  2.2725E-13
 2382.173096  2.0066E-13
 2383.546875  1.5144E-13
 2384.920898  1.4603E-13
 2386.294922  2.0272E-13
 2387.668945  2.3756E-13
 2389.042969  2.3125E-13
 2390.416748  2.0376E-13
 2391.790771  2.2648E-13
 2393.164795  2.5625E-13
 2394.538818  2.6162E-13
 2395.912598  2.4355E-13
 2397.286621  1.8694E-13
 2398.660645  2.0587E-13
 2400.034424  2.2421E-13
 2401.408447  2.1219E-13
 2402.782471  2.4268E-13
 2404.156250  2.4458E-13
 2405.530273  2.2506E-13
 2406.904297  1.8253E-13
 2408.278076  1.9548E-13
 2409.652100  2.1506E-13
 2411.026123  2.3708E-13
 2412.399902  1.9547E-13
 2413.773926  2.0001E-13
 2415.147705  2.1852E-13
 2416.521729  2.4096E-13
 2417.895752  2.5510E-13
 2419.269531  2.6514E-13
 2420.643555  2.7602E-13
 2422.017334  2.8188E-13
 2423.391357  2.9113E-13
 2424.765137  2.7662E-13
 2426.139160  2.5976E-13
 2427.512939  2.6557E-13
 2428.886963  2.7888E-13
 2430.260742  2.7554E-13
 2431.634766  2.6693E-13
 2433.008545  2.7814E-13
 2434.382568  2.7025E-13
 2435.756348  2.6223E-13
 2437.130127  2.4600E-13
 2438.504150  2.5351E-13
 2439.877930  2.5864E-13
 2441.251953  2.6435E-13
 2442.625732  2.7253E-13
 2443.999512  2.7745E-13
 2445.373535  2.7769E-13
 2446.747314  2.7345E-13
 2448.121094  2.6906E-13
 2449.494873  2.7180E-13
 2450.868896  2.7783E-13
 2452.242676  2.6673E-13
 2453.616455  2.6266E-13
 2454.990479  2.7082E-13
 2456.364258  2.6833E-13
 2457.738037  2.8245E-13
 2459.111816  2.8155E-13
 2460.485596  2.7952E-13
 2461.859619  2.7791E-13
 2463.233398  2.6615E-13
 2464.607178  2.5058E-13
 2465.980957  2.5941E-13
 2467.354736  2.6291E-13
 2468.728516  2.6354E-13
 2470.102295  2.6727E-13
 2471.476074  2.7812E-13
 2472.849854  2.6821E-13
 2474.223633  2.5893E-13
 2475.597412  2.5782E-13
 2476.971191  2.7416E-13
 2478.344971  2.6292E-13
 2479.718750  2.5775E-13
 2481.092529  2.4576E-13
 2482.466309  2.6091E-13
 2483.840088  2.6242E-13
 2485.213867  2.2247E-13
 2486.587646  2.3848E-13
 2487.961426  2.5574E-13
 2489.335205  2.4741E-13
 2490.708740  2.3296E-13
 2492.082520  2.1569E-13
 2493.456299  2.1400E-13
 2494.830078  2.5106E-13
 2496.203857  2.7259E-13
 2497.577393  2.8968E-13
 2498.951172  2.8731E-13
 2500.324951  2.8648E-13
 2501.698486  2.9528E-13
 2503.072266  2.7507E-13
 2504.446045  2.7316E-13
 2505.819580  2.7251E-13
 2507.193359  2.7164E-13
 2508.567139  2.2964E-13
 2509.940674  2.5229E-13
 2511.314453  2.8761E-13
 2512.687988  2.7560E-13
 2514.061768  2.6120E-13
 2515.435303  2.4374E-13
 2516.809082  2.0503E-13
 2518.182617  1.8658E-13
 2519.556396  2.0512E-13
 2520.929932  2.1891E-13
 2522.303467  2.3689E-13
 2523.677246  2.2957E-13
 2525.050781  2.1127E-13
 2526.424561  1.9662E-13
 2527.798096  2.0873E-13
 2529.171631  2.0510E-13
 2530.545166  1.8069E-13
 2531.918945  2.0229E-13
 2533.292480  2.5170E-13
 2534.666016  2.5904E-13
 2536.039551  2.5028E-13
 2537.413086  2.4374E-13
 2538.786865  2.3931E-13
 2540.160400  2.4691E-13
 2541.533936  2.4337E-13
 2542.907471  2.5009E-13
 2544.281006  2.5189E-13
 2545.654541  2.6048E-13
 2547.028076  2.5366E-13
 2548.401611  2.5207E-13
 2549.775146  2.5306E-13
 2551.148682  2.3531E-13
 2552.522217  2.5235E-13
 2553.895752  2.8984E-13
 2555.269043  2.9706E-13
 2556.642578  3.0181E-13
 2558.016113  2.9661E-13
 2559.389648  3.0291E-13
 2560.763184  3.0834E-13
 2562.136475  2.9720E-13
 2563.510010  2.8768E-13
 2564.883545  2.5874E-13
 2566.257080  2.8050E-13
 2567.630371  3.0797E-13
 2569.003906  3.0179E-13
 2570.377197  3.0113E-13
 2571.750732  3.0040E-13
 2573.124268  3.0117E-13
 2574.497559  3.0901E-13
 2575.871094  3.0862E-13
 2577.244385  2.9269E-13
 2578.617920  2.7851E-13
 2579.991211  2.9620E-13
 2581.364502  3.1351E-13
 2582.738037  3.1623E-13
 2584.111328  3.0694E-13
 2585.484619  2.9907E-13
 2586.858154  2.8821E-13
 2588.231445  2.6020E-13
 2589.604736  2.9820E-13
 2590.978027  3.1612E-13
 2592.351562  3.2751E-13
 2593.724854  3.1115E-13
 2595.098145  3.0447E-13
 2596.471436  3.0494E-13
 2597.844727  3.1799E-13
 2599.218018  2.8471E-13
 2600.591309  2.0526E-13
 2601.964600  2.2975E-13
 2603.337891  2.9374E-13
 2604.711182  3.2238E-13
 2606.084473  3.0608E-13
 2607.457764  2.8085E-13
 2608.831055  2.4252E-13
 2610.204102  2.6836E-13
 2611.577393  2.8836E-13
 2612.950684  2.6608E-13
 2614.323975  2.3114E-13
 2615.697021  2.4561E-13
 2617.070312  2.8193E-13
 2618.443604  3.0651E-13
 2619.816650  2.8371E-13
 2621.189941  3.0183E-13
 2622.562988  3.0166E-13
 2623.936279  3.0200E-13
 2625.309326  3.1245E-13
 2626.682617  3.0529E-13
 2628.055664  2.8028E-13
 2629.428955  2.8012E-13
 2630.802002  2.7408E-13
 2632.175049  2.6361E-13
 2633.548340  2.2767E-13
 2634.921387  2.8114E-13
 2636.294434  3.2850E-13
 2637.667480  3.3446E-13
 2639.040771  3.4265E-13
 2640.413818  3.5387E-13
 2641.786865  3.5737E-13
 2643.159912  3.5326E-13
 2644.532959  3.6080E-13
 2645.906006  3.6290E-13
 2647.279053  3.6021E-13
 2648.652100  3.5873E-13
 2650.025146  3.6048E-13
 2651.398193  3.5876E-13
 2652.771240  3.6042E-13
 2654.144287  3.5830E-13
 2655.517090  3.5819E-13
 2656.890137  3.6356E-13
 2658.263184  3.6403E-13
 2659.635986  3.6130E-13
 2661.009033  3.5336E-13
 2662.382080  3.5209E-13
 2663.754883  3.4534E-13
 2665.127930  3.3552E-13
 2666.500732  3.2834E-13
 2667.873779  3.3249E-13
 2669.246582  3.3079E-13
 2670.619629  3.3393E-13
 2671.992432  3.3669E-13
 2673.365479  3.4671E-13
 2674.738281  3.3158E-13
 2676.111084  3.5089E-13
 2677.483887  3.6470E-13
 2678.856934  3.4931E-13
 2680.229736  3.4143E-13
 2681.602539  3.3708E-13
 2682.975342  3.4741E-13
 2684.348145  3.5875E-13
 2685.720947  3.5728E-13
 2687.093750  3.5684E-13
 2688.466553  3.5565E-13
 2689.839355  3.4906E-13
 2691.212158  3.3980E-13
 2692.584961  3.3407E-13
 2693.957764  3.4401E-13
 2695.330322  3.4256E-13
 2696.703125  3.4912E-13
 2698.075928  3.4203E-13
 2699.448486  3.4176E-13
 2700.821289  3.3682E-13
 2702.194092  3.4608E-13
 2703.566650  3.5448E-13
 2704.939453  3.5102E-13
 2706.312012  3.5495E-13
 2707.684814  3.4897E-13
 2709.057373  3.4246E-13
 2710.429932  3.4453E-13
 2711.802734  3.4032E-13
 2713.175293  3.4134E-13
 2714.547852  3.3345E-13
 2715.920410  3.3664E-13
 2717.293213  3.3538E-13
 2718.665771  3.3848E-13
 2720.038330  3.3496E-13
 2721.410889  3.2148E-13
 2722.783447  3.3249E-13
 2724.156006  3.3870E-13
 2725.528564  3.3463E-13
 2726.901123  3.2980E-13
 2728.273438  3.3320E-13
 2729.645996  3.2659E-13
 2731.018555  3.3661E-13
 2732.391113  3.4724E-13
 2733.763428  3.4026E-13
 2735.135986  3.3107E-13
 2736.508545  3.2736E-13
 2737.880859  3.2938E-13
 2739.253418  3.0463E-13
 2740.625732  3.1569E-13
 2741.998291  3.0341E-13
 2743.370605  3.1446E-13
 2744.743164  2.9410E-13
 2746.115479  2.8429E-13
 2747.487793  3.1006E-13
 2748.860107  2.8031E-13
 2750.232666  2.8618E-13
 2751.604980  2.6850E-13
 2752.977295  2.9433E-13
 2754.349609  3.3490E-13
 2755.721924  3.2818E-13
 2757.094238  3.1293E-13
 2758.466553  2.8304E-13
 2759.838867  3.1541E-13
 2761.211182  3.4684E-13
 2762.583252  3.4992E-13
 2763.955566  3.4211E-13
 2765.327881  3.3033E-13
 2766.699951  3.4099E-13
 2768.072266  3.5224E-13
 2769.444580  3.4573E-13
 2770.816650  3.3899E-13
 2772.188965  3.3880E-13
 2773.561035  3.5907E-13
 2774.933350  3.5140E-13
 2776.305420  3.5938E-13
 2777.677490  3.5429E-13
 2779.049805  3.4420E-13
 2780.421875  3.3339E-13
 2781.793945  3.2296E-13
 2783.166016  3.2401E-13
 2784.538086  3.3428E-13
 2785.910156  3.3866E-13
 2787.282227  3.5987E-13
 2788.654297  3.5588E-13
 2790.026367  3.3238E-13
 2791.398438  3.0912E-13
 2792.770508  2.7623E-13
 2794.142578  2.2612E-13
 2795.514404  1.6447E-13
 2796.886475  8.8200E-14
 2798.258545  7.2639E-14
 2799.630371  8.5582E-14
 2801.002441  1.3054E-13
 2802.374268  1.5557E-13
 2803.746338  1.1084E-13
 2805.118164  7.8945E-14
 2806.489990  1.2037E-13
 2807.862061  2.1412E-13
 2809.233887  2.7920E-13
 2810.605713  3.1556E-13
 2811.977539  3.3498E-13
 2813.349609  3.4629E-13
 2814.721436  3.4645E-13
 2816.093262  3.5549E-13
 2817.465088  3.6940E-13
 2818.836670  3.7431E-13
 2820.208496  3.7008E-13
 2821.580322  3.7388E-13
 2822.952148  3.7691E-13
 2824.323975  3.7349E-13
 2825.695557  3.7093E-13
 2827.067383  3.8081E-13
 2828.439209  3.6188E-13
 2829.810791  3.7064E-13
 2831.182617  3.7066E-13
 2832.554199  3.7603E-13
 2833.925781  3.6891E-13
 2835.297607  3.6713E-13
 2836.669189  3.7444E-13
 2838.040771  3.5217E-13
 2839.412354  3.6624E-13
 2840.783936  3.7407E-13
 2842.155762  3.6594E-13
 2843.527344  3.5517E-13
 2844.898682  3.6065E-13
 2846.270264  3.4486E-13
 2847.641846  3.6027E-13
 2849.013428  3.6715E-13
 2850.385010  3.4671E-13
 2851.756592  3.2636E-13
 2853.127930  2.8714E-13
 2854.499512  2.0300E-13
 2855.870850  2.7193E-13
 2857.242432  3.4131E-13
 2858.613770  3.4761E-13
 2859.985352  3.5659E-13
 2861.356689  3.5750E-13
 2862.728027  3.8119E-13
 2864.099609  3.7101E-13
 2865.470947  3.6969E-13
 2866.842285  3.7051E-13
 2868.213623  3.6551E-13
 2869.584961  3.5504E-13
 2870.956299  3.5767E-13
 2872.327637  3.6405E-13
 2873.698975  3.7972E-13
 2875.070312  3.7591E-13
 2876.441406  3.5936E-13
 2877.812744  3.6373E-13
 2879.184082  3.5697E-13
 2880.555176  3.5912E-13
 2881.926514  3.6132E-13
 2883.297607  3.1810E-13
 2884.668945  3.1382E-13
 2886.040039  3.6551E-13
 2887.411133  3.8029E-13
 2888.782471  3.9176E-13
 2890.153564  3.8810E-13
 2891.524658  3.7968E-13
 2892.895752  3.7761E-13
 2894.266846  3.7153E-13
 2895.637939  3.6678E-13
 2897.009033  3.6978E-13
 2898.380127  3.8458E-13
 2899.751221  3.8993E-13
 2901.122314  3.9494E-13
 2902.493164  4.0705E-13
 2903.864258  4.0665E-13
 2905.235352  4.0631E-13
 2906.606201  4.0344E-13
 2907.977295  4.0735E-13
 2909.348145  3.9715E-13
 2910.718994  3.8626E-13
 2912.090088  3.8468E-13
 2913.460938  3.8818E-13
 2914.831787  3.9674E-13
 2916.202637  4.0882E-13
 2917.573486  4.0676E-13
 2918.944336  3.9977E-13
 2920.315186  3.8933E-13
 2921.686035  4.0052E-13
 2923.056885  4.0046E-13
 2924.427734  3.9828E-13
 2925.798340  3.8616E-13
 2927.169189  3.8158E-13
 2928.540039  3.8686E-13
 2929.910645  3.8507E-13
 2931.281494  3.7028E-13
 2932.652100  3.9333E-13
 2934.022949  4.0747E-13
 2935.393555  4.0203E-13
 2936.764160  3.9897E-13
 2938.134766  3.9101E-13
 2939.505371  3.6718E-13
 2940.876221  3.8278E-13
 2942.246826  3.8811E-13
 2943.617188  3.8635E-13
 2944.987793  3.9581E-13
 2946.358398  3.9095E-13
 2947.729004  3.9016E-13
 2949.099609  3.9680E-13
 2950.469971  3.7317E-13
 2951.840576  3.8324E-13
 2953.210938  3.9899E-13
 2954.581543  4.0069E-13
 2955.951904  3.8259E-13
 2957.322510  4.0015E-13
 2958.692871  4.1286E-13
 2960.063232  4.0439E-13
 2961.433594  4.1007E-13
 2962.803955  4.0475E-13
 2964.174316  4.1006E-13
 2965.544678  4.2033E-13
 2966.915039  3.8945E-13
 2968.285400  3.8203E-13
 2969.655762  3.8732E-13
 2971.026123  3.9560E-13
 2972.396240  3.6404E-13
 2973.766602  3.8323E-13
 2975.136719  3.9249E-13
 2976.507080  4.0376E-13
 2977.877197  4.0513E-13
 2979.247314  4.1215E-13
 2980.617676  4.2021E-13
 2981.987793  4.0504E-13
 2983.357910  3.9935E-13
 2984.728027  3.9339E-13
 2986.098145  3.8497E-13
 2987.468262  3.6945E-13
 2988.838379  3.7602E-13
 2990.208496  3.8405E-13
 2991.578613  4.0556E-13
 2992.948486  4.1642E-13
 2994.318604  4.1527E-13
 2995.688477  4.0814E-13
 2997.058594  4.0239E-13
 2998.428467  4.1233E-13
 2999.798584  4.2167E-13
 3001.168457  4.1221E-13
 3002.538330  3.9097E-13
 3003.908203  3.8571E-13
 3005.278076  3.8783E-13
 3006.648193  3.9852E-13
 3008.017822  4.1797E-13
 3009.387695  4.0202E-13
 3010.757568  4.0080E-13
 3012.127441  4.0884E-13
 3013.497314  4.1768E-13
 3014.866943  4.1297E-13
 3016.236816  4.1165E-13
 3017.606445  4.0662E-13
 3018.976318  4.0183E-13
 3020.345947  3.9064E-13
 3021.715576  3.8469E-13
 3023.085449  3.5878E-13
 3024.455078  3.9683E-13
 3025.824707  4.1545E-13
 3027.194336  4.0746E-13
 3028.563965  3.9714E-13
 3029.933594  4.2143E-13
 3031.303223  4.2728E-13
 3032.672607  4.0471E-13
 3034.042236  4.0468E-13
 3035.411865  4.1943E-13
 3036.781250  4.2852E-13
 3038.150879  4.2990E-13
 3039.520264  4.1165E-13
 3040.889648  4.1363E-13
 3042.259277  4.2430E-13
 3043.628662  4.0937E-13
 3044.998047  4.0289E-13
 3046.367432  4.1331E-13
 3047.736816  4.1648E-13
 3049.106201  4.1796E-13
 3050.475586  4.1187E-13
 3051.844727  4.2211E-13
 3053.214111  4.2641E-13
 3054.583496  4.3012E-13
 3055.952637  4.2274E-13
 3057.322021  4.1431E-13
 3058.691162  4.1115E-13
 3060.060547  3.8614E-13
 3061.429688  3.9364E-13
 3065.408691  3.9845E-13
 3068.155029  3.9675E-13
 3070.901611  4.0689E-13
 3073.647949  4.0814E-13
 3076.394287  4.0614E-13
 3079.140625  4.1180E-13
 3081.887207  4.1655E-13
 3084.633545  4.1791E-13
 3087.380127  4.1387E-13
 3090.126709  3.9936E-13
 3092.873047  3.9287E-13
 3095.619629  3.9204E-13
 3098.366211  3.9490E-13
 3101.112793  3.8429E-13
 3103.859375  3.9557E-13
 3106.605957  4.0945E-13
 3109.352539  4.1992E-13
 3112.099121  4.2177E-13
 3114.845947  4.1915E-13
 3117.592529  4.1157E-13
 3120.339111  4.0439E-13
 3123.085938  4.0472E-13
 3125.832764  4.0558E-13
 3128.579346  4.1553E-13
 3131.326172  4.1323E-13
 3134.072998  4.1468E-13
 3136.819824  4.2320E-13
 3139.566650  4.2161E-13
 3142.313477  4.1987E-13
 3145.060303  4.0639E-13
 3147.807129  4.1766E-13
 3150.553955  4.3053E-13
 3153.300781  4.2306E-13
 3156.047852  4.1724E-13
 3158.794678  4.0797E-13
 3161.541504  4.0329E-13
 3164.288574  4.1330E-13
 3167.035645  4.2444E-13
 3169.782471  4.2734E-13
 3172.529541  4.3293E-13
 3175.276611  4.4011E-13
 3178.023682  4.3064E-13
 3180.770752  4.0587E-13
 3183.517822  4.1365E-13
 3186.264893  4.1991E-13
 3189.011963  4.2291E-13
 3191.759033  4.1482E-13
 3194.506104  4.1125E-13
 3197.253418  4.1731E-13
 3200.000488  4.2571E-13
 3202.747803  4.3161E-13
 3205.494873  4.4102E-13
 3208.242188  4.3670E-13
 3210.989258  4.2248E-13
 3213.736572  4.1207E-13
 3216.483887  4.1398E-13
 3219.231201  4.2042E-13
 3221.978516  4.2861E-13
 3224.725830  4.2334E-13
 3227.473145  4.1915E-13
 3230.220459  4.0692E-13
 3232.967773  4.1502E-13
 3235.715088  4.0920E-13
 3238.462402  4.1479E-13
 3241.209961  4.2162E-13
 3243.957275  4.3217E-13
 3246.704590  4.3348E-13
 3249.452148  4.2653E-13
 3252.199463  4.2875E-13
 3254.947021  4.2865E-13
 3257.694580  4.4757E-13
 3260.441895  4.5146E-13
 3263.189453  4.4460E-13
 3265.937012  4.5053E-13
 3268.684570  4.5035E-13
 3271.432129  4.4731E-13
 3274.179688  4.4197E-13
 3276.927246  4.4225E-13
 3279.674805  4.2959E-13
 3282.422363  4.3406E-13
 3285.170166  4.4004E-13
 3287.917725  4.4323E-13
 3290.665283  4.4417E-13
 3293.413086  4.5450E-13
 3296.160645  4.5723E-13
 3298.908447  4.6529E-13
 3301.656006  4.6092E-13
 3304.403809  4.4955E-13
 3307.151367  4.4290E-13
 3309.899170  4.4838E-13
 3312.646973  4.5333E-13
 3315.394775  4.4850E-13
 3318.142578  4.4166E-13
 3320.890381  4.4297E-13
 3323.638184  4.3570E-13
 3326.385986  4.3972E-13
 3329.133789  4.3992E-13
 3331.881592  4.4178E-13
 3334.629395  4.4132E-13
 3337.377197  4.3783E-13
 3340.125244  4.3961E-13
 3342.873047  4.3179E-13
 3345.620850  4.3933E-13
 3348.368896  4.3727E-13
 3351.116699  4.2416E-13
 3353.864746  4.4448E-13
 3356.612549  4.4750E-13
 3359.360596  4.1987E-13
 3362.108643  3.8950E-13
 3364.856445  4.2044E-13
 3367.604492  4.3404E-13
 3370.352539  4.2329E-13
 3373.100586  4.0934E-13
 3375.848633  4.2594E-13
 3378.596680  4.4096E-13
 3381.344727  4.2937E-13
 3384.092773  4.3082E-13
 3386.840820  4.3625E-13
 3389.588867  4.4035E-13
 3392.336914  4.4248E-13
 3395.085205  4.3445E-13
 3397.833252  4.4828E-13
 3400.581299  4.5416E-13
 3403.329346  4.4915E-13
 3406.077637  4.4024E-13
 3408.825684  4.3643E-13
 3411.573975  4.3921E-13
 3414.322021  4.3635E-13
 3417.070312  4.4065E-13
 3419.818604  4.5074E-13
 3422.566650  4.5042E-13
 3425.314941  4.4661E-13
 3428.063232  4.5262E-13
 3430.811523  4.6125E-13
 3433.559570  4.5651E-13
 3436.307861  4.5187E-13
 3439.056152  4.4886E-13
 3441.804443  4.3973E-13
 3444.552734  4.3286E-13
 3447.301025  4.3940E-13
 3450.049316  4.4880E-13
 3452.797607  4.5553E-13
 3455.546143  4.5066E-13
 3458.294434  4.5736E-13
 3461.042725  4.4944E-13
 3463.791016  4.5257E-13
 3466.539551  4.5783E-13
 3469.287842  4.5642E-13
 3472.036133  4.6217E-13
 3474.784668  4.4995E-13
 3477.532959  4.4244E-13
 3480.281494  4.5169E-13
 3483.029785  4.6142E-13
 3485.778320  4.5700E-13
 3488.526855  4.6305E-13
 3491.275146  4.5366E-13
 3494.023682  4.4688E-13
 3496.772217  4.5136E-13
 3499.520508  4.5089E-13
 3502.269043  4.5541E-13
 3505.017578  4.5755E-13
 3507.766113  4.5853E-13
 3510.514648  4.5868E-13
 3513.263184  4.4972E-13
 3516.011719  4.4821E-13
 3518.760254  4.5733E-13
 3521.508789  4.5639E-13
 3524.257324  4.5245E-13
 3527.005859  4.4584E-13
 3529.754395  4.4538E-13
 3532.502930  4.5451E-13
 3535.251465  4.6407E-13
 3538.000000  4.6523E-13
 3540.748779  4.6706E-13
 3543.497314  4.6803E-13
 3546.245850  4.7630E-13
 3548.994629  4.7303E-13
 3551.743164  4.7471E-13
 3554.491699  4.7290E-13
 3557.240479  4.6464E-13
 3559.989014  4.5991E-13
 3562.737793  4.6887E-13
 3565.486328  4.6717E-13
 3568.235107  4.5396E-13
 3570.983643  4.4917E-13
 3573.732422  4.4486E-13
 3576.480957  4.4880E-13
 3579.229736  4.5560E-13
 3581.978516  4.5622E-13
 3584.727051  4.4917E-13
 3587.475830  4.3656E-13
 3590.224609  4.4077E-13
 3592.973389  4.5932E-13
 3595.722168  4.6187E-13
 3598.470703  4.6127E-13
 3601.219482  4.7109E-13
 3603.968262  4.6395E-13
 3606.717041  4.5353E-13
 3609.465820  4.5434E-13
 3612.214600  4.5205E-13
 3614.963379  4.5436E-13
 3617.712158  4.5746E-13
 3620.460938  4.5732E-13
 3623.209717  4.5869E-13
 3625.958496  4.6647E-13
 3628.707275  4.7315E-13
 3631.456055  4.6975E-13
 3634.204834  4.5273E-13
 3636.953857  4.6447E-13
 3639.702637  4.6566E-13
 3642.451416  4.7447E-13
 3645.200195  4.6019E-13
 3647.948975  4.5919E-13
 3650.697998  4.5764E-13
 3653.446777  4.6698E-13
 3656.195557  4.7448E-13
 3658.944580  4.8059E-13
 3661.693359  4.7768E-13
 3664.442139  4.8142E-13
 3667.191162  4.8078E-13
 3669.939941  4.8511E-13
 3672.688965  4.8315E-13
 3675.437744  4.8057E-13
 3678.186523  4.7371E-13
 3680.935547  4.7039E-13
 3683.684326  4.6617E-13
 3686.433350  4.6203E-13
 3689.182129  4.5717E-13
 3691.931152  4.7288E-13
 3694.679932  4.7967E-13
 3697.428955  4.8643E-13
 3700.177979  4.7691E-13
 3702.926758  4.9192E-13
 3705.675781  4.7073E-13
 3708.424561  4.6029E-13
 3711.173584  4.7306E-13
 3713.922607  4.5849E-13
 3716.671387  4.8869E-13
 3719.420410  5.0676E-13
 3722.169434  4.7639E-13
 3724.918457  4.5611E-13
 3727.667236  4.9004E-13
 3730.416260  5.1866E-13
 3733.165283  4.9568E-13
 3735.914307  4.4390E-13
 3738.663086  4.3998E-13
 3741.412109  4.9861E-13
 3744.161133  5.3437E-13
 3746.910156  5.1351E-13
 3749.659180  4.6979E-13
 3752.407959  4.5194E-13
 3755.156982  4.8334E-13
 3757.906006  5.3263E-13
 3760.655029  5.4461E-13
 3763.404053  5.4588E-13
 3766.153076  5.4786E-13
 3768.902100  5.1435E-13
 3771.651123  4.5879E-13
 3774.399902  4.4478E-13
 3777.148926  5.1879E-13
 3779.897949  5.7229E-13
 3782.646973  6.0173E-13
 3785.395996  6.0530E-13
 3788.145020  6.0061E-13
 3790.894043  5.8855E-13
 3793.643066  5.7042E-13
 3796.392090  5.2497E-13
 3799.141113  4.5335E-13
 3801.890137  4.3577E-13
 3804.639160  5.1942E-13
 3807.388184  5.6275E-13
 3810.137207  5.9097E-13
 3812.886230  6.1318E-13
 3815.635254  6.0829E-13
 3818.384277  6.0276E-13
 3821.133301  6.1400E-13
 3823.882324  6.0216E-13
 3826.631348  5.8827E-13
 3829.380371  5.6074E-13
 3832.129395  5.3420E-13
 3834.878418  4.7613E-13
 3837.627441  4.0931E-13
 3840.376465  4.3812E-13
 3843.125488  5.1115E-13
 3845.874512  5.6544E-13
 3848.623535  5.8722E-13
 3851.372559  6.0896E-13
 3854.121582  6.2057E-13
 3856.870605  6.3305E-13
 3859.619629  6.2559E-13
 3862.368652  6.2249E-13
 3865.117676  6.3710E-13
 3867.866943  6.3849E-13
 3870.615967  6.4074E-13
 3873.364990  6.3418E-13
 3876.114014  6.1942E-13
 3878.863037  6.1090E-13
 3881.612061  5.7977E-13
 3884.361084  5.7823E-13
 3887.110107  5.3536E-13
 3889.859131  4.5744E-13
 3892.608154  4.2423E-13
 3895.357178  4.9472E-13
 3898.106201  5.5140E-13
 3900.855225  5.7407E-13
 3903.604248  5.9077E-13
 3906.353271  6.0254E-13
 3909.102295  6.1120E-13
 3911.851318  6.3346E-13
 3914.600342  6.4037E-13
 3917.349365  6.3929E-13
 3920.098389  6.4140E-13
 3922.847412  6.1918E-13
 3925.596436  6.2647E-13
 3928.345459  6.2585E-13
 3931.094482  5.8309E-13
 3933.843506  4.7676E-13
 3936.592529  3.6441E-13
 3939.341553  4.7514E-13
 3942.090332  5.8881E-13
 3944.839355  6.1920E-13
 3947.588379  6.2430E-13
 3950.337402  6.2790E-13
 3953.086426  6.2575E-13
 3955.835449  6.2635E-13
 3958.584473  6.1681E-13
 3961.333496  6.0104E-13
 3964.082520  5.7948E-13
 3966.831299  5.2513E-13
 3969.580322  4.0970E-13
 3972.329346  3.2730E-13
 3975.078369  4.1975E-13
 3977.827393  5.2234E-13
 3980.576416  5.7537E-13
 3983.325195  6.0044E-13
 3986.074219  6.1730E-13
 3988.823242  6.2956E-13
 3991.572266  6.3218E-13
 3994.321045  6.4660E-13
 3997.070068  6.5002E-13
 3999.819092  6.4665E-13
 4002.567871  6.4977E-13
 4005.316895  6.5521E-13
 4008.065918  6.5031E-13
 4010.814697  6.5610E-13
 4013.563721  6.6071E-13
 4016.312744  6.6403E-13
 4019.061523  6.6587E-13
 4021.810547  6.6900E-13
 4024.559326  6.6323E-13
 4027.308350  6.6009E-13
 4030.057373  6.5582E-13
 4032.806152  6.5001E-13
 4035.555176  6.4899E-13
 4038.303955  6.5489E-13
 4041.052979  6.6604E-13
 4043.801758  6.6482E-13
 4046.550781  6.5317E-13
 4049.299561  6.5113E-13
 4052.048340  6.5671E-13
 4054.797363  6.5959E-13
 4057.546143  6.5373E-13
 4060.294922  6.5843E-13
 4063.043945  6.5780E-13
 4065.792725  6.4523E-13
 4068.541504  6.4330E-13
 4071.290527  6.4766E-13
 4074.039307  6.4047E-13
 4076.788086  6.4104E-13
 4079.536865  6.3471E-13
 4082.285889  6.3565E-13
 4085.034668  6.3988E-13
 4087.783447  6.3524E-13
 4090.532227  6.2813E-13
 4093.281006  6.1767E-13
 4096.029785  6.0010E-13
 4098.778809  5.7333E-13
 4101.527344  5.1724E-13
 4104.276367  4.4068E-13
 4107.024902  4.6950E-13
 4109.773926  5.3769E-13
 4112.522461  5.8031E-13
 4115.271484  6.0947E-13
 4118.020020  6.2042E-13
 4120.768555  6.2654E-13
 4123.517578  6.3332E-13
 4126.266113  6.3933E-13
 4129.015137  6.4447E-13
 4131.763672  6.4191E-13
 4134.512207  6.4109E-13
 4137.261230  6.4264E-13
 4140.009766  6.5074E-13
 4142.758301  6.4956E-13
 4145.507324  6.4661E-13
 4148.255859  6.4775E-13
 4151.004395  6.5479E-13
 4153.753418  6.5457E-13
 4156.501953  6.5065E-13
 4159.250488  6.4607E-13
 4161.999023  6.4985E-13
 4164.748047  6.5238E-13
 4167.496582  6.5397E-13
 4170.245117  6.5373E-13
 4172.993652  6.5372E-13
 4175.742188  6.4309E-13
 4178.490723  6.4033E-13
 4181.239746  6.4203E-13
 4183.988281  6.4768E-13
 4186.736816  6.4346E-13
 4189.485352  6.4426E-13
 4192.233887  6.4030E-13
 4194.982422  6.4722E-13
 4197.730957  6.4515E-13
 4200.479492  6.3863E-13
 4203.228027  6.3236E-13
 4205.976562  6.4067E-13
 4208.725098  6.4703E-13
 4211.473633  6.4832E-13
 4214.222168  6.4561E-13
 4216.970703  6.4217E-13
 4219.719238  6.3734E-13
 4222.467773  6.3778E-13
 4225.215820  6.3910E-13
 4227.964355  6.3295E-13
 4230.712891  6.2092E-13
 4233.461426  6.3731E-13
 4236.209961  6.3656E-13
 4238.958008  6.3651E-13
 4241.706543  6.3805E-13
 4244.455078  6.4030E-13
 4247.203613  6.3981E-13
 4249.951660  6.3193E-13
 4252.700195  6.2849E-13
 4255.448730  6.3148E-13
 4258.196777  6.2885E-13
 4260.945312  6.3960E-13
 4263.693848  6.3640E-13
 4266.441895  6.3942E-13
 4269.190430  6.4295E-13
 4271.938477  6.2747E-13
 4274.687012  6.2332E-13
 4277.435059  6.2307E-13
 4280.183594  6.3222E-13
 4282.931641  6.3738E-13
 4285.680176  6.2576E-13
 4288.428223  6.2551E-13
 4291.176758  6.1844E-13
 4293.924805  6.0076E-13
 4296.672852  6.1421E-13
 4299.421387  6.1653E-13
 4302.169434  6.0151E-13
 4304.917480  5.9630E-13
 4307.666016  6.0391E-13
 4310.414062  5.9861E-13
 4313.162109  5.9800E-13
 4315.910156  6.0602E-13
 4318.658203  6.0546E-13
 4321.406738  6.1108E-13
 4324.154785  6.1018E-13
 4326.902832  5.9797E-13
 4329.650879  5.8352E-13
 4332.398926  5.8998E-13
 4335.146973  5.8041E-13
 4337.895020  5.5071E-13
 4340.643066  4.9771E-13
 4343.391113  4.2473E-13
 4346.139160  4.5758E-13
 4348.887207  5.2209E-13
 4351.635254  5.6886E-13
 4354.383301  5.7668E-13
 4357.131348  5.9055E-13
 4359.879395  6.0434E-13
 4362.626953  6.1201E-13
 4365.375000  6.1998E-13
 4368.123047  6.1672E-13
 4370.871094  6.1674E-13
 4373.619141  6.1733E-13
 4376.366699  6.2029E-13
 4379.114746  6.1954E-13
 4381.862793  6.2523E-13
 4384.610352  6.2214E-13
 4387.358398  6.0963E-13
 4390.105957  6.1744E-13
 4392.854004  6.2649E-13
 4395.601562  6.2719E-13
 4398.349609  6.1725E-13
 4401.097168  6.2465E-13
 4403.845215  6.2310E-13
 4406.592773  6.2092E-13
 4409.340820  6.2251E-13
 4412.088379  6.2503E-13
 4414.835938  6.2924E-13
 4417.583984  6.1935E-13
 4420.331543  6.2227E-13
 4423.079102  6.2355E-13
 4425.827148  6.2500E-13
 4428.574707  6.2642E-13
 4431.322266  6.2219E-13
 4434.069824  6.2684E-13
 4436.817383  6.2565E-13
 4439.564941  6.2390E-13
 4442.312500  6.2567E-13
 4445.060059  6.2150E-13
 4447.807617  6.1921E-13
 4450.555176  6.1538E-13
 4453.302734  6.1990E-13
 4456.050293  6.2105E-13
 4458.797852  6.1886E-13
 4461.545410  6.1982E-13
 4464.292969  6.1984E-13
 4467.040527  6.2312E-13
 4469.788086  6.1080E-13
 4472.535156  6.1331E-13
 4475.282715  6.1420E-13
 4478.030273  6.2338E-13
 4480.777344  6.2156E-13
 4483.524902  6.1835E-13
 4486.272461  6.1683E-13
 4489.019531  6.2229E-13
 4491.767090  6.2092E-13
 4494.514160  6.2374E-13
 4497.261719  6.2073E-13
 4500.008789  6.1980E-13
 4502.756348  6.1921E-13
 4505.503418  6.2115E-13
 4508.250488  6.2471E-13
 4510.998047  6.2342E-13
 4513.745117  6.2697E-13
 4516.492188  6.2411E-13
 4519.239746  6.2300E-13
 4521.986816  6.2215E-13
 4524.733887  6.0858E-13
 4527.480957  6.1464E-13
 4530.228027  6.1018E-13
 4532.975098  6.0741E-13
 4535.722168  6.0749E-13
 4538.469238  6.0989E-13
 4541.216309  6.1253E-13
 4543.963379  6.1822E-13
 4546.710449  6.1724E-13
 4549.457520  6.1253E-13
 4552.204590  6.0847E-13
 4554.951660  6.0369E-13
 4557.698730  6.0714E-13
 4560.445312  6.1258E-13
 4563.192383  6.1495E-13
 4565.939453  6.1259E-13
 4568.686035  6.1193E-13
 4571.433105  6.1386E-13
 4574.180176  6.1241E-13
 4576.926758  6.1351E-13
 4579.673828  6.1801E-13
 4582.420410  6.1613E-13
 4585.167480  6.1214E-13
 4587.914062  6.0958E-13
 4590.660645  6.0904E-13
 4593.407715  6.0883E-13
 4596.154297  6.0867E-13
 4598.900879  6.1322E-13
 4601.647949  6.1364E-13
 4604.394531  6.1159E-13
 4607.141113  6.1350E-13
 4609.887695  6.1174E-13
 4612.634277  6.1243E-13
 4615.380859  6.1341E-13
 4618.127441  6.1241E-13
 4620.874023  6.1071E-13
 4623.620605  6.1056E-13
 4626.367188  6.1191E-13
 4629.113770  6.1056E-13
 4631.860352  6.1234E-13
 4634.606934  6.0854E-13
 4637.353027  6.1236E-13
 4640.099609  6.0984E-13
 4642.846191  6.1538E-13
 4645.592285  6.0519E-13
 4648.338867  6.0660E-13
 4651.085449  6.0679E-13
 4653.831543  6.0214E-13
 4656.578125  6.0850E-13
 4659.324219  6.0487E-13
 4662.070312  6.0235E-13
 4664.816895  6.0628E-13
 4667.562988  6.0913E-13
 4670.309570  6.0340E-13
 4673.055664  6.0361E-13
 4675.801758  6.0141E-13
 4678.547852  6.0534E-13
 4681.293945  6.0454E-13
 4684.040039  6.0442E-13
 4686.786621  5.9886E-13
 4689.532715  5.9568E-13
 4692.278809  6.0607E-13
 4695.024902  6.0244E-13
 4697.770508  6.0134E-13
 4700.516602  6.0650E-13
 4703.262695  6.0051E-13
 4706.008789  5.9675E-13
 4708.754883  5.9373E-13
 4711.500488  6.0108E-13
 4714.246582  5.9804E-13
 4716.992676  6.0101E-13
 4719.738281  5.9694E-13
 4722.484375  6.0154E-13
 4725.229980  5.9502E-13
 4727.976074  5.9440E-13
 4730.721680  5.9879E-13
 4733.467773  5.9669E-13
 4736.213379  5.9833E-13
 4738.958984  5.9650E-13
 4741.704590  5.9401E-13
 4744.450684  5.9522E-13
 4747.196289  5.9915E-13
 4749.941895  6.0024E-13
 4752.687500  5.9557E-13
 4755.433105  5.9566E-13
 4758.178711  5.9096E-13
 4760.924316  5.8994E-13
 4763.669922  5.9068E-13
 4766.415527  5.9291E-13
 4769.161133  5.9458E-13
 4771.906250  5.9371E-13
 4774.651855  5.8933E-13
 4777.397461  5.9074E-13
 4780.143066  5.8777E-13
 4782.888184  5.8784E-13
 4785.633789  5.8957E-13
 4788.378906  5.8656E-13
 4791.124512  5.8638E-13
 4793.869629  5.8338E-13
 4796.615234  5.8482E-13
 4799.360352  5.8569E-13
 4802.105469  5.8581E-13
 4804.850586  5.8081E-13
 4807.596191  5.8241E-13
 4810.341309  5.8144E-13
 4813.086426  5.8306E-13
 4815.831543  5.8057E-13
 4818.576660  5.7392E-13
 4821.321777  5.7483E-13
 4824.066895  5.7648E-13
 4826.812012  5.8061E-13
 4829.557129  5.8028E-13
 4832.301758  5.7945E-13
 4835.046875  5.7684E-13
 4837.791992  5.7286E-13
 4840.536621  5.7085E-13
 4843.281738  5.6997E-13
 4846.026855  5.6663E-13
 4848.771484  5.5911E-13
 4851.516602  5.5524E-13
 4854.261230  5.4812E-13
 4857.005859  5.3341E-13
 4859.750977  5.0301E-13
 4862.495605  4.4878E-13
 4865.240234  3.9589E-13
 4867.984863  4.4031E-13
 4870.729980  4.9261E-13
 4873.474609  5.2171E-13
 4876.219238  5.3381E-13
 4878.963867  5.4349E-13
 4881.708496  5.5178E-13
 4884.452637  5.5841E-13
 4887.197266  5.5623E-13
 4889.941895  5.6435E-13
 4892.686523  5.6337E-13
 4895.431152  5.5979E-13
 4898.175293  5.6326E-13
 4900.919922  5.6575E-13
 4903.664062  5.7070E-13
 4906.408691  5.7252E-13
 4909.152832  5.7216E-13
 4911.897461  5.6988E-13
 4914.641602  5.7088E-13
 4917.385742  5.7451E-13
 4920.129883  5.6634E-13
 4922.874512  5.6401E-13
 4925.618652  5.6449E-13
 4928.362793  5.6566E-13
 4931.106934  5.6823E-13
 4933.851074  5.6935E-13
 4936.595215  5.7017E-13
 4939.339355  5.6756E-13
 4942.083496  5.7023E-13
 4944.827148  5.6818E-13
 4947.571289  5.7150E-13
 4950.315430  5.7216E-13
 4953.059082  5.6879E-13
 4955.803223  5.6771E-13
 4958.546875  5.6848E-13
 4961.291016  5.6094E-13
 4964.034668  5.6252E-13
 4966.778809  5.6507E-13
 4969.522461  5.6791E-13
 4972.266113  5.6995E-13
 4975.009766  5.6942E-13
 4977.753906  5.6946E-13
 4980.497559  5.6880E-13
 4983.241211  5.6649E-13
 4985.984863  5.6420E-13
 4988.728516  5.6140E-13
 4991.471680  5.6529E-13
 4994.215332  5.6495E-13
 4996.958984  5.6720E-13
 4999.702637  5.6493E-13
 5002.445801  5.6286E-13
 5005.189453  5.6454E-13
 5007.933105  5.6134E-13
 5010.676270  5.5927E-13
 5013.419922  5.6025E-13
 5016.163086  5.5965E-13
 5018.906250  5.6067E-13
 5021.649902  5.5986E-13
 5024.393066  5.6166E-13
 5027.136230  5.5422E-13
 5029.879395  5.5919E-13
 5032.622559  5.5468E-13
 5035.365723  5.6059E-13
 5038.108887  5.6447E-13
 5040.852051  5.5571E-13
 5043.595215  5.5787E-13
 5046.338379  5.5829E-13
 5049.081055  5.6357E-13
 5051.824219  5.6043E-13
 5054.566895  5.5732E-13
 5057.310059  5.5924E-13
 5060.053223  5.6156E-13
 5062.795898  5.5995E-13
 5065.538574  5.5807E-13
 5068.281738  5.5871E-13
 5071.024414  5.5623E-13
 5073.767090  5.5650E-13
 5076.509766  5.5688E-13
 5079.252441  5.5742E-13
 5081.995117  5.5571E-13
 5084.737793  5.5133E-13
 5087.480469  5.5579E-13
 5090.223145  5.5437E-13
 5092.965820  5.5623E-13
 5095.708496  5.5401E-13
 5098.450684  5.5483E-13
 5101.193359  5.5469E-13
 5103.935547  5.5549E-13
 5106.678223  5.5418E-13
 5109.420410  5.5431E-13
 5112.163086  5.5035E-13
 5114.905273  5.5130E-13
 5117.647461  5.5200E-13
 5120.390137  5.5020E-13
 5123.132324  5.5260E-13
 5125.874512  5.5066E-13
 5128.616699  5.4431E-13
 5131.358887  5.5152E-13
 5134.101074  5.4714E-13
 5136.842773  5.4350E-13
 5139.584961  5.4521E-13
 5142.327148  5.4397E-13
 5145.069336  5.4413E-13
 5147.811035  5.4623E-13
 5150.553223  5.4747E-13
 5153.294922  5.4726E-13
 5156.037109  5.4827E-13
 5158.778809  5.4775E-13
 5161.520508  5.4656E-13
 5164.262207  5.4637E-13
 5167.004395  5.4186E-13
 5169.746094  5.3239E-13
 5172.487793  5.1862E-13
 5175.229492  5.2077E-13
 5177.971191  5.2546E-13
 5180.712402  5.4013E-13
 5183.454102  5.3784E-13
 5186.195801  5.3288E-13
 5188.937500  5.2328E-13
 5191.678711  5.3372E-13
 5194.420410  5.3542E-13
 5197.161621  5.3382E-13
 5199.903320  5.3593E-13
 5202.644531  5.3665E-13
 5205.385742  5.3789E-13
 5208.126953  5.3768E-13
 5210.868652  5.3307E-13
 5213.609863  5.3356E-13
 5216.351074  5.3994E-13
 5219.092285  5.3755E-13
 5221.833008  5.3693E-13
 5224.574219  5.4138E-13
 5227.315430  5.3850E-13
 5230.056641  5.3354E-13
 5232.797363  5.2926E-13
 5235.538574  5.3054E-13
 5238.279297  5.3180E-13
 5241.020508  5.3652E-13
 5243.761230  5.3940E-13
 5246.501953  5.3741E-13
 5249.243164  5.3716E-13
 5251.983887  5.3552E-13
 5254.724609  5.3512E-13
 5257.465332  5.3753E-13
 5260.206055  5.3748E-13
 5262.946777  5.3497E-13
 5265.687500  5.2915E-13
 5268.427734  5.2773E-13
 5271.168457  5.1823E-13
 5273.909180  5.2005E-13
 5276.649414  5.2516E-13
 5279.390137  5.2782E-13
 5282.130371  5.3069E-13
 5284.871094  5.2912E-13
 5287.611328  5.2912E-13
 5290.351562  5.3139E-13
 5293.091797  5.3489E-13
 5295.832031  5.3074E-13
 5298.572266  5.3443E-13
 5301.312500  5.3130E-13
 5304.052734  5.2971E-13
 5306.792969  5.2926E-13
 5309.533203  5.3266E-13
 5312.272949  5.3065E-13
 5315.013184  5.2668E-13
 5317.753418  5.2573E-13
 5320.493164  5.2819E-13
 5323.233398  5.2628E-13
 5325.973145  5.2451E-13
 5328.712891  5.1900E-13
 5331.452637  5.1740E-13
 5334.192383  5.1782E-13
 5336.932129  5.2244E-13
 5339.671875  5.2459E-13
 5342.411621  5.2085E-13
 5345.151367  5.2255E-13
 5347.891113  5.2361E-13
 5350.630859  5.2629E-13
 5353.370117  5.2802E-13
 5356.109863  5.1680E-13
 5358.849121  5.2393E-13
 5361.588867  5.2394E-13
 5364.328125  5.2475E-13
 5367.067383  5.2575E-13
 5369.807129  5.2471E-13
 5372.546387  5.1834E-13
 5375.285645  5.0774E-13
 5378.024902  5.1941E-13
 5380.764160  5.2163E-13
 5383.502930  5.2132E-13
 5386.242188  5.1864E-13
 5388.981445  5.1922E-13
 5391.720703  5.1915E-13
 5394.459473  5.2264E-13
 5397.198730  5.1789E-13
 5399.937500  5.1339E-13
 5402.676270  5.0726E-13
 5405.415527  5.1343E-13
 5408.154297  5.1364E-13
 5410.893066  5.1211E-13
 5413.631836  5.1419E-13
 5416.370605  5.1375E-13
 5419.109375  5.1643E-13
 5421.847656  5.1550E-13
 5424.586426  5.1797E-13
 5427.325195  5.1372E-13
 5430.063477  5.1513E-13
 5432.802246  5.1234E-13
 5435.540527  5.1072E-13
 5438.279297  5.0807E-13
 5441.017578  5.1157E-13
 5443.755859  5.1200E-13
 5446.494141  5.1261E-13
 5449.232422  5.0861E-13
 5450.531738  5.0809E-13
 5455.402832  5.0918E-13
 5460.274414  5.0474E-13
 5465.145996  5.0576E-13
 5470.017578  5.0682E-13
 5474.888672  5.1143E-13
 5479.760254  5.0850E-13
 5484.632324  5.0689E-13
 5489.503906  5.0603E-13
 5494.375488  5.0699E-13
 5499.247559  5.0585E-13
 5504.119141  5.0771E-13
 5508.991211  5.0509E-13
 5513.863281  5.0452E-13
 5518.735352  5.0647E-13
 5523.607422  5.0964E-13
 5528.479492  5.0299E-13
 5533.351562  5.0054E-13
 5538.224121  5.0269E-13
 5543.096191  4.9815E-13
 5547.968750  5.0242E-13
 5552.840820  5.0127E-13
 5557.713379  5.0045E-13
 5562.585938  5.0069E-13
 5567.458496  5.0062E-13
 5572.331055  4.9900E-13
 5577.204102  4.9558E-13
 5582.076660  4.9740E-13
 5586.949219  4.9966E-13
 5591.822266  4.9510E-13
 5596.695312  4.9041E-13
 5601.567871  4.9410E-13
 5606.440918  4.9262E-13
 5611.313965  4.9608E-13
 5616.187012  4.8935E-13
 5621.060547  4.8778E-13
 5625.933594  4.9051E-13
 5630.806641  4.9278E-13
 5635.680176  4.8997E-13
 5640.553711  4.8865E-13
 5645.426758  4.8781E-13
 5650.300293  4.8753E-13
 5655.173828  4.8926E-13
 5660.047363  4.8897E-13
 5664.920898  4.8751E-13
 5669.794922  4.8757E-13
 5674.668457  4.8628E-13
 5679.542480  4.8413E-13
 5684.416016  4.8537E-13
 5689.290039  4.8030E-13
 5694.164062  4.8275E-13
 5699.038086  4.8366E-13
 5703.912109  4.8557E-13
 5708.786133  4.8282E-13
 5713.660156  4.8085E-13
 5718.534180  4.8341E-13
 5723.408691  4.8282E-13
 5728.282715  4.8057E-13
 5733.157227  4.7894E-13
 5738.031250  4.7992E-13
 5742.905762  4.7772E-13
 5747.780273  4.7882E-13
 5752.654785  4.7945E-13
 5757.529297  4.7808E-13
 5762.403809  4.7655E-13
 5767.278809  4.7790E-13
 5772.153320  4.7724E-13
 5777.028320  4.7750E-13
 5781.902832  4.8001E-13
 5786.777832  4.7471E-13
 5791.652832  4.7291E-13
 5796.527832  4.7233E-13
 5801.402832  4.7337E-13
 5806.277832  4.7039E-13
 5811.152832  4.7345E-13
 5816.027832  4.7177E-13
 5820.903320  4.7244E-13
 5825.778320  4.7011E-13
 5830.653809  4.6889E-13
 5835.529297  4.6794E-13
 5840.404297  4.6744E-13
 5845.279785  4.6796E-13
 5850.155273  4.6718E-13
 5855.030762  4.6237E-13
 5859.906738  4.5891E-13
 5864.782227  4.6371E-13
 5869.657715  4.6409E-13
 5874.533691  4.6538E-13
 5879.409180  4.6425E-13
 5884.285156  4.6319E-13
 5889.161133  4.6082E-13
 5894.036621  4.5358E-13
 5898.912598  4.5447E-13
 5903.788574  4.5378E-13
 5908.664551  4.5941E-13
 5913.541016  4.6245E-13
 5918.416992  4.5635E-13
 5923.292969  4.6177E-13
 5928.169434  4.5459E-13
 5933.045410  4.6075E-13
 5937.921875  4.5810E-13
 5942.798340  4.5999E-13
 5947.674805  4.5605E-13
 5952.551270  4.5621E-13
 5957.427734  4.5858E-13
 5962.304199  4.5316E-13
 5967.180664  4.5576E-13
 5972.057129  4.5599E-13
 5976.934082  4.5464E-13
 5981.810547  4.5213E-13
 5986.687500  4.5256E-13
 5991.563965  4.5167E-13
 5996.440918  4.5152E-13
 6001.317871  4.5174E-13
 6006.194824  4.4865E-13
 6011.071777  4.4983E-13
 6015.948730  4.4958E-13
 6020.825684  4.4861E-13
 6025.703125  4.4931E-13
 6030.580078  4.4797E-13
 6035.457031  4.4837E-13
 6040.334473  4.4705E-13
 6045.211914  4.5152E-13
 6050.088867  4.4803E-13
 6054.966309  4.4437E-13
 6059.843750  4.4324E-13
 6064.721191  4.4336E-13
 6069.598633  4.4290E-13
 6074.476074  4.4276E-13
 6079.353516  4.4187E-13
 6084.231445  4.4216E-13
 6089.108887  4.4003E-13
 6093.986816  4.4070E-13
 6098.864258  4.4133E-13
 6103.742188  4.4169E-13
 6108.620117  4.4181E-13
 6113.497559  4.4031E-13
 6118.375488  4.3928E-13
 6123.253418  4.3894E-13
 6128.131348  4.3169E-13
 6133.009766  4.3817E-13
 6137.887695  4.3620E-13
 6142.765625  4.3520E-13
 6147.644043  4.3428E-13
 6152.521973  4.3505E-13
 6157.400391  4.3404E-13
 6162.278320  4.3459E-13
 6167.156738  4.3181E-13
 6172.035156  4.3117E-13
 6176.913574  4.3407E-13
 6181.791992  4.3464E-13
 6186.670410  4.3261E-13
 6191.548828  4.3149E-13
 6196.427246  4.3203E-13
 6201.305664  4.3059E-13
 6206.184570  4.2999E-13
 6211.062988  4.2955E-13
 6215.941895  4.2942E-13
 6220.820312  4.2862E-13
 6225.699219  4.2733E-13
 6230.578125  4.2852E-13
 6235.457031  4.2749E-13
 6240.335938  4.2738E-13
 6245.214844  4.2574E-13
 6250.093750  4.2578E-13
 6254.972656  4.2311E-13
 6259.851562  4.2495E-13
 6264.730469  4.2494E-13
 6269.609863  4.2270E-13
 6274.488770  4.2286E-13
 6279.368164  4.2386E-13
 6284.247070  4.2377E-13
 6289.126465  4.2214E-13
 6294.005859  4.2038E-13
 6298.884766  4.2062E-13
 6303.764160  4.1925E-13
 6308.643555  4.1743E-13
 6313.522949  4.1633E-13
 6318.402832  4.1652E-13
 6323.282227  4.1476E-13
 6328.161621  4.1243E-13
 6333.041016  4.1120E-13
 6337.920898  4.1105E-13
 6342.800293  4.1370E-13
 6347.680176  4.1278E-13
 6352.559570  4.1328E-13
 6357.439453  4.1225E-13
 6362.319336  4.1476E-13
 6367.199219  4.1389E-13
 6372.079102  4.1277E-13
 6376.958984  4.1176E-13
 6381.838867  4.1392E-13
 6386.718750  4.1134E-13
 6391.598633  4.1203E-13
 6396.478516  4.0863E-13
 6401.358887  4.0978E-13
 6406.238770  4.0950E-13
 6411.119141  4.0747E-13
 6415.999023  4.0709E-13
 6420.879395  4.0712E-13
 6425.759766  4.0588E-13
 6430.639648  4.0634E-13
 6435.520020  4.0546E-13
 6440.400391  4.0367E-13
 6445.280762  4.0179E-13
 6450.161133  4.0156E-13
 6455.041504  4.0191E-13
 6459.921875  4.0160E-13
 6464.802734  4.0004E-13
 6469.683105  4.0059E-13
 6474.563477  4.0080E-13
 6479.444336  3.9899E-13
 6484.324707  3.9920E-13
 6489.205566  3.9930E-13
 6494.085938  3.9673E-13
 6498.966797  3.9762E-13
 6503.847656  3.9606E-13
 6508.728516  3.9911E-13
 6513.609375  3.9661E-13
 6518.489746  3.9674E-13
 6523.370605  3.9517E-13
 6528.251953  3.9535E-13
 6533.132812  3.9313E-13
 6538.013672  3.9091E-13
 6542.894531  3.9006E-13
 6547.775879  3.8641E-13
 6552.656738  3.7904E-13
 6557.537598  3.6785E-13
 6562.418945  3.4836E-13
 6567.300293  3.1486E-13
 6572.181152  3.2120E-13
 6577.062500  3.5280E-13
 6581.943848  3.6766E-13
 6586.824707  3.7762E-13
 6591.706055  3.8376E-13
 6596.587402  3.8320E-13
 6601.468750  3.8687E-13
 6606.350098  3.8675E-13
 6611.231934  3.8795E-13
 6616.113281  3.8687E-13
 6620.994629  3.8664E-13
 6625.875977  3.8554E-13
 6630.757812  3.8622E-13
 6635.639160  3.8657E-13
 6640.520996  3.8600E-13
 6645.402344  3.8773E-13
 6650.284180  3.8543E-13
 6655.165527  3.8610E-13
 6660.047363  3.8549E-13
 6664.929199  3.8512E-13
 6669.811035  3.8328E-13
 6674.692871  3.8369E-13
 6679.574707  3.8488E-13
 6684.456543  3.8050E-13
 6689.338379  3.8239E-13
 6694.220215  3.8131E-13
 6699.102051  3.8179E-13
 6703.983887  3.8166E-13
 6708.865723  3.8073E-13
 6713.748047  3.8015E-13
 6718.629883  3.7995E-13
 6723.512207  3.8164E-13
 6728.394043  3.8180E-13
 6733.276367  3.7841E-13
 6738.158203  3.7794E-13
 6743.040527  3.7927E-13
 6747.922852  3.7937E-13
 6752.804688  3.7727E-13
 6757.687012  3.7686E-13
 6762.569336  3.7579E-13
 6767.451660  3.7658E-13
 6772.333984  3.7669E-13
 6777.216309  3.7442E-13
 6782.098633  3.7523E-13
 6786.980957  3.7400E-13
 6791.863770  3.7561E-13
 6796.746094  3.7364E-13
 6801.628418  3.7352E-13
 6806.510742  3.7171E-13
 6811.393555  3.7254E-13
 6816.275879  3.7246E-13
 6821.158691  3.7156E-13
 6826.041016  3.7043E-13
 6830.923828  3.7238E-13
 6835.806152  3.7104E-13
 6840.688965  3.7039E-13
 6845.571777  3.6944E-13
 6850.454590  3.6887E-13
 6855.337402  3.6958E-13
 6860.219727  3.6490E-13
 6865.102539  3.6603E-13
 6869.985352  3.6439E-13
 6874.868164  3.6565E-13
 6879.750977  3.6890E-13
 6884.634277  3.6424E-13
 6889.517090  3.6558E-13
 6894.399902  3.6779E-13
 6899.282715  3.6661E-13
 6904.165527  3.6309E-13
 6909.048828  3.6337E-13
 6913.931641  3.6180E-13
 6918.814941  3.6464E-13
 6923.697754  3.6147E-13
 6928.581055  3.6252E-13
 6933.463867  3.6397E-13
 6938.347168  3.5967E-13
 6943.230469  3.6100E-13
 6948.113281  3.6003E-13
 6952.996582  3.5779E-13
 6957.879883  3.5977E-13
 6962.763184  3.5991E-13
 6967.645996  3.5820E-13
 6972.529297  3.5776E-13
 6977.412598  3.5730E-13
 6982.295898  3.5772E-13
 6987.179199  3.5669E-13
 6992.062988  3.5830E-13
 6996.946289  3.5546E-13
 7001.829590  3.5740E-13
 7006.712891  3.5505E-13
 7011.596191  3.5439E-13
 7016.479980  3.5283E-13
 7021.363281  3.5213E-13
 7026.246582  3.5436E-13
 7031.130371  3.5382E-13
 7036.013672  3.5252E-13
 7040.897461  3.4889E-13
 7045.780762  3.4987E-13
 7050.664551  3.5062E-13
 7055.547852  3.5059E-13
 7060.431641  3.5007E-13
 7065.315430  3.4875E-13
 7070.198730  3.4846E-13
 7075.082520  3.4896E-13
 7079.966309  3.4659E-13
 7084.850098  3.4822E-13
 7089.733887  3.4627E-13
 7094.617676  3.4731E-13
 7099.501465  3.4634E-13
 7104.385254  3.4849E-13
 7109.269043  3.4693E-13
 7114.152832  3.4602E-13
 7119.036621  3.4273E-13
 7123.920410  3.4516E-13
 7128.804199  3.4488E-13
 7133.687988  3.4305E-13
 7138.571777  3.4286E-13
 7143.456055  3.4476E-13
 7148.339844  3.4324E-13
 7153.223633  3.4297E-13
 7158.107910  3.4015E-13
 7162.991699  3.4112E-13
 7167.875977  3.4116E-13
 7172.759766  3.4138E-13
 7177.644043  3.4083E-13
 7182.527832  3.3793E-13
 7187.412109  3.3851E-13
 7192.295898  3.3922E-13
 7197.180176  3.3931E-13
 7202.064453  3.3802E-13
 7206.948242  3.3651E-13
 7211.832520  3.3688E-13
 7216.716797  3.3782E-13
 7221.601074  3.3681E-13
 7226.484863  3.3797E-13
 7231.369141  3.3542E-13
 7236.253418  3.3586E-13
 7241.137695  3.3394E-13
 7246.021973  3.3760E-13
 7250.906250  3.3539E-13
 7255.790527  3.3466E-13
 7260.674805  3.3208E-13
 7265.559082  3.3228E-13
 7270.443359  3.3423E-13
 7275.327637  3.3253E-13
 7280.211914  3.3026E-13
 7285.096680  3.3329E-13
 7289.980957  3.3061E-13
 7294.865234  3.3153E-13
 7299.749512  3.3162E-13
 7304.633789  3.2935E-13
 7309.518555  3.3052E-13
 7314.402832  3.2909E-13
 7319.287109  3.2814E-13
 7324.171875  3.2978E-13
 7329.056152  3.2740E-13
 7333.940918  3.2654E-13
 7338.825195  3.2783E-13
 7343.709961  3.2630E-13
 7348.594238  3.2806E-13
 7353.479004  3.2954E-13
 7358.363281  3.2659E-13
 7363.248047  3.2583E-13
 7368.132324  3.2356E-13
 7373.017090  3.2529E-13
 7377.901855  3.2317E-13
 7382.786133  3.2370E-13
 7387.670898  3.2350E-13
 7392.555664  3.2064E-13
 7397.440430  3.2272E-13
 7402.324707  3.2225E-13
 7407.209473  3.2161E-13
 7412.094238  3.2018E-13
 7416.979004  3.2118E-13
 7421.863770  3.1958E-13
 7426.748047  3.2038E-13
 7431.632812  3.1904E-13
 7436.517578  3.1915E-13
 7441.402344  3.1874E-13
 7446.287109  3.2043E-13
 7451.171875  3.1948E-13
 7456.056641  3.1922E-13
 7460.941406  3.1700E-13
 7465.826172  3.1594E-13
 7470.710938  3.1882E-13
 7475.595703  3.1589E-13
 7480.480469  3.1580E-13
 7485.365234  3.1474E-13
 7490.250488  3.1574E-13
 7495.135254  3.1551E-13
 7500.020020  3.1421E-13
 7504.904785  3.1383E-13
 7509.789551  3.1287E-13
 7514.674316  3.1441E-13
 7519.559570  3.1241E-13
 7524.444336  3.1431E-13
 7529.329102  3.1147E-13
 7534.213867  3.1054E-13
 7539.099121  3.1101E-13
 7543.983887  3.1070E-13
 7548.868652  3.1332E-13
 7553.753906  3.1015E-13
 7558.638672  3.1109E-13
 7563.523438  3.1164E-13
 7568.408691  3.1130E-13
 7573.293457  3.0860E-13
 7578.178223  3.0772E-13
 7583.063477  3.0747E-13
 7587.948242  3.0906E-13
 7592.833496  3.0686E-13
 7597.718262  3.0658E-13
 7602.603516  3.0661E-13
 7607.488281  3.0691E-13
 7612.373535  3.0804E-13
 7617.258301  3.0632E-13
 7622.143555  3.0670E-13
 7627.028320  3.0745E-13
 7631.913574  3.0440E-13
 7636.798340  3.0583E-13
 7641.683594  3.0348E-13
 7646.568359  3.0252E-13
 7651.453613  3.0496E-13
 7656.338867  3.0524E-13
 7661.223633  3.0234E-13
 7666.108887  3.0135E-13
 7670.993652  3.0206E-13
 7675.878906  3.0158E-13
 7680.764160  3.0221E-13
 7685.648926  3.0324E-13
 7690.534180  2.9987E-13
 7695.419434  3.0134E-13
 7700.304199  2.9788E-13
 7705.189453  2.9998E-13
 7710.074707  2.9995E-13
 7714.959473  2.9683E-13
 7719.844727  2.9922E-13
 7724.729980  2.9982E-13
 7729.614746  2.9941E-13
 7734.500000  3.0165E-13
 7739.385254  2.9764E-13
 7744.270508  2.9777E-13
 7749.155273  2.9609E-13
 7754.040527  2.9520E-13
 7758.925781  2.9649E-13
 7763.811035  2.9698E-13
 7768.695801  2.9639E-13
 7773.581055  2.9683E-13
 7778.466309  2.9515E-13
 7783.351562  2.9313E-13
 7788.236328  2.9511E-13
 7793.121582  2.9532E-13
 7798.006836  2.9386E-13
 7802.892090  2.9261E-13
 7807.777344  2.9496E-13
 7812.662109  2.9299E-13
 7817.547363  2.9289E-13
 7822.432617  2.9183E-13
 7827.317871  2.9232E-13
 7832.202637  2.9165E-13
 7837.087891  2.9120E-13
 7841.973145  2.9098E-13
 7846.858398  2.9024E-13
 7851.743652  2.8992E-13
 7856.628418  2.9196E-13
 7861.513672  2.9282E-13
 7866.398926  2.9002E-13
 7871.284180  2.8834E-13
 7876.169434  2.8791E-13
 7881.054199  2.8637E-13
 7885.939453  2.8724E-13
 7890.824707  2.8723E-13
 7895.709961  2.8934E-13
 7900.595215  2.8789E-13
 7905.479980  2.8669E-13
 7910.365234  2.8411E-13
 7915.250488  2.8390E-13
 7920.135742  2.8265E-13
 7925.020508  2.8342E-13
 7929.905762  2.8362E-13
 7934.791016  2.8166E-13
 7939.676270  2.8305E-13
 7944.561523  2.8084E-13
 7949.446289  2.8208E-13
 7954.331543  2.8217E-13
 7959.216797  2.7987E-13
 7964.102051  2.8321E-13
 7968.986816  2.8179E-13
 7973.872070  2.8195E-13
 7978.757324  2.8488E-13
 7983.642090  2.8318E-13
 7988.527344  2.8155E-13
 7993.412598  2.8166E-13
 7998.297852  2.7858E-13
 8003.182617  2.7923E-13
 8008.067871  2.7970E-13
 8012.953125  2.8041E-13
 8017.837891  2.8110E-13
 8022.723145  2.7957E-13
 8027.608398  2.7999E-13
 8032.493164  2.8016E-13
 8037.378418  2.7777E-13
 8042.263672  2.7878E-13
 8047.148438  2.7663E-13
 8052.033691  2.7648E-13
 8056.918457  2.7553E-13
 8061.803711  2.7593E-13
 8066.688965  2.7455E-13
 8071.573730  2.7537E-13
 8076.458984  2.7417E-13
 8081.343750  2.7360E-13
 8086.229004  2.7234E-13
 8091.113770  2.7291E-13
 8095.999023  2.7241E-13
 8100.883789  2.7233E-13
 8105.769043  2.7282E-13
 8110.653809  2.7012E-13
 8115.539062  2.7210E-13
 8120.423828  2.7187E-13
 8125.309082  2.7076E-13
 8130.193848  2.7177E-13
 8135.079102  2.7252E-13
 8139.963867  2.6961E-13
 8144.848633  2.6992E-13
 8149.733887  2.7201E-13
 8154.618652  2.6998E-13
 8159.503906  2.6948E-13
 8164.388672  2.6929E-13
 8169.273438  2.6781E-13
 8174.158691  2.6823E-13
 8179.043457  2.6699E-13
 8183.928223  2.6844E-13
 8188.812988  2.6429E-13
 8193.698242  2.6538E-13
 8198.583008  2.6669E-13
 8203.467773  2.6623E-13
 8208.352539  2.6284E-13
 8213.237305  2.6481E-13
 8218.122070  2.6565E-13
 8223.006836  2.6365E-13
 8227.891602  2.6481E-13
 8232.776367  2.6681E-13
 8237.662109  2.6374E-13
 8242.546875  2.6485E-13
 8247.431641  2.6445E-13
 8252.316406  2.6431E-13
 8257.201172  2.6362E-13
 8262.085938  2.6307E-13
 8266.970703  2.6007E-13
 8271.855469  2.6126E-13
 8276.740234  2.6051E-13
 8281.625000  2.6159E-13
 8286.509766  2.6034E-13
 8291.393555  2.6050E-13
 8296.278320  2.5943E-13
 8301.163086  2.5998E-13
 8306.047852  2.5965E-13
 8310.932617  2.5938E-13
 8315.817383  2.5881E-13
 8320.702148  2.5806E-13
 8325.586914  2.5728E-13
 8330.471680  2.5873E-13
 8335.355469  2.5905E-13
 8340.240234  2.5680E-13
 8345.125000  2.5733E-13
 8350.009766  2.5608E-13
 8354.894531  2.5461E-13
 8359.778320  2.5617E-13
 8364.663086  2.5283E-13
 8369.547852  2.5237E-13
 8374.432617  2.5214E-13
 8379.317383  2.5475E-13
 8384.201172  2.5171E-13
 8389.085938  2.5372E-13
 8393.970703  2.5412E-13
 8398.854492  2.5433E-13
 8403.739258  2.5358E-13
 8408.624023  2.5251E-13
 8413.507812  2.5417E-13
 8418.392578  2.5323E-13
 8423.277344  2.5244E-13
 8428.161133  2.5154E-13
 8433.045898  2.5193E-13
 8437.929688  2.5319E-13
 8442.814453  2.5111E-13
 8447.698242  2.4945E-13
 8452.583008  2.4762E-13
 8457.467773  2.4880E-13
 8462.351562  2.4940E-13
 8467.236328  2.5128E-13
 8472.120117  2.5058E-13
 8477.003906  2.4929E-13
 8481.888672  2.4983E-13
 8486.772461  2.4936E-13
 8491.657227  2.4941E-13
 8496.541016  2.4791E-13
 8501.425781  2.4647E-13
 8506.309570  2.4150E-13
 8511.193359  2.4324E-13
 8516.078125  2.4355E-13
 8520.961914  2.4475E-13
 8525.845703  2.4625E-13
 8530.730469  2.4617E-13
 8535.614258  2.4277E-13
 8540.498047  2.4217E-13
 8545.381836  2.3967E-13
 8550.266602  2.3151E-13
 8555.150391  2.3692E-13
 8560.034180  2.4238E-13
 8564.917969  2.4097E-13
 8569.801758  2.4532E-13
 8574.685547  2.4496E-13
 8579.570312  2.4654E-13
 8584.454102  2.4341E-13
 8589.337891  2.4194E-13
 8594.221680  2.4104E-13
 8599.105469  2.4139E-13
 8603.989258  2.4093E-13
 8608.873047  2.4053E-13
 8613.756836  2.3909E-13
 8618.640625  2.3893E-13
 8623.524414  2.4020E-13
 8628.408203  2.3940E-13
 8633.291992  2.3946E-13
 8638.175781  2.3831E-13
 8643.059570  2.3941E-13
 8647.943359  2.3790E-13
 8652.826172  2.3978E-13
 8657.709961  2.3736E-13
 8662.593750  2.3602E-13
 8667.477539  2.3007E-13
 8672.361328  2.2796E-13
 8677.244141  2.3156E-13
 8682.127930  2.3352E-13
 8687.011719  2.3501E-13
 8691.895508  2.3649E-13
 8696.778320  2.3643E-13
 8701.662109  2.3660E-13
 8706.545898  2.3662E-13
 8711.428711  2.3622E-13
 8716.312500  2.3594E-13
 8721.195312  2.3657E-13
 8726.079102  2.3720E-13
 8730.961914  2.3565E-13
 8735.845703  2.3503E-13
 8740.728516  2.3514E-13
 8745.612305  2.3282E-13
 8750.495117  2.3127E-13
 8755.378906  2.3037E-13
 8760.261719  2.3114E-13
 8765.145508  2.3120E-13
 8770.028320  2.3298E-13
 8774.911133  2.3315E-13
 8779.794922  2.3216E-13
 8784.677734  2.3084E-13
 8789.560547  2.3232E-13
 8794.443359  2.2996E-13
 8799.327148  2.3044E-13
 8804.209961  2.3106E-13
 8809.092773  2.3106E-13
 8813.975586  2.3124E-13
 8818.858398  2.3084E-13
 8823.742188  2.3115E-13
 8828.625000  2.2845E-13
 8833.507812  2.2810E-13
 8838.390625  2.2948E-13
 8843.273438  2.2894E-13
 8848.156250  2.2930E-13
 8853.039062  2.2708E-13
 8857.921875  2.2692E-13
 8862.804688  2.2569E-13
 8867.687500  2.2264E-13
 8872.569336  2.2153E-13
 8877.452148  2.2458E-13
 8882.334961  2.2612E-13
 8887.217773  2.2486E-13
 8892.100586  2.2564E-13
 8896.982422  2.2514E-13
 8901.865234  2.2423E-13
 8906.748047  2.2401E-13
 8911.630859  2.2475E-13
 8916.512695  2.2554E-13
 8921.395508  2.2469E-13
 8926.277344  2.2572E-13
 8931.160156  2.2615E-13
 8936.042969  2.2424E-13
 8940.924805  2.2647E-13
 8945.807617  2.2092E-13
 8950.689453  2.2510E-13
 8955.572266  2.2485E-13
 8960.454102  2.2588E-13
 8965.335938  2.2428E-13
 8970.218750  2.2397E-13
 8975.100586  2.2521E-13
 8979.982422  2.2325E-13
 8984.865234  2.2595E-13
 8989.747070  2.2286E-13
 8994.628906  2.2586E-13
 8999.510742  2.2147E-13
 9004.393555  2.1908E-13
 9009.275391  2.1774E-13
 9014.157227  2.1458E-13
 9019.039062  2.1490E-13
 9023.920898  2.1184E-13
 9028.802734  2.1510E-13
 9033.684570  2.1741E-13
 9038.566406  2.2011E-13
 9043.448242  2.2007E-13
 9048.330078  2.1736E-13
 9053.211914  2.1999E-13
 9058.093750  2.1755E-13
 9062.975586  2.1651E-13
 9067.857422  2.1796E-13
 9072.738281  2.1675E-13
 9077.620117  2.2040E-13
 9082.501953  2.2073E-13
 9087.383789  2.1732E-13
 9092.264648  2.1623E-13
 9097.146484  2.1502E-13
 9102.027344  2.1592E-13
 9106.909180  2.1631E-13
 9111.791016  2.1802E-13
 9116.671875  2.1905E-13
 9121.553711  2.1729E-13
 9126.434570  2.1633E-13
 9131.316406  2.1578E-13
 9136.197266  2.1562E-13
 9141.078125  2.1363E-13
 9145.959961  2.1570E-13
 9150.840820  2.1470E-13
 9155.721680  2.1446E-13
 9160.602539  2.1559E-13
 9165.484375  2.1629E-13
 9170.365234  2.1418E-13
 9175.246094  2.1137E-13
 9180.126953  2.1086E-13
 9185.007812  2.1164E-13
 9189.888672  2.1434E-13
 9194.769531  2.1354E-13
 9199.650391  2.1395E-13
 9204.531250  2.1247E-13
 9209.412109  2.0995E-13
 9214.292969  2.1033E-13
 9219.173828  2.0771E-13
 9224.054688  2.0868E-13
 9228.935547  2.0816E-13
 9233.815430  2.0284E-13
 9238.696289  2.0293E-13
 9243.577148  2.0269E-13
 9248.458008  2.0205E-13
 9253.337891  2.0533E-13
 9258.218750  2.0637E-13
 9263.098633  2.0900E-13
 9267.979492  2.0937E-13
 9272.859375  2.0893E-13
 9277.740234  2.0801E-13
 9282.620117  2.0756E-13
 9287.500977  2.0898E-13
 9292.380859  2.0925E-13
 9297.260742  2.1001E-13
 9302.141602  2.0807E-13
 9307.021484  2.0682E-13
 9311.901367  2.0580E-13
 9316.781250  2.0404E-13
 9321.662109  2.0399E-13
 9326.541992  2.0439E-13
 9331.421875  2.0513E-13
 9336.301758  2.0531E-13
 9341.181641  2.0544E-13
 9346.061523  2.0382E-13
 9350.941406  2.0252E-13
 9355.821289  2.0304E-13
 9360.701172  2.0355E-13
 9365.580078  2.0403E-13
 9370.459961  2.0380E-13
 9375.339844  2.0425E-13
 9380.219727  2.0228E-13
 9385.098633  2.0030E-13
 9389.978516  2.0048E-13
 9394.858398  2.0065E-13
 9399.737305  2.0193E-13
 9404.617188  2.0185E-13
 9409.496094  2.0234E-13
 9414.375977  2.0144E-13
 9419.254883  1.9973E-13
 9424.134766  1.9751E-13
 9429.013672  1.9967E-13
 9433.892578  1.9926E-13
 9438.772461  1.9842E-13
 9443.651367  2.0061E-13
 9448.530273  1.9942E-13
 9453.409180  1.9979E-13
 9458.288086  1.9969E-13
 9463.166992  1.9960E-13
 9468.046875  2.0030E-13
 9472.925781  2.0042E-13
 9477.804688  2.0124E-13
 9482.682617  1.9906E-13
 9487.561523  1.9632E-13
 9492.440430  1.9700E-13
 9497.319336  1.9782E-13
 9502.198242  1.9729E-13
 9507.077148  1.9701E-13
 9511.955078  1.9813E-13
 9516.833984  1.9700E-13
 9521.712891  1.9711E-13
 9526.590820  1.9668E-13
 9531.469727  1.9464E-13
 9536.347656  1.9562E-13
 9541.226562  1.9295E-13
 9546.104492  1.8901E-13
 9550.983398  1.8700E-13
 9555.861328  1.8239E-13
 9560.739258  1.8491E-13
 9565.617188  1.8943E-13
 9570.496094  1.9178E-13
 9575.374023  1.8845E-13
 9580.251953  1.9051E-13
 9585.129883  1.8915E-13
 9590.007812  1.9013E-13
 9594.885742  1.9113E-13
 9599.763672  1.9136E-13
 9604.641602  1.9312E-13
 9609.519531  1.9178E-13
 9614.397461  1.9275E-13
 9619.275391  1.9231E-13
 9624.152344  1.9496E-13
 9629.030273  1.9347E-13
 9633.908203  1.9140E-13
 9638.785156  1.9004E-13
 9643.663086  1.8925E-13
 9648.541016  1.8741E-13
 9653.417969  1.8733E-13
 9658.295898  1.8543E-13
 9663.172852  1.8643E-13
 9668.049805  1.8675E-13
 9672.927734  1.8927E-13
 9677.804688  1.8853E-13
 9682.681641  1.9009E-13
 9687.559570  1.8904E-13
 9692.436523  1.8875E-13
 9697.313477  1.9084E-13
 9702.190430  1.9071E-13
 9707.067383  1.8937E-13
 9711.944336  1.8591E-13
 9716.821289  1.8505E-13
 9721.698242  1.8521E-13
 9726.575195  1.8501E-13
 9731.451172  1.8547E-13
 9736.328125  1.8658E-13
 9741.205078  1.8670E-13
 9746.082031  1.8576E-13
 9750.958008  1.8534E-13
 9755.834961  1.8623E-13
 9760.710938  1.8581E-13
 9765.587891  1.8494E-13
 9770.463867  1.8501E-13
 9775.340820  1.8569E-13
 9780.216797  1.8533E-13
 9785.092773  1.8498E-13
 9789.969727  1.8244E-13
 9794.845703  1.8301E-13
 9799.721680  1.8323E-13
 9804.597656  1.8261E-13
 9809.473633  1.8163E-13
 9814.349609  1.8169E-13
 9819.225586  1.8161E-13
 9824.101562  1.8069E-13
 9828.977539  1.7858E-13
 9833.853516  1.8017E-13
 9838.729492  1.8265E-13
 9843.605469  1.8136E-13
 9848.480469  1.8082E-13
 9853.356445  1.7938E-13
 9858.232422  1.8353E-13
 9863.107422  1.8366E-13
 9867.983398  1.8441E-13
 9872.858398  1.8127E-13
 9877.734375  1.7887E-13
 9882.609375  1.8071E-13
 9887.484375  1.7803E-13
 9892.359375  1.7989E-13
 9897.235352  1.7909E-13
 9902.110352  1.7863E-13
 9906.985352  1.7723E-13
 9911.860352  1.7957E-13
 9916.735352  1.7790E-13
 9921.610352  1.7426E-13
 9926.485352  1.8090E-13
 9931.360352  1.7945E-13
 9936.235352  1.7970E-13
 9941.110352  1.7704E-13
 9945.984375  1.7869E-13
 9950.859375  1.7901E-13
 9955.734375  1.8171E-13
 9960.608398  1.7951E-13
 9965.483398  1.7907E-13
 9970.357422  1.7801E-13
 9975.232422  1.7911E-13
 9980.106445  1.7750E-13
 9984.980469  1.7789E-13
 9989.855469  1.7603E-13
 9994.729492  1.7545E-13
 9999.603516  1.7601E-13
10004.477539  1.7656E-13
10009.351562  1.7706E-13
10014.225586  1.7446E-13
10019.099609  1.7466E-13
10023.973633  1.7216E-13
10028.847656  1.7251E-13
10033.721680  1.7170E-13
10038.595703  1.7182E-13
10043.468750  1.7140E-13
10048.342773  1.6720E-13
10053.216797  1.6371E-13
10058.089844  1.6373E-13
10062.963867  1.6219E-13
10067.836914  1.6710E-13
10072.710938  1.6776E-13
10077.583984  1.7092E-13
10082.457031  1.6990E-13
10087.331055  1.6985E-13
10092.204102  1.7088E-13
10097.077148  1.6860E-13
10101.950195  1.7181E-13
10106.823242  1.7114E-13
10111.696289  1.7127E-13
10116.569336  1.6941E-13
10121.442383  1.7164E-13
10126.315430  1.6822E-13
10131.187500  1.7108E-13
10136.060547  1.7039E-13
10140.933594  1.7038E-13
10145.805664  1.6872E-13
10150.678711  1.7134E-13
10155.550781  1.7087E-13
10160.423828  1.6991E-13
10165.295898  1.6761E-13
10170.167969  1.6880E-13
10175.041016  1.6951E-13
10179.913086  1.7157E-13
10184.785156  1.7033E-13
10189.657227  1.6703E-13
10194.529297  1.6776E-13
10199.401367  1.6797E-13
10204.273438  1.6915E-13
10209.145508  1.7010E-13
10214.017578  1.7155E-13
10218.889648  1.7243E-13
10223.760742  1.6899E-13
10228.632812  1.7148E-13
