#*HD103036
#*
#*  Heap-Lindler STIS
#set .z.units = "Ergs/s/cm**2/A"
#set .z.label = "Flux"
#set .table.bandwidth = 2.74
#*
     2950.00    3.35460E-14
     2952.74    3.70824E-14
     2955.48    3.93904E-14
     2958.22    4.27369E-14
     2960.96    4.27154E-14
     2963.70    4.02468E-14
     2966.44    3.38234E-14
     2969.18    3.35983E-14
     2971.92    3.66307E-14
     2974.66    4.22561E-14
     2977.40    4.91964E-14
     2980.14    4.26870E-14
     2982.88    3.48044E-14
     2985.62    3.47434E-14
     2988.36    4.39605E-14
     2991.10    4.90700E-14
     2993.84    4.65539E-14
     2996.58    4.60142E-14
     2999.32    4.47524E-14
     3002.06    3.87779E-14
     3004.80    4.65043E-14
     3007.54    4.81335E-14
     3010.28    5.23343E-14
     3013.02    5.47079E-14
     3015.76    4.98794E-14
     3018.50    4.39697E-14
     3021.24    4.04917E-14
     3023.98    5.22030E-14
     3026.72    5.48292E-14
     3029.46    5.79906E-14
     3032.20    5.80717E-14
     3034.94    5.87519E-14
     3037.68    5.58624E-14
     3040.42    5.63215E-14
     3043.16    5.51618E-14
     3045.90    5.87993E-14
     3048.64    5.85179E-14
     3051.38    6.30788E-14
     3054.12    5.65750E-14
     3056.86    5.04900E-14
     3059.60    4.49660E-14
     3062.34    4.20876E-14
     3065.08    4.01971E-14
     3067.82    4.09342E-14
     3070.56    4.72351E-14
     3073.30    5.14044E-14
     3076.04    5.14232E-14
     3078.78    5.48022E-14
     3081.52    4.79512E-14
     3084.26    5.59359E-14
     3087.00    5.06934E-14
     3089.74    4.21757E-14
     3092.48    3.86686E-14
     3095.22    4.34565E-14
     3097.96    4.22791E-14
     3100.70    4.17957E-14
     3103.44    5.34701E-14
     3106.18    5.90640E-14
     3108.92    6.59000E-14
     3111.66    6.92177E-14
     3114.40    6.43443E-14
     3117.14    5.70590E-14
     3119.88    5.06385E-14
     3122.62    5.14246E-14
     3125.36    5.09895E-14
     3128.10    5.27783E-14
     3130.84    5.79383E-14
     3133.58    6.55769E-14
     3136.32    6.43487E-14
     3139.06    6.76012E-14
     3141.80    6.96631E-14
     3144.54    6.41374E-14
     3147.28    6.85886E-14
     3150.02    7.45979E-14
     3152.76    7.22306E-14
     3155.50    6.61430E-14
     3158.24    6.11182E-14
     3160.98    6.61338E-14
     3163.72    7.25066E-14
     3166.46    7.25739E-14
     3169.20    8.39341E-14
     3171.94    9.18069E-14
     3174.68    9.29921E-14
     3177.42    8.46412E-14
     3180.16    7.47712E-14
     3182.90    7.19203E-14
     3185.64    7.68648E-14
     3188.38    8.39871E-14
     3191.12    7.66110E-14
     3193.86    7.88959E-14
     3196.60    8.65942E-14
     3199.34    8.64604E-14
     3202.08    8.89440E-14
     3204.82    9.87750E-14
     3207.56    9.77442E-14
     3210.30    8.70339E-14
     3213.04    7.57579E-14
     3215.78    7.99430E-14
     3218.52    9.05311E-14
     3221.26    8.85544E-14
     3224.00    8.05272E-14
     3226.74    7.66006E-14
     3229.48    7.97036E-14
     3232.22    8.27849E-14
     3234.96    8.31228E-14
     3237.70    8.39148E-14
     3240.44    9.07292E-14
     3243.18    9.86898E-14
     3245.92    9.87440E-14
     3248.66    1.00536E-13
     3251.40    1.01950E-13
     3254.14    1.19940E-13
     3256.88    1.35049E-13
     3259.62    1.26142E-13
     3262.36    1.21388E-13
     3265.10    1.24422E-13
     3267.84    1.27808E-13
     3270.58    1.22284E-13
     3273.32    1.22471E-13
     3276.06    1.29254E-13
     3278.80    1.27595E-13
     3281.54    1.27082E-13
     3284.28    1.24151E-13
     3287.02    1.24875E-13
     3289.76    1.41358E-13
     3292.50    1.56966E-13
     3295.24    1.62786E-13
     3297.98    1.63306E-13
     3300.72    1.57944E-13
     3303.46    1.45219E-13
     3306.20    1.30739E-13
     3308.94    1.26148E-13
     3311.68    1.32978E-13
     3314.42    1.33081E-13
     3317.16    1.32159E-13
     3319.90    1.28304E-13
     3322.64    1.20541E-13
     3325.38    1.26579E-13
     3328.12    1.30251E-13
     3330.86    1.29425E-13
     3333.60    1.25051E-13
     3336.34    1.16451E-13
     3339.08    1.21637E-13
     3341.82    1.29994E-13
     3344.56    1.28554E-13
     3347.30    1.23003E-13
     3350.04    1.30002E-13
     3352.78    1.41425E-13
     3355.52    1.29349E-13
     3358.26    1.00125E-13
     3361.00    9.27940E-14
     3363.74    1.15694E-13
     3366.48    1.19848E-13
     3369.22    1.04070E-13
     3371.96    1.00596E-13
     3374.70    1.20003E-13
     3377.44    1.34818E-13
     3380.18    1.29833E-13
     3382.92    1.28504E-13
     3385.66    1.28689E-13
     3388.40    1.24299E-13
     3391.14    1.25531E-13
     3393.88    1.39319E-13
     3396.62    1.62220E-13
     3399.36    1.75098E-13
     3402.10    1.66979E-13
     3404.84    1.51618E-13
     3407.58    1.47098E-13
     3410.32    1.47691E-13
     3413.06    1.46291E-13
     3415.80    1.55494E-13
     3418.54    1.77434E-13
     3421.28    1.89215E-13
     3424.02    1.84782E-13
     3426.76    1.93619E-13
     3429.50    2.01637E-13
     3432.24    1.96460E-13
     3434.98    1.94657E-13
     3437.72    1.80983E-13
     3440.46    1.54767E-13
     3443.20    1.50546E-13
     3445.94    1.75901E-13
     3448.68    1.98353E-13
     3451.42    2.00424E-13
     3454.16    2.00380E-13
     3456.90    1.98931E-13
     3459.64    1.88447E-13
     3462.38    1.95964E-13
     3465.12    2.07595E-13
     3467.86    2.14894E-13
     3470.60    2.15152E-13
     3473.34    1.93487E-13
     3476.08    1.79107E-13
     3478.82    1.92918E-13
     3481.56    2.09784E-13
     3484.30    2.16671E-13
     3487.04    2.23954E-13
     3489.78    2.09123E-13
     3492.52    1.95320E-13
     3495.26    1.96833E-13
     3498.00    2.04655E-13
     3500.74    2.25283E-13
     3503.48    2.33087E-13
     3506.22    2.25616E-13
     3508.96    2.21602E-13
     3511.70    2.14313E-13
     3514.44    2.16154E-13
     3517.18    2.30172E-13
     3519.92    2.22087E-13
     3522.66    2.05814E-13
     3525.40    2.01204E-13
     3528.14    2.17445E-13
     3530.88    2.42432E-13
     3533.62    2.51632E-13
     3536.36    2.60250E-13
     3539.10    2.68738E-13
     3541.84    2.73679E-13
     3544.58    2.75322E-13
     3547.32    2.68870E-13
     3550.06    2.56925E-13
     3552.80    2.58395E-13
     3555.54    2.64847E-13
     3558.28    2.69873E-13
     3561.02    2.67975E-13
     3563.76    2.51315E-13
     3566.50    2.22923E-13
     3569.24    2.14590E-13
     3571.98    2.17892E-13
     3574.72    2.28382E-13
     3577.46    2.38004E-13
     3580.20    2.30343E-13
     3582.94    2.11638E-13
     3585.68    1.91919E-13
     3588.42    2.01436E-13
     3591.16    2.38563E-13
     3593.90    2.70226E-13
     3596.64    2.89690E-13
     3599.38    2.94988E-13
     3602.12    2.82604E-13
     3604.86    2.68918E-13
     3607.60    2.58420E-13
     3610.34    2.42611E-13
     3613.08    2.46803E-13
     3615.82    2.62012E-13
     3618.56    2.63211E-13
     3621.30    2.71160E-13
     3624.04    2.98191E-13
     3626.78    3.17118E-13
     3629.52    2.97599E-13
     3632.26    2.60710E-13
     3635.00    2.66134E-13
     3637.74    2.95231E-13
     3640.48    3.16218E-13
     3643.22    2.91697E-13
     3645.96    2.75621E-13
     3648.70    2.85089E-13
     3651.44    2.97523E-13
     3654.18    3.20943E-13
     3656.92    3.36604E-13
     3659.66    3.42454E-13
     3662.40    3.40463E-13
     3665.14    3.35909E-13
     3667.88    3.32340E-13
     3670.62    3.27440E-13
     3673.36    3.48901E-13
     3676.10    3.55398E-13
     3678.84    3.35973E-13
     3681.58    3.30992E-13
     3684.32    3.30562E-13
     3687.06    3.26329E-13
     3689.80    3.49046E-13
     3692.54    3.74809E-13
     3695.28    3.86196E-13
     3698.02    4.06066E-13
     3700.76    4.03674E-13
     3703.50    3.60955E-13
     3706.24    3.16465E-13
     3708.98    3.28214E-13
     3711.72    3.72801E-13
     3714.46    4.09144E-13
     3717.20    3.93444E-13
     3719.94    3.39191E-13
     3722.68    3.26152E-13
     3725.42    3.62948E-13
     3728.16    3.66895E-13
     3730.90    3.40524E-13
     3733.64    3.02195E-13
     3736.38    2.94635E-13
     3739.12    3.40571E-13
     3741.86    3.59385E-13
     3744.60    3.32212E-13
     3747.34    2.99268E-13
     3750.08    3.07130E-13
     3752.82    3.79727E-13
     3755.56    4.10469E-13
     3758.30    3.60914E-13
     3761.04    3.47828E-13
     3763.78    3.90268E-13
     3766.52    4.09514E-13
     3769.26    4.14857E-13
     3772.00    4.24598E-13
     3774.74    4.28754E-13
     3777.48    4.24557E-13
     3780.22    4.57492E-13
     3782.96    4.76556E-13
     3785.70    4.37304E-13
     3788.44    3.83149E-13
     3791.18    3.84016E-13
     3793.92    3.86547E-13
     3796.66    3.70253E-13
     3799.40    3.86159E-13
     3802.14    4.55557E-13
     3804.88    4.77851E-13
     3807.62    4.51310E-13
     3810.36    4.43552E-13
     3813.10    4.20293E-13
     3815.84    3.88600E-13
     3818.58    3.83019E-13
     3821.32    3.64465E-13
     3824.06    3.57458E-13
     3826.80    3.38244E-13
     3829.54    3.59597E-13
     3832.28    3.45066E-13
     3835.02    3.29910E-13
     3837.76    3.47773E-13
     3840.50    3.64052E-13
     3843.24    4.04860E-13
     3845.98    4.26282E-13
     3848.72    4.10927E-13
     3851.46    4.07456E-13
     3854.20    4.16635E-13
     3856.94    3.93742E-13
     3859.68    3.73738E-13
     3862.42    4.08703E-13
     3865.16    4.38124E-13
     3867.90    4.16380E-13
     3870.64    3.86285E-13
     3873.38    3.77880E-13
     3876.12    4.03022E-13
     3878.86    3.78447E-13
     3881.60    3.87608E-13
     3884.34    3.98346E-13
     3887.08    4.05358E-13
     3889.82    4.32972E-13
     3892.56    4.72064E-13
     3895.30    4.65296E-13
     3898.04    4.63472E-13
     3900.78    4.64510E-13
     3903.52    4.73506E-13
     3906.26    4.64660E-13
     3909.00    4.82369E-13
     3911.74    5.12342E-13
     3914.48    4.92025E-13
     3917.22    4.57109E-13
     3919.96    4.24538E-13
     3922.70    4.05950E-13
     3925.44    3.68289E-13
     3928.18    2.77031E-13
     3930.92    1.93096E-13
     3933.66    1.80303E-13
     3936.40    2.05892E-13
     3939.14    2.83515E-13
     3941.88    3.55141E-13
     3944.62    4.14559E-13
     3947.36    4.64137E-13
     3950.10    4.74546E-13
     3952.84    4.97986E-13
     3955.58    5.17208E-13
     3958.32    4.91472E-13
     3961.06    4.43385E-13
     3963.80    3.30998E-13
     3966.54    2.44302E-13
     3969.28    2.30793E-13
     3972.02    2.93179E-13
     3974.76    4.09812E-13
     3977.50    5.15306E-13
     3980.24    5.80269E-13
     3982.98    6.00230E-13
     3985.72    6.26673E-13
     3988.46    6.41618E-13
     3991.20    6.52062E-13
     3993.94    6.57746E-13
     3996.68    6.20136E-13
     3999.42    6.39311E-13
     4002.16    6.89266E-13
     4004.90    6.72873E-13
     4007.64    6.74926E-13
     4010.38    7.16026E-13
     4013.12    7.24043E-13
     4015.86    7.38506E-13
     4018.60    7.35028E-13
     4021.34    7.21592E-13
     4024.08    7.10378E-13
     4026.82    7.40874E-13
     4029.56    7.20453E-13
     4032.30    6.70014E-13
     4035.04    7.30017E-13
     4037.78    8.12350E-13
     4040.52    7.93344E-13
     4043.26    7.45078E-13
     4046.00    7.08663E-13
     4048.74    7.66030E-13
     4051.48    7.78627E-13
     4054.22    7.60308E-13
     4056.96    7.54168E-13
     4059.70    7.59289E-13
     4062.44    7.56238E-13
     4065.18    7.28199E-13
     4067.92    7.58633E-13
     4070.66    7.86579E-13
     4073.40    7.50968E-13
     4076.14    7.05516E-13
     4078.88    6.97937E-13
     4081.62    7.90033E-13
     4084.36    7.94412E-13
     4087.10    8.25657E-13
     4089.84    8.76109E-13
     4092.58    8.61907E-13
     4095.32    8.38481E-13
     4098.06    7.91216E-13
     4100.80    7.41386E-13
     4103.54    7.47437E-13
     4106.28    8.22710E-13
     4109.02    8.14162E-13
     4111.76    8.06535E-13
     4114.50    8.47915E-13
     4117.24    8.40101E-13
     4119.98    7.99432E-13
     4122.72    8.02763E-13
     4125.46    8.25349E-13
     4128.20    8.02389E-13
     4130.94    7.87730E-13
     4133.68    7.74742E-13
     4136.42    8.24500E-13
     4139.16    8.67585E-13
     4141.90    8.24449E-13
     4144.64    7.77944E-13
     4147.38    8.33722E-13
     4150.12    8.17574E-13
     4152.86    8.16678E-13
     4155.60    8.12959E-13
     4158.34    8.50352E-13
     4161.08    8.86455E-13
     4163.82    8.97721E-13
     4166.56    8.92441E-13
     4169.30    8.68519E-13
     4172.04    7.84407E-13
     4174.78    7.50352E-13
     4177.52    8.02211E-13
     4180.26    8.48438E-13
     4183.00    8.55009E-13
     4185.74    8.58056E-13
     4188.48    8.52000E-13
     4191.22    8.71140E-13
     4193.96    8.96095E-13
     4196.70    8.25152E-13
     4199.44    7.92257E-13
     4202.18    8.08423E-13
     4204.92    8.18627E-13
     4207.66    8.63309E-13
     4210.40    8.97974E-13
     4213.14    9.01372E-13
     4215.88    8.70259E-13
     4218.62    9.06262E-13
     4221.36    9.29450E-13
     4224.10    8.46970E-13
     4226.84    7.94751E-13
     4229.58    8.81893E-13
     4232.32    9.03621E-13
     4235.06    8.68555E-13
     4237.80    8.83485E-13
     4240.54    9.25354E-13
     4243.28    9.51258E-13
     4246.02    9.19638E-13
     4248.76    8.66470E-13
     4251.50    8.90914E-13
     4254.24    9.24911E-13
     4256.98    9.22432E-13
     4259.72    9.09480E-13
     4262.46    9.64764E-13
     4265.20    1.02597E-12
     4267.94    9.79886E-13
     4270.68    9.11348E-13
     4273.42    8.81885E-13
     4276.16    9.38748E-13
     4278.90    9.77261E-13
     4281.64    9.54657E-13
     4284.38    9.07681E-13
     4287.12    8.37690E-13
     4289.86    7.75469E-13
     4292.60    8.19992E-13
     4295.34    8.42657E-13
     4298.08    7.86972E-13
     4300.82    7.12122E-13
     4303.56    7.23047E-13
     4306.30    7.54944E-13
     4309.04    7.43970E-13
     4311.78    8.11365E-13
     4314.52    8.88658E-13
     4317.26    1.02892E-12
     4320.00    1.04470E-12
     4322.74    9.96655E-13
     4325.48    9.40773E-13
     4328.22    1.03518E-12
     4330.96    1.07406E-12
     4333.70    1.08672E-12
     4336.44    1.01499E-12
     4339.18    8.84814E-13
     4341.92    9.28122E-13
     4344.66    1.04515E-12
     4347.40    1.08664E-12
     4350.14    1.06558E-12
     4352.88    1.01975E-12
     4355.62    1.09886E-12
     4358.36    1.10508E-12
     4361.10    1.15150E-12
     4363.84    1.15272E-12
     4366.58    1.10253E-12
     4369.32    1.07279E-12
     4372.06    1.06316E-12
     4374.80    1.01359E-12
     4377.54    1.06984E-12
     4380.28    1.09468E-12
     4383.02    1.00096E-12
     4385.76    9.76768E-13
     4388.50    1.04650E-12
     4391.24    1.06505E-12
     4393.98    1.05928E-12
     4396.72    1.06589E-12
     4399.46    1.05259E-12
     4402.20    1.07623E-12
     4404.94    1.07118E-12
     4407.68    1.05861E-12
     4410.42    1.10843E-12
     4413.16    1.14107E-12
     4415.90    1.07149E-12
     4418.64    1.11423E-12
     4421.38    1.15039E-12
     4424.12    1.14838E-12
     4426.86    1.14255E-12
     4429.60    1.14297E-12
     4432.34    1.14036E-12
     4435.08    1.11413E-12
     4437.82    1.19371E-12
     4440.56    1.16999E-12
     4443.30    1.06083E-12
     4446.04    1.11663E-12
     4448.78    1.16470E-12
     4451.52    1.15656E-12
     4454.26    1.12501E-12
     4457.00    1.12130E-12
     4459.74    1.10814E-12
     4462.48    1.12501E-12
     4465.22    1.15115E-12
     4467.96    1.14047E-12
     4470.70    1.16996E-12
     4473.44    1.26621E-12
     4476.18    1.30016E-12
     4478.92    1.28855E-12
     4481.66    1.23195E-12
     4484.40    1.26038E-12
     4487.14    1.25876E-12
     4489.88    1.22093E-12
     4492.62    1.24678E-12
     4495.36    1.23191E-12
     4498.10    1.27540E-12
     4500.84    1.28472E-12
     4503.58    1.34328E-12
     4506.32    1.35108E-12
     4509.06    1.34715E-12
     4511.80    1.34490E-12
     4514.54    1.31003E-12
     4517.28    1.25697E-12
     4520.02    1.27514E-12
     4522.76    1.25244E-12
     4525.50    1.21930E-12
     4528.24    1.18357E-12
     4530.98    1.19548E-12
     4533.72    1.18763E-12
     4536.46    1.25655E-12
     4539.20    1.32521E-12
     4541.94    1.31679E-12
     4544.68    1.26636E-12
     4547.42    1.23972E-12
     4550.16    1.21425E-12
     4552.90    1.22825E-12
     4555.64    1.25788E-12
     4558.38    1.33808E-12
     4561.12    1.35381E-12
     4563.86    1.31144E-12
     4566.60    1.34089E-12
     4569.34    1.35786E-12
     4572.08    1.33200E-12
     4574.82    1.35932E-12
     4577.56    1.35621E-12
     4580.30    1.30985E-12
     4583.04    1.30933E-12
     4585.78    1.33819E-12
     4588.52    1.36444E-12
     4591.26    1.34074E-12
     4594.00    1.35690E-12
     4596.74    1.38828E-12
     4599.48    1.37906E-12
     4602.22    1.35372E-12
     4604.96    1.39584E-12
     4607.70    1.42509E-12
     4610.44    1.43652E-12
     4613.18    1.41965E-12
     4615.92    1.42004E-12
     4618.66    1.42376E-12
     4621.40    1.45846E-12
     4624.14    1.45938E-12
     4626.88    1.43272E-12
     4629.62    1.42455E-12
     4632.36    1.43749E-12
     4635.10    1.43757E-12
     4637.84    1.43352E-12
     4640.58    1.46119E-12
     4643.32    1.47725E-12
     4646.06    1.42880E-12
     4648.80    1.41667E-12
     4651.54    1.42356E-12
     4654.28    1.39882E-12
     4657.02    1.41575E-12
     4659.76    1.49465E-12
     4662.50    1.48769E-12
     4665.24    1.44072E-12
     4667.98    1.37700E-12
     4670.72    1.43208E-12
     4673.46    1.48467E-12
     4676.20    1.49793E-12
     4678.94    1.45541E-12
     4681.68    1.43839E-12
     4684.42    1.49316E-12
     4687.16    1.51076E-12
     4689.90    1.50291E-12
     4692.64    1.52520E-12
     4695.38    1.54681E-12
     4698.12    1.51075E-12
     4700.86    1.48187E-12
     4703.60    1.47319E-12
     4706.34    1.44438E-12
     4709.08    1.44006E-12
     4711.82    1.51591E-12
     4714.56    1.51725E-12
     4717.30    1.53647E-12
     4720.04    1.55294E-12
     4722.78    1.55250E-12
     4725.52    1.54561E-12
     4728.26    1.51352E-12
     4731.00    1.50385E-12
     4733.74    1.50942E-12
     4736.48    1.51439E-12
     4739.22    1.53137E-12
     4741.96    1.55142E-12
     4744.70    1.56427E-12
     4747.44    1.57610E-12
     4750.18    1.57815E-12
     4752.92    1.56480E-12
     4755.66    1.55610E-12
     4758.40    1.55111E-12
     4761.14    1.52271E-12
     4763.88    1.48557E-12
     4766.62    1.52454E-12
     4769.36    1.56957E-12
     4772.10    1.56852E-12
     4774.84    1.59163E-12
     4777.58    1.59511E-12
     4780.32    1.57893E-12
     4783.06    1.55882E-12
     4785.80    1.53037E-12
     4788.54    1.52754E-12
     4791.28    1.56852E-12
     4794.02    1.59784E-12
     4796.76    1.57916E-12
     4799.50    1.56868E-12
     4802.24    1.59423E-12
     4804.98    1.58256E-12
     4807.72    1.58808E-12
     4810.46    1.59776E-12
     4813.20    1.62446E-12
     4815.94    1.63538E-12
     4818.68    1.62812E-12
     4821.42    1.60714E-12
     4824.16    1.59754E-12
     4826.90    1.62043E-12
     4829.64    1.61109E-12
     4832.38    1.60509E-12
     4835.12    1.62354E-12
     4837.86    1.61326E-12
     4840.60    1.59726E-12
     4843.34    1.61732E-12
     4846.08    1.63565E-12
     4848.82    1.62619E-12
     4851.56    1.62004E-12
     4854.30    1.57225E-12
     4857.04    1.54120E-12
     4859.78    1.42738E-12
     4862.52    1.42118E-12
     4865.26    1.52008E-12
     4868.00    1.56612E-12
     4870.74    1.54578E-12
     4873.48    1.55854E-12
     4876.22    1.58143E-12
     4878.96    1.59689E-12
     4881.70    1.59158E-12
     4884.44    1.58437E-12
     4887.18    1.57782E-12
     4889.92    1.55527E-12
     4892.66    1.60258E-12
     4895.40    1.67312E-12
     4898.14    1.68176E-12
     4900.88    1.64359E-12
     4903.62    1.63849E-12
     4906.36    1.66331E-12
     4909.10    1.64601E-12
     4911.84    1.63710E-12
     4914.58    1.65490E-12
     4917.32    1.62514E-12
     4920.06    1.53917E-12
     4922.80    1.54211E-12
     4925.54    1.60071E-12
     4928.28    1.67110E-12
     4931.02    1.69626E-12
     4933.76    1.64033E-12
     4936.50    1.61108E-12
     4939.24    1.60763E-12
     4941.98    1.67025E-12
     4944.72    1.70924E-12
     4947.46    1.71334E-12
     4950.20    1.72497E-12
     4952.94    1.71773E-12
     4955.68    1.67156E-12
     4958.42    1.62952E-12
     4961.16    1.67340E-12
     4963.90    1.70882E-12
     4966.64    1.68899E-12
     4969.38    1.69426E-12
     4972.12    1.71756E-12
     4974.86    1.71357E-12
     4977.60    1.69859E-12
     4980.34    1.63726E-12
     4983.08    1.58246E-12
     4985.82    1.59637E-12
     4988.56    1.64861E-12
     4991.30    1.65851E-12
     4994.04    1.64579E-12
     4996.78    1.64724E-12
     4999.52    1.63980E-12
     5002.26    1.61228E-12
     5005.00    1.60526E-12
     5007.74    1.61150E-12
     5010.48    1.60942E-12
     5013.22    1.56826E-12
     5015.96    1.56460E-12
     5018.70    1.59205E-12
     5021.44    1.63535E-12
     5024.18    1.66253E-12
     5026.92    1.67739E-12
     5029.66    1.70794E-12
     5032.40    1.72566E-12
     5035.14    1.67762E-12
     5037.88    1.61615E-12
     5040.62    1.56118E-12
     5043.36    1.60152E-12
     5046.10    1.70501E-12
     5048.84    1.71192E-12
     5051.58    1.68127E-12
     5054.32    1.73403E-12
     5057.06    1.79964E-12
     5059.80    1.73733E-12
     5062.54    1.71603E-12
     5065.28    1.70790E-12
     5068.02    1.70662E-12
     5070.76    1.73499E-12
     5073.50    1.72888E-12
     5076.24    1.70782E-12
     5078.98    1.63523E-12
     5081.72    1.60493E-12
     5084.46    1.67285E-12
     5087.20    1.73964E-12
     5089.94    1.76576E-12
     5092.68    1.77295E-12
     5095.42    1.80207E-12
     5098.16    1.74952E-12
     5100.90    1.70782E-12
     5103.64    1.73278E-12
     5106.38    1.69423E-12
     5109.12    1.65288E-12
     5111.86    1.69753E-12
     5114.60    1.75942E-12
     5117.34    1.79301E-12
     5120.08    1.78011E-12
     5122.82    1.70913E-12
     5125.56    1.67569E-12
     5128.30    1.66933E-12
     5131.04    1.67538E-12
     5133.78    1.71139E-12
     5136.52    1.70940E-12
     5139.26    1.66878E-12
     5142.00    1.64757E-12
     5144.74    1.66115E-12
     5147.48    1.67706E-12
     5150.22    1.67335E-12
     5152.96    1.67125E-12
     5155.70    1.73172E-12
     5158.44    1.80707E-12
     5161.18    1.79765E-12
     5163.92    1.72905E-12
     5166.66    1.57052E-12
     5169.40    1.48689E-12
     5172.14    1.51572E-12
     5174.88    1.62131E-12
     5177.62    1.76316E-12
     5180.36    1.78812E-12
     5183.10    1.68332E-12
     5185.84    1.64256E-12
     5188.58    1.68925E-12
     5191.32    1.66681E-12
     5194.06    1.63535E-12
     5196.80    1.66686E-12
     5199.54    1.71188E-12
     5202.28    1.70829E-12
     5205.02    1.64836E-12
     5207.76    1.62573E-12
     5210.50    1.68526E-12
     5213.24    1.75649E-12
     5215.98    1.75863E-12
     5218.72    1.76335E-12
     5221.46    1.80827E-12
     5224.20    1.74753E-12
     5226.94    1.63698E-12
     5229.68    1.68926E-12
     5232.42    1.76754E-12
     5235.16    1.77955E-12
     5237.90    1.82307E-12
     5240.64    1.84930E-12
     5243.38    1.84814E-12
     5246.12    1.80918E-12
     5248.86    1.73936E-12
     5251.60    1.72367E-12
     5254.34    1.75569E-12
     5257.08    1.80225E-12
     5259.82    1.81938E-12
     5262.56    1.73172E-12
     5265.30    1.64905E-12
     5268.04    1.63548E-12
     5270.78    1.65038E-12
     5273.52    1.71190E-12
     5276.26    1.79831E-12
     5279.00    1.84553E-12
     5281.74    1.82371E-12
     5284.48    1.81858E-12
     5287.22    1.88176E-12
     5289.96    1.91788E-12
     5292.70    1.89737E-12
     5295.44    1.85238E-12
     5298.18    1.81491E-12
     5300.92    1.82319E-12
     5303.66    1.86105E-12
     5306.40    1.87365E-12
     5309.14    1.89378E-12
     5311.88    1.92827E-12
     5314.62    1.90499E-12
     5317.36    1.87007E-12
     5320.10    1.87106E-12
     5322.84    1.84398E-12
     5325.58    1.78809E-12
     5328.32    1.73235E-12
     5331.06    1.76236E-12
     5333.80    1.84461E-12
     5336.54    1.84484E-12
     5339.28    1.84462E-12
     5342.02    1.85023E-12
     5344.76    1.85817E-12
     5347.50    1.86645E-12
     5350.24    1.87870E-12
     5352.98    1.91429E-12
     5355.72    1.93250E-12
     5358.46    1.94222E-12
     5361.20    1.92915E-12
     5363.94    1.88061E-12
     5366.68    1.85463E-12
     5369.42    1.83078E-12
     5372.16    1.82212E-12
     5374.90    1.90042E-12
     5377.64    1.95298E-12
     5380.38    1.92299E-12
     5383.12    1.89974E-12
     5385.86    1.91628E-12
     5388.60    1.91502E-12
     5391.34    1.88270E-12
     5394.08    1.84876E-12
     5396.82    1.81645E-12
     5399.56    1.83765E-12
     5402.30    1.86314E-12
     5405.04    1.81330E-12
     5407.78    1.81338E-12
     5410.52    1.86283E-12
     5413.26    1.88721E-12
     5416.00    1.91681E-12
     5418.74    1.91657E-12
     5421.48    1.92166E-12
     5424.22    1.91253E-12
     5426.96    1.88482E-12
     5429.70    1.86769E-12
     5432.44    1.83653E-12
     5435.18    1.84488E-12
     5437.92    1.91190E-12
     5440.66    1.97567E-12
     5443.40    1.95169E-12
     5446.14    1.87788E-12
     5448.88    1.88412E-12
     5451.62    1.95057E-12
     5454.36    1.91725E-12
     5457.10    1.89677E-12
     5459.84    1.94351E-12
     5462.58    1.94802E-12
     5465.32    1.95568E-12
     5468.06    1.98039E-12
     5470.80    1.97456E-12
     5473.54    1.94105E-12
     5476.28    1.89716E-12
     5479.02    1.89747E-12
     5481.76    1.93928E-12
     5484.50    1.95621E-12
     5487.24    1.97842E-12
     5489.98    1.96140E-12
     5492.72    1.97173E-12
     5495.46    1.97668E-12
     5498.20    1.92393E-12
     5500.94    1.91656E-12
     5503.68    1.91569E-12
     5506.42    1.92724E-12
     5509.16    1.93892E-12
     5511.90    1.95856E-12
     5514.64    1.96940E-12
     5517.38    1.98242E-12
     5520.12    1.98669E-12
     5522.86    1.97435E-12
     5525.60    1.95158E-12
     5528.34    1.94188E-12
     5531.08    1.95966E-12
     5533.82    1.98837E-12
     5536.56    1.99977E-12
     5539.30    2.00926E-12
     5542.04    2.01931E-12
     5544.78    2.02130E-12
     5547.52    2.02087E-12
     5550.26    2.03542E-12
     5553.00    2.04370E-12
     5555.74    2.03567E-12
     5558.48    2.02897E-12
     5561.22    2.01558E-12
     5563.96    1.99315E-12
     5566.70    1.97768E-12
     5569.44    1.97538E-12
     5572.18    1.98768E-12
     5574.92    1.99199E-12
     5577.66    2.00052E-12
     5580.40    1.99546E-12
     5583.14    1.99200E-12
     5585.88    1.97953E-12
     5588.62    1.96249E-12
     5591.36    1.96125E-12
     5594.10    1.97449E-12
     5596.84    1.97511E-12
     5599.58    1.97551E-12
     5602.32    1.97732E-12
     5605.06    2.01378E-12
     5607.80    2.05770E-12
     5610.54    2.05365E-12
     5613.28    2.03284E-12
     5616.02    2.02253E-12
     5618.76    2.02458E-12
     5621.50    2.04122E-12
     5624.24    2.05234E-12
     5626.98    2.04358E-12
     5629.72    2.06206E-12
     5632.46    2.07612E-12
     5635.20    2.08054E-12
     5637.94    2.06912E-12
     5640.68    2.05153E-12
     5643.42    2.04753E-12
     5646.16    2.05735E-12
     5648.90    2.04965E-12
     5651.64    1.98886E-12
     5654.38    1.98699E-12
     5657.12    1.98714E-12
     5659.86    1.97484E-12
     5662.60    1.98779E-12
     5665.34    2.02021E-12
     5668.08    2.03563E-12
     5670.82    2.04629E-12
     5673.56    2.06560E-12
     5676.30    2.07023E-12
     5679.04    2.04256E-12
     5681.78    2.01655E-12
     5684.52    1.98553E-12
     5687.26    1.99635E-12
     5690.00    2.03063E-12
     5692.74    2.04709E-12
     5695.48    2.04759E-12
     5698.22    2.01112E-12
     5700.96    1.98278E-12
     5703.70    1.97214E-12
     5706.44    1.97176E-12
     5709.18    1.98198E-12
     5711.92    2.00453E-12
     5714.66    2.03311E-12
     5717.40    2.05450E-12
     5720.14    2.06941E-12
     5722.88    2.07459E-12
     5725.62    2.07627E-12
     5728.36    2.07251E-12
     5731.10    2.07662E-12
     5733.84    2.08381E-12
     5736.58    2.07656E-12
     5739.32    2.06879E-12
     5742.06    2.07551E-12
     5744.80    2.08157E-12
     5747.54    2.08610E-12
     5750.28    2.08044E-12
     5753.02    2.06505E-12
     5755.76    2.04576E-12
     5758.50    2.03647E-12
     5761.24    2.10476E-12
     5763.98    2.15679E-12
     5766.72    2.12143E-12
     5769.46    2.09360E-12
     5772.20    2.07477E-12
     5774.94    2.07940E-12
     5777.68    2.09965E-12
     5780.42    2.08807E-12
     5783.16    2.08052E-12
     5785.90    2.13320E-12
     5788.64    2.15663E-12
     5791.38    2.10536E-12
     5794.12    2.07985E-12
     5796.86    2.07262E-12
     5799.60    2.08089E-12
     5802.34    2.09974E-12
     5805.08    2.11648E-12
     5807.82    2.12439E-12
     5810.56    2.10688E-12
     5813.30    2.10032E-12
     5816.04    2.11363E-12
     5818.78    2.11741E-12
     5821.52    2.11725E-12
     5824.26    2.11657E-12
     5827.00    2.11859E-12
     5829.74    2.13919E-12
     5832.48    2.14340E-12
     5835.22    2.10514E-12
     5837.96    2.08889E-12
     5840.70    2.09334E-12
     5843.44    2.09928E-12
     5846.18    2.10607E-12
     5848.92    2.09225E-12
     5851.66    2.07450E-12
     5854.40    2.05919E-12
     5857.14    2.05681E-12
     5859.88    2.07543E-12
     5862.62    2.08534E-12
     5865.36    2.09160E-12
     5868.10    2.09449E-12
     5870.84    2.09322E-12
     5873.58    2.08747E-12
     5876.32    2.07367E-12
     5879.06    2.04898E-12
     5881.80    2.01817E-12
     5884.54    1.97802E-12
     5887.28    1.94703E-12
     5890.02    1.92811E-12
     5892.76    1.97000E-12
     5895.50    2.02209E-12
     5898.24    2.03587E-12
     5900.98    2.06068E-12
     5903.72    2.11536E-12
     5906.46    2.14113E-12
     5909.20    2.14648E-12
     5911.94    2.11510E-12
     5914.68    2.07726E-12
     5917.42    2.10556E-12
     5920.16    2.13155E-12
     5922.90    2.12480E-12
     5925.64    2.11129E-12
     5928.38    2.08347E-12
     5931.12    2.09374E-12
     5933.86    2.12331E-12
     5936.60    2.12422E-12
     5939.34    2.11500E-12
     5942.08    2.09894E-12
     5944.82    2.08834E-12
     5947.56    2.09172E-12
     5950.30    2.08206E-12
     5953.04    2.06096E-12
     5955.78    2.07721E-12
     5958.52    2.11031E-12
     5961.26    2.14526E-12
     5964.00    2.16072E-12
     5966.74    2.12393E-12
     5969.48    2.10811E-12
     5972.22    2.12308E-12
     5974.96    2.12362E-12
     5977.70    2.11997E-12
     5980.44    2.13077E-12
     5983.18    2.13836E-12
     5985.92    2.11736E-12
     5988.66    2.10317E-12
     5991.40    2.10900E-12
     5994.14    2.10967E-12
     5996.88    2.10668E-12
     5999.62    2.11031E-12
     6002.36    2.11844E-12
     6005.10    2.13724E-12
     6007.84    2.14739E-12
     6010.58    2.12556E-12
     6013.32    2.11809E-12
     6016.06    2.13442E-12
     6018.80    2.14135E-12
     6021.54    2.14461E-12
     6024.28    2.13123E-12
     6027.02    2.11987E-12
     6029.76    2.14103E-12
     6032.50    2.16229E-12
     6035.24    2.18014E-12
     6037.98    2.17460E-12
     6040.72    2.14291E-12
     6043.46    2.13178E-12
     6046.20    2.13697E-12
     6048.94    2.20665E-12
     6051.68    2.25168E-12
     6054.42    2.17745E-12
     6057.16    2.12764E-12
     6059.90    2.12134E-12
     6062.64    2.12557E-12
     6065.38    2.14382E-12
     6068.12    2.16517E-12
     6070.86    2.18112E-12
     6073.60    2.16446E-12
     6076.34    2.14815E-12
     6079.08    2.14632E-12
     6081.82    2.13991E-12
     6084.56    2.12753E-12
     6087.30    2.12869E-12
     6090.04    2.13650E-12
     6092.78    2.14121E-12
     6095.52    2.13966E-12
     6098.26    2.12072E-12
     6101.00    2.10796E-12
     6103.74    2.10251E-12
     6106.48    2.11585E-12
     6109.22    2.14516E-12
     6111.96    2.13969E-12
     6114.70    2.12715E-12
     6117.44    2.14798E-12
     6120.18    2.16026E-12
     6122.92    2.13972E-12
     6125.66    2.13112E-12
     6128.40    2.14198E-12
     6131.14    2.10544E-12
     6133.88    2.04863E-12
     6136.62    2.04930E-12
     6139.36    2.06685E-12
     6142.10    2.07710E-12
     6144.84    2.09584E-12
     6147.58    2.13611E-12
     6150.32    2.14408E-12
     6153.06    2.12683E-12
     6155.80    2.11614E-12
     6158.54    2.10179E-12
     6161.28    2.06679E-12
     6164.02    2.04821E-12
     6166.76    2.07943E-12
     6169.50    2.09326E-12
     6172.24    2.07991E-12
     6174.98    2.10002E-12
     6177.72    2.13474E-12
     6180.46    2.13129E-12
     6183.20    2.11906E-12
     6185.94    2.12032E-12
     6188.68    2.11847E-12
     6191.42    2.10820E-12
     6194.16    2.10173E-12
     6196.90    2.09672E-12
     6199.64    2.12074E-12
     6202.38    2.15315E-12
     6205.12    2.15340E-12
     6207.86    2.13940E-12
     6210.60    2.10410E-12
     6213.34    2.09260E-12
     6216.08    2.11504E-12
     6218.82    2.13137E-12
     6221.56    2.14593E-12
     6224.30    2.11312E-12
     6227.04    2.07497E-12
     6229.78    2.08357E-12
     6232.52    2.09199E-12
     6235.26    2.08426E-12
     6238.00    2.09215E-12
     6240.74    2.11692E-12
     6243.48    2.10351E-12
     6246.22    2.07431E-12
     6248.96    2.06179E-12
     6251.70    2.05538E-12
     6254.44    2.05038E-12
     6257.18    2.06097E-12
     6259.92    2.09820E-12
     6262.66    2.11281E-12
     6265.40    2.11589E-12
     6268.14    2.12574E-12
     6270.88    2.13813E-12
     6273.62    2.16176E-12
     6276.36    2.16700E-12
     6279.10    2.12721E-12
     6281.84    2.11690E-12
     6284.58    2.13537E-12
     6287.32    2.14358E-12
     6290.06    2.14869E-12
     6292.80    2.14834E-12
     6295.54    2.13871E-12
     6298.28    2.10396E-12
     6301.02    2.09214E-12
     6303.76    2.11928E-12
     6306.50    2.13664E-12
     6309.24    2.15167E-12
     6311.98    2.13811E-12
     6314.72    2.11249E-12
     6317.46    2.08635E-12
     6320.20    2.07858E-12
     6322.94    2.11480E-12
     6325.68    2.12519E-12
     6328.42    2.10674E-12
     6331.16    2.10272E-12
     6333.90    2.10539E-12
     6336.64    2.12482E-12
     6339.38    2.14536E-12
     6342.12    2.15252E-12
     6344.86    2.15625E-12
     6347.60    2.15754E-12
     6350.34    2.15595E-12
     6353.08    2.15144E-12
     6355.82    2.13596E-12
     6358.56    2.12217E-12
     6361.30    2.14015E-12
     6364.04    2.15817E-12
     6366.78    2.16192E-12
     6369.52    2.16413E-12
     6372.26    2.16519E-12
     6375.00    2.16055E-12
     6377.74    2.15330E-12
     6380.48    2.16103E-12
     6383.22    2.16726E-12
     6385.96    2.15337E-12
     6388.70    2.14297E-12
     6391.44    2.14636E-12
     6394.18    2.13090E-12
     6396.92    2.09891E-12
     6399.66    2.11773E-12
     6402.40    2.15088E-12
     6405.14    2.13640E-12
     6407.88    2.12579E-12
     6410.62    2.14859E-12
     6413.36    2.16235E-12
     6416.10    2.16754E-12
     6418.84    2.15378E-12
     6421.58    2.12845E-12
     6424.32    2.13141E-12
     6427.06    2.14508E-12
     6429.80    2.16812E-12
     6432.54    2.17304E-12
     6435.28    2.13342E-12
     6438.02    2.13705E-12
     6440.76    2.17937E-12
     6443.50    2.17606E-12
     6446.24    2.15586E-12
     6448.98    2.14662E-12
     6451.72    2.14106E-12
     6454.46    2.14160E-12
     6457.20    2.13953E-12
     6459.94    2.12871E-12
     6462.68    2.14034E-12
     6465.42    2.16536E-12
     6468.16    2.17201E-12
     6470.90    2.17186E-12
     6473.64    2.17033E-12
     6476.38    2.16531E-12
     6479.12    2.15490E-12
     6481.86    2.14680E-12
     6484.60    2.14046E-12
     6487.34    2.13818E-12
     6490.08    2.13285E-12
     6492.82    2.08733E-12
     6495.56    2.05539E-12
     6498.30    2.08334E-12
     6501.04    2.11598E-12
     6503.78    2.15316E-12
     6506.52    2.17813E-12
     6509.26    2.19475E-12
     6512.00    2.19533E-12
     6514.74    2.18912E-12
     6517.48    2.18756E-12
     6520.22    2.19027E-12
     6522.96    2.20389E-12
     6525.70    2.20356E-12
     6528.44    2.18539E-12
     6531.18    2.20254E-12
     6533.92    2.23253E-12
     6536.66    2.22699E-12
     6539.40    2.20911E-12
     6542.14    2.18005E-12
     6544.88    2.16891E-12
     6547.62    2.19044E-12
     6550.36    2.19403E-12
     6553.10    2.18826E-12
     6555.84    2.19226E-12
     6558.58    2.19740E-12
     6561.32    2.19358E-12
     6564.06    2.19064E-12
     6566.80    2.19676E-12
     6569.54    2.18931E-12
     6572.28    2.16222E-12
     6575.02    2.16883E-12
     6577.76    2.19003E-12
     6580.50    2.18291E-12
     6583.24    2.16952E-12
     6585.98    2.16070E-12
     6588.72    2.15458E-12
     6591.46    2.14767E-12
     6594.20    2.15954E-12
     6596.94    2.18768E-12
     6599.68    2.19062E-12
     6602.42    2.18672E-12
     6605.16    2.20062E-12
     6607.90    2.20773E-12
     6610.64    2.18950E-12
     6613.38    2.18567E-12
     6616.12    2.20194E-12
     6618.86    2.20169E-12
     6621.60    2.19438E-12
     6624.34    2.19325E-12
     6627.08    2.19517E-12
     6629.82    2.20334E-12
     6632.56    2.20680E-12
     6635.30    2.20171E-12
     6638.04    2.19376E-12
     6640.78    2.18146E-12
     6643.52    2.19159E-12
     6646.26    2.20822E-12
     6649.00    2.20157E-12
     6651.74    2.19420E-12
     6654.48    2.19802E-12
     6657.22    2.19886E-12
     6659.96    2.19748E-12
     6662.70    2.18468E-12
     6665.44    2.16611E-12
     6668.18    2.18153E-12
     6670.92    2.20078E-12
     6673.66    2.19207E-12
     6676.40    2.18022E-12
     6679.14    2.16275E-12
     6681.88    2.17147E-12
     6684.62    2.20653E-12
     6687.36    2.21587E-12
     6690.10    2.21253E-12
     6692.84    2.19227E-12
     6695.58    2.18036E-12
     6698.32    2.20759E-12
     6701.06    2.21648E-12
     6703.80    2.18296E-12
     6706.54    2.21786E-12
     6709.28    2.28948E-12
     6712.02    2.24606E-12
     6714.76    2.18170E-12
     6717.50    2.20061E-12
     6720.24    2.21578E-12
     6722.98    2.19603E-12
     6725.72    2.19562E-12
     6728.46    2.21488E-12
     6731.20    2.21478E-12
     6733.94    2.20568E-12
     6736.68    2.18961E-12
     6739.42    2.18031E-12
     6742.16    2.20020E-12
     6744.90    2.20502E-12
     6747.64    2.18025E-12
     6750.38    2.17515E-12
     6753.12    2.18082E-12
     6755.86    2.19313E-12
     6758.60    2.20429E-12
     6761.34    2.19310E-12
     6764.08    2.18386E-12
     6766.82    2.18914E-12
     6769.56    2.18544E-12
     6772.30    2.16969E-12
     6775.04    2.17778E-12
     6777.78    2.19648E-12
     6780.52    2.20176E-12
     6783.26    2.19889E-12
     6786.00    2.18115E-12
     6788.74    2.17070E-12
     6791.48    2.17050E-12
     6794.22    2.18354E-12
     6796.96    2.20871E-12
     6799.70    2.20905E-12
     6802.44    2.19824E-12
     6805.18    2.17964E-12
     6807.92    2.17276E-12
     6810.66    2.19662E-12
     6813.40    2.21205E-12
     6816.14    2.21974E-12
     6818.88    2.21839E-12
     6821.62    2.20979E-12
     6824.36    2.19948E-12
     6827.10    2.18720E-12
     6829.84    2.17056E-12
     6832.58    2.16332E-12
     6835.32    2.17711E-12
     6838.06    2.16889E-12
     6840.80    2.14353E-12
     6843.54    2.14175E-12
     6846.28    2.15432E-12
     6849.02    2.19563E-12
     6851.76    2.21859E-12
     6854.50    2.17819E-12
     6857.24    2.16351E-12
     6859.98    2.18553E-12
     6862.72    2.18367E-12
     6865.46    2.17263E-12
     6868.20    2.17381E-12
     6870.94    2.18006E-12
     6873.68    2.19000E-12
     6876.42    2.20185E-12
     6879.16    2.22169E-12
     6881.90    2.21836E-12
     6884.64    2.19371E-12
     6887.38    2.18279E-12
     6890.12    2.17675E-12
     6892.86    2.17113E-12
     6895.60    2.17348E-12
     6898.34    2.19547E-12
     6901.08    2.20587E-12
     6903.82    2.20131E-12
     6906.56    2.19128E-12
     6909.30    2.17531E-12
     6912.04    2.16256E-12
     6914.78    2.15564E-12
     6917.52    2.16353E-12
     6920.26    2.17711E-12
     6923.00    2.20306E-12
     6925.74    2.20157E-12
     6928.48    2.17199E-12
     6931.22    2.17182E-12
     6933.96    2.18185E-12
     6936.70    2.18105E-12
     6939.44    2.17599E-12
     6942.18    2.16451E-12
     6944.92    2.15742E-12
     6947.66    2.15367E-12
     6950.40    2.16528E-12
     6953.14    2.18761E-12
     6955.88    2.18124E-12
     6958.62    2.16927E-12
     6961.36    2.17803E-12
     6964.10    2.18474E-12
     6966.84    2.18104E-12
     6969.58    2.18025E-12
     6972.32    2.18360E-12
     6975.06    2.16944E-12
     6977.80    2.14908E-12
     6980.54    2.15024E-12
     6983.28    2.16032E-12
     6986.02    2.17956E-12
     6988.76    2.19055E-12
     6991.50    2.18934E-12
     6994.24    2.18264E-12
     6996.98    2.17001E-12
     6999.72    2.17131E-12
     7002.46    2.17528E-12
     7005.20    2.16659E-12
     7007.94    2.16039E-12
     7010.68    2.16321E-12
     7013.42    2.16695E-12
     7016.16    2.17233E-12
     7018.90    2.17499E-12
     7021.64    2.17691E-12
     7024.38    2.18590E-12
     7027.12    2.19057E-12
     7029.86    2.17711E-12
     7032.60    2.16506E-12
     7035.34    2.15554E-12
     7038.08    2.15635E-12
     7040.82    2.16607E-12
     7043.56    2.16684E-12
     7046.30    2.16562E-12
     7049.04    2.16982E-12
     7051.78    2.17253E-12
     7054.52    2.16716E-12
     7057.26    2.17162E-12
     7060.00    2.19151E-12
     7062.74    2.18743E-12
     7065.48    2.17177E-12
     7068.22    2.17064E-12
     7070.96    2.17428E-12
     7073.70    2.18065E-12
     7076.44    2.18546E-12
     7079.18    2.19055E-12
     7081.92    2.18070E-12
     7084.66    2.15669E-12
     7087.40    2.16117E-12
     7090.14    2.17387E-12
     7092.88    2.16103E-12
     7095.62    2.15634E-12
     7098.36    2.18823E-12
     7101.10    2.19683E-12
     7103.84    2.17193E-12
     7106.58    2.16438E-12
     7109.32    2.16232E-12
     7112.06    2.14690E-12
     7114.80    2.13314E-12
     7117.54    2.13910E-12
     7120.28    2.14379E-12
     7123.02    2.13863E-12
     7125.76    2.14419E-12
     7128.50    2.15997E-12
     7131.24    2.16109E-12
     7133.98    2.15691E-12
     7136.72    2.16217E-12
     7139.46    2.16166E-12
     7142.20    2.14121E-12
     7144.94    2.12831E-12
     7147.68    2.12538E-12
     7150.42    2.12590E-12
     7153.16    2.13217E-12
     7155.90    2.17027E-12
     7158.64    2.20941E-12
     7161.38    2.20952E-12
     7164.12    2.19422E-12
     7166.86    2.15709E-12
     7169.60    2.14387E-12
     7172.34    2.15517E-12
     7175.08    2.13670E-12
     7177.82    2.10966E-12
     7180.56    2.11248E-12
     7183.30    2.11738E-12
     7186.04    2.10355E-12
     7188.78    2.10157E-12
     7191.52    2.12349E-12
     7194.26    2.12141E-12
     7197.00    2.10563E-12
     7199.74    2.11138E-12
     7202.48    2.12139E-12
     7205.22    2.11843E-12
     7207.96    2.11536E-12
     7210.70    2.11267E-12
     7213.44    2.12215E-12
     7216.18    2.14768E-12
     7218.92    2.14724E-12
     7221.66    2.13470E-12
     7224.40    2.12656E-12
     7227.14    2.12743E-12
     7229.88    2.15503E-12
     7232.62    2.17087E-12
     7235.36    2.16639E-12
     7238.10    2.15850E-12
     7240.84    2.14513E-12
     7243.58    2.14034E-12
     7246.32    2.13803E-12
     7249.06    2.13037E-12
     7251.80    2.12775E-12
     7254.54    2.14018E-12
     7257.28    2.14013E-12
     7260.02    2.12187E-12
     7262.76    2.13506E-12
     7265.50    2.16190E-12
     7268.24    2.15862E-12
     7270.98    2.15213E-12
     7273.72    2.16546E-12
     7276.46    2.16840E-12
     7279.20    2.15055E-12
     7281.94    2.13953E-12
     7284.68    2.13171E-12
     7287.42    2.12517E-12
     7290.16    2.12279E-12
     7292.90    2.13679E-12
     7295.64    2.14371E-12
     7298.38    2.12115E-12
     7301.12    2.11864E-12
     7303.86    2.14425E-12
     7306.60    2.14936E-12
     7309.34    2.14570E-12
     7312.08    2.14562E-12
     7314.82    2.14658E-12
     7317.56    2.15321E-12
     7320.30    2.15088E-12
     7323.04    2.12943E-12
     7325.78    2.11982E-12
     7328.52    2.11823E-12
     7331.26    2.13492E-12
     7334.00    2.15609E-12
     7336.74    2.14358E-12
     7339.48    2.13281E-12
     7342.22    2.14640E-12
     7344.96    2.15341E-12
     7347.70    2.15253E-12
     7350.44    2.14449E-12
     7353.18    2.13099E-12
     7355.92    2.12413E-12
     7358.66    2.12555E-12
     7361.40    2.15005E-12
     7364.14    2.16518E-12
     7366.88    2.15632E-12
     7369.62    2.15175E-12
     7372.36    2.14921E-12
     7375.10    2.14910E-12
     7377.84    2.14838E-12
     7380.58    2.13338E-12
     7383.32    2.12269E-12
     7386.06    2.13511E-12
     7388.80    2.13673E-12
     7391.54    2.11832E-12
     7394.28    2.11547E-12
     7397.02    2.11990E-12
     7399.76    2.10609E-12
     7402.50    2.09231E-12
     7405.24    2.10561E-12
     7407.98    2.11088E-12
     7410.72    2.09026E-12
     7413.46    2.07984E-12
     7416.20    2.07693E-12
     7418.94    2.08964E-12
     7421.68    2.10970E-12
     7424.42    2.10823E-12
     7427.16    2.10918E-12
     7429.90    2.13365E-12
     7432.64    2.14916E-12
     7435.38    2.15319E-12
     7438.12    2.14075E-12
     7440.86    2.11452E-12
     7443.60    2.11431E-12
     7446.34    2.12467E-12
     7449.08    2.13979E-12
     7451.82    2.14678E-12
     7454.56    2.13508E-12
     7457.30    2.12350E-12
     7460.04    2.10938E-12
     7462.78    2.11063E-12
     7465.52    2.11918E-12
     7468.26    2.11347E-12
     7471.00    2.10932E-12
     7473.74    2.12209E-12
     7476.48    2.12781E-12
     7479.22    2.11957E-12
     7481.96    2.11478E-12
     7484.70    2.11099E-12
     7487.44    2.11402E-12
     7490.18    2.11790E-12
     7492.92    2.11086E-12
     7495.66    2.10341E-12
     7498.40    2.09902E-12
     7501.14    2.09738E-12
     7503.88    2.09748E-12
     7506.62    2.10871E-12
     7509.36    2.12487E-12
     7512.10    2.11847E-12
     7514.84    2.10537E-12
     7517.58    2.09158E-12
     7520.32    2.08820E-12
     7523.06    2.10508E-12
     7525.80    2.10848E-12
     7528.54    2.10202E-12
     7531.28    2.11911E-12
     7534.02    2.14107E-12
     7536.76    2.14059E-12
     7539.50    2.12785E-12
     7542.24    2.09273E-12
     7544.98    2.08278E-12
     7547.72    2.10853E-12
     7550.46    2.11403E-12
     7553.20    2.11098E-12
     7555.94    2.09819E-12
     7558.68    2.08646E-12
     7561.42    2.09434E-12
     7564.16    2.09862E-12
     7566.90    2.09381E-12
     7569.64    2.08190E-12
     7572.38    2.06008E-12
     7575.12    2.09124E-12
     7577.86    2.13584E-12
     7580.60    2.10707E-12
     7583.34    2.07766E-12
     7586.08    2.09077E-12
     7588.82    2.09756E-12
     7591.56    2.09196E-12
     7594.30    2.09753E-12
     7597.04    2.10802E-12
     7599.78    2.09823E-12
     7602.52    2.08523E-12
     7605.26    2.08868E-12
     7608.00    2.08904E-12
     7610.74    2.07947E-12
     7613.48    2.07086E-12
     7616.22    2.06156E-12
     7618.96    2.06205E-12
     7621.70    2.07025E-12
     7624.44    2.09270E-12
     7627.18    2.11235E-12
     7629.92    2.11583E-12
     7632.66    2.11189E-12
     7635.40    2.09694E-12
     7638.14    2.08910E-12
     7640.88    2.08509E-12
     7643.62    2.09764E-12
     7646.36    2.11024E-12
     7649.10    2.09564E-12
     7651.84    2.07806E-12
     7654.58    2.06522E-12
     7657.32    2.04888E-12
     7660.06    2.02650E-12
     7662.80    2.02410E-12
     7665.54    2.03548E-12
     7668.28    2.06563E-12
     7671.02    2.09434E-12
     7673.76    2.10072E-12
     7676.50    2.10458E-12
     7679.24    2.11057E-12
     7681.98    2.10317E-12
     7684.72    2.08541E-12
     7687.46    2.08600E-12
     7690.20    2.09018E-12
     7692.94    2.08060E-12
     7695.68    2.07015E-12
     7698.42    2.06005E-12
     7701.16    2.06021E-12
     7703.90    2.07369E-12
     7706.64    2.07507E-12
     7709.38    2.07013E-12
     7712.12    2.05694E-12
     7714.86    2.04553E-12
     7717.60    2.04950E-12
     7720.34    2.05151E-12
     7723.08    2.04563E-12
     7725.82    2.04912E-12
     7728.56    2.05969E-12
     7731.30    2.06549E-12
     7734.04    2.06728E-12
     7736.78    2.05587E-12
     7739.52    2.04855E-12
     7742.26    2.05833E-12
     7745.00    2.06200E-12
     7747.74    2.05781E-12
     7750.48    2.05538E-12
     7753.22    2.05496E-12
     7755.96    2.07541E-12
     7758.70    2.09705E-12
     7761.44    2.10043E-12
     7764.18    2.09848E-12
     7766.92    2.09019E-12
     7769.66    2.08752E-12
     7772.40    2.08931E-12
     7775.14    2.08036E-12
     7777.88    2.06923E-12
     7780.62    2.07530E-12
     7783.36    2.07373E-12
     7786.10    2.04048E-12
     7788.84    2.02748E-12
     7791.58    2.04319E-12
     7794.32    2.04861E-12
     7797.06    2.05173E-12
     7799.80    2.05409E-12
     7802.54    2.05984E-12
     7805.28    2.08135E-12
     7808.02    2.09358E-12
     7810.76    2.08427E-12
     7813.50    2.08088E-12
     7816.24    2.08047E-12
     7818.98    2.09425E-12
     7821.72    2.11009E-12
     7824.46    2.09099E-12
     7827.20    2.07294E-12
     7829.94    2.08002E-12
     7832.68    2.08531E-12
     7835.42    2.08820E-12
     7838.16    2.08532E-12
     7840.90    2.07797E-12
     7843.64    2.06673E-12
     7846.38    2.05851E-12
     7849.12    2.07019E-12
     7851.86    2.07650E-12
     7854.60    2.06984E-12
     7857.34    2.05231E-12
     7860.08    2.02008E-12
     7862.82    2.01824E-12
     7865.56    2.03036E-12
     7868.30    2.03033E-12
     7871.04    2.03633E-12
     7873.78    2.06767E-12
     7876.52    2.08178E-12
     7879.26    2.06428E-12
     7882.00    2.06582E-12
     7884.74    2.07668E-12
     7887.48    2.08126E-12
     7890.22    2.07661E-12
     7892.96    2.03805E-12
     7895.70    2.01473E-12
     7898.44    2.03575E-12
     7901.18    2.04784E-12
     7903.92    2.05248E-12
     7906.66    2.05900E-12
     7909.40    2.06077E-12
     7912.14    2.02073E-12
     7914.88    1.99146E-12
     7917.62    2.03283E-12
     7920.36    2.05814E-12
     7923.10    2.05014E-12
     7925.84    2.03890E-12
     7928.58    2.02106E-12
     7931.32    2.05471E-12
     7934.06    2.09176E-12
     7936.80    2.04136E-12
     7939.54    2.00071E-12
     7942.28    2.02379E-12
     7945.02    2.02055E-12
     7947.76    1.98103E-12
     7950.50    1.99034E-12
     7953.24    2.02264E-12
     7955.98    2.03238E-12
     7958.72    2.03433E-12
     7961.46    2.02608E-12
     7964.20    2.02743E-12
     7966.94    2.05199E-12
     7969.68    2.05345E-12
     7972.42    2.03753E-12
     7975.16    2.03346E-12
     7977.90    2.03400E-12
     7980.64    2.04066E-12
     7983.38    2.04484E-12
     7986.12    2.03986E-12
     7988.86    2.03507E-12
     7991.60    2.03016E-12
     7994.34    2.02726E-12
     7997.08    2.02606E-12
     7999.82    2.03054E-12
     8002.56    2.03380E-12
     8005.30    2.02479E-12
     8008.04    2.01972E-12
     8010.78    2.02435E-12
     8013.52    2.02622E-12
     8016.26    2.02586E-12
     8019.00    2.04346E-12
     8021.74    2.06293E-12
     8024.48    2.04609E-12
     8027.22    2.02448E-12
     8029.96    2.00975E-12
     8032.70    2.00713E-12
     8035.44    2.02116E-12
     8038.18    2.03149E-12
     8040.92    2.04112E-12
     8043.66    2.03525E-12
     8046.40    2.02550E-12
     8049.14    2.02173E-12
     8051.88    2.02537E-12
     8054.62    2.04535E-12
     8057.36    2.04686E-12
     8060.10    2.02998E-12
     8062.84    2.04020E-12
     8065.58    2.05668E-12
     8068.32    2.03941E-12
     8071.06    2.01609E-12
     8073.80    1.99602E-12
     8076.54    1.98951E-12
     8079.28    2.00577E-12
     8082.02    2.00514E-12
     8084.76    1.99649E-12
     8087.50    1.99752E-12
     8090.24    1.99913E-12
     8092.98    1.98937E-12
     8095.72    1.98605E-12
     8098.46    1.99916E-12
     8101.20    2.00769E-12
     8103.94    2.01325E-12
     8106.68    2.00960E-12
     8109.42    2.00324E-12
     8112.16    2.02167E-12
     8114.90    2.03333E-12
     8117.64    2.00451E-12
     8120.38    1.99073E-12
     8123.12    2.00342E-12
     8125.86    2.01609E-12
     8128.60    2.03218E-12
     8131.34    2.03001E-12
     8134.08    2.02364E-12
     8136.82    2.03674E-12
     8139.56    2.03798E-12
     8142.30    2.00277E-12
     8145.04    1.99264E-12
     8147.78    2.01030E-12
     8150.52    2.01751E-12
     8153.26    2.02251E-12
     8156.00    2.02772E-12
     8158.74    2.03090E-12
     8161.48    2.02857E-12
     8164.22    2.02838E-12
     8166.96    2.03615E-12
     8169.70    2.02954E-12
     8172.44    2.01194E-12
     8175.18    1.99320E-12
     8177.92    1.97688E-12
     8180.66    1.97790E-12
     8183.40    1.98455E-12
     8186.14    1.99945E-12
     8188.88    1.99560E-12
     8191.62    1.96555E-12
     8194.36    1.96015E-12
     8197.10    1.96756E-12
     8199.84    1.98658E-12
     8202.58    2.00289E-12
     8205.32    1.99466E-12
     8208.06    1.98626E-12
     8210.80    1.98264E-12
     8213.54    1.97748E-12
     8216.28    1.97072E-12
     8219.02    1.98616E-12
     8221.76    2.00535E-12
     8224.50    1.98731E-12
     8227.24    1.97173E-12
     8229.98    1.98593E-12
     8232.72    1.98264E-12
     8235.46    1.94908E-12
     8238.20    1.95597E-12
     8240.94    1.98436E-12
     8243.68    1.99932E-12
     8246.42    2.00881E-12
     8249.16    2.01114E-12
     8251.90    2.00832E-12
     8254.64    1.99692E-12
     8257.38    1.99431E-12
     8260.12    1.99924E-12
     8262.86    1.99900E-12
     8265.60    1.99921E-12
     8268.34    2.01473E-12
     8271.08    2.02098E-12
     8273.82    1.99007E-12
     8276.56    1.98082E-12
     8279.30    2.00899E-12
     8282.04    2.00910E-12
     8284.78    1.99530E-12
     8287.52    1.97964E-12
     8290.26    1.96515E-12
     8293.00    1.96206E-12
     8295.74    1.96316E-12
     8298.48    1.97037E-12
     8301.22    1.96853E-12
     8303.96    1.95651E-12
     8306.70    1.96488E-12
     8309.44    1.98232E-12
     8312.18    1.99605E-12
     8314.92    2.00177E-12
     8317.66    1.98920E-12
     8320.40    1.97600E-12
     8323.14    1.96145E-12
     8325.88    1.95554E-12
     8328.62    1.95603E-12
     8331.36    1.96456E-12
     8334.10    1.97704E-12
     8336.84    1.99037E-12
     8339.58    1.99517E-12
     8342.32    1.98150E-12
     8345.06    1.97528E-12
     8347.80    1.97649E-12
     8350.54    1.97115E-12
     8353.28    1.96572E-12
     8356.02    1.98263E-12
     8358.76    1.99435E-12
     8361.50    1.97127E-12
     8364.24    1.95737E-12
     8366.98    1.96001E-12
     8369.72    1.96944E-12
     8372.46    1.98616E-12
     8375.20    1.97354E-12
     8377.94    1.95146E-12
     8380.68    1.94224E-12
     8383.42    1.93634E-12
     8386.16    1.93080E-12
     8388.90    1.93254E-12
     8391.64    1.94205E-12
     8394.38    1.95719E-12
     8397.12    1.97405E-12
     8399.86    1.96336E-12
     8402.60    1.95190E-12
     8405.34    1.96774E-12
     8408.08    1.97422E-12
     8410.82    1.95751E-12
     8413.56    1.95948E-12
     8416.30    1.97485E-12
     8419.04    1.96174E-12
     8421.78    1.94207E-12
     8424.52    1.94776E-12
     8427.26    1.95502E-12
     8430.00    1.95711E-12
     8432.74    1.94985E-12
     8435.48    1.92406E-12
     8438.22    1.94169E-12
     8440.96    1.98175E-12
     8443.70    1.98889E-12
     8446.44    1.98836E-12
     8449.18    1.99434E-12
     8451.92    1.99887E-12
     8454.66    2.00196E-12
     8457.40    1.99925E-12
     8460.14    1.99077E-12
     8462.88    1.99322E-12
     8465.62    1.99570E-12
     8468.36    1.97193E-12
     8471.10    1.95325E-12
     8473.84    1.96316E-12
     8476.58    1.96415E-12
     8479.32    1.95087E-12
     8482.06    1.94756E-12
     8484.80    1.94824E-12
     8487.54    1.94449E-12
     8490.28    1.92878E-12
     8493.02    1.87242E-12
     8495.76    1.83647E-12
     8498.50    1.83923E-12
     8501.24    1.86991E-12
     8503.98    1.93510E-12
     8506.72    1.93882E-12
     8509.46    1.91710E-12
     8512.20    1.91154E-12
     8514.94    1.91401E-12
     8517.68    1.93416E-12
     8520.42    1.94266E-12
     8523.16    1.93781E-12
     8525.90    1.91563E-12
     8528.64    1.87989E-12
     8531.38    1.87629E-12
     8534.12    1.86363E-12
     8536.86    1.77421E-12
     8539.60    1.69841E-12
     8542.34    1.65145E-12
     8545.08    1.67496E-12
     8547.82    1.77520E-12
     8550.56    1.85165E-12
     8553.30    1.91930E-12
     8556.04    1.94652E-12
     8558.78    1.95351E-12
     8561.52    1.94123E-12
     8564.26    1.94173E-12
     8567.00    1.97127E-12
     8569.74    1.96832E-12
     8572.48    1.94512E-12
     8575.22    1.93681E-12
     8577.96    1.93593E-12
     8580.70    1.95284E-12
     8583.44    1.95723E-12
     8586.18    1.92007E-12
     8588.92    1.91982E-12
     8591.66    1.96342E-12
     8594.40    1.96286E-12
     8597.14    1.94414E-12
     8599.88    1.93996E-12
     8602.62    1.94069E-12
     8605.36    1.94751E-12
     8608.10    1.95266E-12
     8610.84    1.95532E-12
     8613.58    1.95299E-12
     8616.32    1.94630E-12
     8619.06    1.95286E-12
     8621.80    1.96020E-12
     8624.54    1.94355E-12
     8627.28    1.93499E-12
     8630.02    1.95852E-12
     8632.76    1.96250E-12
     8635.50    1.94285E-12
     8638.24    1.93115E-12
     8640.98    1.92285E-12
     8643.72    1.93633E-12
     8646.46    1.94411E-12
     8649.20    1.91427E-12
     8651.94    1.88041E-12
     8654.68    1.85319E-12
     8657.42    1.80126E-12
     8660.16    1.72655E-12
     8662.90    1.71035E-12
     8665.64    1.73518E-12
     8668.38    1.83002E-12
     8671.12    1.90930E-12
     8673.86    1.91286E-12
     8676.60    1.91351E-12
     8679.34    1.91140E-12
     8682.08    1.91159E-12
     8684.82    1.91014E-12
     8687.56    1.88356E-12
     8690.30    1.85993E-12
     8693.04    1.87069E-12
     8695.78    1.89368E-12
     8698.52    1.93716E-12
     8701.26    1.94806E-12
     8704.00    1.92992E-12
     8706.74    1.94058E-12
     8709.48    1.95595E-12
     8712.22    1.93871E-12
     8714.96    1.91994E-12
     8717.70    1.91597E-12
     8720.44    1.91330E-12
     8723.18    1.90790E-12
     8725.92    1.92214E-12
     8728.66    1.94781E-12
     8731.40    1.94353E-12
     8734.14    1.92776E-12
     8736.88    1.90907E-12
     8739.62    1.89474E-12
     8742.36    1.88560E-12
     8745.10    1.89353E-12
     8747.84    1.92180E-12
     8750.58    1.90828E-12
     8753.32    1.88084E-12
     8756.06    1.89142E-12
     8758.80    1.90641E-12
     8761.54    1.90794E-12
     8764.28    1.91152E-12
     8767.02    1.92235E-12
     8769.76    1.91695E-12
     8772.50    1.90181E-12
     8775.24    1.92225E-12
     8777.98    1.93596E-12
     8780.72    1.86318E-12
     8783.46    1.82208E-12
     8786.20    1.87581E-12
     8788.94    1.90105E-12
     8791.68    1.90204E-12
     8794.42    1.90049E-12
     8797.16    1.89568E-12
     8799.90    1.90667E-12
     8802.64    1.90944E-12
     8805.38    1.87518E-12
     8808.12    1.85564E-12
     8810.86    1.86035E-12
     8813.60    1.87177E-12
     8816.34    1.89172E-12
     8819.08    1.90094E-12
     8821.82    1.90241E-12
     8824.56    1.88538E-12
     8827.30    1.87700E-12
     8830.04    1.89746E-12
     8832.78    1.90476E-12
     8835.52    1.89829E-12
     8838.26    1.89129E-12
     8841.00    1.88334E-12
     8843.74    1.88843E-12
     8846.48    1.89246E-12
     8849.22    1.87732E-12
     8851.96    1.87494E-12
     8854.70    1.90171E-12
     8857.44    1.90125E-12
     8860.18    1.88164E-12
     8862.92    1.88246E-12
     8865.66    1.88824E-12
     8868.40    1.88118E-12
     8871.14    1.88015E-12
     8873.88    1.90083E-12
     8876.62    1.90643E-12
     8879.36    1.89417E-12
     8882.10    1.88153E-12
     8884.84    1.86736E-12
     8887.58    1.86722E-12
     8890.32    1.87268E-12
     8893.06    1.88341E-12
     8895.80    1.88291E-12
     8898.54    1.85305E-12
     8901.28    1.86210E-12
     8904.02    1.90375E-12
     8906.76    1.90803E-12
     8909.50    1.89905E-12
     8912.24    1.89604E-12
     8914.98    1.89628E-12
     8917.72    1.90137E-12
     8920.46    1.91166E-12
     8923.20    1.93695E-12
     8925.94    1.91811E-12
     8928.68    1.87350E-12
     8931.42    1.84870E-12
     8934.16    1.83885E-12
     8936.90    1.86238E-12
     8939.64    1.88160E-12
     8942.38    1.88360E-12
     8945.12    1.88644E-12
     8947.86    1.88837E-12
     8950.60    1.89353E-12
     8953.34    1.90364E-12
     8956.08    1.94246E-12
     8958.82    1.95639E-12
     8961.56    1.88375E-12
     8964.30    1.84718E-12
     8967.04    1.86764E-12
     8969.78    1.87427E-12
     8972.52    1.87970E-12
     8975.26    1.87617E-12
     8978.00    1.87287E-12
     8980.74    1.88456E-12
     8983.48    1.89410E-12
     8986.22    1.89596E-12
     8988.96    1.89614E-12
     8991.70    1.89450E-12
     8994.44    1.88939E-12
     8997.18    1.88073E-12
     8999.92    1.86854E-12
     9002.66    1.84819E-12
     9005.40    1.79751E-12
     9008.14    1.79029E-12
     9010.88    1.86394E-12
     9013.62    1.86925E-12
     9016.36    1.83703E-12
     9019.10    1.83914E-12
     9021.84    1.85434E-12
     9024.58    1.88560E-12
     9027.32    1.90163E-12
     9030.06    1.87764E-12
     9032.80    1.86925E-12
     9035.54    1.87597E-12
     9038.28    1.87939E-12
     9041.02    1.88303E-12
     9043.76    1.89011E-12
     9046.50    1.88936E-12
     9049.24    1.86161E-12
     9051.98    1.84624E-12
     9054.72    1.85484E-12
     9057.46    1.85547E-12
     9060.20    1.85308E-12
     9062.94    1.85809E-12
     9065.68    1.86655E-12
     9068.42    1.87892E-12
     9071.16    1.88411E-12
     9073.90    1.87513E-12
     9076.64    1.85962E-12
     9079.38    1.83298E-12
     9082.12    1.82930E-12
     9084.86    1.83709E-12
     9087.60    1.83278E-12
     9090.34    1.82973E-12
     9093.08    1.83859E-12
     9095.82    1.84572E-12
     9098.56    1.84917E-12
     9101.30    1.84846E-12
     9104.04    1.84371E-12
     9106.78    1.84369E-12
     9109.52    1.84495E-12
     9112.26    1.84538E-12
     9115.00    1.84218E-12
     9117.74    1.82848E-12
     9120.48    1.82512E-12
     9123.22    1.83303E-12
     9125.96    1.85227E-12
     9128.70    1.87598E-12
     9131.44    1.84641E-12
     9134.18    1.81076E-12
     9136.92    1.81636E-12
     9139.66    1.82158E-12
     9142.40    1.81785E-12
     9145.14    1.81424E-12
     9147.88    1.80955E-12
     9150.62    1.81677E-12
     9153.36    1.82970E-12
     9156.10    1.84143E-12
     9158.84    1.84929E-12
     9161.58    1.85982E-12
     9164.32    1.83400E-12
     9167.06    1.73735E-12
     9169.80    1.75736E-12
     9172.54    1.84074E-12
     9175.28    1.84270E-12
     9178.02    1.82607E-12
     9180.76    1.83005E-12
     9183.50    1.83310E-12
     9186.24    1.83068E-12
     9188.98    1.83154E-12
     9191.72    1.83678E-12
     9194.46    1.81974E-12
     9197.20    1.79147E-12
     9199.94    1.76303E-12
     9202.68    1.74536E-12
     9205.42    1.75537E-12
     9208.16    1.76464E-12
     9210.90    1.77047E-12
     9213.64    1.77666E-12
     9216.38    1.78333E-12
     9219.12    1.80538E-12
     9221.86    1.81950E-12
     9224.60    1.77681E-12
     9227.34    1.75065E-12
     9230.08    1.77810E-12
     9232.82    1.78702E-12
     9235.56    1.77819E-12
     9238.30    1.79103E-12
     9241.04    1.80981E-12
     9243.78    1.80163E-12
     9246.52    1.78961E-12
     9249.26    1.78830E-12
     9252.00    1.78526E-12
     9254.74    1.77632E-12
     9257.48    1.77811E-12
     9260.22    1.78714E-12
     9262.96    1.78496E-12
     9265.70    1.77996E-12
     9268.44    1.77896E-12
     9271.18    1.78079E-12
     9273.92    1.78698E-12
     9276.66    1.79252E-12
     9279.40    1.79726E-12
     9282.14    1.80745E-12
     9284.88    1.81577E-12
     9287.62    1.78468E-12
     9290.36    1.75160E-12
     9293.10    1.74680E-12
     9295.84    1.74967E-12
     9298.58    1.76177E-12
     9301.32    1.76823E-12
     9304.06    1.77166E-12
     9306.80    1.76718E-12
     9309.54    1.76117E-12
     9312.28    1.76691E-12
     9315.02    1.77295E-12
     9317.76    1.77659E-12
     9320.50    1.77352E-12
     9323.24    1.76070E-12
     9325.98    1.75890E-12
     9328.72    1.76348E-12
     9331.46    1.77738E-12
     9334.20    1.78915E-12
     9336.94    1.78197E-12
     9339.68    1.77770E-12
     9342.42    1.78583E-12
     9345.16    1.77775E-12
     9347.90    1.75635E-12
     9350.64    1.74849E-12
     9353.38    1.74531E-12
     9356.12    1.74139E-12
     9358.86    1.73541E-12
     9361.60    1.72090E-12
     9364.34    1.71811E-12
     9367.08    1.73008E-12
     9369.82    1.74247E-12
     9372.56    1.75675E-12
     9375.30    1.76169E-12
     9378.04    1.76272E-12
     9380.78    1.76354E-12
     9383.52    1.76167E-12
     9386.26    1.75142E-12
     9389.00    1.75790E-12
     9391.74    1.78018E-12
     9394.48    1.78526E-12
     9397.22    1.78070E-12
     9399.96    1.76164E-12
     9402.70    1.74437E-12
     9405.44    1.74327E-12
     9408.18    1.73900E-12
     9410.92    1.72815E-12
     9413.66    1.72434E-12
     9416.40    1.72469E-12
     9419.14    1.72493E-12
     9421.88    1.72965E-12
     9424.62    1.75128E-12
     9427.36    1.76160E-12
     9430.10    1.74288E-12
     9432.84    1.73956E-12
     9435.58    1.74984E-12
     9438.32    1.75247E-12
     9441.06    1.75384E-12
     9443.80    1.76544E-12
     9446.54    1.76852E-12
     9449.28    1.74303E-12
     9452.02    1.72301E-12
     9454.76    1.70980E-12
     9457.50    1.71137E-12
     9460.24    1.72405E-12
     9462.98    1.71595E-12
     9465.72    1.70264E-12
     9468.46    1.69818E-12
     9471.20    1.69442E-12
     9473.94    1.68806E-12
     9476.68    1.68755E-12
     9479.42    1.69438E-12
     9482.16    1.68737E-12
     9484.90    1.67727E-12
     9487.64    1.69425E-12
     9490.38    1.71480E-12
     9493.12    1.72518E-12
     9495.86    1.72873E-12
     9498.60    1.71938E-12
     9501.34    1.72635E-12
     9504.08    1.74393E-12
     9506.82    1.74237E-12
     9509.56    1.73439E-12
     9512.30    1.72835E-12
     9515.04    1.72925E-12
     9517.78    1.74804E-12
     9520.52    1.75162E-12
     9523.26    1.73662E-12
     9526.00    1.73638E-12
     9528.74    1.74206E-12
     9531.48    1.74645E-12
     9534.22    1.74553E-12
     9536.96    1.73030E-12
     9539.70    1.71367E-12
     9542.44    1.69409E-12
     9545.18    1.68786E-12
     9547.92    1.69244E-12
     9550.66    1.68911E-12
     9553.40    1.68707E-12
     9556.14    1.69931E-12
     9558.88    1.71481E-12
     9561.62    1.73425E-12
     9564.36    1.73919E-12
     9567.10    1.72822E-12
     9569.84    1.70797E-12
     9572.58    1.68065E-12
     9575.32    1.66928E-12
     9578.06    1.66520E-12
     9580.80    1.66486E-12
     9583.54    1.67066E-12
     9586.28    1.68664E-12
     9589.02    1.69592E-12
     9591.76    1.70054E-12
     9594.50    1.70334E-12
     9597.24    1.70396E-12
     9599.98    1.70032E-12
     9602.72    1.70121E-12
     9605.46    1.71517E-12
     9608.20    1.72706E-12
     9610.94    1.73599E-12
     9613.68    1.74498E-12
     9616.42    1.75330E-12
     9619.16    1.76147E-12
     9621.90    1.76077E-12
     9624.64    1.72877E-12
     9627.38    1.70908E-12
     9630.12    1.72318E-12
     9632.86    1.72153E-12
     9635.60    1.70821E-12
     9638.34    1.68747E-12
     9641.08    1.66390E-12
     9643.82    1.65448E-12
     9646.56    1.65149E-12
     9649.30    1.65013E-12
     9652.04    1.66158E-12
     9654.78    1.69955E-12
     9657.52    1.69677E-12
     9660.26    1.67050E-12
     9663.00    1.66656E-12
     9665.74    1.66929E-12
     9668.48    1.67353E-12
     9671.22    1.67656E-12
     9673.96    1.67185E-12
     9676.70    1.68303E-12
     9679.44    1.71234E-12
     9682.18    1.71542E-12
     9684.92    1.70589E-12
     9687.66    1.69595E-12
     9690.40    1.68589E-12
     9693.14    1.67685E-12
     9695.88    1.67525E-12
     9698.62    1.68512E-12
     9701.36    1.69266E-12
     9704.10    1.69952E-12
     9706.84    1.67887E-12
     9709.58    1.65265E-12
     9712.32    1.64830E-12
     9715.06    1.65639E-12
     9717.80    1.68811E-12
     9720.54    1.69219E-12
     9723.28    1.66387E-12
     9726.02    1.66647E-12
     9728.76    1.68219E-12
     9731.50    1.69772E-12
     9734.24    1.70232E-12
     9736.98    1.67280E-12
     9739.72    1.65044E-12
     9742.46    1.64116E-12
     9745.20    1.64260E-12
     9747.94    1.65433E-12
     9750.68    1.65561E-12
     9753.42    1.65242E-12
     9756.16    1.64081E-12
     9758.90    1.64070E-12
     9761.64    1.67678E-12
     9764.38    1.68084E-12
     9767.12    1.64320E-12
     9769.86    1.64286E-12
     9772.60    1.65881E-12
     9775.34    1.66758E-12
     9778.08    1.67276E-12
     9780.82    1.67222E-12
     9783.56    1.66421E-12
     9786.30    1.63665E-12
     9789.04    1.64596E-12
     9791.78    1.68549E-12
     9794.52    1.68498E-12
     9797.26    1.66948E-12
     9800.00    1.65969E-12
     9802.74    1.64786E-12
     9805.48    1.62853E-12
     9808.22    1.61999E-12
     9810.96    1.62039E-12
     9813.70    1.64708E-12
     9816.44    1.68919E-12
     9819.18    1.69162E-12
     9821.92    1.68280E-12
     9824.66    1.68136E-12
     9827.40    1.67840E-12
     9830.14    1.66960E-12
     9832.88    1.67181E-12
     9835.62    1.68395E-12
     9838.36    1.68927E-12
     9841.10    1.68986E-12
     9843.84    1.67381E-12
     9846.58    1.66614E-12
     9849.32    1.69168E-12
     9852.06    1.70409E-12
     9854.80    1.69732E-12
     9857.54    1.69316E-12
     9860.28    1.68859E-12
     9863.02    1.69807E-12
     9865.76    1.70454E-12
     9868.50    1.68285E-12
     9871.24    1.66144E-12
     9873.98    1.64656E-12
     9876.72    1.63818E-12
     9879.46    1.63608E-12
     9882.20    1.64149E-12
     9884.94    1.64952E-12
     9887.68    1.63928E-12
     9890.42    1.63459E-12
     9893.16    1.66043E-12
     9895.90    1.66835E-12
     9898.64    1.64137E-12
     9901.38    1.64805E-12
     9904.12    1.67243E-12
     9906.86    1.66636E-12
     9909.60    1.65445E-12
     9912.34    1.66353E-12
     9915.08    1.66463E-12
     9917.82    1.63791E-12
     9920.56    1.63866E-12
     9923.30    1.67039E-12
     9926.04    1.66219E-12
     9928.78    1.63742E-12
     9931.52    1.62685E-12
     9934.26    1.62131E-12
     9937.00    1.62011E-12
     9939.74    1.62324E-12
     9942.48    1.63284E-12
     9945.22    1.63920E-12
     9947.96    1.64397E-12
     9950.70    1.64118E-12
     9953.44    1.63532E-12
     9956.18    1.63030E-12
     9958.92    1.63053E-12
     9961.66    1.64753E-12
     9964.40    1.64122E-12
     9967.14    1.60588E-12
     9969.88    1.59869E-12
     9972.62    1.60529E-12
     9975.36    1.61749E-12
     9978.10    1.63274E-12
     9980.84    1.64947E-12
     9983.58    1.65693E-12
     9986.32    1.64401E-12
     9989.06    1.65652E-12
     9991.80    1.68755E-12
     9994.54    1.67373E-12
     9997.28    1.64317E-12
    10000.02    1.62186E-12
    10002.76    1.60817E-12
    10005.50    1.61475E-12
    10008.24    1.59993E-12
    10010.98    1.55322E-12
    10013.72    1.54966E-12
    10016.46    1.56710E-12
    10019.20    1.56379E-12
    10021.94    1.56057E-12
    10024.68    1.57532E-12
    10027.42    1.58010E-12
    10030.16    1.55266E-12
    10032.90    1.57703E-12
    10035.64    1.64556E-12
    10038.38    1.64819E-12
    10041.12    1.62946E-12
    10043.86    1.64828E-12
    10046.60    1.65103E-12
    10049.34    1.59539E-12
    10052.08    1.56917E-12
    10054.82    1.58051E-12
    10057.56    1.59704E-12
    10060.30    1.62004E-12
    10063.04    1.60551E-12
    10065.78    1.58401E-12
    10068.52    1.58406E-12
    10071.26    1.58541E-12
    10074.00    1.58321E-12
    10076.74    1.58517E-12
    10079.48    1.59003E-12
    10082.22    1.61190E-12
    10084.96    1.63842E-12
    10087.70    1.64098E-12
    10090.44    1.63443E-12
    10093.18    1.61722E-12
    10095.92    1.61412E-12
    10098.66    1.64565E-12
    10101.40    1.60421E-12
    10104.14    1.52365E-12
    10106.88    1.56331E-12
    10109.62    1.62590E-12
    10112.36    1.61928E-12
    10115.10    1.59451E-12
    10117.84    1.54233E-12
    10120.58    1.53804E-12
    10123.32    1.58246E-12
    10126.06    1.58815E-12
    10128.80    1.58010E-12
    10131.54    1.57477E-12
    10134.28    1.57669E-12
    10137.02    1.60688E-12
    10139.76    1.60870E-12
    10142.50    1.56046E-12
    10145.24    1.54020E-12
    10147.98    1.53423E-12
    10150.72    1.56837E-12
    10153.46    1.60677E-12
    10156.20    1.58446E-12
    10158.94    1.56948E-12
    10161.68    1.60212E-12
    10164.42    1.58614E-12
    10167.16    1.51290E-12
    10169.90    1.51068E-12
    10172.64    1.53591E-12
    10175.38    1.51302E-12
    10178.12    1.49145E-12
    10180.86    1.50038E-12
    10183.60    1.52294E-12
    10186.34    1.57409E-12
    10189.08    1.62310E-12
    10191.82    1.66507E-12
