#*HD111786
#*
#*  Heap-Lindler STIS
#set .z.units = "Ergs/s/cm**2/A"
#set .z.label = "Flux"
#set .table.bandwidth = 2.74
#*
     2950.00    8.99969E-12
     2952.74    9.17515E-12
     2955.48    9.26097E-12
     2958.22    9.41863E-12
     2960.96    9.40036E-12
     2963.70    9.05292E-12
     2966.44    8.72471E-12
     2969.18    8.90556E-12
     2971.92    8.90044E-12
     2974.66    9.32307E-12
     2977.40    9.44905E-12
     2980.14    9.10672E-12
     2982.88    8.77779E-12
     2985.62    8.55696E-12
     2988.36    9.32900E-12
     2991.10    9.58159E-12
     2993.84    9.43371E-12
     2996.58    9.27787E-12
     2999.32    8.97369E-12
     3002.06    8.89059E-12
     3004.80    9.12637E-12
     3007.54    9.22901E-12
     3010.28    9.33437E-12
     3013.02    9.34509E-12
     3015.76    9.41853E-12
     3018.50    9.34390E-12
     3021.24    9.16167E-12
     3023.98    9.32343E-12
     3026.72    9.48736E-12
     3029.46    9.63384E-12
     3032.20    9.72496E-12
     3034.94    9.67381E-12
     3037.68    9.49868E-12
     3040.42    9.52091E-12
     3043.16    9.60404E-12
     3045.90    9.56235E-12
     3048.64    9.49821E-12
     3051.38    9.54308E-12
     3054.12    9.42680E-12
     3056.86    9.08412E-12
     3059.60    9.08614E-12
     3062.34    9.35486E-12
     3065.08    9.25255E-12
     3067.82    9.23983E-12
     3070.56    9.36068E-12
     3073.30    9.25605E-12
     3076.04    9.23172E-12
     3078.78    9.42798E-12
     3081.52    9.53898E-12
     3084.26    9.58803E-12
     3087.00    9.55734E-12
     3089.74    9.37879E-12
     3092.48    9.21806E-12
     3095.22    9.28763E-12
     3097.96    9.31826E-12
     3100.70    9.23721E-12
     3103.44    9.32069E-12
     3106.18    9.60788E-12
     3108.92    9.83363E-12
     3111.66    9.81524E-12
     3114.40    9.75692E-12
     3117.14    9.51954E-12
     3119.88    9.25465E-12
     3122.62    9.40565E-12
     3125.36    9.47688E-12
     3128.10    9.49700E-12
     3130.84    9.36985E-12
     3133.58    9.29534E-12
     3136.32    9.50431E-12
     3139.06    9.62778E-12
     3141.80    9.56294E-12
     3144.54    9.41743E-12
     3147.28    9.50366E-12
     3150.02    9.63475E-12
     3152.76    9.57023E-12
     3155.50    9.39016E-12
     3158.24    9.09352E-12
     3160.98    9.01529E-12
     3163.72    9.15136E-12
     3166.46    9.44475E-12
     3169.20    9.54377E-12
     3171.94    9.70161E-12
     3174.68    9.68792E-12
     3177.42    9.31637E-12
     3180.16    8.93826E-12
     3182.90    9.09194E-12
     3185.64    9.34565E-12
     3188.38    9.44852E-12
     3191.12    9.28694E-12
     3193.86    9.17782E-12
     3196.60    9.37713E-12
     3199.34    9.53318E-12
     3202.08    9.65282E-12
     3204.82    9.72213E-12
     3207.56    9.55437E-12
     3210.30    9.34055E-12
     3213.04    9.13428E-12
     3215.78    9.28324E-12
     3218.52    9.45986E-12
     3221.26    9.49975E-12
     3224.00    9.34136E-12
     3226.74    9.23252E-12
     3229.48    8.99191E-12
     3232.22    9.19268E-12
     3234.96    9.08563E-12
     3237.70    9.22486E-12
     3240.44    9.18663E-12
     3243.18    9.48822E-12
     3245.92    9.52199E-12
     3248.66    9.53136E-12
     3251.40    9.50674E-12
     3254.14    9.51404E-12
     3256.88    9.62110E-12
     3259.62    9.74367E-12
     3262.36    9.79479E-12
     3265.10    9.83185E-12
     3267.84    9.80644E-12
     3270.58    9.82352E-12
     3273.32    9.67274E-12
     3276.06    9.66231E-12
     3278.80    9.55022E-12
     3281.54    9.58855E-12
     3284.28    9.67240E-12
     3287.02    9.69261E-12
     3289.76    9.80759E-12
     3292.50    9.90208E-12
     3295.24    9.91418E-12
     3297.98    9.96366E-12
     3300.72    9.98449E-12
     3303.46    9.80230E-12
     3306.20    9.71776E-12
     3308.94    9.74888E-12
     3311.68    9.76179E-12
     3314.42    9.74155E-12
     3317.16    9.79357E-12
     3319.90    9.75749E-12
     3322.64    9.53317E-12
     3325.38    9.56111E-12
     3328.12    9.63460E-12
     3330.86    9.62768E-12
     3333.60    9.68507E-12
     3336.34    9.53305E-12
     3339.08    9.54321E-12
     3341.82    9.52358E-12
     3344.56    9.67562E-12
     3347.30    9.65704E-12
     3350.04    9.34261E-12
     3352.78    9.64821E-12
     3355.52    9.90912E-12
     3358.26    9.48841E-12
     3361.00    9.32169E-12
     3363.74    9.53338E-12
     3366.48    9.58964E-12
     3369.22    9.49499E-12
     3371.96    9.34416E-12
     3374.70    9.56207E-12
     3377.44    9.63652E-12
     3380.18    9.49964E-12
     3382.92    9.43757E-12
     3385.66    9.63246E-12
     3388.40    9.65142E-12
     3391.14    9.59721E-12
     3393.88    9.44582E-12
     3396.62    9.72534E-12
     3399.36    9.98223E-12
     3402.10    9.86300E-12
     3404.84    9.82874E-12
     3407.58    9.69568E-12
     3410.32    9.67934E-12
     3413.06    9.62001E-12
     3415.80    9.62988E-12
     3418.54    9.73748E-12
     3421.28    9.68946E-12
     3424.02    9.66380E-12
     3426.76    9.87229E-12
     3429.50    9.86833E-12
     3432.24    9.75736E-12
     3434.98    9.64119E-12
     3437.72    9.58620E-12
     3440.46    9.25116E-12
     3443.20    9.18990E-12
     3445.94    9.35790E-12
     3448.68    9.63013E-12
     3451.42    9.74795E-12
     3454.16    9.71925E-12
     3456.90    9.66599E-12
     3459.64    9.44789E-12
     3462.38    9.44083E-12
     3465.12    9.63426E-12
     3467.86    9.62749E-12
     3470.60    9.67598E-12
     3473.34    9.52304E-12
     3476.08    9.42948E-12
     3478.82    9.55903E-12
     3481.56    9.60828E-12
     3484.30    9.59847E-12
     3487.04    9.66004E-12
     3489.78    9.52818E-12
     3492.52    9.39123E-12
     3495.26    9.41653E-12
     3498.00    9.74651E-12
     3500.74    9.70925E-12
     3503.48    9.67850E-12
     3506.22    9.62891E-12
     3508.96    9.65880E-12
     3511.70    9.56462E-12
     3514.44    9.48097E-12
     3517.18    9.60953E-12
     3519.92    9.61502E-12
     3522.66    9.47427E-12
     3525.40    9.39581E-12
     3528.14    9.54759E-12
     3530.88    9.66761E-12
     3533.62    9.74844E-12
     3536.36    9.72165E-12
     3539.10    9.75521E-12
     3541.84    9.82927E-12
     3544.58    9.91303E-12
     3547.32    9.91056E-12
     3550.06    9.89951E-12
     3552.80    9.82071E-12
     3555.54    9.73019E-12
     3558.28    9.75166E-12
     3561.02    9.78881E-12
     3563.76    9.72942E-12
     3566.50    9.45279E-12
     3569.24    9.32992E-12
     3571.98    9.34716E-12
     3574.72    9.44905E-12
     3577.46    9.53832E-12
     3580.20    9.43080E-12
     3582.94    9.30583E-12
     3585.68    9.21447E-12
     3588.42    9.31342E-12
     3591.16    9.61943E-12
     3593.90    9.72270E-12
     3596.64    9.79144E-12
     3599.38    9.89633E-12
     3602.12    9.67251E-12
     3604.86    9.59039E-12
     3607.60    9.57864E-12
     3610.34    9.28027E-12
     3613.08    9.48384E-12
     3615.82    9.53753E-12
     3618.56    9.40257E-12
     3621.30    9.47200E-12
     3624.04    9.75736E-12
     3626.78    9.85391E-12
     3629.52    9.67148E-12
     3632.26    9.48142E-12
     3635.00    9.54473E-12
     3637.74    9.71173E-12
     3640.48    9.82512E-12
     3643.22    9.71832E-12
     3645.96    9.64274E-12
     3648.70    9.58902E-12
     3651.44    9.78818E-12
     3654.18    9.91205E-12
     3656.92    9.94995E-12
     3659.66    9.98876E-12
     3662.40    9.89728E-12
     3665.14    9.85794E-12
     3667.88    9.90164E-12
     3670.62    9.88621E-12
     3673.36    9.90911E-12
     3676.10    9.82650E-12
     3678.84    9.70265E-12
     3681.58    9.69890E-12
     3684.32    9.66542E-12
     3687.06    9.53130E-12
     3689.80    9.72703E-12
     3692.54    9.90005E-12
     3695.28    1.00760E-11
     3698.02    9.88595E-12
     3700.76    1.00824E-11
     3703.50    9.70900E-12
     3706.24    9.73540E-12
     3708.98    1.01653E-11
     3711.72    9.77420E-12
     3714.46    1.03576E-11
     3717.20    1.13355E-11
     3719.94    1.05066E-11
     3722.68    9.56360E-12
     3725.42    1.07890E-11
     3728.16    1.20792E-11
     3730.90    1.17486E-11
     3733.64    9.77421E-12
     3736.38    9.35256E-12
     3739.12    1.14753E-11
     3741.86    1.32166E-11
     3744.60    1.28738E-11
     3747.34    1.11472E-11
     3750.08    9.34126E-12
     3752.82    1.02715E-11
     3755.56    1.27018E-11
     3758.30    1.40435E-11
     3761.04    1.45477E-11
     3763.78    1.43637E-11
     3766.52    1.28221E-11
     3769.26    1.05297E-11
     3772.00    9.75510E-12
     3774.74    1.17768E-11
     3777.48    1.44538E-11
     3780.22    1.63443E-11
     3782.96    1.72292E-11
     3785.70    1.72333E-11
     3788.44    1.66277E-11
     3791.18    1.53628E-11
     3793.92    1.31766E-11
     3796.66    1.05416E-11
     3799.40    9.75919E-12
     3802.14    1.20199E-11
     3804.88    1.46054E-11
     3807.62    1.64795E-11
     3810.36    1.78461E-11
     3813.10    1.83258E-11
     3815.84    1.84501E-11
     3818.58    1.85497E-11
     3821.32    1.81251E-11
     3824.06    1.70910E-11
     3826.80    1.57485E-11
     3829.54    1.40686E-11
     3832.28    1.17748E-11
     3835.02    9.45924E-12
     3837.76    9.68830E-12
     3840.50    1.20608E-11
     3843.24    1.48103E-11
     3845.98    1.68505E-11
     3848.72    1.81233E-11
     3851.46    1.91170E-11
     3854.20    1.96858E-11
     3856.94    1.98446E-11
     3859.68    1.98371E-11
     3862.42    2.03109E-11
     3865.16    2.05987E-11
     3867.90    2.04140E-11
     3870.64    1.98671E-11
     3873.38    1.92379E-11
     3876.12    1.83994E-11
     3878.86    1.71539E-11
     3881.60    1.58118E-11
     3884.34    1.37520E-11
     3887.08    1.09791E-11
     3889.82    9.53889E-12
     3892.56    1.11180E-11
     3895.30    1.35980E-11
     3898.04    1.55736E-11
     3900.78    1.69711E-11
     3903.52    1.80221E-11
     3906.26    1.90227E-11
     3909.00    2.00696E-11
     3911.74    2.07447E-11
     3914.48    2.10206E-11
     3917.22    2.12724E-11
     3919.96    2.12194E-11
     3922.70    2.12935E-11
     3925.44    2.13497E-11
     3928.18    2.07602E-11
     3930.92    1.91451E-11
     3933.66    1.70469E-11
     3936.40    1.82187E-11
     3939.14    2.02679E-11
     3941.88    2.08314E-11
     3944.62    2.07199E-11
     3947.36    2.04895E-11
     3950.10    2.01306E-11
     3952.84    1.96380E-11
     3955.58    1.88087E-11
     3958.32    1.77993E-11
     3961.06    1.62925E-11
     3963.80    1.43133E-11
     3966.54    1.15253E-11
     3969.28    9.12235E-12
     3972.02    9.42144E-12
     3974.76    1.20275E-11
     3977.50    1.47239E-11
     3980.24    1.63389E-11
     3982.98    1.78156E-11
     3985.72    1.89308E-11
     3988.46    1.97425E-11
     3991.20    2.04109E-11
     3993.94    2.08501E-11
     3996.68    2.12237E-11
     3999.42    2.15828E-11
     4002.16    2.17657E-11
     4004.90    2.18453E-11
     4007.64    2.21521E-11
     4010.38    2.22915E-11
     4013.12    2.24940E-11
     4015.86    2.26610E-11
     4018.60    2.27317E-11
     4021.34    2.27473E-11
     4024.08    2.27329E-11
     4026.82    2.27148E-11
     4029.56    2.25627E-11
     4032.30    2.24815E-11
     4035.04    2.26345E-11
     4037.78    2.27657E-11
     4040.52    2.28474E-11
     4043.26    2.25009E-11
     4046.00    2.21368E-11
     4048.74    2.25447E-11
     4051.48    2.25710E-11
     4054.22    2.23596E-11
     4056.96    2.21881E-11
     4059.70    2.21789E-11
     4062.44    2.17406E-11
     4065.18    2.12883E-11
     4067.92    2.13415E-11
     4070.66    2.08372E-11
     4073.40    2.04110E-11
     4076.14    2.00925E-11
     4078.88    1.97781E-11
     4081.62    1.96048E-11
     4084.36    1.92282E-11
     4087.10    1.85920E-11
     4089.84    1.77166E-11
     4092.58    1.64967E-11
     4095.32    1.47920E-11
     4098.06    1.25806E-11
     4100.80    1.02980E-11
     4103.54    1.01867E-11
     4106.28    1.22673E-11
     4109.02    1.44702E-11
     4111.76    1.60910E-11
     4114.50    1.73243E-11
     4117.24    1.82169E-11
     4119.98    1.88445E-11
     4122.72    1.94875E-11
     4125.46    1.98797E-11
     4128.20    2.01336E-11
     4130.94    2.03041E-11
     4133.68    2.05800E-11
     4136.42    2.09268E-11
     4139.16    2.12047E-11
     4141.90    2.11746E-11
     4144.64    2.11246E-11
     4147.38    2.12995E-11
     4150.12    2.14137E-11
     4152.86    2.14122E-11
     4155.60    2.13966E-11
     4158.34    2.14687E-11
     4161.08    2.16043E-11
     4163.82    2.16323E-11
     4166.56    2.16003E-11
     4169.30    2.15236E-11
     4172.04    2.13428E-11
     4174.78    2.12414E-11
     4177.52    2.13270E-11
     4180.26    2.13726E-11
     4183.00    2.13789E-11
     4185.74    2.13343E-11
     4188.48    2.13331E-11
     4191.22    2.14919E-11
     4193.96    2.15439E-11
     4196.70    2.13691E-11
     4199.44    2.11543E-11
     4202.18    2.11650E-11
     4204.92    2.13466E-11
     4207.66    2.14384E-11
     4210.40    2.14068E-11
     4213.14    2.11970E-11
     4215.88    2.09950E-11
     4218.62    2.10427E-11
     4221.36    2.11379E-11
     4224.10    2.08667E-11
     4226.84    2.05226E-11
     4229.58    2.06951E-11
     4232.32    2.08154E-11
     4235.06    2.08008E-11
     4237.80    2.08655E-11
     4240.54    2.09985E-11
     4243.28    2.09290E-11
     4246.02    2.07348E-11
     4248.76    2.06848E-11
     4251.50    2.06535E-11
     4254.24    2.06650E-11
     4256.98    2.07756E-11
     4259.72    2.06586E-11
     4262.46    2.06146E-11
     4265.20    2.07655E-11
     4267.94    2.05599E-11
     4270.68    2.01545E-11
     4273.42    2.01407E-11
     4276.16    2.04338E-11
     4278.90    2.05566E-11
     4281.64    2.04006E-11
     4284.38    2.02168E-11
     4287.12    2.00354E-11
     4289.86    1.98566E-11
     4292.60    1.97751E-11
     4295.34    1.95877E-11
     4298.08    1.92177E-11
     4300.82    1.89629E-11
     4303.56    1.89562E-11
     4306.30    1.87377E-11
     4309.04    1.84860E-11
     4311.78    1.85212E-11
     4314.52    1.85628E-11
     4317.26    1.84211E-11
     4320.00    1.80693E-11
     4322.74    1.73622E-11
     4325.48    1.66019E-11
     4328.22    1.60885E-11
     4330.96    1.53232E-11
     4333.70    1.39857E-11
     4336.44    1.20382E-11
     4339.18    9.91323E-12
     4341.92    9.65278E-12
     4344.66    1.15197E-11
     4347.40    1.34957E-11
     4350.14    1.48407E-11
     4352.88    1.57955E-11
     4355.62    1.65923E-11
     4358.36    1.73204E-11
     4361.10    1.79345E-11
     4363.84    1.81295E-11
     4366.58    1.83269E-11
     4369.32    1.86208E-11
     4372.06    1.87840E-11
     4374.80    1.89623E-11
     4377.54    1.91248E-11
     4380.28    1.91289E-11
     4383.02    1.88844E-11
     4385.76    1.90008E-11
     4388.50    1.93660E-11
     4391.24    1.94989E-11
     4393.98    1.94786E-11
     4396.72    1.94423E-11
     4399.46    1.93992E-11
     4402.20    1.92699E-11
     4404.94    1.94152E-11
     4407.68    1.95576E-11
     4410.42    1.95499E-11
     4413.16    1.95410E-11
     4415.90    1.94301E-11
     4418.64    1.94879E-11
     4421.38    1.95969E-11
     4424.12    1.96467E-11
     4426.86    1.96159E-11
     4429.60    1.96113E-11
     4432.34    1.96064E-11
     4435.08    1.95998E-11
     4437.82    1.96230E-11
     4440.56    1.94329E-11
     4443.30    1.93072E-11
     4446.04    1.94372E-11
     4448.78    1.94111E-11
     4451.52    1.93379E-11
     4454.26    1.92965E-11
     4457.00    1.92316E-11
     4459.74    1.92642E-11
     4462.48    1.92730E-11
     4465.22    1.92018E-11
     4467.96    1.91297E-11
     4470.70    1.91393E-11
     4473.44    1.92666E-11
     4476.18    1.93054E-11
     4478.92    1.91263E-11
     4481.66    1.89982E-11
     4484.40    1.91449E-11
     4487.14    1.91874E-11
     4489.88    1.90666E-11
     4492.62    1.89699E-11
     4495.36    1.90394E-11
     4498.10    1.90783E-11
     4500.84    1.90555E-11
     4503.58    1.90426E-11
     4506.32    1.90021E-11
     4509.06    1.90040E-11
     4511.80    1.90291E-11
     4514.54    1.89877E-11
     4517.28    1.88141E-11
     4520.02    1.87229E-11
     4522.76    1.86837E-11
     4525.50    1.86194E-11
     4528.24    1.85799E-11
     4530.98    1.85030E-11
     4533.72    1.85546E-11
     4536.46    1.87209E-11
     4539.20    1.87747E-11
     4541.94    1.87045E-11
     4544.68    1.85588E-11
     4547.42    1.83428E-11
     4550.16    1.82705E-11
     4552.90    1.82448E-11
     4555.64    1.83079E-11
     4558.38    1.84298E-11
     4561.12    1.85030E-11
     4563.86    1.84725E-11
     4566.60    1.84815E-11
     4569.34    1.84518E-11
     4572.08    1.84211E-11
     4574.82    1.85266E-11
     4577.56    1.85070E-11
     4580.30    1.83755E-11
     4583.04    1.81771E-11
     4585.78    1.82111E-11
     4588.52    1.82191E-11
     4591.26    1.81440E-11
     4594.00    1.82267E-11
     4596.74    1.83315E-11
     4599.48    1.83458E-11
     4602.22    1.82980E-11
     4604.96    1.82818E-11
     4607.70    1.83123E-11
     4610.44    1.82888E-11
     4613.18    1.82310E-11
     4615.92    1.81971E-11
     4618.66    1.81412E-11
     4621.40    1.81307E-11
     4624.14    1.81503E-11
     4626.88    1.81139E-11
     4629.62    1.80542E-11
     4632.36    1.80414E-11
     4635.10    1.80362E-11
     4637.84    1.80571E-11
     4640.58    1.80338E-11
     4643.32    1.79777E-11
     4646.06    1.79558E-11
     4648.80    1.79524E-11
     4651.54    1.79038E-11
     4654.28    1.79044E-11
     4657.02    1.79255E-11
     4659.76    1.79216E-11
     4662.50    1.78224E-11
     4665.24    1.76939E-11
     4667.98    1.76318E-11
     4670.72    1.77328E-11
     4673.46    1.77216E-11
     4676.20    1.77236E-11
     4678.94    1.76699E-11
     4681.68    1.76709E-11
     4684.42    1.76709E-11
     4687.16    1.76769E-11
     4689.90    1.76412E-11
     4692.64    1.74842E-11
     4695.38    1.75645E-11
     4698.12    1.75437E-11
     4700.86    1.74311E-11
     4703.60    1.74216E-11
     4706.34    1.74319E-11
     4709.08    1.74573E-11
     4711.82    1.74223E-11
     4714.56    1.74270E-11
     4717.30    1.74810E-11
     4720.04    1.75447E-11
     4722.78    1.75432E-11
     4725.52    1.74762E-11
     4728.26    1.73975E-11
     4731.00    1.72644E-11
     4733.74    1.72750E-11
     4736.48    1.72709E-11
     4739.22    1.72633E-11
     4741.96    1.71799E-11
     4744.70    1.71435E-11
     4747.44    1.71410E-11
     4750.18    1.71673E-11
     4752.92    1.70495E-11
     4755.66    1.70371E-11
     4758.40    1.69342E-11
     4761.14    1.67882E-11
     4763.88    1.67535E-11
     4766.62    1.67905E-11
     4769.36    1.68029E-11
     4772.10    1.67815E-11
     4774.84    1.68651E-11
     4777.58    1.68428E-11
     4780.32    1.68376E-11
     4783.06    1.67660E-11
     4785.80    1.67099E-11
     4788.54    1.67973E-11
     4791.28    1.68329E-11
     4794.02    1.66843E-11
     4796.76    1.66868E-11
     4799.50    1.65762E-11
     4802.24    1.64919E-11
     4804.98    1.64725E-11
     4807.72    1.64195E-11
     4810.46    1.63527E-11
     4813.20    1.63115E-11
     4815.94    1.63022E-11
     4818.68    1.62098E-11
     4821.42    1.60659E-11
     4824.16    1.58968E-11
     4826.90    1.58633E-11
     4829.64    1.57697E-11
     4832.38    1.55144E-11
     4835.12    1.52636E-11
     4837.86    1.51065E-11
     4840.60    1.48147E-11
     4843.34    1.44750E-11
     4846.08    1.40513E-11
     4848.82    1.35194E-11
     4851.56    1.28427E-11
     4854.30    1.17909E-11
     4857.04    1.02736E-11
     4859.78    8.77324E-12
     4862.52    8.65828E-12
     4865.26    1.00503E-11
     4868.00    1.14791E-11
     4870.74    1.24187E-11
     4873.48    1.31524E-11
     4876.22    1.36808E-11
     4878.96    1.41545E-11
     4881.70    1.44608E-11
     4884.44    1.47070E-11
     4887.18    1.48364E-11
     4889.92    1.48787E-11
     4892.66    1.51657E-11
     4895.40    1.54287E-11
     4898.14    1.54716E-11
     4900.88    1.54756E-11
     4903.62    1.55737E-11
     4906.36    1.56956E-11
     4909.10    1.56881E-11
     4911.84    1.58448E-11
     4914.58    1.56517E-11
     4917.32    1.55670E-11
     4920.06    1.54588E-11
     4922.80    1.54540E-11
     4925.54    1.55609E-11
     4928.28    1.57116E-11
     4931.02    1.56941E-11
     4933.76    1.56098E-11
     4936.50    1.55891E-11
     4939.24    1.56699E-11
     4941.98    1.57222E-11
     4944.72    1.57805E-11
     4947.46    1.58278E-11
     4950.20    1.57691E-11
     4952.94    1.57228E-11
     4955.68    1.56094E-11
     4958.42    1.54575E-11
     4961.16    1.55623E-11
     4963.90    1.56451E-11
     4966.64    1.55730E-11
     4969.38    1.55319E-11
     4972.12    1.55536E-11
     4974.86    1.55984E-11
     4977.60    1.55906E-11
     4980.34    1.54512E-11
     4983.08    1.53530E-11
     4985.82    1.54050E-11
     4988.56    1.54788E-11
     4991.30    1.54580E-11
     4994.04    1.55212E-11
     4996.78    1.54209E-11
     4999.52    1.53285E-11
     5002.26    1.52978E-11
     5005.00    1.52694E-11
     5007.74    1.51411E-11
     5010.48    1.51597E-11
     5013.22    1.51669E-11
     5015.96    1.50269E-11
     5018.70    1.49640E-11
     5021.44    1.50333E-11
     5024.18    1.51341E-11
     5026.92    1.51984E-11
     5029.66    1.51771E-11
     5032.40    1.52274E-11
     5035.14    1.51425E-11
     5037.88    1.49317E-11
     5040.62    1.48164E-11
     5043.36    1.50070E-11
     5046.10    1.50901E-11
     5048.84    1.50133E-11
     5051.58    1.49405E-11
     5054.32    1.50027E-11
     5057.06    1.50429E-11
     5059.80    1.50701E-11
     5062.54    1.51481E-11
     5065.28    1.49979E-11
     5068.02    1.48370E-11
     5070.76    1.49202E-11
     5073.50    1.49308E-11
     5076.24    1.48281E-11
     5078.98    1.47409E-11
     5081.72    1.47664E-11
     5084.46    1.48183E-11
     5087.20    1.48933E-11
     5089.94    1.48974E-11
     5092.68    1.48582E-11
     5095.42    1.47556E-11
     5098.16    1.47436E-11
     5100.90    1.47906E-11
     5103.64    1.47678E-11
     5106.38    1.47021E-11
     5109.12    1.46669E-11
     5111.86    1.46721E-11
     5114.60    1.47670E-11
     5117.34    1.48145E-11
     5120.08    1.46930E-11
     5122.82    1.46808E-11
     5125.56    1.45942E-11
     5128.30    1.46663E-11
     5131.04    1.45127E-11
     5133.78    1.45801E-11
     5136.52    1.44681E-11
     5139.26    1.44198E-11
     5142.00    1.45090E-11
     5144.74    1.45321E-11
     5147.48    1.44723E-11
     5150.22    1.44726E-11
     5152.96    1.44544E-11
     5155.70    1.45393E-11
     5158.44    1.44851E-11
     5161.18    1.41998E-11
     5163.92    1.41811E-11
     5166.66    1.38514E-11
     5169.40    1.36926E-11
     5172.14    1.37825E-11
     5174.88    1.40956E-11
     5177.62    1.42975E-11
     5180.36    1.41843E-11
     5183.10    1.39000E-11
     5185.84    1.39853E-11
     5188.58    1.41298E-11
     5191.32    1.41296E-11
     5194.06    1.41386E-11
     5196.80    1.41332E-11
     5199.54    1.42185E-11
     5202.28    1.41012E-11
     5205.02    1.41219E-11
     5207.76    1.40609E-11
     5210.50    1.41584E-11
     5213.24    1.40627E-11
     5215.98    1.40404E-11
     5218.72    1.41297E-11
     5221.46    1.40579E-11
     5224.20    1.40164E-11
     5226.94    1.39290E-11
     5229.68    1.39248E-11
     5232.42    1.38358E-11
     5235.16    1.39186E-11
     5237.90    1.40599E-11
     5240.64    1.40956E-11
     5243.38    1.39744E-11
     5246.12    1.40492E-11
     5248.86    1.39630E-11
     5251.60    1.39768E-11
     5254.34    1.39571E-11
     5257.08    1.39893E-11
     5259.82    1.38880E-11
     5262.56    1.36843E-11
     5265.30    1.36480E-11
     5268.04    1.35441E-11
     5270.78    1.35481E-11
     5273.52    1.36614E-11
     5276.26    1.37011E-11
     5279.00    1.37467E-11
     5281.74    1.37271E-11
     5284.48    1.37471E-11
     5287.22    1.38542E-11
     5289.96    1.38713E-11
     5292.70    1.37536E-11
     5295.44    1.37400E-11
     5298.18    1.36616E-11
     5300.92    1.37104E-11
     5303.66    1.36989E-11
     5306.40    1.37452E-11
     5309.14    1.36754E-11
     5311.88    1.36355E-11
     5314.62    1.35890E-11
     5317.36    1.35835E-11
     5320.10    1.35426E-11
     5322.84    1.35111E-11
     5325.58    1.34231E-11
     5328.32    1.33852E-11
     5331.06    1.36326E-11
     5333.80    1.35060E-11
     5336.54    1.35415E-11
     5339.28    1.34269E-11
     5342.02    1.34592E-11
     5344.76    1.35152E-11
     5347.50    1.33884E-11
     5350.24    1.34562E-11
     5352.98    1.34535E-11
     5355.72    1.34208E-11
     5358.46    1.34253E-11
     5361.20    1.32844E-11
     5363.94    1.32770E-11
     5366.68    1.32576E-11
     5369.42    1.32115E-11
     5372.16    1.31423E-11
     5374.90    1.32765E-11
     5377.64    1.33026E-11
     5380.38    1.31649E-11
     5383.12    1.31557E-11
     5385.86    1.31676E-11
     5388.60    1.31839E-11
     5391.34    1.31823E-11
     5394.08    1.30642E-11
     5396.82    1.30878E-11
     5399.56    1.30103E-11
     5402.30    1.30063E-11
     5405.04    1.30178E-11
     5407.78    1.29995E-11
     5410.52    1.30518E-11
     5413.26    1.30524E-11
     5416.00    1.30719E-11
     5418.74    1.30243E-11
     5421.48    1.30047E-11
     5424.22    1.29608E-11
     5426.96    1.29733E-11
     5429.70    1.29194E-11
     5432.44    1.28861E-11
     5435.18    1.28351E-11
     5437.92    1.30043E-11
     5440.66    1.29907E-11
     5443.40    1.29154E-11
     5446.14    1.28003E-11
     5448.88    1.28464E-11
     5451.62    1.28858E-11
     5454.36    1.28145E-11
     5457.10    1.28600E-11
     5459.84    1.28615E-11
     5462.58    1.28448E-11
     5465.32    1.28462E-11
     5468.06    1.28432E-11
     5470.80    1.27857E-11
     5473.54    1.27259E-11
     5476.28    1.27649E-11
     5479.02    1.27344E-11
     5481.76    1.27881E-11
     5484.50    1.27845E-11
     5487.24    1.27254E-11
     5489.98    1.27983E-11
     5492.72    1.27502E-11
     5495.46    1.26897E-11
     5498.20    1.27954E-11
     5500.94    1.27291E-11
     5503.68    1.26043E-11
     5506.42    1.25834E-11
     5509.16    1.25720E-11
     5511.90    1.25876E-11
     5514.64    1.25834E-11
     5517.38    1.26143E-11
     5520.12    1.26027E-11
     5522.86    1.25667E-11
     5525.60    1.25144E-11
     5528.34    1.24276E-11
     5531.08    1.24542E-11
     5533.82    1.25617E-11
     5536.56    1.25087E-11
     5539.30    1.26481E-11
     5542.04    1.25396E-11
     5544.78    1.25096E-11
     5547.52    1.25164E-11
     5550.26    1.25186E-11
     5553.00    1.24723E-11
     5555.74    1.24146E-11
     5558.48    1.23893E-11
     5561.22    1.24044E-11
     5563.96    1.23888E-11
     5566.70    1.23395E-11
     5569.44    1.23333E-11
     5572.18    1.23256E-11
     5574.92    1.23890E-11
     5577.66    1.23598E-11
     5580.40    1.23438E-11
     5583.14    1.22825E-11
     5585.88    1.22266E-11
     5588.62    1.21975E-11
     5591.36    1.21529E-11
     5594.10    1.20733E-11
     5596.84    1.21383E-11
     5599.58    1.21948E-11
     5602.32    1.22072E-11
     5605.06    1.23045E-11
     5607.80    1.22737E-11
     5610.54    1.22359E-11
     5613.28    1.21839E-11
     5616.02    1.21911E-11
     5618.76    1.21563E-11
     5621.50    1.21828E-11
     5624.24    1.20502E-11
     5626.98    1.21265E-11
     5629.72    1.21568E-11
     5632.46    1.21714E-11
     5635.20    1.21408E-11
     5637.94    1.21182E-11
     5640.68    1.21541E-11
     5643.42    1.21996E-11
     5646.16    1.21367E-11
     5648.90    1.21574E-11
     5651.64    1.19628E-11
     5654.38    1.18634E-11
     5657.12    1.19383E-11
     5659.86    1.19189E-11
     5662.60    1.18731E-11
     5665.34    1.18458E-11
     5668.08    1.18321E-11
     5670.82    1.18457E-11
     5673.56    1.18517E-11
     5676.30    1.18563E-11
     5679.04    1.17994E-11
     5681.78    1.17158E-11
     5684.52    1.18862E-11
     5687.26    1.20568E-11
     5690.00    1.19156E-11
     5692.74    1.17488E-11
     5695.48    1.15956E-11
     5698.22    1.15344E-11
     5700.96    1.15628E-11
     5703.70    1.15696E-11
     5706.44    1.15828E-11
     5709.18    1.16234E-11
     5711.92    1.16515E-11
     5714.66    1.16305E-11
     5717.40    1.16124E-11
     5720.14    1.16038E-11
     5722.88    1.15851E-11
     5725.62    1.15612E-11
     5728.36    1.15561E-11
     5731.10    1.15656E-11
     5733.84    1.16067E-11
     5736.58    1.16272E-11
     5739.32    1.15978E-11
     5742.06    1.15752E-11
     5744.80    1.15586E-11
     5747.54    1.15135E-11
     5750.28    1.14630E-11
     5753.02    1.14733E-11
     5755.76    1.15016E-11
     5758.50    1.15367E-11
     5761.24    1.15456E-11
     5763.98    1.15132E-11
     5766.72    1.14857E-11
     5769.46    1.14570E-11
     5772.20    1.15002E-11
     5774.94    1.15452E-11
     5777.68    1.14691E-11
     5780.42    1.14058E-11
     5783.16    1.14136E-11
     5785.90    1.14119E-11
     5788.64    1.14050E-11
     5791.38    1.13728E-11
     5794.12    1.13355E-11
     5796.86    1.13848E-11
     5799.60    1.14283E-11
     5802.34    1.13738E-11
     5805.08    1.13452E-11
     5807.82    1.13839E-11
     5810.56    1.13588E-11
     5813.30    1.12909E-11
     5816.04    1.12731E-11
     5818.78    1.12778E-11
     5821.52    1.13129E-11
     5824.26    1.13148E-11
     5827.00    1.12163E-11
     5829.74    1.11822E-11
     5832.48    1.12274E-11
     5835.22    1.12250E-11
     5837.96    1.12048E-11
     5840.70    1.11843E-11
     5843.44    1.11664E-11
     5846.18    1.11634E-11
     5848.92    1.11566E-11
     5851.66    1.11391E-11
     5854.40    1.11309E-11
     5857.14    1.11299E-11
     5859.88    1.10974E-11
     5862.62    1.10635E-11
     5865.36    1.10977E-11
     5868.10    1.11157E-11
     5870.84    1.10633E-11
     5873.58    1.10251E-11
     5876.32    1.10085E-11
     5879.06    1.09743E-11
     5881.80    1.09271E-11
     5884.54    1.08354E-11
     5887.28    1.07420E-11
     5890.02    1.06835E-11
     5892.76    1.06696E-11
     5895.50    1.06982E-11
     5898.24    1.08195E-11
     5900.98    1.10422E-11
     5903.72    1.09822E-11
     5906.46    1.08236E-11
     5909.20    1.08400E-11
     5911.94    1.08855E-11
     5914.68    1.09283E-11
     5917.42    1.09268E-11
     5920.16    1.08567E-11
     5922.90    1.08411E-11
     5925.64    1.08499E-11
     5928.38    1.08374E-11
     5931.12    1.08240E-11
     5933.86    1.08256E-11
     5936.60    1.08242E-11
     5939.34    1.08103E-11
     5942.08    1.08104E-11
     5944.82    1.08255E-11
     5947.56    1.08047E-11
     5950.30    1.07682E-11
     5953.04    1.07445E-11
     5955.78    1.07177E-11
     5958.52    1.06650E-11
     5961.26    1.06560E-11
     5964.00    1.07126E-11
     5966.74    1.07601E-11
     5969.48    1.08055E-11
     5972.22    1.07136E-11
     5974.96    1.05979E-11
     5977.70    1.06011E-11
     5980.44    1.06153E-11
     5983.18    1.06192E-11
     5985.92    1.06090E-11
     5988.66    1.05831E-11
     5991.40    1.05717E-11
     5994.14    1.05640E-11
     5996.88    1.05668E-11
     5999.62    1.05168E-11
     6002.36    1.02742E-11
     6005.10    1.02047E-11
     6007.84    1.04540E-11
     6010.58    1.04832E-11
     6013.32    1.03978E-11
     6016.06    1.03983E-11
     6018.80    1.04231E-11
     6021.54    1.04552E-11
     6024.28    1.04827E-11
     6027.02    1.05044E-11
     6029.76    1.04950E-11
     6032.50    1.04480E-11
     6035.24    1.04345E-11
     6037.98    1.04306E-11
     6040.72    1.03869E-11
     6043.46    1.03563E-11
     6046.20    1.04000E-11
     6048.94    1.04137E-11
     6051.68    1.03863E-11
     6054.42    1.02972E-11
     6057.16    1.01546E-11
     6059.90    1.02117E-11
     6062.64    1.03244E-11
     6065.38    1.02809E-11
     6068.12    1.02959E-11
     6070.86    1.05517E-11
     6073.60    1.05615E-11
     6076.34    1.02603E-11
     6079.08    1.02177E-11
     6081.82    1.02800E-11
     6084.56    1.02614E-11
     6087.30    1.02372E-11
     6090.04    1.02480E-11
     6092.78    1.02377E-11
     6095.52    1.01790E-11
     6098.26    1.01625E-11
     6101.00    1.01761E-11
     6103.74    1.01732E-11
     6106.48    1.01598E-11
     6109.22    1.01104E-11
     6111.96    1.00775E-11
     6114.70    1.01034E-11
     6117.44    1.01112E-11
     6120.18    1.00947E-11
     6122.92    1.00936E-11
     6125.66    1.00976E-11
     6128.40    1.00919E-11
     6131.14    1.00724E-11
     6133.88    1.00175E-11
     6136.62    9.97512E-12
     6139.36    9.94666E-12
     6142.10    9.97565E-12
     6144.84    1.00621E-11
     6147.58    1.00392E-11
     6150.32    9.97095E-12
     6153.06    9.91939E-12
     6155.80    9.87762E-12
     6158.54    9.85048E-12
     6161.28    9.84427E-12
     6164.02    9.87048E-12
     6166.76    9.86063E-12
     6169.50    9.83741E-12
     6172.24    9.89892E-12
     6174.98    9.95015E-12
     6177.72    9.85919E-12
     6180.46    9.79470E-12
     6183.20    9.82041E-12
     6185.94    9.80862E-12
     6188.68    9.76543E-12
     6191.42    9.77770E-12
     6194.16    9.81010E-12
     6196.90    9.81643E-12
     6199.64    9.80429E-12
     6202.38    9.75614E-12
     6205.12    9.72861E-12
     6207.86    9.73454E-12
     6210.60    9.72602E-12
     6213.34    9.71315E-12
     6216.08    9.71157E-12
     6218.82    9.70792E-12
     6221.56    9.67669E-12
     6224.30    9.66317E-12
     6227.04    9.69901E-12
     6229.78    9.69924E-12
     6232.52    9.66730E-12
     6235.26    9.63174E-12
     6238.00    9.59389E-12
     6240.74    9.58200E-12
     6243.48    9.57953E-12
     6246.22    9.57681E-12
     6248.96    9.58565E-12
     6251.70    9.62023E-12
     6254.44    9.61395E-12
     6257.18    9.58195E-12
     6259.92    9.57181E-12
     6262.66    9.57102E-12
     6265.40    9.58504E-12
     6268.14    9.58997E-12
     6270.88    9.57334E-12
     6273.62    9.55151E-12
     6276.36    9.52235E-12
     6279.10    9.49643E-12
     6281.84    9.47500E-12
     6284.58    9.48187E-12
     6287.32    9.48730E-12
     6290.06    9.46367E-12
     6292.80    9.44134E-12
     6295.54    9.41990E-12
     6298.28    9.41742E-12
     6301.02    9.42962E-12
     6303.76    9.41321E-12
     6306.50    9.39266E-12
     6309.24    9.40749E-12
     6311.98    9.40632E-12
     6314.72    9.34910E-12
     6317.46    9.33474E-12
     6320.20    9.38771E-12
     6322.94    9.27262E-12
     6325.68    9.09683E-12
     6328.42    9.20799E-12
     6331.16    9.34156E-12
     6333.90    9.26847E-12
     6336.64    9.23491E-12
     6339.38    9.31015E-12
     6342.12    9.31331E-12
     6344.86    9.26808E-12
     6347.60    9.26507E-12
     6350.34    9.27171E-12
     6353.08    9.26936E-12
     6355.82    9.24215E-12
     6358.56    9.14798E-12
     6361.30    9.11876E-12
     6364.04    9.17442E-12
     6366.78    9.18202E-12
     6369.52    9.17456E-12
     6372.26    9.19923E-12
     6375.00    9.21408E-12
     6377.74    9.16824E-12
     6380.48    9.13339E-12
     6383.22    9.12290E-12
     6385.96    9.13669E-12
     6388.70    9.17665E-12
     6391.44    9.15605E-12
     6394.18    9.11052E-12
     6396.92    9.06696E-12
     6399.66    9.05340E-12
     6402.40    9.12115E-12
     6405.14    9.14365E-12
     6407.88    9.10043E-12
     6410.62    9.09410E-12
     6413.36    9.09886E-12
     6416.10    9.05723E-12
     6418.84    9.01381E-12
     6421.58    9.01391E-12
     6424.32    9.02340E-12
     6427.06    9.04735E-12
     6429.80    9.03606E-12
     6432.54    8.99052E-12
     6435.28    8.99290E-12
     6438.02    9.01388E-12
     6440.76    9.02387E-12
     6443.50    9.02720E-12
     6446.24    9.02176E-12
     6448.98    9.00557E-12
     6451.72    8.97062E-12
     6454.46    8.95981E-12
     6457.20    8.96064E-12
     6459.94    8.92167E-12
     6462.68    8.88361E-12
     6465.42    8.89508E-12
     6468.16    8.91652E-12
     6470.90    8.94412E-12
     6473.64    8.96121E-12
     6476.38    8.97210E-12
     6479.12    8.94015E-12
     6481.86    8.88710E-12
     6484.60    8.86157E-12
     6487.34    8.83986E-12
     6490.08    8.81394E-12
     6492.82    8.78529E-12
     6495.56    8.74653E-12
     6498.30    8.73257E-12
     6501.04    8.73607E-12
     6503.78    8.75529E-12
     6506.52    8.77513E-12
     6509.26    8.76797E-12
     6512.00    8.74741E-12
     6514.74    8.71245E-12
     6517.48    8.67729E-12
     6520.22    8.64620E-12
     6522.96    8.55645E-12
     6525.70    8.44943E-12
     6528.44    8.46776E-12
     6531.18    8.48184E-12
     6533.92    8.38518E-12
     6536.66    8.29755E-12
     6539.40    8.26195E-12
     6542.14    8.12301E-12
     6544.88    7.90912E-12
     6547.62    7.72894E-12
     6550.36    7.52446E-12
     6553.10    7.23836E-12
     6555.84    6.87775E-12
     6558.58    6.33207E-12
     6561.32    6.04878E-12
     6564.06    6.00376E-12
     6566.80    6.31110E-12
     6569.54    6.85914E-12
     6572.28    7.25938E-12
     6575.02    7.58749E-12
     6577.76    7.80439E-12
     6580.50    7.96254E-12
     6583.24    8.06154E-12
     6585.98    8.12998E-12
     6588.72    8.16229E-12
     6591.46    8.23568E-12
     6594.20    8.31877E-12
     6596.94    8.38766E-12
     6599.68    8.43814E-12
     6602.42    8.46334E-12
     6605.16    8.46779E-12
     6607.90    8.44097E-12
     6610.64    8.45728E-12
     6613.38    8.49128E-12
     6616.12    8.47412E-12
     6618.86    8.46005E-12
     6621.60    8.51179E-12
     6624.34    8.53635E-12
     6627.08    8.50336E-12
     6629.82    8.47648E-12
     6632.56    8.44697E-12
     6635.30    8.47305E-12
     6638.04    8.51391E-12
     6640.78    8.49249E-12
     6643.52    8.46486E-12
     6646.26    8.45191E-12
     6649.00    8.44723E-12
     6651.74    8.45562E-12
     6654.48    8.44901E-12
     6657.22    8.43454E-12
     6659.96    8.41813E-12
     6662.70    8.40588E-12
     6665.44    8.41621E-12
     6668.18    8.41401E-12
     6670.92    8.37931E-12
     6673.66    8.36835E-12
     6676.40    8.37728E-12
     6679.14    8.36563E-12
     6681.88    8.35292E-12
     6684.62    8.38044E-12
     6687.36    8.40171E-12
     6690.10    8.38269E-12
     6692.84    8.37063E-12
     6695.58    8.37533E-12
     6698.32    8.35276E-12
     6701.06    8.31512E-12
     6703.80    8.30503E-12
     6706.54    8.30031E-12
     6709.28    8.28059E-12
     6712.02    8.26472E-12
     6714.76    8.25585E-12
     6717.50    8.25762E-12
     6720.24    8.27023E-12
     6722.98    8.29115E-12
     6725.72    8.30948E-12
     6728.46    8.27430E-12
     6731.20    8.23769E-12
     6733.94    8.23780E-12
     6736.68    8.23232E-12
     6739.42    8.22009E-12
     6742.16    8.19019E-12
     6744.90    8.14849E-12
     6747.64    8.15722E-12
     6750.38    8.17682E-12
     6753.12    8.15855E-12
     6755.86    8.14773E-12
     6758.60    8.16327E-12
     6761.34    8.17237E-12
     6764.08    8.17861E-12
     6766.82    8.16004E-12
     6769.56    8.13090E-12
     6772.30    8.14104E-12
     6775.04    8.13479E-12
     6777.78    8.04455E-12
     6780.52    8.00047E-12
     6783.26    8.03334E-12
     6786.00    8.06737E-12
     6788.74    8.11224E-12
     6791.48    8.08519E-12
     6794.22    8.03742E-12
     6796.96    8.02804E-12
     6799.70    8.03312E-12
     6802.44    8.06803E-12
     6805.18    8.05338E-12
     6807.92    7.97749E-12
     6810.66    7.95959E-12
     6813.40    7.96845E-12
     6816.14    7.98085E-12
     6818.88    7.99425E-12
     6821.62    8.00026E-12
     6824.36    8.00052E-12
     6827.10    7.99892E-12
     6829.84    7.97584E-12
     6832.58    7.93449E-12
     6835.32    7.88119E-12
     6838.06    7.83043E-12
     6840.80    7.82246E-12
     6843.54    7.82443E-12
     6846.28    7.82611E-12
     6849.02    7.82702E-12
     6851.76    7.82396E-12
     6854.50    7.84372E-12
     6857.24    7.87274E-12
     6859.98    7.85697E-12
     6862.72    7.83472E-12
     6865.46    7.83725E-12
     6868.20    7.84044E-12
     6870.94    7.84314E-12
     6873.68    7.83621E-12
     6876.42    7.82060E-12
     6879.16    7.81713E-12
     6881.90    7.82297E-12
     6884.64    7.85889E-12
     6887.38    7.86967E-12
     6890.12    7.80088E-12
     6892.86    7.76507E-12
     6895.60    7.77319E-12
     6898.34    7.77010E-12
     6901.08    7.76608E-12
     6903.82    7.75962E-12
     6906.56    7.75273E-12
     6909.30    7.74971E-12
     6912.04    7.74156E-12
     6914.78    7.72571E-12
     6917.52    7.70335E-12
     6920.26    7.67254E-12
     6923.00    7.67485E-12
     6925.74    7.69081E-12
     6928.48    7.69589E-12
     6931.22    7.68942E-12
     6933.96    7.65471E-12
     6936.70    7.64046E-12
     6939.44    7.65731E-12
     6942.18    7.66031E-12
     6944.92    7.65860E-12
     6947.66    7.65696E-12
     6950.40    7.65105E-12
     6953.14    7.62966E-12
     6955.88    7.61885E-12
     6958.62    7.63830E-12
     6961.36    7.62956E-12
     6964.10    7.59385E-12
     6966.84    7.58578E-12
     6969.58    7.58583E-12
     6972.32    7.56309E-12
     6975.06    7.54742E-12
     6977.80    7.56208E-12
     6980.54    7.57456E-12
     6983.28    7.58477E-12
     6986.02    7.58384E-12
     6988.76    7.57402E-12
     6991.50    7.54894E-12
     6994.24    7.52389E-12
     6996.98    7.53117E-12
     6999.72    7.52693E-12
     7002.46    7.48258E-12
     7005.20    7.47085E-12
     7007.94    7.49197E-12
     7010.68    7.49728E-12
     7013.42    7.49769E-12
     7016.16    7.49494E-12
     7018.90    7.48879E-12
     7021.64    7.47638E-12
     7024.38    7.46958E-12
     7027.12    7.47316E-12
     7029.86    7.47239E-12
     7032.60    7.46915E-12
     7035.34    7.43538E-12
     7038.08    7.40073E-12
     7040.82    7.41981E-12
     7043.56    7.43298E-12
     7046.30    7.41367E-12
     7049.04    7.39872E-12
     7051.78    7.38567E-12
     7054.52    7.38682E-12
     7057.26    7.39488E-12
     7060.00    7.38710E-12
     7062.74    7.37928E-12
     7065.48    7.38576E-12
     7068.22    7.38474E-12
     7070.96    7.36898E-12
     7073.70    7.36005E-12
     7076.44    7.35468E-12
     7079.18    7.33861E-12
     7081.92    7.32143E-12
     7084.66    7.32004E-12
     7087.40    7.31626E-12
     7090.14    7.30124E-12
     7092.88    7.28533E-12
     7095.62    7.26458E-12
     7098.36    7.26744E-12
     7101.10    7.28389E-12
     7103.84    7.30071E-12
     7106.58    7.30120E-12
     7109.32    7.24941E-12
     7112.06    7.20495E-12
     7114.80    7.17567E-12
     7117.54    7.17186E-12
     7120.28    7.19206E-12
     7123.02    7.19098E-12
     7125.76    7.18655E-12
     7128.50    7.20157E-12
     7131.24    7.21119E-12
     7133.98    7.19818E-12
     7136.72    7.19304E-12
     7139.46    7.19899E-12
     7142.20    7.20033E-12
     7144.94    7.19745E-12
     7147.68    7.16182E-12
     7150.42    7.12686E-12
     7153.16    7.13469E-12
     7155.90    7.13807E-12
     7158.64    7.09230E-12
     7161.38    7.17944E-12
     7164.12    7.39723E-12
     7166.86    7.29256E-12
     7169.60    7.08060E-12
     7172.34    7.09131E-12
     7175.08    7.13122E-12
     7177.82    7.13503E-12
     7180.56    7.11738E-12
     7183.30    7.06309E-12
     7186.04    7.05586E-12
     7188.78    7.07214E-12
     7191.52    7.04871E-12
     7194.26    7.02015E-12
     7197.00    7.01601E-12
     7199.74    7.01427E-12
     7202.48    7.00964E-12
     7205.22    7.00920E-12
     7207.96    7.01309E-12
     7210.70    7.01254E-12
     7213.44    7.00932E-12
     7216.18    7.00175E-12
     7218.92    6.99332E-12
     7221.66    6.98414E-12
     7224.40    6.98206E-12
     7227.14    6.99611E-12
     7229.88    6.98155E-12
     7232.62    6.95126E-12
     7235.36    6.96594E-12
     7238.10    6.98807E-12
     7240.84    6.97775E-12
     7243.58    6.96324E-12
     7246.32    6.95072E-12
     7249.06    6.93714E-12
     7251.80    6.92134E-12
     7254.54    6.91649E-12
     7257.28    6.91780E-12
     7260.02    6.91887E-12
     7262.76    6.92059E-12
     7265.50    6.92157E-12
     7268.24    6.92459E-12
     7270.98    6.93347E-12
     7273.72    6.93127E-12
     7276.46    6.92132E-12
     7279.20    6.90628E-12
     7281.94    6.88870E-12
     7284.68    6.87082E-12
     7287.42    6.86296E-12
     7290.16    6.88081E-12
     7292.90    6.87479E-12
     7295.64    6.84044E-12
     7298.38    6.83841E-12
     7301.12    6.84850E-12
     7303.86    6.83320E-12
     7306.60    6.82009E-12
     7309.34    6.82235E-12
     7312.08    6.84859E-12
     7314.82    6.93287E-12
     7317.56    6.91756E-12
     7320.30    6.83058E-12
     7323.04    6.81991E-12
     7325.78    6.83212E-12
     7328.52    6.83717E-12
     7331.26    6.82438E-12
     7334.00    6.76790E-12
     7336.74    6.73933E-12
     7339.48    6.74335E-12
     7342.22    6.73590E-12
     7344.96    6.72615E-12
     7347.70    6.71323E-12
     7350.44    6.70397E-12
     7353.18    6.71185E-12
     7355.92    6.71009E-12
     7358.66    6.67824E-12
     7361.40    6.69456E-12
     7364.14    6.74929E-12
     7366.88    6.75669E-12
     7369.62    6.74338E-12
     7372.36    6.71799E-12
     7375.10    6.69756E-12
     7377.84    6.70187E-12
     7380.58    6.69098E-12
     7383.32    6.65783E-12
     7386.06    6.64517E-12
     7388.80    6.64323E-12
     7391.54    6.64985E-12
     7394.28    6.65334E-12
     7397.02    6.63167E-12
     7399.76    6.61656E-12
     7402.50    6.62368E-12
     7405.24    6.60727E-12
     7407.98    6.57112E-12
     7410.72    6.54694E-12
     7413.46    6.53427E-12
     7416.20    6.56029E-12
     7418.94    6.58830E-12
     7421.68    6.59997E-12
     7424.42    6.59902E-12
     7427.16    6.57995E-12
     7429.90    6.57191E-12
     7432.64    6.56853E-12
     7435.38    6.57165E-12
     7438.12    6.57118E-12
     7440.86    6.55056E-12
     7443.60    6.52668E-12
     7446.34    6.49926E-12
     7449.08    6.48465E-12
     7451.82    6.48171E-12
     7454.56    6.47891E-12
     7457.30    6.48089E-12
     7460.04    6.50428E-12
     7462.78    6.51379E-12
     7465.52    6.46930E-12
     7468.26    6.44862E-12
     7471.00    6.46921E-12
     7473.74    6.46549E-12
     7476.48    6.45177E-12
     7479.22    6.45415E-12
     7481.96    6.45814E-12
     7484.70    6.44687E-12
     7487.44    6.44125E-12
     7490.18    6.45656E-12
     7492.92    6.44706E-12
     7495.66    6.41017E-12
     7498.40    6.41930E-12
     7501.14    6.44149E-12
     7503.88    6.40631E-12
     7506.62    6.36535E-12
     7509.36    6.34575E-12
     7512.10    6.33795E-12
     7514.84    6.34746E-12
     7517.58    6.34873E-12
     7520.32    6.34652E-12
     7523.06    6.33248E-12
     7525.80    6.31865E-12
     7528.54    6.32551E-12
     7531.28    6.33621E-12
     7534.02    6.34878E-12
     7536.76    6.35360E-12
     7539.50    6.35084E-12
     7542.24    6.34396E-12
     7544.98    6.33296E-12
     7547.72    6.32087E-12
     7550.46    6.30648E-12
     7553.20    6.28969E-12
     7555.94    6.26944E-12
     7558.68    6.24061E-12
     7561.42    6.22640E-12
     7564.16    6.22274E-12
     7566.90    6.22733E-12
     7569.64    6.23675E-12
     7572.38    6.24460E-12
     7575.12    6.24875E-12
     7577.86    6.24451E-12
     7580.60    6.24433E-12
     7583.34    6.24895E-12
     7586.08    6.25236E-12
     7588.82    6.25320E-12
     7591.56    6.23398E-12
     7594.30    6.21123E-12
     7597.04    6.19948E-12
     7599.78    6.18713E-12
     7602.52    6.17418E-12
     7605.26    6.15342E-12
     7608.00    6.12577E-12
     7610.74    6.11891E-12
     7613.48    6.12174E-12
     7616.22    6.12452E-12
     7618.96    6.12901E-12
     7621.70    6.13782E-12
     7624.44    6.13745E-12
     7627.18    6.12255E-12
     7629.92    6.12997E-12
     7632.66    6.14727E-12
     7635.40    6.14167E-12
     7638.14    6.12929E-12
     7640.88    6.12011E-12
     7643.62    6.10763E-12
     7646.36    6.08580E-12
     7649.10    6.08099E-12
     7651.84    6.09179E-12
     7654.58    6.05931E-12
     7657.32    6.01517E-12
     7660.06    6.01166E-12
     7662.80    6.01406E-12
     7665.54    6.00001E-12
     7668.28    6.01414E-12
     7671.02    6.07483E-12
     7673.76    6.08256E-12
     7676.50    6.06291E-12
     7679.24    6.06108E-12
     7681.98    6.05540E-12
     7684.72    6.02743E-12
     7687.46    5.99968E-12
     7690.20    5.97730E-12
     7692.94    5.95701E-12
     7695.68    5.93773E-12
     7698.42    5.93888E-12
     7701.16    5.95285E-12
     7703.90    5.97609E-12
     7706.64    5.99227E-12
     7709.38    5.98303E-12
     7712.12    5.97627E-12
     7714.86    5.97573E-12
     7717.60    5.97271E-12
     7720.34    5.96572E-12
     7723.08    5.90006E-12
     7725.82    5.83897E-12
     7728.56    5.88274E-12
     7731.30    5.91357E-12
     7734.04    5.88725E-12
     7736.78    5.87365E-12
     7739.52    5.86967E-12
     7742.26    5.85574E-12
     7745.00    5.84037E-12
     7747.74    5.84083E-12
     7750.48    5.84792E-12
     7753.22    5.86091E-12
     7755.96    5.86952E-12
     7758.70    5.87143E-12
     7761.44    5.87562E-12
     7764.18    5.87865E-12
     7766.92    5.83761E-12
     7769.66    5.77765E-12
     7772.40    5.70608E-12
     7775.14    5.67755E-12
     7777.88    5.74002E-12
     7780.62    5.78057E-12
     7783.36    5.80558E-12
     7786.10    5.81146E-12
     7788.84    5.80056E-12
     7791.58    5.76257E-12
     7794.32    5.73595E-12
     7797.06    5.77360E-12
     7799.80    5.78631E-12
     7802.54    5.74221E-12
     7805.28    5.74755E-12
     7808.02    5.78396E-12
     7810.76    5.80291E-12
     7813.50    5.81855E-12
     7816.24    5.84122E-12
     7818.98    5.85036E-12
     7821.72    5.83015E-12
     7824.46    5.81577E-12
     7827.20    5.81036E-12
     7829.94    5.77622E-12
     7832.68    5.73207E-12
     7835.42    5.74207E-12
     7838.16    5.75972E-12
     7840.90    5.75449E-12
     7843.64    5.73653E-12
     7846.38    5.69702E-12
     7849.12    5.67700E-12
     7851.86    5.67016E-12
     7854.60    5.66881E-12
     7857.34    5.66637E-12
     7860.08    5.64149E-12
     7862.82    5.61071E-12
     7865.56    5.57047E-12
     7868.30    5.55791E-12
     7871.04    5.57917E-12
     7873.78    5.59271E-12
     7876.52    5.60813E-12
     7879.26    5.63386E-12
     7882.00    5.66276E-12
     7884.74    5.69340E-12
     7887.48    5.71135E-12
     7890.22    5.71053E-12
     7892.96    5.70423E-12
     7895.70    5.69139E-12
     7898.44    5.65297E-12
     7901.18    5.60634E-12
     7903.92    5.58696E-12
     7906.66    5.57504E-12
     7909.40    5.56002E-12
     7912.14    5.56290E-12
     7914.88    5.59482E-12
     7917.62    5.59108E-12
     7920.36    5.57034E-12
     7923.10    5.57802E-12
     7925.84    5.58950E-12
     7928.58    5.58912E-12
     7931.32    5.57748E-12
     7934.06    5.51943E-12
     7936.80    5.58115E-12
     7939.54    5.76450E-12
     7942.28    5.69053E-12
     7945.02    5.52455E-12
     7947.76    5.51447E-12
     7950.50    5.52333E-12
     7953.24    5.49602E-12
     7955.98    5.47794E-12
     7958.72    5.47117E-12
     7961.46    5.47428E-12
     7964.20    5.48539E-12
     7966.94    5.48125E-12
     7969.68    5.47798E-12
     7972.42    5.49976E-12
     7975.16    5.50852E-12
     7977.90    5.48064E-12
     7980.64    5.47850E-12
     7983.38    5.50042E-12
     7986.12    5.50601E-12
     7988.86    5.50493E-12
     7991.60    5.50049E-12
     7994.34    5.49056E-12
     7997.08    5.46891E-12
     7999.82    5.45669E-12
     8002.56    5.46098E-12
     8005.30    5.45698E-12
     8008.04    5.44894E-12
     8010.78    5.42440E-12
     8013.52    5.40133E-12
     8016.26    5.41418E-12
     8019.00    5.42024E-12
     8021.74    5.39224E-12
     8024.48    5.39863E-12
     8027.22    5.44424E-12
     8029.96    5.44276E-12
     8032.70    5.42132E-12
     8035.44    5.41073E-12
     8038.18    5.40898E-12
     8040.92    5.43033E-12
     8043.66    5.43915E-12
     8046.40    5.42765E-12
     8049.14    5.41275E-12
     8051.88    5.39232E-12
     8054.62    5.37611E-12
     8057.36    5.36474E-12
     8060.10    5.36781E-12
     8062.84    5.36965E-12
     8065.58    5.36020E-12
     8068.32    5.35944E-12
     8071.06    5.37002E-12
     8073.80    5.36763E-12
     8076.54    5.35579E-12
     8079.28    5.31707E-12
     8082.02    5.28221E-12
     8084.76    5.28425E-12
     8087.50    5.28909E-12
     8090.24    5.29498E-12
     8092.98    5.28984E-12
     8095.72    5.27599E-12
     8098.46    5.29726E-12
     8101.20    5.32396E-12
     8103.94    5.30232E-12
     8106.68    5.28885E-12
     8109.42    5.31657E-12
     8112.16    5.33129E-12
     8114.90    5.33451E-12
     8117.64    5.31525E-12
     8120.38    5.28301E-12
     8123.12    5.28035E-12
     8125.86    5.28602E-12
     8128.60    5.28887E-12
     8131.34    5.29107E-12
     8134.08    5.29356E-12
     8136.82    5.29070E-12
     8139.56    5.28330E-12
     8142.30    5.27070E-12
     8145.04    5.25511E-12
     8147.78    5.23779E-12
     8150.52    5.22978E-12
     8153.26    5.24641E-12
     8156.00    5.25031E-12
     8158.74    5.23398E-12
     8161.48    5.24039E-12
     8164.22    5.25695E-12
     8166.96    5.25385E-12
     8169.70    5.23957E-12
     8172.44    5.21181E-12
     8175.18    5.18286E-12
     8177.92    5.15441E-12
     8180.66    5.13181E-12
     8183.40    5.11389E-12
     8186.14    5.10807E-12
     8188.88    5.11189E-12
     8191.62    5.13020E-12
     8194.36    5.14096E-12
     8197.10    5.12125E-12
     8199.84    5.11103E-12
     8202.58    5.11479E-12
     8205.32    5.11904E-12
     8208.06    5.12476E-12
     8210.80    5.11426E-12
     8213.54    5.10161E-12
     8216.28    5.09964E-12
     8219.02    5.10760E-12
     8221.76    5.13404E-12
     8224.50    5.14661E-12
     8227.24    5.14954E-12
     8229.98    5.11975E-12
     8232.72    5.07561E-12
     8235.46    5.06322E-12
     8238.20    5.05741E-12
     8240.94    5.04628E-12
     8243.68    5.04176E-12
     8246.42    5.05101E-12
     8249.16    5.03975E-12
     8251.90    5.01740E-12
     8254.64    5.02974E-12
     8257.38    5.05246E-12
     8260.12    5.06821E-12
     8262.86    5.07050E-12
     8265.60    5.04694E-12
     8268.34    5.03246E-12
     8271.08    5.02377E-12
     8273.82    5.03720E-12
     8276.56    5.05818E-12
     8279.30    5.03851E-12
     8282.04    5.01290E-12
     8284.78    5.00177E-12
     8287.52    4.99327E-12
     8290.26    4.99337E-12
     8293.00    4.96685E-12
     8295.74    4.92226E-12
     8298.48    4.92939E-12
     8301.22    4.95202E-12
     8303.96    4.95112E-12
     8306.70    4.95088E-12
     8309.44    4.96095E-12
     8312.18    4.96218E-12
     8314.92    4.95287E-12
     8317.66    4.95410E-12
     8320.40    4.95837E-12
     8323.14    4.95194E-12
     8325.88    4.93786E-12
     8328.62    4.91057E-12
     8331.36    4.88948E-12
     8334.10    4.87313E-12
     8336.84    4.88356E-12
     8339.58    4.91669E-12
     8342.32    4.93963E-12
     8345.06    4.95301E-12
     8347.80    4.93518E-12
     8350.54    4.91333E-12
     8353.28    4.90099E-12
     8356.02    4.88259E-12
     8358.76    4.85396E-12
     8361.50    4.84508E-12
     8364.24    4.84869E-12
     8366.98    4.86465E-12
     8369.72    4.88017E-12
     8372.46    4.87562E-12
     8375.20    4.87608E-12
     8377.94    4.89061E-12
     8380.68    4.89510E-12
     8383.42    4.89255E-12
     8386.16    4.88558E-12
     8388.90    4.87550E-12
     8391.64    4.86372E-12
     8394.38    4.85918E-12
     8397.12    4.87545E-12
     8399.86    4.87757E-12
     8402.60    4.86453E-12
     8405.34    4.83684E-12
     8408.08    4.79913E-12
     8410.82    4.78194E-12
     8413.56    4.77959E-12
     8416.30    4.80095E-12
     8419.04    4.82228E-12
     8421.78    4.83922E-12
     8424.52    4.84781E-12
     8427.26    4.84877E-12
     8430.00    4.84587E-12
     8432.74    4.83503E-12
     8435.48    4.79947E-12
     8438.22    4.76812E-12
     8440.96    4.76264E-12
     8443.70    4.75546E-12
     8446.44    4.73101E-12
     8449.18    4.77768E-12
     8451.92    4.86501E-12
     8454.66    4.86421E-12
     8457.40    4.83565E-12
     8460.14    4.82195E-12
     8462.88    4.79723E-12
     8465.62    4.74391E-12
     8468.36    4.72391E-12
     8471.10    4.73382E-12
     8473.84    4.74566E-12
     8476.58    4.75811E-12
     8479.32    4.74237E-12
     8482.06    4.72305E-12
     8484.80    4.71921E-12
     8487.54    4.70128E-12
     8490.28    4.66563E-12
     8493.02    4.61583E-12
     8495.76    4.55575E-12
     8498.50    4.54924E-12
     8501.24    4.57492E-12
     8503.98    4.63575E-12
     8506.72    4.69251E-12
     8509.46    4.72708E-12
     8512.20    4.76054E-12
     8514.94    4.79378E-12
     8517.68    4.80622E-12
     8520.42    4.80415E-12
     8523.16    4.79639E-12
     8525.90    4.77397E-12
     8528.64    4.73187E-12
     8531.38    4.66951E-12
     8534.12    4.58049E-12
     8536.86    4.48573E-12
     8539.60    4.38519E-12
     8542.34    4.39086E-12
     8545.08    4.45263E-12
     8547.82    4.54670E-12
     8550.56    4.62658E-12
     8553.30    4.66171E-12
     8556.04    4.68972E-12
     8558.78    4.70878E-12
     8561.52    4.72568E-12
     8564.26    4.73463E-12
     8567.00    4.70919E-12
     8569.74    4.68117E-12
     8572.48    4.67996E-12
     8575.22    4.67637E-12
     8577.96    4.66807E-12
     8580.70    4.65289E-12
     8583.44    4.63146E-12
     8586.18    4.59159E-12
     8588.92    4.53857E-12
     8591.66    4.46275E-12
     8594.40    4.41290E-12
     8597.14    4.41654E-12
     8599.88    4.44899E-12
     8602.62    4.51759E-12
     8605.36    4.57377E-12
     8608.10    4.62803E-12
     8610.84    4.68037E-12
     8613.58    4.72428E-12
     8616.32    4.75183E-12
     8619.06    4.76849E-12
     8621.80    4.77700E-12
     8624.54    4.76635E-12
     8627.28    4.73769E-12
     8630.02    4.71187E-12
     8632.76    4.68407E-12
     8635.50    4.65108E-12
     8638.24    4.62490E-12
     8640.98    4.61786E-12
     8643.72    4.60354E-12
     8646.46    4.58538E-12
     8649.20    4.54399E-12
     8651.94    4.48097E-12
     8654.68    4.36278E-12
     8657.42    4.23325E-12
     8660.16    4.11305E-12
     8662.90    4.07211E-12
     8665.64    4.15326E-12
     8668.38    4.25055E-12
     8671.12    4.37901E-12
     8673.86    4.46504E-12
     8676.60    4.52983E-12
     8679.34    4.58687E-12
     8682.08    4.61774E-12
     8684.82    4.59974E-12
     8687.56    4.58957E-12
     8690.30    4.59694E-12
     8693.04    4.57333E-12
     8695.78    4.53543E-12
     8698.52    4.56057E-12
     8701.26    4.60170E-12
     8704.00    4.62064E-12
     8706.74    4.63114E-12
     8709.48    4.63403E-12
     8712.22    4.62754E-12
     8714.96    4.61110E-12
     8717.70    4.59425E-12
     8720.44    4.57564E-12
     8723.18    4.55845E-12
     8725.92    4.54024E-12
     8728.66    4.52185E-12
     8731.40    4.49570E-12
     8734.14    4.46314E-12
     8736.88    4.41658E-12
     8739.62    4.35649E-12
     8742.36    4.25765E-12
     8745.10    4.14753E-12
     8747.84    4.04092E-12
     8750.58    3.99304E-12
     8753.32    4.04273E-12
     8756.06    4.11062E-12
     8758.80    4.20538E-12
     8761.54    4.29496E-12
     8764.28    4.38046E-12
     8767.02    4.43318E-12
     8769.76    4.47231E-12
     8772.50    4.51315E-12
     8775.24    4.52981E-12
     8777.98    4.50572E-12
     8780.72    4.50974E-12
     8783.46    4.52829E-12
     8786.20    4.54267E-12
     8788.94    4.55919E-12
     8791.68    4.58436E-12
     8794.42    4.60512E-12
     8797.16    4.61649E-12
     8799.90    4.61904E-12
     8802.64    4.60418E-12
     8805.38    4.65747E-12
     8808.12    4.73921E-12
     8810.86    4.77085E-12
     8813.60    4.74431E-12
     8816.34    4.58480E-12
     8819.08    4.48512E-12
     8821.82    4.49808E-12
     8824.56    4.49273E-12
     8827.30    4.48822E-12
     8830.04    4.48976E-12
     8832.78    4.48647E-12
     8835.52    4.45337E-12
     8838.26    4.41474E-12
     8841.00    4.38613E-12
     8843.74    4.33379E-12
     8846.48    4.25462E-12
     8849.22    4.17635E-12
     8851.96    4.09339E-12
     8854.70    3.99896E-12
     8857.44    3.91654E-12
     8860.18    3.86226E-12
     8862.92    3.85505E-12
     8865.66    3.91168E-12
     8868.40    3.97817E-12
     8871.14    4.06258E-12
     8873.88    4.13772E-12
     8876.62    4.20374E-12
     8879.36    4.24139E-12
     8882.10    4.26993E-12
     8884.84    4.29596E-12
     8887.58    4.32170E-12
     8890.32    4.34821E-12
     8893.06    4.36911E-12
     8895.80    4.38554E-12
     8898.54    4.39346E-12
     8901.28    4.40179E-12
     8904.02    4.42227E-12
     8906.76    4.44317E-12
     8909.50    4.46215E-12
     8912.24    4.48185E-12
     8914.98    4.50248E-12
     8917.72    4.51719E-12
     8920.46    4.52075E-12
     8923.20    4.48783E-12
     8925.94    4.44932E-12
     8928.68    4.41395E-12
     8931.42    4.40393E-12
     8934.16    4.43706E-12
     8936.90    4.41212E-12
     8939.64    4.35976E-12
     8942.38    4.37117E-12
     8945.12    4.39843E-12
     8947.86    4.40435E-12
     8950.60    4.41426E-12
     8953.34    4.43662E-12
     8956.08    4.45137E-12
     8958.82    4.46123E-12
     8961.56    4.45330E-12
     8964.30    4.43170E-12
     8967.04    4.39415E-12
     8969.78    4.35719E-12
     8972.52    4.33290E-12
     8975.26    4.31539E-12
     8978.00    4.30444E-12
     8980.74    4.30169E-12
     8983.48    4.30580E-12
     8986.22    4.30852E-12
     8988.96    4.30052E-12
     8991.70    4.26200E-12
     8994.44    4.20742E-12
     8997.18    4.13199E-12
     8999.92    4.07109E-12
     9002.66    4.02813E-12
     9005.40    3.92042E-12
     9008.14    3.78853E-12
     9010.88    3.71198E-12
     9013.62    3.66241E-12
     9016.36    3.61579E-12
     9019.10    3.64746E-12
     9021.84    3.80091E-12
     9024.58    3.90230E-12
     9027.32    3.98470E-12
     9030.06    4.05606E-12
     9032.80    4.11077E-12
     9035.54    4.13340E-12
     9038.28    4.15786E-12
     9041.02    4.20497E-12
     9043.76    4.23328E-12
     9046.50    4.24329E-12
     9049.24    4.25165E-12
     9051.98    4.24997E-12
     9054.72    4.20807E-12
     9057.46    4.16069E-12
     9060.20    4.12720E-12
     9062.94    4.12001E-12
     9065.68    4.14838E-12
     9068.42    4.18459E-12
     9071.16    4.23230E-12
     9073.90    4.24779E-12
     9076.64    4.24250E-12
     9079.38    4.21063E-12
     9082.12    4.17718E-12
     9084.86    4.15171E-12
     9087.60    4.13717E-12
     9090.34    4.13157E-12
     9093.08    4.15252E-12
     9095.82    4.18869E-12
     9098.56    4.20142E-12
     9101.30    4.20499E-12
     9104.04    4.20139E-12
     9106.78    4.19801E-12
     9109.52    4.19073E-12
     9112.26    4.20682E-12
     9115.00    4.24217E-12
     9117.74    4.26671E-12
     9120.48    4.28769E-12
     9123.22    4.30410E-12
     9125.96    4.32031E-12
     9128.70    4.34799E-12
     9131.44    4.34656E-12
     9134.18    4.30911E-12
     9136.92    4.28153E-12
     9139.66    4.25292E-12
     9142.40    4.21009E-12
     9145.14    4.16835E-12
     9147.88    4.13909E-12
     9150.62    4.12742E-12
     9153.36    4.14228E-12
     9156.10    4.15219E-12
     9158.84    4.16113E-12
     9161.58    4.16858E-12
     9164.32    4.17706E-12
     9167.06    4.21527E-12
     9169.80    4.20340E-12
     9172.54    4.02077E-12
     9175.28    3.99572E-12
     9178.02    4.20688E-12
     9180.76    4.24670E-12
     9183.50    4.21035E-12
     9186.24    4.20246E-12
     9188.98    4.19055E-12
     9191.72    4.16265E-12
     9194.46    4.13753E-12
     9197.20    4.13741E-12
     9199.94    4.07790E-12
     9202.68    3.96264E-12
     9205.42    3.87871E-12
     9208.16    3.80744E-12
     9210.90    3.75627E-12
     9213.64    3.71005E-12
     9216.38    3.66231E-12
     9219.12    3.60470E-12
     9221.86    3.53586E-12
     9224.60    3.45251E-12
     9227.34    3.36221E-12
     9230.08    3.34356E-12
     9232.82    3.37390E-12
     9235.56    3.45670E-12
     9238.30    3.56513E-12
     9241.04    3.71299E-12
     9243.78    3.80120E-12
     9246.52    3.83153E-12
     9249.26    3.89298E-12
     9252.00    3.95533E-12
     9254.74    3.97642E-12
     9257.48    3.98488E-12
     9260.22    3.99525E-12
     9262.96    3.99975E-12
     9265.70    3.99926E-12
     9268.44    3.98651E-12
     9271.18    3.96431E-12
     9273.92    3.95706E-12
     9276.66    3.95812E-12
     9279.40    3.97116E-12
     9282.14    3.97980E-12
     9284.88    3.97357E-12
     9287.62    3.97342E-12
     9290.36    3.97974E-12
     9293.10    3.97804E-12
     9295.84    3.97253E-12
     9298.58    3.96562E-12
     9301.32    3.96273E-12
     9304.06    3.96761E-12
     9306.80    3.98527E-12
     9309.54    4.03051E-12
     9312.28    4.03410E-12
     9315.02    4.00979E-12
     9317.76    4.02331E-12
     9320.50    4.04438E-12
     9323.24    4.03987E-12
     9325.98    4.03888E-12
     9328.72    4.05698E-12
     9331.46    4.06326E-12
     9334.20    4.05724E-12
     9336.94    4.05084E-12
     9339.68    4.04065E-12
     9342.42    4.01832E-12
     9345.16    3.99487E-12
     9347.90    3.97800E-12
     9350.64    3.96968E-12
     9353.38    3.97561E-12
     9356.12    3.97426E-12
     9358.86    3.96901E-12
     9361.60    3.93946E-12
     9364.34    3.90227E-12
     9367.08    3.87980E-12
     9369.82    3.87402E-12
     9372.56    3.89887E-12
     9375.30    3.91346E-12
     9378.04    3.91702E-12
     9380.78    3.91568E-12
     9383.52    3.91024E-12
     9386.26    3.91297E-12
     9389.00    3.91395E-12
     9391.74    3.89987E-12
     9394.48    3.89453E-12
     9397.22    3.90992E-12
     9399.96    3.90984E-12
     9402.70    3.89833E-12
     9405.44    3.89115E-12
     9408.18    3.88838E-12
     9410.92    3.90260E-12
     9413.66    3.91921E-12
     9416.40    3.93421E-12
     9419.14    3.93849E-12
     9421.88    3.93132E-12
     9424.62    3.91344E-12
     9427.36    3.88757E-12
     9430.10    3.87590E-12
     9432.84    3.87016E-12
     9435.58    3.86711E-12
     9438.32    3.86751E-12
     9441.06    3.87247E-12
     9443.80    3.87730E-12
     9446.54    3.88312E-12
     9449.28    3.87939E-12
     9452.02    3.86968E-12
     9454.76    3.85736E-12
     9457.50    3.84062E-12
     9460.24    3.81246E-12
     9462.98    3.79915E-12
     9465.72    3.80915E-12
     9468.46    3.80378E-12
     9471.20    3.79254E-12
     9473.94    3.79838E-12
     9476.68    3.80530E-12
     9479.42    3.79596E-12
     9482.16    3.78442E-12
     9484.90    3.77389E-12
     9487.64    3.76183E-12
     9490.38    3.74773E-12
     9493.12    3.73917E-12
     9495.86    3.73424E-12
     9498.60    3.73344E-12
     9501.34    3.73329E-12
     9504.08    3.72923E-12
     9506.82    3.72991E-12
     9509.56    3.73988E-12
     9512.30    3.74129E-12
     9515.04    3.73699E-12
     9517.78    3.71339E-12
     9520.52    3.68158E-12
     9523.26    3.66105E-12
     9526.00    3.62303E-12
     9528.74    3.55210E-12
     9531.48    3.47913E-12
     9534.22    3.40299E-12
     9536.96    3.31582E-12
     9539.70    3.22208E-12
     9542.44    3.11922E-12
     9545.18    3.04913E-12
     9547.92    3.05326E-12
     9550.66    3.09995E-12
     9553.40    3.20684E-12
     9556.14    3.27983E-12
     9558.88    3.33724E-12
     9561.62    3.40559E-12
     9564.36    3.47148E-12
     9567.10    3.52659E-12
     9569.84    3.55828E-12
     9572.58    3.54730E-12
     9575.32    3.54899E-12
     9578.06    3.56443E-12
     9580.80    3.56718E-12
     9583.54    3.56449E-12
     9586.28    3.56351E-12
     9589.02    3.56826E-12
     9591.76    3.58624E-12
     9594.50    3.60939E-12
     9597.24    3.64046E-12
     9599.98    3.66203E-12
     9602.72    3.67707E-12
     9605.46    3.69815E-12
     9608.20    3.71774E-12
     9610.94    3.72496E-12
     9613.68    3.72698E-12
     9616.42    3.72628E-12
     9619.16    3.72040E-12
     9621.90    3.70713E-12
     9624.64    3.70195E-12
     9627.38    3.70073E-12
     9630.12    3.70390E-12
     9632.86    3.69783E-12
     9635.60    3.65854E-12
     9638.34    3.62457E-12
     9641.08    3.60352E-12
     9643.82    3.59175E-12
     9646.56    3.59012E-12
     9649.30    3.55375E-12
     9652.04    3.51116E-12
     9654.78    3.50973E-12
     9657.52    3.52153E-12
     9660.26    3.54465E-12
     9663.00    3.55368E-12
     9665.74    3.53808E-12
     9668.48    3.56356E-12
     9671.22    3.60855E-12
     9673.96    3.60814E-12
     9676.70    3.59777E-12
     9679.44    3.60220E-12
     9682.18    3.60964E-12
     9684.92    3.61991E-12
     9687.66    3.63368E-12
     9690.40    3.65559E-12
     9693.14    3.56314E-12
     9695.88    3.45354E-12
     9698.62    3.56872E-12
     9701.36    3.67960E-12
     9704.10    3.64989E-12
     9706.84    3.62507E-12
     9709.58    3.60898E-12
     9712.32    3.60835E-12
     9715.06    3.61623E-12
     9717.80    3.58607E-12
     9720.54    3.55073E-12
     9723.28    3.54297E-12
     9726.02    3.54282E-12
     9728.76    3.55089E-12
     9731.50    3.55100E-12
     9734.24    3.54358E-12
     9736.98    3.54701E-12
     9739.72    3.55291E-12
     9742.46    3.54558E-12
     9745.20    3.53518E-12
     9747.94    3.52501E-12
     9750.68    3.51826E-12
     9753.42    3.51456E-12
     9756.16    3.52004E-12
     9758.90    3.53120E-12
     9761.64    3.50641E-12
     9764.38    3.47951E-12
     9767.12    3.49839E-12
     9769.86    3.51356E-12
     9772.60    3.50362E-12
     9775.34    3.50825E-12
     9778.08    3.52645E-12
     9780.82    3.54855E-12
     9783.56    3.56883E-12
     9786.30    3.54685E-12
     9789.04    3.52769E-12
     9791.78    3.54610E-12
     9794.52    3.57173E-12
     9797.26    3.61445E-12
     9800.00    3.61707E-12
     9802.74    3.59110E-12
     9805.48    3.54093E-12
     9808.22    3.48549E-12
     9810.96    3.46381E-12
     9813.70    3.45416E-12
     9816.44    3.45196E-12
     9819.18    3.45958E-12
     9821.92    3.47911E-12
     9824.66    3.49445E-12
     9827.40    3.50743E-12
     9830.14    3.50761E-12
     9832.88    3.50481E-12
     9835.62    3.50550E-12
     9838.36    3.50900E-12
     9841.10    3.52321E-12
     9843.84    3.50930E-12
     9846.58    3.47408E-12
     9849.32    3.47698E-12
     9852.06    3.49036E-12
     9854.80    3.47889E-12
     9857.54    3.47847E-12
     9860.28    3.51430E-12
     9863.02    3.53050E-12
     9865.76    3.52369E-12
     9868.50    3.52768E-12
     9871.24    3.53010E-12
     9873.98    3.48925E-12
     9876.72    3.44619E-12
     9879.46    3.43819E-12
     9882.20    3.43816E-12
     9884.94    3.45138E-12
     9887.68    3.43923E-12
     9890.42    3.40716E-12
     9893.16    3.36812E-12
     9895.90    3.33598E-12
     9898.64    3.36247E-12
     9901.38    3.39337E-12
     9904.12    3.40120E-12
     9906.86    3.41251E-12
     9909.60    3.43074E-12
     9912.34    3.43577E-12
     9915.08    3.43205E-12
     9917.82    3.42129E-12
     9920.56    3.40510E-12
     9923.30    3.37905E-12
     9926.04    3.36848E-12
     9928.78    3.38596E-12
     9931.52    3.40259E-12
     9934.26    3.42270E-12
     9937.00    3.41755E-12
     9939.74    3.40047E-12
     9942.48    3.38514E-12
     9945.22    3.37859E-12
     9947.96    3.38241E-12
     9950.70    3.41820E-12
     9953.44    3.51949E-12
     9956.18    3.49991E-12
     9958.92    3.41249E-12
     9961.66    3.39683E-12
     9964.40    3.38900E-12
     9967.14    3.33737E-12
     9969.88    3.29947E-12
     9972.62    3.29168E-12
     9975.36    3.29696E-12
     9978.10    3.32001E-12
     9980.84    3.29983E-12
     9983.58    3.27033E-12
     9986.32    3.30630E-12
     9989.06    3.34733E-12
     9991.80    3.36301E-12
     9994.54    3.36573E-12
     9997.28    3.35018E-12
    10000.02    3.34372E-12
    10002.76    3.33952E-12
    10005.50    3.32396E-12
    10008.24    3.29803E-12
    10010.98    3.25020E-12
    10013.72    3.20974E-12
    10016.46    3.19454E-12
    10019.20    3.16394E-12
    10021.94    3.11681E-12
    10024.68    3.09779E-12
    10027.42    3.08940E-12
    10030.16    3.06123E-12
    10032.90    3.02858E-12
    10035.64    3.00257E-12
    10038.38    2.96075E-12
    10041.12    2.89615E-12
    10043.86    2.82836E-12
    10046.60    2.75593E-12
    10049.34    2.72123E-12
    10052.08    2.72377E-12
    10054.82    2.79967E-12
    10057.56    2.87749E-12
    10060.30    2.92412E-12
    10063.04    2.97812E-12
    10065.78    3.03858E-12
    10068.52    3.10889E-12
    10071.26    3.17544E-12
    10074.00    3.16803E-12
    10076.74    3.14974E-12
    10079.48    3.16664E-12
    10082.22    3.18976E-12
    10084.96    3.22058E-12
    10087.70    3.24495E-12
    10090.44    3.26521E-12
    10093.18    3.24185E-12
    10095.92    3.21163E-12
    10098.66    3.24585E-12
    10101.40    3.26878E-12
    10104.14    3.25382E-12
    10106.88    3.20281E-12
    10109.62    3.08553E-12
    10112.36    3.14733E-12
    10115.10    3.28797E-12
    10117.84    3.22888E-12
    10120.58    3.13339E-12
    10123.32    3.09105E-12
    10126.06    3.09690E-12
    10128.80    3.18930E-12
    10131.54    3.21111E-12
    10134.28    3.18424E-12
    10137.02    3.17410E-12
    10139.76    3.16580E-12
    10142.50    3.15861E-12
    10145.24    3.15557E-12
    10147.98    3.16097E-12
    10150.72    3.16290E-12
    10153.46    3.15892E-12
    10156.20    3.16416E-12
    10158.94    3.17507E-12
    10161.68    3.19602E-12
    10164.42    3.20623E-12
    10167.16    3.16721E-12
    10169.90    3.14247E-12
    10172.64    3.15259E-12
    10175.38    3.15856E-12
    10178.12    3.16415E-12
    10180.86    3.17699E-12
    10183.60    3.19367E-12
    10186.34    3.20890E-12
    10189.08    3.22594E-12