#*HD118055
#*
#*  Heap-Lindler STIS
#set .z.units = "Ergs/s/cm**2/A"
#set .z.label = "Flux"
#set .table.bandwidth = 2.74
#*
  2950.  1.51100361E-14
  2952.73999  1.5789858E-14
  2955.47998  1.73414326E-14
  2958.21997  1.87476852E-14
  2960.95996  1.81512672E-14
  2963.69995  1.72774748E-14
  2966.43994  1.35145826E-14
  2969.17993  1.37543717E-14
  2971.91992  1.60951252E-14
  2974.65991  1.91163647E-14
  2977.3999  2.18523811E-14
  2980.13989  1.8060528E-14
  2982.87988  1.49164061E-14
  2985.62012  1.49563166E-14
  2988.36011  1.9814801E-14
  2991.1001  2.27548642E-14
  2993.84009  2.00283092E-14
  2996.58008  2.12556616E-14
  2999.32007  2.01241256E-14
  3002.06006  1.9279134E-14
  3004.80005  2.06409546E-14
  3007.54004  2.30809092E-14
  3010.28003  2.56894945E-14
  3013.02002  2.27746577E-14
  3015.76001  2.04311987E-14
  3018.5  1.68905349E-14
  3021.23999  1.24997414E-14
  3023.97998  2.06355827E-14
  3026.71997  2.22507712E-14
  3029.45996  2.50598289E-14
  3032.19995  2.54327995E-14
  3034.93994  2.64434894E-14
  3037.67993  2.2993968E-14
  3040.41992  2.17729023E-14
  3043.15991  2.19569998E-14
  3045.8999  2.56634872E-14
  3048.63989  2.50758141E-14
  3051.37988  2.78814905E-14
  3054.12012  2.56859861E-14
  3056.86011  2.26658224E-14
  3059.6001  2.15385452E-14
  3062.34009  2.21632303E-14
  3065.08008  1.85663015E-14
  3067.82007  1.96573714E-14
  3070.56006  1.94533991E-14
  3073.30005  2.73856001E-14
  3076.04004  2.58102459E-14
  3078.78003  2.74509453E-14
  3081.52002  3.04658235E-14
  3084.26001  2.53277911E-14
  3087.  2.62886857E-14
  3089.73999  2.13720168E-14
  3092.47998  1.92905215E-14
  3095.21997  2.39618218E-14
  3097.95996  2.20557418E-14
  3100.69995  1.60954878E-14
  3103.43994  2.33953194E-14
  3106.17993  2.69756124E-14
  3108.91992  3.01930993E-14
  3111.65991  3.48404811E-14
  3114.3999  3.16172632E-14
  3117.13989  2.91819418E-14
  3119.87988  2.75060482E-14
  3122.62012  2.83048138E-14
  3125.36011  2.40099282E-14
  3128.1001  2.27528584E-14
  3130.84009  2.76656495E-14
  3133.58008  2.98972374E-14
  3136.32007  2.93100132E-14
  3139.06006  3.35026671E-14
  3141.80005  3.49456859E-14
  3144.54004  3.47400805E-14
  3147.28003  3.11479155E-14
  3150.02002  3.81034383E-14
  3152.76001  3.19685718E-14
  3155.5  3.076053E-14
  3158.23999  2.72387212E-14
  3160.97998  2.96999872E-14
  3163.71997  2.92217151E-14
  3166.45996  3.23818053E-14
  3169.19995  3.44403495E-14
  3171.93994  4.04375596E-14
  3174.67993  4.37289636E-14
  3177.41992  4.40350474E-14
  3180.15991  3.71994136E-14
  3182.8999  3.30644054E-14
  3185.63989  3.48973813E-14
  3188.37988  3.64831219E-14
  3191.12012  3.42818391E-14
  3193.86011  3.61480831E-14
  3196.6001  3.69808588E-14
  3199.34009  3.74205773E-14
  3202.08008  4.7676808E-14
  3204.82007  4.80310372E-14
  3207.56006  4.55536047E-14
  3210.30005  3.90639127E-14
  3213.04004  3.78498028E-14
  3215.78003  3.54656795E-14
  3218.52002  4.03557159E-14
  3221.26001  4.44180113E-14
  3224.  4.04973364E-14
  3226.73999  4.16212813E-14
  3229.47998  3.6486903E-14
  3232.21997  3.90710888E-14
  3234.95996  3.53170658E-14
  3237.69995  4.01299646E-14
  3240.43994  4.11388114E-14
  3243.17993  4.59758947E-14
  3245.91992  5.57548291E-14
  3248.65991  5.28626859E-14
  3251.3999  4.67582414E-14
  3254.13989  5.23696246E-14
  3256.87988  6.03539096E-14
  3259.62012  6.70625935E-14
  3262.36011  6.17778533E-14
  3265.1001  5.84026642E-14
  3267.84009  6.14343374E-14
  3270.58008  6.26942346E-14
  3273.32007  5.89178297E-14
  3276.06006  6.33824048E-14
  3278.80005  6.002047E-14
  3281.54004  5.74456796E-14
  3284.28003  6.01714587E-14
  3287.02002  6.01003148E-14
  3289.76001  6.32760581E-14
  3292.5  7.40438459E-14
  3295.23999  7.61728869E-14
  3297.97998  7.44484227E-14
  3300.71997  7.12791778E-14
  3303.45996  7.21219417E-14
  3306.19995  6.61020988E-14
  3308.93994  6.36102296E-14
  3311.67993  6.28131512E-14
  3314.41992  6.0042005E-14
  3317.15991  6.63915808E-14
  3319.8999  6.57844344E-14
  3322.63989  6.61639322E-14
  3325.37988  6.6438642E-14
  3328.12012  6.33216556E-14
  3330.86011  6.35480302E-14
  3333.6001  6.52445085E-14
  3336.34009  5.67406331E-14
  3339.08008  6.10508755E-14
  3341.82007  5.93954681E-14
  3344.56006  6.29739316E-14
  3347.30005  6.38655456E-14
  3350.04004  5.9140972E-14
  3352.78003  6.69203801E-14
  3355.52002  7.28038438E-14
  3358.26001  5.95979429E-14
  3361.  3.98115412E-14
  3363.73999  5.25156768E-14
  3366.47998  5.63004572E-14
  3369.21997  5.31977348E-14
  3371.95996  4.2653269E-14
  3374.69995  5.59495992E-14
  3377.43994  6.44963277E-14
  3380.17993  6.20432931E-14
  3382.91992  6.10367198E-14
  3385.65991  6.02090806E-14
  3388.3999  5.92911272E-14
  3391.13989  6.2296373E-14
  3393.87988  6.47212047E-14
  3396.62012  7.43922E-14
  3399.36011  8.52157293E-14
  3402.1001  8.75669369E-14
  3404.84009  8.29882089E-14
  3407.58008  7.66277097E-14
  3410.32007  7.6706599E-14
  3413.06006  7.64765584E-14
  3415.80005  7.68300422E-14
  3418.54004  8.57858503E-14
  3421.28003  9.17990591E-14
  3424.02002  8.97898224E-14
  3426.76001  9.27264247E-14
  3429.5  9.51455779E-14
  3432.23999  9.61717888E-14
  3434.97998  9.17197159E-14
  3437.71997  9.1815661E-14
  3440.45996  8.10834215E-14
  3443.19995  7.48136565E-14
  3445.93994  8.0891084E-14
  3448.67993  9.65660047E-14
  3451.41992  1.02114775E-13
  3454.15991  1.00996211E-13
  3456.8999  1.0138775E-13
  3459.63989  9.62049925E-14
  3462.37988  9.5988518E-14
  3465.12012  1.03639116E-13
  3467.86011  1.02503448E-13
  3470.6001  1.08153178E-13
  3473.34009  1.02585936E-13
  3476.08008  9.08836876E-14
  3478.82007  9.48471648E-14
  3481.56006  1.07390625E-13
  3484.30005  1.0590764E-13
  3487.04004  1.16354666E-13
  3489.78003  1.07976162E-13
  3492.52002  1.06645961E-13
  3495.26001  1.06113347E-13
  3498.  9.80273195E-14
  3500.73999  1.15199706E-13
  3503.47998  1.25112336E-13
  3506.21997  1.23991326E-13
  3508.95996  1.18372827E-13
  3511.69995  1.142529E-13
  3514.43994  1.10710594E-13
  3517.17993  1.21455255E-13
  3519.91992  1.20887051E-13
  3522.65991  1.06668553E-13
  3525.3999  9.72829131E-14
  3528.13989  1.05359901E-13
  3530.87988  1.20442542E-13
  3533.62012  1.28608509E-13
  3536.36011  1.34656243E-13
  3539.1001  1.35448605E-13
  3541.84009  1.38307754E-13
  3544.58008  1.38720957E-13
  3547.32007  1.36390885E-13
  3550.06006  1.37959129E-13
  3552.80005  1.33923146E-13
  3555.54004  1.35362302E-13
  3558.28003  1.40430758E-13
  3561.02002  1.40172311E-13
  3563.76001  1.33320939E-13
  3566.5  1.1839672E-13
  3569.23999  1.13519918E-13
  3571.97998  1.14066403E-13
  3574.71997  1.20819533E-13
  3577.45996  1.24988249E-13
  3580.19995  1.20811645E-13
  3582.93994  1.14150443E-13
  3585.67993  1.01281966E-13
  3588.41992  1.02081233E-13
  3591.15991  1.18704566E-13
  3593.8999  1.34125011E-13
  3596.63989  1.40783354E-13
  3599.37988  1.52023725E-13
  3602.12012  1.44918975E-13
  3604.86011  1.35094599E-13
  3607.6001  1.34052288E-13
  3610.34009  1.29345577E-13
  3613.08008  1.28265332E-13
  3615.82007  1.33789748E-13
  3618.56006  1.30520784E-13
  3621.30005  1.36029642E-13
  3624.04004  1.46088491E-13
  3626.78003  1.60738529E-13
  3629.52002  1.57424448E-13
  3632.26001  1.38738291E-13
  3635.  1.35482229E-13
  3637.73999  1.45191856E-13
  3640.47998  1.58980291E-13
  3643.21997  1.5345601E-13
  3645.95996  1.45028033E-13
  3648.69995  1.42125488E-13
  3651.43994  1.48353877E-13
  3654.17993  1.61024324E-13
  3656.91992  1.67946752E-13
  3659.65991  1.74256741E-13
  3662.3999  1.73670431E-13
  3665.13989  1.68819372E-13
  3667.87988  1.69155271E-13
  3670.62012  1.60025489E-13
  3673.36011  1.73950359E-13
  3676.1001  1.78043425E-13
  3678.84009  1.72957772E-13
  3681.58008  1.69983344E-13
  3684.32007  1.7160611E-13
  3687.06006  1.65923644E-13
  3689.80005  1.69483256E-13
  3692.54004  1.85521059E-13
  3695.28003  1.88451875E-13
  3698.02002  1.94365466E-13
  3700.76001  2.02577606E-13
  3703.5  1.88075819E-13
  3706.23999  1.69688035E-13
  3708.97998  1.62398185E-13
  3711.71997  1.78978428E-13
  3714.45996  2.01910157E-13
  3717.19995  2.0267517E-13
  3719.93994  1.71987126E-13
  3722.67993  1.56825236E-13
  3725.41992  1.74363453E-13
  3728.15991  1.78577503E-13
  3730.8999  1.77260957E-13
  3733.63989  1.58651887E-13
  3736.37988  1.43970461E-13
  3739.12012  1.61054221E-13
  3741.86011  1.79812166E-13
  3744.6001  1.75130526E-13
  3747.34009  1.54672052E-13
  3750.08008  1.45263575E-13
  3752.82007  1.74003959E-13
  3755.56006  2.00899505E-13
  3758.30005  1.87084208E-13
  3761.04004  1.78444458E-13
  3763.78003  1.91458896E-13
  3766.52002  2.02818312E-13
  3769.26001  2.01780934E-13
  3772.  2.09820442E-13
  3774.73999  2.18993768E-13
  3777.47998  2.19716755E-13
  3780.21997  2.28486013E-13
  3782.95996  2.34336801E-13
  3785.69995  2.24418723E-13
  3788.43994  2.02684468E-13
  3791.17993  1.9677871E-13
  3793.91992  1.9792234E-13
  3796.65991  1.91701621E-13
  3799.3999  1.89904611E-13
  3802.13989  2.10073536E-13
  3804.87988  2.32932353E-13
  3807.62012  2.28407869E-13
  3810.36011  2.28820299E-13
  3813.1001  2.17083675E-13
  3815.84009  2.00069277E-13
  3818.58008  1.94113361E-13
  3821.32007  1.84477731E-13
  3824.06006  1.78227225E-13
  3826.80005  1.74216314E-13
  3829.54004  1.79637379E-13
  3832.28003  1.77372277E-13
  3835.02002  1.72011954E-13
  3837.76001  1.77400168E-13
  3840.5  1.81167256E-13
  3843.23999  2.02689604E-13
  3845.97998  2.1802849E-13
  3848.71997  2.1627791E-13
  3851.45996  2.10566875E-13
  3854.19995  2.13215838E-13
  3856.93994  2.09025194E-13
  3859.67993  1.93462122E-13
  3862.41992  2.06896254E-13
  3865.15991  2.25171566E-13
  3867.8999  2.24252122E-13
  3870.63989  2.05623469E-13
  3873.37988  1.9528552E-13
  3876.12012  1.99503025E-13
  3878.86011  2.00121102E-13
  3881.6001  1.96448435E-13
  3884.34009  2.03570478E-13
  3887.08008  2.04532463E-13
  3889.82007  2.06717551E-13
  3892.56006  2.2463368E-13
  3895.30005  2.30974284E-13
  3898.04004  2.27892656E-13
  3900.78003  2.33524381E-13
  3903.52002  2.35652941E-13
  3906.26001  2.27182937E-13
  3909.  2.31196898E-13
  3911.73999  2.46043772E-13
  3914.47998  2.44065835E-13
  3917.21997  2.29937868E-13
  3919.95996  2.12819251E-13
  3922.69995  2.0226789E-13
  3925.43994  1.85540954E-13
  3928.17993  1.42213701E-13
  3930.91992  9.05407747E-14
  3933.65991  6.17348647E-14
  3936.3999  7.46651954E-14
  3939.13989  1.17891238E-13
  3941.87988  1.57720733E-13
  3944.62012  1.90532797E-13
  3947.36011  2.17672749E-13
  3950.1001  2.35955298E-13
  3952.84009  2.44426739E-13
  3955.58008  2.46023552E-13
  3958.32007  2.45076908E-13
  3961.06006  2.23535396E-13
  3963.80005  1.71255642E-13
  3966.54004  1.10915827E-13
  3969.28003  8.30490868E-14
  3972.02002  1.13082442E-13
  3974.76001  1.86124567E-13
  3977.5  2.48836271E-13
  3980.23999  2.85323468E-13
  3982.97998  2.94748844E-13
  3985.71997  3.01877094E-13
  3988.45996  3.18478994E-13
  3991.19995  3.2836559E-13
  3993.93994  3.23559484E-13
  3996.67993  3.12130367E-13
  3999.41992  3.16809621E-13
  4002.15991  3.37769987E-13
  4004.8999  3.36001924E-13
  4007.63989  3.31013618E-13
  4010.37988  3.48418397E-13
  4013.12012  3.5295375E-13
  4015.86011  3.57687594E-13
  4018.6001  3.63329972E-13
  4021.34009  3.57474521E-13
  4024.08008  3.5281172E-13
  4026.82007  3.67838166E-13
  4029.56006  3.66101463E-13
  4032.30005  3.43091685E-13
  4035.04004  3.55579634E-13
  4037.78003  3.84813167E-13
  4040.52002  3.86905053E-13
  4043.26001  3.64493185E-13
  4046.  3.52214433E-13
  4048.73999  3.69986756E-13
  4051.47998  3.8852973E-13
  4054.21997  3.8500442E-13
  4056.95996  3.76926138E-13
  4059.69995  3.81670796E-13
  4062.43994  3.77874815E-13
  4065.17993  3.68018631E-13
  4067.91992  3.80324759E-13
  4070.65991  3.87901842E-13
  4073.3999  3.78220323E-13
  4076.13989  3.56354486E-13
  4078.87988  3.52789195E-13
  4081.62012  3.79848957E-13
  4084.36011  3.94508699E-13
  4087.1001  4.104697E-13
  4089.84009  4.32895798E-13
  4092.58008  4.32637406E-13
  4095.32007  4.16438178E-13
  4098.06006  4.00232798E-13
  4100.7998  3.68833328E-13
  4103.54004  3.63792113E-13
  4106.27979  4.00880582E-13
  4109.02002  4.04603895E-13
  4111.75977  4.00571449E-13
  4114.5  4.13833356E-13
  4117.24023  4.14762192E-13
  4119.97998  4.04937043E-13
  4122.72021  4.07825927E-13
  4125.45996  4.18112647E-13
  4128.2002  4.10434653E-13
  4130.93994  3.92155899E-13
  4133.68018  3.89914609E-13
  4136.41992  4.0617794E-13
  4139.16016  4.27797717E-13
  4141.8999  4.06443623E-13
  4144.64014  3.87906531E-13
  4147.37988  4.11693493E-13
  4150.12012  4.20742326E-13
  4152.85986  4.16051986E-13
  4155.6001  4.1497727E-13
  4158.33984  4.34427993E-13
  4161.08008  4.51897634E-13
  4163.81982  4.51137093E-13
  4166.56006  4.48731438E-13
  4169.2998  4.38307458E-13
  4172.04004  4.09049205E-13
  4174.77979  3.95338899E-13
  4177.52002  4.0929559E-13
  4180.25977  4.2406676E-13
  4183.  4.36677929E-13
  4185.74023  4.32947379E-13
  4188.47998  4.27835935E-13
  4191.22021  4.35286139E-13
  4193.95996  4.42127969E-13
  4196.7002  4.27573504E-13
  4199.43994  4.07236527E-13
  4202.18018  4.09025597E-13
  4204.91992  4.15377043E-13
  4207.66016  4.36137129E-13
  4210.3999  4.57005744E-13
  4213.14014  4.58775867E-13
  4215.87988  4.52485841E-13
  4218.62012  4.55009945E-13
  4221.35986  4.5899699E-13
  4224.1001  4.24467021E-13
  4226.83984  4.00654201E-13
  4229.58008  4.30200092E-13
  4232.31982  4.52504733E-13
  4235.06006  4.36831208E-13
  4237.7998  4.3820473E-13
  4240.54004  4.591922E-13
  4243.27979  4.72578573E-13
  4246.02002  4.60355441E-13
  4248.75977  4.37106433E-13
  4251.5  4.42952776E-13
  4254.24023  4.59302626E-13
  4256.97998  4.56478334E-13
  4259.72021  4.55233453E-13
  4262.45996  4.66052435E-13
  4265.2002  4.88708683E-13
  4267.93994  4.84376319E-13
  4270.68018  4.56329636E-13
  4273.41992  4.36218661E-13
  4276.16016  4.60255044E-13
  4278.8999  4.72192814E-13
  4281.64014  4.59554378E-13
  4284.37988  4.51662552E-13
  4287.12012  4.26134226E-13
  4289.85986  4.05886072E-13
  4292.6001  4.18976838E-13
  4295.33984  4.28531017E-13
  4298.08008  3.80910256E-13
  4300.81982  3.52816111E-13
  4303.56006  3.55309776E-13
  4306.2998  3.5241211E-13
  4309.04004  3.4980043E-13
  4311.77979  3.69656725E-13
  4314.52002  4.32796919E-13
  4317.25977  5.06882297E-13
  4320.  5.29216916E-13
  4322.74023  4.88068733E-13
  4325.47998  4.67043179E-13
  4328.22021  5.01715097E-13
  4330.95996  5.34139735E-13
  4333.7002  5.40228778E-13
  4336.43994  5.09568353E-13
  4339.18018  4.52360941E-13
  4341.91992  4.59107145E-13
  4344.66016  5.22059392E-13
  4347.3999  5.41560015E-13
  4350.14014  5.26727099E-13
  4352.87988  5.12250182E-13
  4355.62012  5.33586738E-13
  4358.35986  5.42724448E-13
  4361.1001  5.46601122E-13
  4363.83984  5.55155368E-13
  4366.58008  5.46557591E-13
  4369.31982  5.28761659E-13
  4372.06006  5.40547153E-13
  4374.7998  5.41242615E-13
  4377.54004  5.18300626E-13
  4380.27979  5.37274543E-13
  4383.02002  5.07287788E-13
  4385.75977  4.90237191E-13
  4388.5  5.2452167E-13
  4391.24023  5.30534167E-13
  4393.97998  5.42489773E-13
  4396.72021  5.43072152E-13
  4399.45996  5.459918E-13
  4402.2002  5.40867264E-13
  4404.93994  5.33885815E-13
  4407.68018  5.32413144E-13
  4410.41992  5.50518236E-13
  4413.16016  5.76373096E-13
  4415.8999  5.71797438E-13
  4418.64014  5.69935538E-13
  4421.37988  5.84508028E-13
  4424.12012  5.85333865E-13
  4426.85986  5.76336179E-13
  4429.6001  5.70942328E-13
  4432.33984  5.68996402E-13
  4435.08008  5.66869034E-13
  4437.81982  6.00892816E-13
  4440.56006  5.98223511E-13
  4443.2998  5.66895489E-13
  4446.04004  5.79164375E-13
  4448.77979  5.90014962E-13
  4451.52002  5.87370918E-13
  4454.25977  5.80154523E-13
  4457.  5.71270787E-13
  4459.74023  5.69714631E-13
  4462.47998  5.77721464E-13
  4465.22021  5.92617643E-13
  4467.95996  5.87106264E-13
  4470.7002  6.05374366E-13
  4473.43994  6.38624787E-13
  4476.18018  6.55166351E-13
  4478.91992  6.46020943E-13
  4481.66016  6.32870546E-13
  4484.3999  6.43370665E-13
  4487.14014  6.46667561E-13
  4489.87988  6.35229553E-13
  4492.62012  6.43638517E-13
  4495.35986  6.3508015E-13
  4498.1001  6.42679378E-13
  4500.83984  6.54603813E-13
  4503.58008  6.72810874E-13
  4506.31982  6.81257568E-13
  4509.06006  6.77321914E-13
  4511.7998  6.84652205E-13
  4514.54004  6.61801343E-13
  4517.27979  6.57548506E-13
  4520.02002  6.50889932E-13
  4522.75977  6.42450774E-13
  4525.5  6.25512825E-13
  4528.24023  6.20106397E-13
  4530.97998  6.29277988E-13
  4533.72021  6.13843991E-13
  4536.45996  6.3899E-13
  4539.2002  6.78683889E-13
  4541.93994  6.66403131E-13
  4544.68018  6.54428497E-13
  4547.41992  6.41453904E-13
  4550.16016  6.36026225E-13
  4552.8999  6.33653828E-13
  4555.64014  6.53177816E-13
  4558.37988  6.84490496E-13
  4561.12012  6.78687521E-13
  4563.85986  6.73711195E-13
  4566.6001  6.8790454E-13
  4569.33984  6.88853109E-13
  4572.08008  6.78816974E-13
  4574.81982  6.96684409E-13
  4577.56006  6.93272046E-13
  4580.2998  6.73637795E-13
  4583.04004  6.73164649E-13
  4585.77979  6.87939777E-13
  4588.52002  7.00471473E-13
  4591.25977  6.9003516E-13
  4594.  6.8907846E-13
  4596.74023  7.08379644E-13
  4599.47998  7.03334689E-13
  4602.22021  6.91418982E-13
  4604.95996  7.15055998E-13
  4607.7002  7.28655309E-13
  4610.43994  7.32547161E-13
  4613.18018  7.21001709E-13
  4615.91992  7.19633608E-13
  4618.66016  7.29575254E-13
  4621.3999  7.41790364E-13
  4624.14014  7.39740192E-13
  4626.87988  7.30683363E-13
  4629.62012  7.22249626E-13
  4632.35986  7.38676373E-13
  4635.1001  7.38667536E-13
  4637.83984  7.35368472E-13
  4640.58008  7.41272278E-13
  4643.31982  7.48839359E-13
  4646.06006  7.27979851E-13
  4648.7998  7.32418629E-13
  4651.54004  7.2796516E-13
  4654.27979  7.19212179E-13
  4657.02002  7.34914679E-13
  4659.75977  7.61679402E-13
  4662.5  7.61991056E-13
  4665.24023  7.3965145E-13
  4667.97998  7.18415182E-13
  4670.72021  7.32470237E-13
  4673.45996  7.52458425E-13
  4676.2002  7.56852209E-13
  4678.93994  7.44675534E-13
  4681.68018  7.45884962E-13
  4684.41992  7.66980175E-13
  4687.16016  7.72184074E-13
  4689.8999  7.61849622E-13
  4692.64014  7.76391972E-13
  4695.37988  7.84310008E-13
  4698.12012  7.72555576E-13
  4700.85986  7.60067953E-13
  4703.6001  7.47280981E-13
  4706.33984  7.44281264E-13
  4709.08008  7.45548426E-13
  4711.81982  7.707339E-13
  4714.56006  7.6652069E-13
  4717.2998  7.82575881E-13
  4720.04004  7.88437349E-13
  4722.77979  7.88563984E-13
  4725.52002  7.85909369E-13
  4728.25977  7.74798736E-13
  4731.  7.77405321E-13
  4733.74023  7.80568589E-13
  4736.47998  7.8545227E-13
  4739.22021  7.89170216E-13
  4741.95996  8.00712957E-13
  4744.7002  8.02916923E-13
  4747.43994  8.03632985E-13
  4750.18018  8.04038422E-13
  4752.91992  7.98521568E-13
  4755.66016  7.97176886E-13
  4758.3999  8.01223562E-13
  4761.14014  7.79557137E-13
  4763.87988  7.63721063E-13
  4766.62012  7.77195094E-13
  4769.35986  7.91410177E-13
  4772.1001  7.93484419E-13
  4774.83984  8.12957395E-13
  4777.58008  8.03296991E-13
  4780.31982  8.01648244E-13
  4783.06006  7.97845676E-13
  4785.7998  7.92539374E-13
  4788.54004  7.86264554E-13
  4791.27979  8.04710844E-13
  4794.02002  8.19877369E-13
  4796.75977  8.10667343E-13
  4799.5  8.06904565E-13
  4802.24023  8.16720443E-13
  4804.97998  8.13668306E-13
  4807.72021  8.15380207E-13
  4810.45996  8.10574535E-13
  4813.2002  8.23821046E-13
  4815.93994  8.25096014E-13
  4818.68018  8.28560799E-13
  4821.41992  8.19807872E-13
  4824.16016  8.06984416E-13
  4826.8999  8.24678758E-13
  4829.64014  8.20791406E-13
  4832.37988  8.32286497E-13
  4835.12012  8.28858791E-13
  4837.85986  8.26049949E-13
  4840.6001  8.12238785E-13
  4843.33984  8.23778329E-13
  4846.08008  8.32244972E-13
  4848.81982  8.2036629E-13
  4851.56006  8.32575328E-13
  4854.2998  8.12792162E-13
  4857.04004  7.89221227E-13
  4859.77979  7.14942916E-13
  4862.52002  7.11615716E-13
  4865.25977  7.8501268E-13
  4868.  8.07707742E-13
  4870.74023  7.96382491E-13
  4873.47998  7.96633267E-13
  4876.22021  8.08942757E-13
  4878.95996  8.24609478E-13
  4881.7002  8.26237462E-13
  4884.43994  8.16201815E-13
  4887.18018  8.14756845E-13
  4889.91992  8.0171064E-13
  4892.66016  8.35139466E-13
  4895.3999  8.63588389E-13
  4898.14014  8.54464394E-13
  4900.87988  8.34388439E-13
  4903.62012  8.50005179E-13
  4906.35986  8.58927567E-13
  4909.1001  8.48079148E-13
  4911.83984  8.44670579E-13
  4914.58008  8.54902032E-13
  4917.31982  8.31554118E-13
  4920.06006  7.88458329E-13
  4922.7998  8.07313743E-13
  4925.54004  8.30550689E-13
  4928.27979  8.60597943E-13
  4931.02002  8.64400023E-13
  4933.75977  8.36121482E-13
  4936.5  8.3239199E-13
  4939.24023  8.28766851E-13
  4941.97998  8.58953913E-13
  4944.72021  8.72114067E-13
  4947.45996  8.82967419E-13
  4950.2002  8.88693036E-13
  4952.93994  8.79355941E-13
  4955.68018  8.61144326E-13
  4958.41992  8.41255722E-13
  4961.16016  8.6822601E-13
  4963.8999  8.75713564E-13
  4966.64014  8.71105542E-13
  4969.37988  8.71459155E-13
  4972.12012  8.72193051E-13
  4974.85986  8.86901609E-13
  4977.6001  8.77351685E-13
  4980.33984  8.51924596E-13
  4983.08008  8.2757824E-13
  4985.81982  8.33721926E-13
  4988.56006  8.52178842E-13
  4991.2998  8.61323979E-13
  4994.04004  8.58366004E-13
  4996.77979  8.59809674E-13
  4999.52002  8.48782633E-13
  5002.25977  8.4885625E-13
  5005.  8.35799583E-13
  5007.74023  8.37197174E-13
  5010.47998  8.48492771E-13
  5013.22021  8.16885351E-13
  5015.95996  8.29664571E-13
  5018.7002  8.45912641E-13
  5021.43994  8.65717383E-13
  5024.18018  8.7069837E-13
  5026.91992  8.72913504E-13
  5029.66016  8.86244799E-13
  5032.3999  8.88415047E-13
  5035.14014  8.6684517E-13
  5037.87988  8.41077208E-13
  5040.62012  8.15444012E-13
  5043.35986  8.52945373E-13
  5046.1001  8.94442289E-13
  5048.83984  8.78462125E-13
  5051.58008  8.74646004E-13
  5054.31982  9.07219775E-13
  5057.06006  9.20340193E-13
  5059.7998  9.10293867E-13
  5062.54004  9.02472541E-13
  5065.27979  8.77117931E-13
  5068.02002  8.85234648E-13
  5070.75977  9.07760195E-13
  5073.5  8.98354579E-13
  5076.24023  8.87578476E-13
  5078.97998  8.50201203E-13
  5081.72021  8.53222007E-13
  5084.45996  8.88941156E-13
  5087.2002  9.11696825E-13
  5089.93994  9.15732659E-13
  5092.68018  9.19736509E-13
  5095.41992  9.15480474E-13
  5098.16016  8.93510147E-13
  5100.8999  8.99571325E-13
  5103.64014  8.97826301E-13
  5106.37988  8.77797672E-13
  5109.12012  8.57113046E-13
  5111.85986  8.95852186E-13
  5114.6001  9.19750712E-13
  5117.33984  9.29702387E-13
  5120.08008  9.13379398E-13
  5122.81982  8.81841041E-13
  5125.56006  8.74200343E-13
  5128.2998  8.70519152E-13
  5131.04004  8.90909308E-13
  5133.77979  9.0075072E-13
  5136.52002  8.93696846E-13
  5139.25977  8.54637053E-13
  5142.  8.58209174E-13
  5144.74023  8.7980144E-13
  5147.47998  8.90183868E-13
  5150.22021  8.8277069E-13
  5152.95996  8.8535326E-13
  5155.7002  9.1893626E-13
  5158.43994  9.43345987E-13
  5161.18018  9.33030996E-13
  5163.91992  8.98624924E-13
  5166.66016  8.12245833E-13
  5169.3999  8.02270793E-13
  5172.14014  8.13143769E-13
  5174.87988  8.8089437E-13
  5177.62012  9.27353897E-13
  5180.35986  9.22546653E-13
  5183.1001  8.54037761E-13
  5185.83984  8.79819655E-13
  5188.58008  8.98978862E-13
  5191.31982  8.79615716E-13
  5194.06006  8.78097616E-13
  5196.7998  9.00552148E-13
  5199.54004  9.12715866E-13
  5202.27979  9.02534449E-13
  5205.02002  8.71136334E-13
  5207.75977  8.73620729E-13
  5210.5  9.04562232E-13
  5213.24023  9.34076709E-13
  5215.97998  9.26670849E-13
  5218.72021  9.37695884E-13
  5221.45996  9.5136659E-13
  5224.2002  9.18809083E-13
  5226.93994  8.75909208E-13
  5229.68018  9.16608152E-13
  5232.41992  9.31940939E-13
  5235.16016  9.44410891E-13
  5237.8999  9.66898545E-13
  5240.64014  9.65791574E-13
  5243.37988  9.68461964E-13
  5246.12012  9.45339618E-13
  5248.85986  9.18677569E-13
  5251.6001  9.23400462E-13
  5254.33984  9.30555437E-13
  5257.08008  9.61556681E-13
  5259.81982  9.52264201E-13
  5262.56006  9.01005074E-13
  5265.2998  8.8402598E-13
  5268.04004  8.82757843E-13
  5270.77979  8.89146721E-13
  5273.52002  9.23232194E-13
  5276.25977  9.64429816E-13
  5279.  9.77966514E-13
  5281.74023  9.5794748E-13
  5284.47998  9.64936356E-13
  5287.22021  9.96814827E-13
  5289.95996  1.00149533E-12
  5292.7002  9.90459667E-13
  5295.43994  9.69405112E-13
  5298.18018  9.53175256E-13
  5300.91992  9.58850946E-13
  5303.66016  9.88458339E-13
  5306.3999  9.91986224E-13
  5309.14014  1.00098185E-12
  5311.87988  1.00717416E-12
  5314.62012  9.94659541E-13
  5317.35986  9.93547475E-13
  5320.1001  9.8596424E-13
  5322.83984  9.70926681E-13
  5325.58008  9.46851647E-13
  5328.31982  9.25210971E-13
  5331.06006  9.64929634E-13
  5333.7998  9.86903267E-13
  5336.54004  9.87317216E-13
  5339.27979  9.67253621E-13
  5342.02002  9.79557689E-13
  5344.75977  9.86176201E-13
  5347.5  9.82631186E-13
  5350.24023  1.00423836E-12
  5352.97998  1.01506423E-12
  5355.72021  1.01817177E-12
  5358.45996  1.02224305E-12
  5361.2002  1.00574876E-12
  5363.93994  9.9129125E-13
  5366.68018  9.85179278E-13
  5369.41992  9.63094188E-13
  5372.16016  9.8031945E-13
  5374.8999  1.01974614E-12
  5377.64014  1.01904802E-12
  5380.37988  9.99093603E-13
  5383.12012  1.01238776E-12
  5385.85986  1.01998303E-12
  5388.6001  1.01116175E-12
  5391.33984  9.9453334E-13
  5394.08008  9.83575526E-13
  5396.81982  9.73379472E-13
  5399.56006  9.95153504E-13
  5402.2998  9.7627852E-13
  5405.04004  9.70301205E-13
  5407.77979  9.82881203E-13
  5410.52002  9.9833336E-13
  5413.25977  1.00766346E-12
  5416.  1.01318292E-12
  5418.74023  1.0183963E-12
  5421.47998  1.01275423E-12
  5424.22021  1.01293409E-12
  5426.95996  1.00125854E-12
  5429.7002  9.84444514E-13
  5432.43994  9.81244383E-13
  5435.18018  9.92762513E-13
  5437.91992  1.02283492E-12
  5440.66016  1.03642301E-12
  5443.3999  1.018525E-12
  5446.14014  9.88476553E-13
  5448.87988  1.01245184E-12
  5451.62012  1.03146918E-12
  5454.35986  1.00261206E-12
  5457.1001  1.01507095E-12
  5459.83984  1.03426881E-12
  5462.58008  1.03251348E-12
  5465.31982  1.03582182E-12
  5468.06006  1.03890106E-12
  5470.7998  1.04034988E-12
  5473.54004  1.03437159E-12
  5476.27979  1.01774665E-12
  5479.02002  1.02512638E-12
  5481.75977  1.03071078E-12
  5484.5  1.04064988E-12
  5487.24023  1.04172432E-12
  5489.97998  1.03764686E-12
  5492.72021  1.04078692E-12
  5495.45996  1.03597502E-12
  5498.2002  1.03693508E-12
  5500.93994  1.02781238E-12
  5503.68018  1.02464044E-12
  5506.41992  1.02509526E-12
  5509.16016  1.03236029E-12
  5511.8999  1.03837078E-12
  5514.64014  1.04618343E-12
  5517.37988  1.05828768E-12
  5520.12012  1.06371043E-12
  5522.85986  1.05828595E-12
  5525.6001  1.03964515E-12
  5528.33984  1.03572966E-12
  5531.08008  1.04643052E-12
  5533.81982  1.05103263E-12
  5536.56006  1.0586304E-12
  5539.2998  1.06711959E-12
  5542.04004  1.0781958E-12
  5544.77979  1.07739317E-12
  5547.52002  1.08300261E-12
  5550.25977  1.07270291E-12
  5553.  1.06723701E-12
  5555.74023  1.07414511E-12
  5558.47998  1.07782002E-12
  5561.22021  1.07349817E-12
  5563.95996  1.06355842E-12
  5566.7002  1.05445166E-12
  5569.43994  1.0513077E-12
  5572.18018  1.05219739E-12
  5574.91992  1.05340606E-12
  5577.66016  1.0567183E-12
  5580.3999  1.05914745E-12
  5583.14014  1.06077473E-12
  5585.87988  1.0467419E-12
  5588.62012  1.03931468E-12
  5591.35986  1.04737258E-12
  5594.1001  1.05408423E-12
  5596.83984  1.05312937E-12
  5599.58008  1.05414776E-12
  5602.31982  1.05444592E-12
  5605.06006  1.06996313E-12
  5607.7998  1.08483112E-12
  5610.54004  1.08837169E-12
  5613.27979  1.07656679E-12
  5616.02002  1.06353164E-12
  5618.75977  1.06809602E-12
  5621.5  1.07434179E-12
  5624.24023  1.07953967E-12
  5626.97998  1.09338114E-12
  5629.72021  1.10321019E-12
  5632.45996  1.10449963E-12
  5635.2002  1.09844132E-12
  5637.93994  1.09172198E-12
  5640.68018  1.09295819E-12
  5643.41992  1.09888628E-12
  5646.16016  1.10536808E-12
  5648.8999  1.08402512E-12
  5651.64014  1.07565411E-12
  5654.37988  1.08865716E-12
  5657.12012  1.10563457E-12
  5659.85986  1.08526827E-12
  5662.6001  1.06633224E-12
  5665.33984  1.06887589E-12
  5668.08008  1.0753772E-12
  5670.81982  1.08924404E-12
  5673.56006  1.08858246E-12
  5676.2998  1.07997563E-12
  5679.04004  1.07874332E-12
  5681.77979  1.07931383E-12
  5684.52002  1.07850068E-12
  5687.25977  1.08059124E-12
  5690.  1.08969973E-12
  5692.74023  1.09123257E-12
  5695.47998  1.08598178E-12
  5698.22021  1.08706924E-12
  5700.95996  1.08631203E-12
  5703.7002  1.05873752E-12
  5706.43994  1.03907063E-12
  5709.18018  1.05376808E-12
  5711.91992  1.07143374E-12
  5714.66016  1.09519902E-12
  5717.3999  1.10073138E-12
  5720.14014  1.09523523E-12
  5722.87988  1.1033958E-12
  5725.62012  1.11104539E-12
  5728.35986  1.09741827E-12
  5731.1001  1.09725846E-12
  5733.83984  1.13711417E-12
  5736.58008  1.14106283E-12
  5739.31982  1.1088849E-12
  5742.06006  1.10391069E-12
  5744.7998  1.10869907E-12
  5747.54004  1.11121951E-12
  5750.27979  1.11151941E-12
  5753.02002  1.10449378E-12
  5755.75977  1.10047019E-12
  5758.5  1.09903276E-12
  5761.24023  1.10821671E-12
  5763.97998  1.1253986E-12
  5766.72021  1.12776466E-12
  5769.45996  1.12207021E-12
  5772.2002  1.10592752E-12
  5774.93994  1.09440527E-12
  5777.68018  1.09663526E-12
  5780.41992  1.09785488E-12
  5783.16016  1.09732091E-12
  5785.8999  1.10816391E-12
  5788.64014  1.12406417E-12
  5791.37988  1.12746921E-12
  5794.12012  1.12862757E-12
  5796.85986  1.13407862E-12
  5799.6001  1.13751575E-12
  5802.33984  1.14040851E-12
  5805.08008  1.13083035E-12
  5807.81982  1.11111207E-12
  5810.56006  1.1209318E-12
  5813.2998  1.13686166E-12
  5816.04004  1.12368199E-12
  5818.77979  1.11372435E-12
  5821.52002  1.12052978E-12
  5824.26025  1.13130176E-12
  5827.  1.15037352E-12
  5829.74023  1.14600267E-12
  5832.47998  1.1301009E-12
  5835.22021  1.1325024E-12
  5837.95996  1.13793122E-12
  5840.7002  1.13867748E-12
  5843.43994  1.13538931E-12
  5846.18018  1.12462101E-12
  5848.91992  1.12078998E-12
  5851.66016  1.12210989E-12
  5854.3999  1.11721298E-12
  5857.14014  1.11282609E-12
  5859.87988  1.12208983E-12
  5862.62012  1.13064625E-12
  5865.35986  1.13061383E-12
  5868.1001  1.13020118E-12
  5870.83984  1.12420761E-12
  5873.58008  1.15116456E-12
  5876.31982  1.19285398E-12
  5879.06006  1.16335869E-12
  5881.7998  1.11819755E-12
  5884.54004  1.10619109E-12
  5887.27979  1.08950772E-12
  5890.02002  1.05116014E-12
  5892.76025  1.04230459E-12
  5895.5  1.05843524E-12
  5898.24023  1.08190301E-12
  5900.97998  1.11235207E-12
  5903.72021  1.14229253E-12
  5906.45996  1.16088129E-12
  5909.2002  1.15187623E-12
  5911.93994  1.14789938E-12
  5914.68018  1.15321977E-12
  5917.41992  1.15250713E-12
  5920.16016  1.14900233E-12
  5922.8999  1.14810711E-12
  5925.64014  1.14782251E-12
  5928.37988  1.14749367E-12
  5931.12012  1.14643733E-12
  5933.85986  1.14186243E-12
  5936.6001  1.14565714E-12
  5939.33984  1.15872199E-12
  5942.08008  1.15545431E-12
  5944.81982  1.14554677E-12
  5947.56006  1.14286456E-12
  5950.2998  1.14128921E-12
  5953.04004  1.13636737E-12
  5955.77979  1.13909739E-12
  5958.52002  1.15675124E-12
  5961.26025  1.15748524E-12
  5964.  1.14852875E-12
  5966.74023  1.15011212E-12
  5969.47998  1.15287033E-12
  5972.22021  1.14661969E-12
  5974.95996  1.14400882E-12
  5977.7002  1.15176412E-12
  5980.43994  1.15648073E-12
  5983.18018  1.1593363E-12
  5985.91992  1.15398923E-12
  5988.66016  1.14572197E-12
  5991.3999  1.15377564E-12
  5994.14014  1.1613463E-12
  5996.87988  1.15481442E-12
  5999.62012  1.14940869E-12
  6002.35986  1.14599823E-12
  6005.1001  1.14772222E-12
  6007.83984  1.1536553E-12
  6010.58008  1.15559537E-12
  6013.31982  1.15684426E-12
  6016.06006  1.16085169E-12
  6018.7998  1.16361185E-12
  6021.54004  1.16287546E-12
  6024.27979  1.16267673E-12
  6027.02002  1.16353758E-12
  6029.76025  1.15983351E-12
  6032.5  1.15435439E-12
  6035.24023  1.15626302E-12
  6037.97998  1.16008559E-12
  6040.72021  1.16442695E-12
  6043.45996  1.16342949E-12
  6046.2002  1.15189618E-12
  6048.93994  1.14838163E-12
  6051.68018  1.15019929E-12
  6054.41992  1.15778871E-12
  6057.16016  1.16574187E-12
  6059.8999  1.15932654E-12
  6062.64014  1.15233051E-12
  6065.37988  1.14797852E-12
  6068.12012  1.15379776E-12
  6070.85986  1.17584816E-12
  6073.6001  1.17497136E-12
  6076.33984  1.16172729E-12
  6079.08008  1.14702312E-12
  6081.81982  1.13736884E-12
  6084.56006  1.14849525E-12
  6087.2998  1.15972911E-12
  6090.04004  1.1692857E-12
  6092.77979  1.16823445E-12
  6095.52002  1.15744838E-12
  6098.26025  1.14871589E-12
  6101.  1.14155614E-12
  6103.74023  1.14339788E-12
  6106.47998  1.14732974E-12
  6109.22021  1.15144103E-12
  6111.95996  1.15173528E-12
  6114.7002  1.14608247E-12
  6117.43994  1.14533925E-12
  6120.18018  1.14693552E-12
  6122.91992  1.14752413E-12
  6125.66016  1.14879211E-12
  6128.3999  1.15544521E-12
  6131.14014  1.15398554E-12
  6133.87988  1.13565678E-12
  6136.62012  1.1230808E-12
  6139.35986  1.11305366E-12
  6142.1001  1.12519401E-12
  6144.83984  1.14709815E-12
  6147.58008  1.15319202E-12
  6150.31982  1.15530046E-12
  6153.06006  1.15865152E-12
  6155.7998  1.15540531E-12
  6158.54004  1.14174761E-12
  6161.27979  1.1330857E-12
  6164.02002  1.12686932E-12
  6166.76025  1.13257613E-12
  6169.5  1.14443914E-12
  6172.24023  1.15996871E-12
  6174.97998  1.17044568E-12
  6177.72021  1.1702386E-12
  6180.45996  1.16970431E-12
  6183.2002  1.16892813E-12
  6185.93994  1.15850949E-12
  6188.68018  1.14447124E-12
  6191.41992  1.14272274E-12
  6194.16016  1.14603834E-12
  6196.8999  1.15317651E-12
  6199.64014  1.15997142E-12
  6202.37988  1.16741393E-12
  6205.12012  1.16778007E-12
  6207.85986  1.16286982E-12
  6210.6001  1.15997381E-12
  6213.33984  1.15826782E-12
  6216.08008  1.16122682E-12
  6218.81982  1.16215707E-12
  6221.56006  1.15775738E-12
  6224.2998  1.15203908E-12
  6227.04004  1.14439621E-12
  6229.77979  1.13734272E-12
  6232.52002  1.13244516E-12
  6235.26025  1.14520296E-12
  6238.  1.15593277E-12
  6240.74023  1.14421677E-12
  6243.47998  1.13444876E-12
  6246.22021  1.12895218E-12
  6248.95996  1.13134773E-12
  6251.7002  1.1406774E-12
  6254.43994  1.13510015E-12
  6257.18018  1.12798583E-12
  6259.91992  1.1410508E-12
  6262.66016  1.15318941E-12
  6265.3999  1.15406144E-12
  6268.14014  1.15715781E-12
  6270.87988  1.16405225E-12
  6273.62012  1.16276476E-12
  6276.35986  1.15678582E-12
  6279.1001  1.15033569E-12
  6281.83984  1.14698897E-12
  6284.58008  1.15529689E-12
  6287.31982  1.16124157E-12
  6290.06006  1.16084627E-12
  6292.7998  1.16194283E-12
  6295.54004  1.16400303E-12
  6298.27979  1.15136709E-12
  6301.02002  1.13706332E-12
  6303.76025  1.14996164E-12
  6306.5  1.16347036E-12
  6309.24023  1.16568072E-12
  6311.97998  1.16287015E-12
  6314.72021  1.1520742E-12
  6317.45996  1.15029275E-12
  6320.2002  1.1539142E-12
  6322.93994  1.16735636E-12
  6325.68018  1.17943914E-12
  6328.41992  1.17447198E-12
  6331.16016  1.16641245E-12
  6333.8999  1.15593873E-12
  6336.64014  1.15054526E-12
  6339.37988  1.14918253E-12
  6342.12012  1.1531764E-12
  6344.85986  1.1616926E-12
  6347.6001  1.17605947E-12
  6350.33984  1.18777817E-12
  6353.08008  1.19158752E-12
  6355.81982  1.18731923E-12
  6358.56006  1.16969336E-12
  6361.2998  1.16503779E-12
  6364.04004  1.16734909E-12
  6366.77979  1.17183813E-12
  6369.52002  1.17774443E-12
  6372.26025  1.18277024E-12
  6375.  1.18551631E-12
  6377.74023  1.18447938E-12
  6380.47998  1.18317975E-12
  6383.22021  1.18119577E-12
  6385.95996  1.18114589E-12
  6388.7002  1.18078258E-12
  6391.43994  1.17212501E-12
  6394.18018  1.16431875E-12
  6396.91992  1.16490595E-12
  6399.66016  1.16464108E-12
  6402.3999  1.16104815E-12
  6405.14014  1.16334774E-12
  6407.87988  1.16947012E-12
  6410.62012  1.17103658E-12
  6413.35986  1.17097618E-12
  6416.1001  1.16981999E-12
  6418.83984  1.17051215E-12
  6421.58008  1.17665816E-12
  6424.31982  1.17774302E-12
  6427.06006  1.1734537E-12
  6429.7998  1.17137593E-12
  6432.54004  1.16979701E-12
  6435.27979  1.1672668E-12
  6438.02002  1.16702568E-12
  6440.76025  1.17393855E-12
  6443.5  1.17859552E-12
  6446.24023  1.1787266E-12
  6448.97998  1.18035757E-12
  6451.72021  1.18245767E-12
  6454.45996  1.17165468E-12
  6457.2002  1.15952636E-12
  6459.93994  1.16593952E-12
  6462.68018  1.17429417E-12
  6465.41992  1.17861645E-12
  6468.16016  1.18338867E-12
  6470.8999  1.18801583E-12
  6473.64014  1.1986537E-12
  6476.37988  1.21028318E-12
  6479.12012  1.19839479E-12
  6481.85986  1.18376457E-12
  6484.6001  1.18697858E-12
  6487.33984  1.1831508E-12
  6490.08008  1.1637284E-12
  6492.81982  1.15112E-12
  6495.56006  1.14215625E-12
  6498.2998  1.15002224E-12
  6501.04004  1.16820052E-12
  6503.77979  1.1937801E-12
  6506.52002  1.21303401E-12
  6509.26025  1.21426252E-12
  6512.  1.21402487E-12
  6514.74023  1.21368746E-12
  6517.47998  1.20332899E-12
  6520.22021  1.18777199E-12
  6522.95996  1.18987556E-12
  6525.7002  1.19614214E-12
  6528.43994  1.19793563E-12
  6531.18018  1.19563073E-12
  6533.91992  1.18395701E-12
  6536.66016  1.18478296E-12
  6539.3999  1.1963939E-12
  6542.14014  1.19991441E-12
  6544.87988  1.19913161E-12
  6547.62012  1.18987741E-12
  6550.35986  1.18182222E-12
  6553.1001  1.18952699E-12
  6555.83984  1.17468914E-12
  6558.58008  1.12379247E-12
  6561.31982  1.09841888E-12
  6564.06006  1.08817978E-12
  6566.7998  1.1254745E-12
  6569.54004  1.17294434E-12
  6572.27979  1.1859887E-12
  6575.02002  1.19051112E-12
  6577.76025  1.18606709E-12
  6580.5  1.19125185E-12
  6583.24023  1.20585074E-12
  6585.97998  1.20542844E-12
  6588.72021  1.19884994E-12
  6591.45996  1.1951785E-12
  6594.2002  1.19747127E-12
  6596.93994  1.21792366E-12
  6599.68018  1.22355392E-12
  6602.41992  1.204654E-12
  6605.16016  1.19572939E-12
  6607.8999  1.19056739E-12
  6610.64014  1.19704561E-12
  6613.37988  1.20649985E-12
  6616.12012  1.2074327E-12
  6618.85986  1.20556072E-12
  6621.6001  1.19839837E-12
  6624.33984  1.20086265E-12
  6627.08008  1.21444792E-12
  6629.81982  1.21231649E-12
  6632.56006  1.20510969E-12
  6635.2998  1.21676237E-12
  6638.04004  1.22455887E-12
  6640.77979  1.20518135E-12
  6643.52002  1.19833169E-12
  6646.26025  1.20985882E-12
  6649.  1.23560699E-12
  6651.74023  1.27393213E-12
  6654.47998  1.25043639E-12
  6657.22021  1.21090648E-12
  6659.95996  1.21483964E-12
  6662.7002  1.218438E-12
  6665.43994  1.20318317E-12
  6668.18018  1.20088986E-12
  6670.91992  1.21361656E-12
  6673.66016  1.21756067E-12
  6676.3999  1.21818321E-12
  6679.14014  1.21777284E-12
  6681.87988  1.21565236E-12
  6684.62012  1.20845955E-12
  6687.35986  1.20887783E-12
  6690.1001  1.22512092E-12
  6692.83984  1.22812752E-12
  6695.58008  1.22222068E-12
  6698.31982  1.21532287E-12
  6701.06006  1.2078615E-12
  6703.7998  1.20456791E-12
  6706.54004  1.2043965E-12
  6709.27979  1.21034704E-12
  6712.02002  1.21032557E-12
  6714.76025  1.20156001E-12
  6717.5  1.20311552E-12
  6720.24023  1.20992842E-12
  6722.97998  1.21579656E-12
  6725.72021  1.22129574E-12
  6728.45996  1.22581828E-12
  6731.2002  1.22748285E-12
  6733.93994  1.22574954E-12
  6736.68018  1.22056651E-12
  6739.41992  1.21170424E-12
  6742.16016  1.20672645E-12
  6744.8999  1.20417955E-12
  6747.64014  1.20515663E-12
  6750.37988  1.20859247E-12
  6753.12012  1.21510853E-12
  6755.85986  1.22040756E-12
  6758.6001  1.22493096E-12
  6761.33984  1.22574444E-12
  6764.08008  1.22337947E-12
  6766.81982  1.21484235E-12
  6769.56006  1.20504659E-12
  6772.2998  1.19692244E-12
  6775.04004  1.19835359E-12
  6777.77979  1.22053756E-12
  6780.52002  1.22335865E-12
  6783.26025  1.20886439E-12
  6786.  1.21069246E-12
  6788.74023  1.21765315E-12
  6791.47998  1.21806276E-12
  6794.22021  1.21742492E-12
  6796.95996  1.21927544E-12
  6799.7002  1.21544094E-12
  6802.43994  1.20218798E-12
  6805.18018  1.19495581E-12
  6807.91992  1.19116837E-12
  6810.66016  1.20044285E-12
  6813.3999  1.21369711E-12
  6816.14014  1.22107359E-12
  6818.87988  1.22448547E-12
  6821.62012  1.22056846E-12
  6824.35986  1.22285472E-12
  6827.1001  1.23174116E-12
  6829.83984  1.23068613E-12
  6832.58008  1.22520451E-12
  6835.31982  1.22242418E-12
  6838.06006  1.21910522E-12
  6840.7998  1.21277305E-12
  6843.54004  1.20926142E-12
  6846.27979  1.20878763E-12
  6849.02002  1.21415118E-12
  6851.76025  1.22400571E-12
  6854.5  1.21890323E-12
  6857.24023  1.20982174E-12
  6859.97998  1.20887295E-12
  6862.72021  1.20841726E-12
  6865.45996  1.20442903E-12
  6868.2002  1.20787668E-12
  6870.93994  1.22102166E-12
  6873.68018  1.21840786E-12
  6876.41992  1.2096448E-12
  6879.16016  1.21454984E-12
  6881.8999  1.22184186E-12
  6884.64014  1.22689586E-12
  6887.37988  1.22722286E-12
  6890.12012  1.21997789E-12
  6892.85986  1.21360441E-12
  6895.6001  1.20699566E-12
  6898.33984  1.23795429E-12
  6901.08008  1.27257872E-12
  6903.81982  1.24700261E-12
  6906.56006  1.22316827E-12
  6909.2998  1.23045042E-12
  6912.04004  1.23025591E-12
  6914.77979  1.22057583E-12
  6917.52002  1.22032484E-12
  6920.26025  1.22402175E-12
  6923.  1.22087919E-12
  6925.74023  1.21739294E-12
  6928.47998  1.21842022E-12
  6931.22021  1.21953478E-12
  6933.95996  1.21951245E-12
  6936.7002  1.22194637E-12
  6939.43994  1.22663229E-12
  6942.18018  1.22123167E-12
  6944.91992  1.2115453E-12
  6947.66016  1.20206839E-12
  6950.3999  1.1988069E-12
  6953.14014  1.21047172E-12
  6955.87988  1.21752088E-12
  6958.62012  1.21908516E-12
  6961.35986  1.21854881E-12
  6964.1001  1.21601037E-12
  6966.83984  1.21576122E-12
  6969.58008  1.2165156E-12
  6972.31982  1.21979195E-12
  6975.06006  1.21914002E-12
  6977.7998  1.20874914E-12
  6980.54004  1.20830451E-12
  6983.27979  1.21624054E-12
  6986.02002  1.22024493E-12
  6988.76025  1.22386172E-12
  6991.5  1.23037442E-12
  6994.24023  1.23552069E-12
  6996.97998  1.23672871E-12
  6999.72021  1.23587371E-12
  7002.45996  1.23274904E-12
  7005.2002  1.22837569E-12
  7007.93994  1.22280213E-12
  7010.68018  1.21803251E-12
  7013.41992  1.21620899E-12
  7016.16016  1.2259062E-12
  7018.8999  1.22855252E-12
  7021.64014  1.21185104E-12
  7024.37988  1.20875207E-12
  7027.12012  1.21814039E-12
  7029.85986  1.2196973E-12
  7032.6001  1.21893272E-12
  7035.33984  1.21904396E-12
  7038.08008  1.22042697E-12
  7040.81982  1.2266208E-12
  7043.56006  1.22723262E-12
  7046.2998  1.21811762E-12
  7049.04004  1.21479769E-12
  7051.77979  1.21446299E-12
  7054.52002  1.2218411E-12
  7057.26025  1.23004189E-12
  7060.  1.22883236E-12
  7062.74023  1.22378377E-12
  7065.47998  1.21186362E-12
  7068.22021  1.2107535E-12
  7070.95996  1.22193152E-12
  7073.7002  1.22036615E-12
  7076.43994  1.21372628E-12
  7079.18018  1.21098964E-12
  7081.91992  1.20951578E-12
  7084.66016  1.20874903E-12
  7087.3999  1.21013301E-12
  7090.14014  1.21416635E-12
  7092.87988  1.21976008E-12
  7095.62012  1.22694585E-12
  7098.35986  1.22983297E-12
  7101.1001  1.22889481E-12
  7103.83984  1.22036398E-12
  7106.58008  1.21151255E-12
  7109.31982  1.20463221E-12
  7112.06006  1.20163222E-12
  7114.7998  1.20351613E-12
  7117.54004  1.20143392E-12
  7120.27979  1.19841463E-12
  7123.02002  1.20002088E-12
  7125.76025  1.20484167E-12
  7128.5  1.21589739E-12
  7131.24023  1.2218231E-12
  7133.97998  1.2186993E-12
  7136.72021  1.21551662E-12
  7139.45996  1.21103811E-12
  7142.2002  1.21141422E-12
  7144.93994  1.21384988E-12
  7147.68018  1.21561355E-12
  7150.41992  1.21706107E-12
  7153.16016  1.21805419E-12
  7155.8999  1.21831549E-12
  7158.64014  1.21857711E-12
  7161.37988  1.21354977E-12
  7164.12012  1.20539841E-12
  7166.85986  1.19935008E-12
  7169.6001  1.19787654E-12
  7172.33984  1.21062849E-12
  7175.08008  1.21701824E-12
  7177.81982  1.20948076E-12
  7180.56006  1.20329191E-12
  7183.2998  1.19642122E-12
  7186.04004  1.20038419E-12
  7188.77979  1.20815912E-12
  7191.52002  1.20693017E-12
  7194.26025  1.20574611E-12
  7197.  1.2097775E-12
  7199.74023  1.21111834E-12
  7202.47998  1.20975983E-12
  7205.22021  1.20282376E-12
  7207.95996  1.1930358E-12
  7210.7002  1.20332043E-12
  7213.43994  1.21552215E-12
  7216.18018  1.20819966E-12
  7218.91992  1.20362661E-12
  7221.66016  1.20879435E-12
  7224.3999  1.21254406E-12
  7227.14014  1.2157765E-12
  7229.87988  1.21816847E-12
  7232.62012  1.21998624E-12
  7235.35986  1.223018E-12
  7238.1001  1.22255114E-12
  7240.83984  1.21039637E-12
  7243.58008  1.20777173E-12
  7246.31982  1.22173105E-12
  7249.06006  1.22410047E-12
  7251.7998  1.22107565E-12
  7254.54004  1.22342414E-12
  7257.27979  1.2240147E-12
  7260.02002  1.21147818E-12
  7262.76025  1.20389549E-12
  7265.5  1.20898831E-12
  7268.24023  1.2154661E-12
  7270.97998  1.22472995E-12
  7273.72021  1.22959076E-12
  7276.45996  1.23078208E-12
  7279.2002  1.22128468E-12
  7281.93994  1.21275982E-12
  7284.68018  1.21539443E-12
  7287.41992  1.21935003E-12
  7290.16016  1.22529211E-12
  7292.8999  1.22652149E-12
  7295.64014  1.22449902E-12
  7298.37988  1.22097666E-12
  7301.12012  1.21668561E-12
  7303.85986  1.21299477E-12
  7306.6001  1.21180615E-12
  7309.33984  1.21567925E-12
  7312.08008  1.21781003E-12
  7314.81982  1.21866547E-12
  7317.56006  1.21647093E-12
  7320.2998  1.21219029E-12
  7323.04004  1.20748539E-12
  7325.77979  1.20368949E-12
  7328.52002  1.20175397E-12
  7331.26025  1.20419701E-12
  7334.  1.21384879E-12
  7336.74023  1.21995317E-12
  7339.47998  1.22420639E-12
  7342.22021  1.22427437E-12
  7344.95996  1.22085035E-12
  7347.7002  1.21158801E-12
  7350.43994  1.20526538E-12
  7353.18018  1.20768857E-12
  7355.91992  1.21094335E-12
  7358.66016  1.21565811E-12
  7361.3999  1.21864888E-12
  7364.14014  1.22008751E-12
  7366.87988  1.21437886E-12
  7369.62012  1.20855919E-12
  7372.35986  1.21088426E-12
  7375.1001  1.21186991E-12
  7377.83984  1.20814372E-12
  7380.58008  1.2086482E-12
  7383.31982  1.21235921E-12
  7386.06006  1.21733071E-12
  7388.7998  1.22163315E-12
  7391.54004  1.21789352E-12
  7394.27979  1.21327341E-12
  7397.02002  1.21139817E-12
  7399.76025  1.20905293E-12
  7402.5  1.20686577E-12
  7405.24023  1.2006161E-12
  7407.97998  1.19176424E-12
  7410.72021  1.1841783E-12
  7413.45996  1.17747977E-12
  7416.2002  1.17076173E-12
  7418.93994  1.17010275E-12
  7421.68018  1.17865082E-12
  7424.41992  1.18981539E-12
  7427.16016  1.20501569E-12
  7429.8999  1.20997201E-12
  7432.64014  1.21012391E-12
  7435.37988  1.21311999E-12
  7438.12012  1.21167833E-12
  7440.85986  1.19809067E-12
  7443.6001  1.18999537E-12
  7446.33984  1.1870961E-12
  7449.08008  1.19750661E-12
  7451.81982  1.21699536E-12
  7454.56006  1.21731282E-12
  7457.2998  1.21176257E-12
  7460.04004  1.20901672E-12
  7462.77979  1.20803313E-12
  7465.52002  1.2110316E-12
  7468.26025  1.21025976E-12
  7471.  1.20551052E-12
  7473.74023  1.2077031E-12
  7476.47998  1.21206387E-12
  7479.22021  1.20830646E-12
  7481.95996  1.20585605E-12
  7484.7002  1.21340817E-12
  7487.43994  1.21600191E-12
  7490.18018  1.21102444E-12
  7492.91992  1.20457572E-12
  7495.66016  1.19614648E-12
  7498.3999  1.19545617E-12
  7501.14014  1.19881243E-12
  7503.87988  1.20732536E-12
  7506.62012  1.20987367E-12
  7509.35986  1.19563918E-12
  7512.1001  1.19381154E-12
  7514.83984  1.20516932E-12
  7517.58008  1.20983139E-12
  7520.31982  1.21123272E-12
  7523.06006  1.20279936E-12
  7525.7998  1.19600185E-12
  7528.54004  1.20309134E-12
  7531.27979  1.20863063E-12
  7534.02002  1.2097633E-12
  7536.76025  1.21288017E-12
  7539.5  1.2169637E-12
  7542.24023  1.21171096E-12
  7544.97998  1.2042046E-12
  7547.72021  1.20621145E-12
  7550.45996  1.20550889E-12
  7553.2002  1.19397255E-12
  7555.93994  1.18930983E-12
  7558.68018  1.19237638E-12
  7561.41992  1.19396951E-12
  7564.16016  1.19602332E-12
  7566.8999  1.19920035E-12
  7569.64014  1.20285498E-12
  7572.37988  1.20818188E-12
  7575.12012  1.20885637E-12
  7577.85986  1.20049348E-12
  7580.6001  1.19805457E-12
  7583.33984  1.19946913E-12
  7586.08008  1.20278722E-12
  7588.81982  1.20728156E-12
  7591.56006  1.21033782E-12
  7594.2998  1.21276795E-12
  7597.04004  1.21631687E-12
  7599.77979  1.21372313E-12
  7602.52002  1.20265755E-12
  7605.26025  1.19698923E-12
  7608.  1.19384526E-12
  7610.74023  1.19536228E-12
  7613.47998  1.19590893E-12
  7616.22021  1.18375676E-12
  7618.95996  1.18157589E-12
  7621.7002  1.20194024E-12
  7624.43994  1.20837964E-12
  7627.18018  1.2043952E-12
  7629.91992  1.20347081E-12
  7632.66016  1.20358758E-12
  7635.3999  1.20966193E-12
  7638.14014  1.21302892E-12
  7640.87988  1.2060228E-12
  7643.62012  1.20177262E-12
  7646.35986  1.2021895E-12
  7649.1001  1.19965084E-12
  7651.83984  1.19538461E-12
  7654.58008  1.1858497E-12
  7657.31982  1.17575253E-12
  7660.06006  1.17189982E-12
  7662.7998  1.16721747E-12
  7665.54004  1.1548606E-12
  7668.27979  1.15955986E-12
  7671.02002  1.18116877E-12
  7673.76025  1.19094762E-12
  7676.5  1.19572841E-12
  7679.24023  1.19525245E-12
  7681.97998  1.19400518E-12
  7684.72021  1.19824571E-12
  7687.45996  1.19538613E-12
  7690.2002  1.17901121E-12
  7692.93994  1.17695675E-12
  7695.68018  1.18267798E-12
  7698.41992  1.17976874E-12
  7701.16016  1.17458907E-12
  7703.8999  1.16911559E-12
  7706.64014  1.16830395E-12
  7709.37988  1.17793947E-12
  7712.12012  1.18120704E-12
  7714.85986  1.17779235E-12
  7717.6001  1.18220342E-12
  7720.33984  1.18950834E-12
  7723.08008  1.19185499E-12
  7725.81982  1.19399889E-12
  7728.56006  1.1987014E-12
  7731.2998  1.20347005E-12
  7734.04004  1.20998556E-12
  7736.77979  1.20962658E-12
  7739.52002  1.20396022E-12
  7742.26025  1.18937304E-12
  7745.  1.17199132E-12
  7747.74023  1.15975957E-12
  7750.47998  1.15599023E-12
  7753.22021  1.16654798E-12
  7755.95996  1.17695621E-12
  7758.7002  1.18882226E-12
  7761.43994  1.19322293E-12
  7764.18018  1.19318552E-12
  7766.91992  1.19265264E-12
  7769.66016  1.19142142E-12
  7772.3999  1.18964712E-12
  7775.14014  1.18973733E-12
  7777.87988  1.19535913E-12
  7780.62012  1.19051047E-12
  7783.35986  1.17763048E-12
  7786.1001  1.17549351E-12
  7788.83984  1.17719246E-12
  7791.58008  1.1780029E-12
  7794.31982  1.17763796E-12
  7797.06006  1.17351528E-12
  7799.7998  1.17305135E-12
  7802.54004  1.17697844E-12
  7805.27979  1.18035995E-12
  7808.02002  1.18392904E-12
  7810.76025  1.18526196E-12
  7813.5  1.18736596E-12
  7816.24023  1.19589982E-12
  7818.97998  1.19897679E-12
  7821.72021  1.19077708E-12
  7824.45996  1.18770575E-12
  7827.2002  1.18784778E-12
  7829.93994  1.18878225E-12
  7832.68018  1.1903074E-12
  7835.41992  1.19010747E-12
  7838.16016  1.19060534E-12
  7840.8999  1.19475252E-12
  7843.64014  1.19454641E-12
  7846.37988  1.18815201E-12
  7849.12012  1.18476366E-12
  7851.85986  1.18254169E-12
  7854.6001  1.18227769E-12
  7857.33984  1.18211766E-12
  7860.08008  1.18000043E-12
  7862.81982  1.17614599E-12
  7865.56006  1.16795722E-12
  7868.2998  1.16699727E-12
  7871.04004  1.17290845E-12
  7873.77979  1.17065439E-12
  7876.52002  1.16626934E-12
  7879.26025  1.16805827E-12
  7882.  1.17215211E-12
  7884.74023  1.17721707E-12
  7887.47998  1.18447504E-12
  7890.22021  1.19600705E-12
  7892.95996  1.20191541E-12
  7895.7002  1.20417489E-12
  7898.43994  1.20108535E-12
  7901.18018  1.19423221E-12
  7903.91992  1.18291813E-12
  7906.66016  1.17554068E-12
  7909.3999  1.17814309E-12
  7912.14014  1.17573074E-12
  7914.87988  1.1680174E-12
  7917.62012  1.17219255E-12
  7920.35986  1.18023072E-12
  7923.1001  1.1743332E-12
  7925.83984  1.16739084E-12
  7928.58008  1.16694133E-12
  7931.31982  1.16743724E-12
  7934.06006  1.16996593E-12
  7936.7998  1.16718918E-12
  7939.54004  1.16101627E-12
  7942.27979  1.16141059E-12
  7945.02002  1.16604979E-12
  7947.76025  1.1818941E-12
  7950.5  1.18486666E-12
  7953.24023  1.14935557E-12
  7955.97998  1.14962532E-12
  7958.72021  1.19115373E-12
  7961.45996  1.19225723E-12
  7964.2002  1.17965371E-12
  7966.93994  1.20434218E-12
  7969.68018  1.22110297E-12
  7972.41992  1.18474241E-12
  7975.16016  1.16340065E-12
  7977.8999  1.17277119E-12
  7980.64014  1.17738349E-12
  7983.37988  1.18215301E-12
  7986.12012  1.18054102E-12
  7988.85986  1.18088666E-12
  7991.6001  1.20765399E-12
  7994.33984  1.21857429E-12
  7997.08008  1.18075569E-12
  7999.81982  1.1643335E-12
  8002.56006  1.17286627E-12
  8005.2998  1.17187943E-12
  8008.04004  1.16925534E-12
  8010.77979  1.17260639E-12
  8013.52002  1.17531039E-12
  8016.26025  1.17049187E-12
  8019.  1.166695E-12
  8021.74023  1.1647031E-12
  8024.47998  1.1673299E-12
  8027.22021  1.174319E-12
  8029.95996  1.17144879E-12
  8032.7002  1.16652369E-12
  8035.43994  1.17333866E-12
  8038.18018  1.17746318E-12
  8040.91992  1.16965758E-12
  8043.66016  1.16453472E-12
  8046.3999  1.16122964E-12
  8049.14014  1.16684939E-12
  8051.87988  1.17808638E-12
  8054.62012  1.18347411E-12
  8057.35986  1.18543077E-12
  8060.1001  1.18316077E-12
  8062.83984  1.17733622E-12
  8065.58008  1.16304991E-12
  8068.31982  1.16380549E-12
  8071.06006  1.17812823E-12
  8073.7998  1.18037015E-12
  8076.54004  1.17730554E-12
  8079.27979  1.16931736E-12
  8082.02002  1.16287698E-12
  8084.76025  1.16253101E-12
  8087.5  1.16665423E-12
  8090.24023  1.17915649E-12
  8092.97998  1.17859878E-12
  8095.72021  1.17081421E-12
  8098.45996  1.16937569E-12
  8101.2002  1.17036795E-12
  8103.93994  1.17591277E-12
  8106.68018  1.17591711E-12
  8109.41992  1.16084182E-12
  8112.16016  1.16094948E-12
  8114.8999  1.17616182E-12
  8117.64014  1.17260021E-12
  8120.37988  1.16241012E-12
  8123.12012  1.16165497E-12
  8125.85986  1.16323542E-12
  8128.6001  1.16650016E-12
  8131.33984  1.16633667E-12
  8134.08008  1.15971349E-12
  8136.81982  1.1586603E-12
  8139.56006  1.16091956E-12
  8142.2998  1.16956661E-12
  8145.04004  1.17940044E-12
  8147.77979  1.18378419E-12
  8150.52002  1.18252185E-12
  8153.26025  1.17015501E-12
  8156.  1.16709604E-12
  8158.74023  1.17366967E-12
  8161.47998  1.17437754E-12
  8164.22021  1.17385192E-12
  8166.95996  1.17927066E-12
  8169.7002  1.18331495E-12
  8172.43994  1.18043834E-12
  8175.18018  1.17491824E-12
  8177.91992  1.16525583E-12
  8180.66016  1.15991483E-12
  8183.3999  1.15731925E-12
  8186.14014  1.15736403E-12
  8188.87988  1.15890826E-12
  8191.62012  1.16258825E-12
  8194.36035  1.15911989E-12
  8197.09961  1.13402679E-12
  8199.83984  1.13278766E-12
  8202.58008  1.16047645E-12
  8205.32031  1.16736232E-12
  8208.05957  1.16566164E-12
  8210.7998  1.16376819E-12
  8213.54004  1.15959445E-12
  8216.28027  1.15003016E-12
  8219.01953  1.14748846E-12
  8221.75977  1.15747234E-12
  8224.5  1.1645537E-12
  8227.24023  1.17095396E-12
  8229.98047  1.1695368E-12
  8232.71973  1.16321004E-12
  8235.45996  1.15100627E-12
  8238.2002  1.14421255E-12
  8240.94043  1.15282892E-12
  8243.67969  1.15873522E-12
  8246.41992  1.16306303E-12
  8249.16016  1.15621466E-12
  8251.90039  1.14429592E-12
  8254.63965  1.15824743E-12
  8257.37988  1.17287462E-12
  8260.12012  1.1612613E-12
  8262.86035  1.15461568E-12
  8265.59961  1.16246151E-12
  8268.33984  1.16507552E-12
  8271.08008  1.16445232E-12
  8273.82031  1.16531773E-12
  8276.55957  1.16402374E-12
  8279.2998  1.14834758E-12
  8282.04004  1.13842627E-12
  8284.78027  1.15113886E-12
  8287.51953  1.15785712E-12
  8290.25977  1.15773894E-12
  8293.  1.14945206E-12
  8295.74023  1.13580835E-12
  8298.48047  1.13837596E-12
  8301.21973  1.1450129E-12
  8303.95996  1.1463854E-12
  8306.7002  1.14652569E-12
  8309.44043  1.14362805E-12
  8312.17969  1.14760404E-12
  8314.91992  1.15835455E-12
  8317.66016  1.16305576E-12
  8320.40039  1.16297759E-12
  8323.13965  1.15014031E-12
  8325.87988  1.13572248E-12
  8328.62012  1.12318802E-12
  8331.36035  1.12311365E-12
  8334.09961  1.14160352E-12
  8336.83984  1.1539721E-12
  8339.58008  1.1645731E-12
  8342.32031  1.16242844E-12
  8345.05957  1.15706273E-12
  8347.7998  1.16188905E-12
  8350.54004  1.16328095E-12
  8353.28027  1.15663523E-12
  8356.01953  1.14760675E-12
  8358.75977  1.13542303E-12
  8361.5  1.12332875E-12
  8364.24023  1.11358936E-12
  8366.98047  1.12140082E-12
  8369.71973  1.13104545E-12
  8372.45996  1.1312714E-12
  8375.2002  1.13072746E-12
  8377.94043  1.12820105E-12
  8380.67969  1.13295679E-12
  8383.41992  1.14262278E-12
  8386.16016  1.1424556E-12
  8388.90039  1.13772023E-12
  8391.63965  1.1279893E-12
  8394.37988  1.12440526E-12
  8397.12012  1.13598985E-12
  8399.86035  1.14342552E-12
  8402.59961  1.14750722E-12
  8405.33984  1.14814202E-12
  8408.08008  1.14568272E-12
  8410.82031  1.13938058E-12
  8413.55957  1.13339503E-12
  8416.2998  1.13355115E-12
  8419.04004  1.13103743E-12
  8421.78027  1.12018825E-12
  8424.51953  1.12350418E-12
  8427.25977  1.13731973E-12
  8430.  1.13743227E-12
  8432.74023  1.13477901E-12
  8435.48047  1.14217305E-12
  8438.21973  1.14913743E-12
  8440.95996  1.15061454E-12
  8443.7002  1.15449566E-12
  8446.44043  1.16235689E-12
  8449.17969  1.16211424E-12
  8451.91992  1.15756146E-12
  8454.66016  1.15596844E-12
  8457.40039  1.15488944E-12
  8460.13965  1.15641546E-12
  8462.87988  1.15049365E-12
  8465.62012  1.12760897E-12
  8468.36035  1.12320873E-12
  8471.09961  1.13312994E-12
  8473.83984  1.13416958E-12
  8476.58008  1.13317255E-12
  8479.32031  1.1368506E-12
  8482.05957  1.13368093E-12
  8484.7998  1.11346978E-12
  8487.54004  1.09621101E-12
  8490.28027  1.08304576E-12
  8493.01953  1.06685873E-12
  8495.75977  1.05167437E-12
  8498.5  1.0619937E-12
  8501.24023  1.08309596E-12
  8503.98047  1.10800876E-12
  8506.71973  1.12584421E-12
  8509.45996  1.13200454E-12
  8512.2002  1.13031427E-12
  8514.94043  1.11876014E-12
  8517.67969  1.13472469E-12
  8520.41992  1.15739363E-12
  8523.16016  1.14887364E-12
  8525.90039  1.13009862E-12
  8528.63965  1.10871989E-12
  8531.37988  1.08069771E-12
  8534.12012  1.04740012E-12
  8536.86035  9.94727412E-13
  8539.59961  9.32274657E-13
  8542.33984  9.41608445E-13
  8545.08008  9.83670285E-13
  8547.82031  1.04194962E-12
  8550.55957  1.08583758E-12
  8553.2998  1.09673848E-12
  8556.04004  1.10636836E-12
  8558.78027  1.11256176E-12
  8561.51953  1.11335355E-12
  8564.25977  1.11128142E-12
  8567.  1.1145143E-12
  8569.74023  1.12001174E-12
  8572.48047  1.13039059E-12
  8575.21973  1.13291928E-12
  8577.95996  1.12031066E-12
  8580.7002  1.1226933E-12
  8583.44043  1.13364851E-12
  8586.17969  1.13968882E-12
  8588.91992  1.14520242E-12
  8591.66016  1.15535598E-12
  8594.40039  1.15757209E-12
  8597.13965  1.14140468E-12
  8599.87988  1.13389951E-12
  8602.62012  1.13451284E-12
  8605.36035  1.13527438E-12
  8608.09961  1.13756064E-12
  8610.83984  1.13999804E-12
  8613.58008  1.14498471E-12
  8616.32031  1.16080539E-12
  8619.05957  1.16188981E-12
  8621.7998  1.13290421E-12
  8624.54004  1.13313764E-12
  8627.28027  1.15194356E-12
  8630.02051  1.14293113E-12
  8632.75977  1.1265342E-12
  8635.5  1.12101441E-12
  8638.24023  1.12057444E-12
  8640.98047  1.1297881E-12
  8643.71973  1.12833321E-12
  8646.45996  1.1149663E-12
  8649.2002  1.10543519E-12
  8651.94043  1.09238291E-12
  8654.67969  1.04527856E-12
  8657.41992  9.97411572E-13
  8660.16016  9.67598831E-13
  8662.90039  9.77576635E-13
  8665.63965  1.05597768E-12
  8668.37988  1.0949129E-12
  8671.12012  1.10967279E-12
  8673.86035  1.12382683E-12
  8676.59961  1.13280761E-12
  8679.33984  1.13858857E-12
  8682.08008  1.13889887E-12
  8684.82031  1.12914094E-12
  8687.55957  1.1247058E-12
  8690.2998  1.12638794E-12
  8693.04004  1.13056634E-12
  8695.78027  1.13655331E-12
  8698.52051  1.13434284E-12
  8701.25977  1.1302529E-12
  8704.  1.1298705E-12
  8706.74023  1.12777637E-12
  8709.48047  1.12123104E-12
  8712.21973  1.11878052E-12
  8714.95996  1.11958153E-12
  8717.7002  1.1200447E-12
  8720.44043  1.12132005E-12
  8723.17969  1.12623637E-12
  8725.91992  1.1282017E-12
  8728.66016  1.11804164E-12
  8731.40039  1.11895595E-12
  8734.13965  1.13707004E-12
  8736.87988  1.14407192E-12
  8739.62012  1.14559404E-12
  8742.36035  1.1393718E-12
  8745.09961  1.13036186E-12
  8747.83984  1.12468672E-12
  8750.58008  1.1203485E-12
  8753.32031  1.11836625E-12
  8756.05957  1.11389153E-12
  8758.7998  1.10692944E-12
  8761.54004  1.10328381E-12
  8764.28027  1.10270734E-12
  8767.02051  1.10957825E-12
  8769.75977  1.11962555E-12
  8772.5  1.13490055E-12
  8775.24023  1.13866696E-12
  8777.98047  1.12577287E-12
  8780.71973  1.11289753E-12
  8783.45996  1.09832672E-12
  8786.2002  1.10840265E-12
  8788.94043  1.12517276E-12
  8791.67969  1.12957408E-12
  8794.41992  1.13034484E-12
  8797.16016  1.12542809E-12
  8799.90039  1.12926172E-12
  8802.63965  1.14418381E-12
  8805.37988  1.13296698E-12
  8808.12012  1.11124879E-12
  8810.86035  1.11095551E-12
  8813.59961  1.11226902E-12
  8816.33984  1.10351919E-12
  8819.08008  1.09533335E-12
  8821.82031  1.08617781E-12
  8824.55957  1.08742052E-12
  8827.2998  1.09663916E-12
  8830.04004  1.11052638E-12
  8832.78027  1.12267585E-12
  8835.52051  1.11412268E-12
  8838.25977  1.1089982E-12
  8841.  1.12076732E-12
  8843.74023  1.1252028E-12
  8846.48047  1.12288943E-12
  8849.21973  1.11434614E-12
  8851.95996  1.10204955E-12
  8854.7002  1.09881776E-12
  8857.44043  1.09657487E-12
  8860.17969  1.08578218E-12
  8862.91992  1.08669822E-12
  8865.66016  1.10898552E-12
  8868.40039  1.12154079E-12
  8871.13965  1.12902428E-12
  8873.87988  1.12682465E-12
  8876.62012  1.12153971E-12
  8879.36035  1.12883357E-12
  8882.09961  1.13085181E-12
  8884.83984  1.11569185E-12
  8887.58008  1.10600071E-12
  8890.32031  1.10379425E-12
  8893.05957  1.09165617E-12
  8895.7998  1.07738059E-12
  8898.54004  1.09403751E-12
  8901.28027  1.11278283E-12
  8904.02051  1.10347896E-12
  8906.75977  1.09985361E-12
  8909.5  1.11027995E-12
  8912.24023  1.1210644E-12
  8914.98047  1.13403145E-12
  8917.71973  1.1361425E-12
  8920.45996  1.13121589E-12
  8923.2002  1.1173136E-12
  8925.94043  1.10619261E-12
  8928.67969  1.1100102E-12
  8931.41992  1.10485189E-12
  8934.16016  1.08488197E-12
  8936.90039  1.08203648E-12
  8939.63965  1.08763573E-12
  8942.37988  1.08087714E-12
  8945.12012  1.07589274E-12
  8947.86035  1.089389E-12
  8950.59961  1.0986393E-12
  8953.33984  1.09244851E-12
  8956.08008  1.10070048E-12
  8958.82031  1.12208409E-12
  8961.55957  1.12889364E-12
  8964.2998  1.129434E-12
  8967.04004  1.13191943E-12
  8969.78027  1.12738844E-12
  8972.52051  1.10497364E-12
  8975.25977  1.0907243E-12
  8978.  1.08571626E-12
  8980.74023  1.09338287E-12
  8983.48047  1.11077304E-12
  8986.21973  1.11325109E-12
  8988.95996  1.11357928E-12
  8991.7002  1.12623973E-12
  8994.44043  1.13147816E-12
  8997.17969  1.11834283E-12
  8999.91992  1.11317303E-12
  9002.66016  1.11540584E-12
  9005.40039  1.1086685E-12
  9008.13965  1.09862998E-12
  9010.87988  1.09216249E-12
  9013.62012  1.08935289E-12
  9016.36035  1.09358464E-12
  9019.09961  1.09735214E-12
  9021.83984  1.09903124E-12
  9024.58008  1.10397694E-12
  9027.32031  1.11082552E-12
  9030.05957  1.10764512E-12
  9032.7998  1.10248616E-12
  9035.54004  1.10445756E-12
  9038.28027  1.10999653E-12
  9041.02051  1.12288954E-12
  9043.75977  1.1249544E-12
  9046.5  1.11449185E-12
  9049.24023  1.1162114E-12
  9051.98047  1.1214263E-12
  9054.71973  1.11216461E-12
  9057.45996  1.10352894E-12
  9060.2002  1.10769716E-12
  9062.94043  1.11205804E-12
  9065.67969  1.11926419E-12
  9068.41992  1.10794902E-12
  9071.16016  1.08249857E-12
  9073.90039  1.10067175E-12
  9076.63965  1.12760821E-12
  9079.37988  1.11342023E-12
  9082.12012  1.098302E-12
  9084.86035  1.09851581E-12
  9087.59961  1.09498673E-12
  9090.33984  1.08633913E-12
  9093.08008  1.08448461E-12
  9095.82031  1.08682616E-12
  9098.55957  1.09417987E-12
  9101.2998  1.10192075E-12
  9104.04004  1.10451817E-12
  9106.78027  1.10634852E-12
  9109.52051  1.10954518E-12
  9112.25977  1.10568802E-12
  9115.  1.09560256E-12
  9117.74023  1.09910388E-12
  9120.48047  1.10645401E-12
  9123.21973  1.10371597E-12
  9125.95996  1.10163246E-12
  9128.7002  1.10429667E-12
  9131.44043  1.10995642E-12
  9134.17969  1.121246E-12
  9136.91992  1.12213613E-12
  9139.66016  1.1165565E-12
  9142.40039  1.10774324E-12
  9145.13965  1.09487473E-12
  9147.87988  1.07078213E-12
  9150.62012  1.06234368E-12
  9153.36035  1.08696353E-12
  9156.09961  1.093185E-12
  9158.83984  1.08566151E-12
  9161.58008  1.08672912E-12
  9164.32031  1.08971979E-12
  9167.05957  1.08844791E-12
  9169.7998  1.08902373E-12
  9172.54004  1.09765658E-12
  9175.28027  1.10009018E-12
  9178.02051  1.09194457E-12
  9180.75977  1.0941661E-12
  9183.5  1.10143112E-12
  9186.24023  1.10278355E-12
  9188.98047  1.10066231E-12
  9191.71973  1.09221822E-12
  9194.45996  1.08629728E-12
  9197.2002  1.08491536E-12
  9199.94043  1.09134858E-12
  9202.67969  1.10820695E-12
  9205.41992  1.09199737E-12
  9208.16016  1.06267284E-12
  9210.90039  1.05485987E-12
  9213.63965  1.05306942E-12
  9216.37988  1.05107123E-12
  9219.12012  1.05669E-12
  9221.86035  1.07710076E-12
  9224.59961  1.07880339E-12
  9227.33984  1.06978098E-12
  9230.08008  1.07282206E-12
  9232.82031  1.07809974E-12
  9235.55957  1.07514854E-12
  9238.2998  1.07913754E-12
  9241.04004  1.10544982E-12
  9243.78027  1.10516837E-12
  9246.52051  1.07584395E-12
  9249.25977  1.07011795E-12
  9252.  1.07441855E-12
  9254.74023  1.08212961E-12
  9257.48047  1.08986908E-12
  9260.21973  1.09351514E-12
  9262.95996  1.09259476E-12
  9265.7002  1.08425237E-12
  9268.44043  1.08024494E-12
  9271.17969  1.07863035E-12
  9273.91992  1.09001848E-12
  9276.66016  1.09953713E-12
  9279.40039  1.07310601E-12
  9282.13965  1.0561119E-12
  9284.87988  1.07388534E-12
  9287.62012  1.08389946E-12
  9290.36035  1.08820331E-12
  9293.09961  1.07818854E-12
  9295.83984  1.06040795E-12
  9298.58008  1.05645278E-12
  9301.32031  1.05855667E-12
  9304.05957  1.0671442E-12
  9306.7998  1.07317746E-12
  9309.54004  1.07472711E-12
  9312.28027  1.07276536E-12
  9315.02051  1.06722964E-12
  9317.75977  1.07078528E-12
  9320.5  1.07731619E-12
  9323.24023  1.07852431E-12
  9325.98047  1.08174277E-12
  9328.71973  1.09233054E-12
  9331.45996  1.09825072E-12
  9334.2002  1.09824595E-12
  9336.94043  1.10105913E-12
  9339.67969  1.10424484E-12
  9342.41992  1.10436085E-12
  9345.16016  1.09970995E-12
  9347.90039  1.08426354E-12
  9350.63965  1.07022757E-12
  9353.37988  1.05805208E-12
  9356.12012  1.05713333E-12
  9358.86035  1.06678392E-12
  9361.59961  1.06676311E-12
  9364.33984  1.06388954E-12
  9367.08008  1.06483648E-12
  9369.82031  1.0636766E-12
  9372.55957  1.05599785E-12
  9375.2998  1.05020409E-12
  9378.04004  1.04711801E-12
  9380.78027  1.04267354E-12
  9383.52051  1.03841686E-12
  9386.25977  1.04239111E-12
  9389.  1.04949209E-12
  9391.74023  1.05682661E-12
  9394.48047  1.06120364E-12
  9397.21973  1.05980882E-12
  9399.95996  1.05999302E-12
  9402.7002  1.06104286E-12
  9405.44043  1.06354736E-12
  9408.17969  1.06650648E-12
  9410.91992  1.06746242E-12
  9413.66016  1.06705812E-12
  9416.40039  1.06324238E-12
  9419.13965  1.06416492E-12
  9421.87988  1.0746755E-12
  9424.62012  1.07229069E-12
  9427.36035  1.06279146E-12
  9430.09961  1.06462495E-12
  9432.83984  1.06655722E-12
  9435.58008  1.05494368E-12
  9438.32031  1.04540931E-12
  9441.05957  1.04176487E-12
  9443.7998  1.04457599E-12
  9446.54004  1.05447281E-12
  9449.28027  1.06498339E-12
  9452.02051  1.07344483E-12
  9454.75977  1.05918779E-12
  9457.5  1.04437216E-12
  9460.24023  1.04621888E-12
  9462.98047  1.04737128E-12
  9465.71973  1.04681108E-12
  9468.45996  1.04279649E-12
  9471.2002  1.03620779E-12
  9473.94043  1.03668105E-12
  9476.67969  1.03822701E-12
  9479.41992  1.03098411E-12
  9482.16016  1.02907028E-12
  9484.90039  1.04372565E-12
  9487.63965  1.04565618E-12
  9490.37988  1.03339613E-12
  9493.12012  1.02906431E-12
  9495.86035  1.02901422E-12
  9498.59961  1.04166925E-12
  9501.33984  1.0537079E-12
  9504.08008  1.05277722E-12
  9506.82031  1.04861291E-12
  9509.55957  1.03864118E-12
  9512.2998  1.03914034E-12
  9515.04004  1.04725603E-12
  9517.78027  1.05893614E-12
  9520.52051  1.06933115E-12
  9523.25977  1.06327046E-12
  9526.  1.05563897E-12
  9528.74023  1.05029342E-12
  9531.48047  1.05227101E-12
  9534.21973  1.06528946E-12
  9536.95996  1.06235474E-12
  9539.7002  1.05070542E-12
  9542.44043  1.03507697E-12
  9545.17969  1.02308342E-12
  9547.91992  1.02781878E-12
  9550.66016  1.03374937E-12
  9553.40039  1.03901154E-12
  9556.13965  1.04198681E-12
  9558.87988  1.04327224E-12
  9561.62012  1.03425081E-12
  9564.36035  1.0222423E-12
  9567.09961  1.02031036E-12
  9569.83984  1.02332487E-12
  9572.58008  1.03309017E-12
  9575.32031  1.03888708E-12
  9578.05957  1.0384097E-12
  9580.7998  1.0454671E-12
  9583.54004  1.0555415E-12
  9586.28027  1.05499843E-12
  9589.02051  1.04929791E-12
  9591.75977  1.03885303E-12
  9594.5  1.03060919E-12
  9597.24023  1.02546834E-12
  9599.98047  1.02826157E-12
  9602.71973  1.03922058E-12
  9605.45996  1.04075006E-12
  9608.2002  1.03936196E-12
  9610.94043  1.04301995E-12
  9613.67969  1.0462204E-12
  9616.41992  1.04223021E-12
  9619.16016  1.05011507E-12
  9621.90039  1.08502627E-12
  9624.63965  1.06761236E-12
  9627.37988  1.0209277E-12
  9630.12012  1.02452541E-12
  9632.86035  1.03840862E-12
  9635.59961  1.0290011E-12
  9638.33984  1.02186521E-12
  9641.08008  1.02687737E-12
  9643.82031  1.02073862E-12
  9646.55957  1.00307685E-12
  9649.2998  1.00095897E-12
  9652.04004  1.00686375E-12
  9654.78027  1.01918452E-12
  9657.52051  1.0283096E-12
  9660.25977  1.0237695E-12
  9663.  1.01788391E-12
  9665.74023  1.00901871E-12
  9668.48047  1.00958174E-12
  9671.21973  1.01633437E-12
  9673.95996  1.01755442E-12
  9676.7002  1.01807592E-12
  9679.44043  1.02340695E-12
  9682.17969  1.02445418E-12
  9684.91992  1.01484999E-12
  9687.66016  1.00968322E-12
  9690.40039  1.00727033E-12
  9693.13965  1.01750325E-12
  9695.87988  1.03425829E-12
  9698.62012  1.04014909E-12
  9701.36035  1.0454723E-12
  9704.09961  1.0595884E-12
  9706.83984  1.06442567E-12
  9709.58008  1.05563843E-12
  9712.32031  1.04287499E-12
  9715.05957  1.02502338E-12
  9717.7998  1.01878499E-12
  9720.54004  1.01598905E-12
  9723.28027  1.00541418E-12
  9726.02051  1.00105178E-12
  9728.75977  1.0124037E-12
  9731.5  1.01938141E-12
  9734.24023  1.02231093E-12
  9736.98047  1.02264562E-12
  9739.71973  1.02043309E-12
  9742.45996  1.01516863E-12
  9745.2002  1.01060393E-12
  9747.94043  1.00967184E-12
  9750.67969  1.01448385E-12
  9753.41992  1.03110034E-12
  9756.16016  1.03353979E-12
  9758.90039  1.02547137E-12
  9761.63965  1.02312375E-12
  9764.37988  1.02234996E-12
  9767.12012  1.02228165E-12
  9769.86035  1.02332693E-12
  9772.59961  1.02877158E-12
  9775.33984  1.02506339E-12
  9778.08008  1.00883538E-12
  9780.82031  9.99662918E-13
  9783.55957  9.94909016E-13
  9786.2998  1.00802743E-12
  9789.04004  1.02518276E-12
  9791.78027  1.03450451E-12
  9794.52051  1.03772373E-12
  9797.25977  1.02821831E-12
  9800.  1.03526823E-12
  9802.74023  1.05680742E-12
  9805.48047  1.05380364E-12
  9808.21973  1.04073705E-12
  9810.95996  1.03180181E-12
  9813.7002  1.02365577E-12
  9816.44043  1.01667166E-12
  9819.17969  1.010986E-12
  9821.91992  1.0077412E-12
  9824.66016  9.98948103E-13
  9827.40039  9.88419958E-13
  9830.13965  9.984034E-13
  9832.87988  1.01629653E-12
  9835.62012  1.03638073E-12
  9838.36035  1.04747884E-12
  9841.09961  1.04191081E-12
  9843.83984  1.03696999E-12
  9846.58008  1.0311591E-12
  9849.32031  1.02231862E-12
  9852.05957  1.01451985E-12
  9854.7998  1.02578601E-12
  9857.54004  1.03168407E-12
  9860.28027  1.00667272E-12
  9863.02051  9.99154969E-13
  9865.75977  1.02043124E-12
  9868.5  1.03050348E-12
  9871.24023  1.03718802E-12
  9873.98047  1.04573761E-12
  9876.71973  1.04897688E-12
  9879.45996  1.03097164E-12
  9882.2002  1.01865012E-12
  9884.94043  1.02779146E-12
  9887.67969  1.02271956E-12
  9890.41992  1.00330757E-12
  9893.16016  9.94060953E-13
  9895.90039  9.89148867E-13
  9898.63965  9.86765682E-13
  9901.37988  9.86522496E-13
  9904.12012  9.88731341E-13
  9906.86035  9.89427832E-13
  9909.59961  9.83289622E-13
  9912.33984  9.9619423E-13
  9915.08008  1.02199835E-12
  9917.82031  1.01158546E-12
  9920.55957  9.94996078E-13
  9923.2998  1.01295253E-12
  9926.04004  1.02772652E-12
  9928.78027  1.02190142E-12
  9931.52051  1.02522732E-12
  9934.25977  1.04103792E-12
  9937.  1.02990511E-12
  9939.74023  1.00806874E-12
  9942.48047  1.01781279E-12
  9945.21973  1.03006015E-12
  9947.95996  1.02159199E-12
  9950.7002  1.01942673E-12
  9953.44043  1.03455482E-12
  9956.17969  1.02871498E-12
  9958.91992  1.00774727E-12
  9961.66016  1.01094274E-12
  9964.40039  1.02053316E-12
  9967.13965  1.01564818E-12
  9969.87988  1.01226633E-12
  9972.62012  1.01929901E-12
  9975.36035  1.01935105E-12
  9978.09961  1.00984173E-12
  9980.83984  1.01124209E-12
  9983.58008  1.01598385E-12
  9986.32031  9.97298923E-13
  9989.05957  9.82049403E-13
  9991.7998  1.00013812E-12
  9994.54004  1.01668077E-12
  9997.28027  1.02623379E-12
  10000.0205  1.02872387E-12
  10002.7598  1.0243811E-12
  10005.5  1.02064104E-12
  10008.2402  1.0169181E-12
  10010.9805  1.01558779E-12
  10013.7197  1.0175065E-12
  10016.46  1.03020489E-12
  10019.2002  1.02581377E-12
  10021.9404  9.93863629E-13
  10024.6797  9.9505148E-13
  10027.4199  1.01123135E-12
  10030.1602  9.9170509E-13
  10032.9004  9.66961754E-13
  10035.6396  9.59981769E-13
  10038.3799  9.6288743E-13
  10041.1201  9.83073215E-13
  10043.8604  9.85281409E-13
  10046.5996  9.71028921E-13
  10049.3398  9.81428589E-13
  10052.0801  1.00410305E-12
  10054.8203  1.03846348E-12
  10057.5596  1.05960043E-12
  10060.2998  1.04142194E-12
  10063.04  1.02308559E-12
  10065.7803  1.00415574E-12
  10068.5205  9.96591373E-13
  10071.2598  9.96413455E-13
  10074.  9.9235507E-13
  10076.7402  9.89009547E-13
  10079.4805  9.88471783E-13
  10082.2197  9.91865769E-13
  10084.96  1.00039757E-12
  10087.7002  1.01193706E-12
  10090.4404  1.02813385E-12
  10093.1797  1.03191392E-12
  10095.9199  1.0275474E-12
  10098.6602  1.01221527E-12
  10101.4004  9.98554321E-13
  10104.1396  9.95357225E-13
  10106.8799  1.00307523E-12
  10109.6201  1.03161251E-12
  10112.3604  1.03430166E-12
  10115.0996  1.0212174E-12
  10117.8398  1.0124783E-12
  10120.5801  1.0057364E-12
  10123.3203  1.00750734E-12
  10126.0596  1.00904571E-12
  10128.7998  1.01118972E-12
  10131.54  9.98345178E-13
  10134.2803  9.68206309E-13
  10137.0205  9.4589885E-13
  10139.7598  9.30772278E-13
  10142.5  9.53284001E-13
  10145.2402  9.76986829E-13
  10147.9805  9.65628944E-13
  10150.7197  9.65489407E-13
  10153.46  9.88683311E-13
  10156.2002  1.00319265E-12
  10158.9404  1.01360294E-12
  10161.6797  9.95783317E-13
  10164.4199  9.70554258E-13
  10167.1602  9.69320761E-13
  10169.9004  9.76993334E-13
  10172.6396  9.97383166E-13
  10175.3799  1.0024465E-12
  10178.1201  9.87398314E-13
  10180.8604  9.95531565E-13
  10183.5996  1.01086706E-12
  10186.3398  9.8920286E-13
  10189.0801  9.63911676E-13
  10191.8203  1.05872993E-12
  10194.5596  8.83216352E-13
  10197.2998  1.42867977E-13
  10200.04 -1.04681448E-13
  10202.7803  0.
  10205.5205  0.
#
