#*hd111721r.txt                                                                  
#*
#*  Heap-LindlerSTIS
#set .z.units = "Ergs/s/cm**2/A"
#set .z.label = "Flux"
#set .table.bandwidth = 2.74
#*
     2950.00    4.38394E-13
     2952.74    4.93354E-13
     2955.48    5.07560E-13
     2958.22    5.27172E-13
     2960.96    5.26555E-13
     2963.70    5.17812E-13
     2966.44    3.69496E-13
     2969.18    4.13895E-13
     2971.92    4.45643E-13
     2974.66    5.24884E-13
     2977.40    6.14313E-13
     2980.14    5.00963E-13
     2982.88    4.04802E-13
     2985.62    3.88497E-13
     2988.36    4.90367E-13
     2991.10    5.94394E-13
     2993.84    5.29389E-13
     2996.58    5.59694E-13
     2999.32    4.96541E-13
     3002.06    4.18940E-13
     3004.80    5.06717E-13
     3007.54    5.13521E-13
     3010.28    5.78925E-13
     3013.02    5.77526E-13
     3015.76    5.37548E-13
     3018.50    4.60456E-13
     3021.24    4.11022E-13
     3023.98    5.74315E-13
     3026.72    5.97746E-13
     3029.46    6.27757E-13
     3032.20    6.29195E-13
     3034.94    6.71453E-13
     3037.68    6.29325E-13
     3040.42    6.04237E-13
     3043.16    5.98986E-13
     3045.90    6.40973E-13
     3048.64    6.30448E-13
     3051.38    6.93746E-13
     3054.12    6.61506E-13
     3056.86    5.57722E-13
     3059.60    4.88443E-13
     3062.34    5.46891E-13
     3065.08    4.77795E-13
     3067.82    4.90025E-13
     3070.56    5.45140E-13
     3073.30    5.90970E-13
     3076.04    6.14556E-13
     3078.78    6.17812E-13
     3081.52    6.12242E-13
     3084.26    6.24454E-13
     3087.00    5.77101E-13
     3089.74    5.10292E-13
     3092.48    4.85182E-13
     3095.22    4.99072E-13
     3097.96    4.85857E-13
     3100.70    4.63892E-13
     3103.44    5.73005E-13
     3106.18    6.68617E-13
     3108.92    7.00764E-13
     3111.66    7.13111E-13
     3114.40    7.13485E-13
     3117.14    6.29887E-13
     3119.88    5.59938E-13
     3122.62    5.59596E-13
     3125.36    5.69109E-13
     3128.10    5.63385E-13
     3130.84    5.88306E-13
     3133.58    5.99347E-13
     3136.32    6.14611E-13
     3139.06    6.57527E-13
     3141.80    6.18440E-13
     3144.54    5.18597E-13
     3147.28    5.39567E-13
     3150.02    6.41361E-13
     3152.76    6.56107E-13
     3155.50    5.76935E-13
     3158.24    4.76084E-13
     3160.98    4.65394E-13
     3163.72    5.31344E-13
     3166.46    6.00379E-13
     3169.20    6.52646E-13
     3171.94    7.41893E-13
     3174.68    7.77634E-13
     3177.42    7.24378E-13
     3180.16    6.09911E-13
     3182.90    5.50851E-13
     3185.64    5.80255E-13
     3188.38    6.55334E-13
     3191.12    6.21084E-13
     3193.86    5.85598E-13
     3196.60    6.62333E-13
     3199.34    7.42223E-13
     3202.08    7.72833E-13
     3204.82    8.00906E-13
     3207.56    7.91681E-13
     3210.30    6.99483E-13
     3213.04    6.17896E-13
     3215.78    6.60142E-13
     3218.52    7.43027E-13
     3221.26    7.53413E-13
     3224.00    7.16623E-13
     3226.74    6.68393E-13
     3229.48    6.41000E-13
     3232.22    6.46160E-13
     3234.96    6.33124E-13
     3237.70    6.55298E-13
     3240.44    7.27787E-13
     3243.18    7.83858E-13
     3245.92    8.17852E-13
     3248.66    7.97744E-13
     3251.40    7.65604E-13
     3254.14    8.11929E-13
     3256.88    9.02266E-13
     3259.62    9.76727E-13
     3262.36    9.57640E-13
     3265.10    9.22925E-13
     3267.84    9.52284E-13
     3270.58    9.42167E-13
     3273.32    9.13649E-13
     3276.06    9.00318E-13
     3278.80    8.89051E-13
     3281.54    9.01231E-13
     3284.28    9.21161E-13
     3287.02    8.97844E-13
     3289.76    9.32993E-13
     3292.50    1.04355E-12
     3295.24    1.08758E-12
     3297.98    1.07744E-12
     3300.72    1.05165E-12
     3303.46    1.00340E-12
     3306.20    9.60836E-13
     3308.94    9.66044E-13
     3311.68    9.76448E-13
     3314.42    9.71842E-13
     3317.16    9.86426E-13
     3319.90    9.75412E-13
     3322.64    9.19500E-13
     3325.38    9.32457E-13
     3328.12    9.58818E-13
     3330.86    9.61817E-13
     3333.60    9.46435E-13
     3336.34    9.03124E-13
     3339.08    9.13449E-13
     3341.82    9.31573E-13
     3344.56    9.74150E-13
     3347.30    9.56344E-13
     3350.04    8.99676E-13
     3352.78    9.58555E-13
     3355.52    1.01786E-12
     3358.26    8.93146E-13
     3361.00    7.27644E-13
     3363.74    8.27685E-13
     3366.48    9.45835E-13
     3369.22    8.69590E-13
     3371.96    7.99665E-13
     3374.70    8.90451E-13
     3377.44    9.86558E-13
     3380.18    9.23984E-13
     3382.92    8.96454E-13
     3385.66    9.66326E-13
     3388.40    1.00891E-12
     3391.14    9.76303E-13
     3393.88    9.50566E-13
     3396.62    1.03443E-12
     3399.36    1.13076E-12
     3402.10    1.11121E-12
     3404.84    1.05943E-12
     3407.58    1.02753E-12
     3410.32    1.02188E-12
     3413.06    1.00154E-12
     3415.80    9.99186E-13
     3418.54    1.06830E-12
     3421.28    1.11188E-12
     3424.02    1.09669E-12
     3426.76    1.09817E-12
     3429.50    1.14607E-12
     3432.24    1.14323E-12
     3434.98    1.10630E-12
     3437.72    1.09934E-12
     3440.46    9.68253E-13
     3443.20    8.72103E-13
     3445.94    9.54399E-13
     3448.68    1.07215E-12
     3451.42    1.10715E-12
     3454.16    1.09794E-12
     3456.90    1.10252E-12
     3459.64    1.05253E-12
     3462.38    1.04477E-12
     3465.12    1.08593E-12
     3467.86    1.10851E-12
     3470.60    1.14127E-12
     3473.34    1.06897E-12
     3476.08    9.57507E-13
     3478.82    9.97507E-13
     3481.56    1.08926E-12
     3484.30    1.11242E-12
     3487.04    1.13740E-12
     3489.78    1.09956E-12
     3492.52    1.02273E-12
     3495.26    9.98420E-13
     3498.00    1.02187E-12
     3500.74    1.15538E-12
     3503.48    1.21781E-12
     3506.22    1.16119E-12
     3508.96    1.12515E-12
     3511.70    1.09959E-12
     3514.44    1.07760E-12
     3517.18    1.13267E-12
     3519.92    1.15006E-12
     3522.66    1.03825E-12
     3525.40    9.71235E-13
     3528.14    1.02255E-12
     3530.88    1.15013E-12
     3533.62    1.19075E-12
     3536.36    1.22413E-12
     3539.10    1.24999E-12
     3541.84    1.26393E-12
     3544.58    1.25804E-12
     3547.32    1.26065E-12
     3550.06    1.25929E-12
     3552.80    1.23083E-12
     3555.54    1.20006E-12
     3558.28    1.22614E-12
     3561.02    1.22989E-12
     3563.76    1.18230E-12
     3566.50    1.07168E-12
     3569.24    1.00134E-12
     3571.98    1.01604E-12
     3574.72    1.08112E-12
     3577.46    1.10123E-12
     3580.20    1.04739E-12
     3582.94    9.79347E-13
     3585.68    9.81273E-13
     3588.42    9.64182E-13
     3591.16    1.08683E-12
     3593.90    1.19820E-12
     3596.64    1.24368E-12
     3599.38    1.28819E-12
     3602.12    1.23625E-12
     3604.86    1.15491E-12
     3607.60    1.12789E-12
     3610.34    1.08091E-12
     3613.08    1.10471E-12
     3615.82    1.13936E-12
     3618.56    1.09365E-12
     3621.30    1.07799E-12
     3624.04    1.21560E-12
     3626.78    1.27523E-12
     3629.52    1.23260E-12
     3632.26    1.09052E-12
     3635.00    1.06645E-12
     3637.74    1.15140E-12
     3640.48    1.24441E-12
     3643.22    1.20626E-12
     3645.96    1.12227E-12
     3648.70    1.13048E-12
     3651.44    1.19366E-12
     3654.18    1.27632E-12
     3656.92    1.32623E-12
     3659.66    1.35276E-12
     3662.40    1.32409E-12
     3665.14    1.31049E-12
     3667.88    1.29374E-12
     3670.62    1.26392E-12
     3673.36    1.31533E-12
     3676.10    1.32053E-12
     3678.84    1.25070E-12
     3681.58    1.21923E-12
     3684.32    1.25808E-12
     3687.06    1.23355E-12
     3689.80    1.26270E-12
     3692.54    1.34844E-12
     3695.28    1.35921E-12
     3698.02    1.39822E-12
     3700.76    1.44861E-12
     3703.50    1.36671E-12
     3706.24    1.18752E-12
     3708.98    1.20843E-12
     3711.72    1.30381E-12
     3714.46    1.45021E-12
     3717.20    1.46898E-12
     3719.94    1.25389E-12
     3722.68    1.11230E-12
     3725.42    1.29847E-12
     3728.16    1.39769E-12
     3730.90    1.34345E-12
     3733.64    1.14900E-12
     3736.38    1.01235E-12
     3739.12    1.18857E-12
     3741.86    1.37051E-12
     3744.60    1.28257E-12
     3747.34    1.11288E-12
     3750.08    1.07719E-12
     3752.82    1.28180E-12
     3755.56    1.47140E-12
     3758.30    1.38793E-12
     3761.04    1.30654E-12
     3763.78    1.42834E-12
     3766.52    1.44782E-12
     3769.26    1.39476E-12
     3772.00    1.42411E-12
     3774.74    1.53228E-12
     3777.48    1.57584E-12
     3780.22    1.64345E-12
     3782.96    1.69792E-12
     3785.70    1.64256E-12
     3788.44    1.49987E-12
     3791.18    1.47059E-12
     3793.92    1.45947E-12
     3796.66    1.34244E-12
     3799.40    1.32954E-12
     3802.14    1.54354E-12
     3804.88    1.68310E-12
     3807.62    1.64408E-12
     3810.36    1.64924E-12
     3813.10    1.59398E-12
     3815.84    1.44438E-12
     3818.58    1.42221E-12
     3821.32    1.36046E-12
     3824.06    1.34702E-12
     3826.80    1.23360E-12
     3829.54    1.22887E-12
     3832.28    1.17302E-12
     3835.02    1.07618E-12
     3837.76    1.11556E-12
     3840.50    1.20721E-12
     3843.24    1.42257E-12
     3845.98    1.57628E-12
     3848.72    1.59352E-12
     3851.46    1.57652E-12
     3854.20    1.59053E-12
     3856.94    1.50108E-12
     3859.68    1.40485E-12
     3862.42    1.48956E-12
     3865.16    1.64483E-12
     3867.90    1.62989E-12
     3870.64    1.52505E-12
     3873.38    1.35573E-12
     3876.12    1.41493E-12
     3878.86    1.41696E-12
     3881.60    1.46802E-12
     3884.34    1.41126E-12
     3887.08    1.29602E-12
     3889.82    1.26443E-12
     3892.56    1.38391E-12
     3895.30    1.43401E-12
     3898.04    1.47029E-12
     3900.78    1.47558E-12
     3903.52    1.45244E-12
     3906.26    1.41841E-12
     3909.00    1.48868E-12
     3911.74    1.56300E-12
     3914.48    1.55164E-12
     3917.22    1.48975E-12
     3919.96    1.39414E-12
     3922.70    1.29518E-12
     3925.44    1.21213E-12
     3928.18    9.17736E-13
     3930.92    5.59155E-13
     3933.66    3.66338E-13
     3936.40    4.54292E-13
     3939.14    7.67280E-13
     3941.88    1.06241E-12
     3944.62    1.23069E-12
     3947.36    1.38166E-12
     3950.10    1.44849E-12
     3952.84    1.51372E-12
     3955.58    1.53021E-12
     3958.32    1.48526E-12
     3961.06    1.36030E-12
     3963.80    1.00786E-12
     3966.54    6.56009E-13
     3969.28    4.63901E-13
     3972.02    6.92912E-13
     3974.76    1.10294E-12
     3977.50    1.44655E-12
     3980.24    1.63368E-12
     3982.98    1.67369E-12
     3985.72    1.73056E-12
     3988.46    1.83865E-12
     3991.20    1.83977E-12
     3993.94    1.85625E-12
     3996.68    1.79320E-12
     3999.42    1.80359E-12
     4002.16    1.85798E-12
     4004.90    1.85241E-12
     4007.64    1.81225E-12
     4010.38    1.92428E-12
     4013.12    1.95567E-12
     4015.86    1.94728E-12
     4018.60    1.93184E-12
     4021.34    1.94525E-12
     4024.08    1.93524E-12
     4026.82    1.97167E-12
     4029.56    1.94368E-12
     4032.30    1.84545E-12
     4035.04    1.87300E-12
     4037.78    1.99536E-12
     4040.52    2.01029E-12
     4043.26    1.93725E-12
     4046.00    1.81006E-12
     4048.74    1.93810E-12
     4051.48    1.99050E-12
     4054.22    1.97443E-12
     4056.96    1.94277E-12
     4059.70    1.95904E-12
     4062.44    1.94454E-12
     4065.18    1.86687E-12
     4067.92    1.93211E-12
     4070.66    1.98833E-12
     4073.40    1.91877E-12
     4076.14    1.88458E-12
     4078.88    1.81881E-12
     4081.62    1.97026E-12
     4084.36    1.97724E-12
     4087.10    2.03055E-12
     4089.84    2.13125E-12
     4092.58    2.09715E-12
     4095.32    2.03893E-12
     4098.06    1.92506E-12
     4100.80    1.76127E-12
     4103.54    1.73119E-12
     4106.28    1.94653E-12
     4109.02    2.01054E-12
     4111.76    2.02381E-12
     4114.50    2.09189E-12
     4117.24    2.10635E-12
     4119.98    2.02784E-12
     4122.72    2.02263E-12
     4125.46    2.04340E-12
     4128.20    2.01312E-12
     4130.94    1.99546E-12
     4133.68    1.94474E-12
     4136.42    2.04573E-12
     4139.16    2.12153E-12
     4141.90    2.04835E-12
     4144.64    1.96541E-12
     4147.38    2.06626E-12
     4150.12    2.03390E-12
     4152.86    2.02695E-12
     4155.60    1.99217E-12
     4158.34    2.05786E-12
     4161.08    2.12079E-12
     4163.82    2.12848E-12
     4166.56    2.12685E-12
     4169.30    2.07750E-12
     4172.04    1.95078E-12
     4174.78    1.91903E-12
     4177.52    1.96980E-12
     4180.26    2.04536E-12
     4183.00    2.02190E-12
     4185.74    2.01296E-12
     4188.48    1.98843E-12
     4191.22    2.03683E-12
     4193.96    2.06663E-12
     4196.70    2.00439E-12
     4199.44    1.94021E-12
     4202.18    1.94505E-12
     4204.92    1.97038E-12
     4207.66    2.03127E-12
     4210.40    2.07898E-12
     4213.14    2.08049E-12
     4215.88    2.00498E-12
     4218.62    2.01027E-12
     4221.36    2.05802E-12
     4224.10    1.92100E-12
     4226.84    1.73001E-12
     4229.58    1.93286E-12
     4232.32    2.03971E-12
     4235.06    1.99183E-12
     4237.80    1.93010E-12
     4240.54    1.97906E-12
     4243.28    1.99510E-12
     4246.02    1.99051E-12
     4248.76    1.89528E-12
     4251.50    1.94441E-12
     4254.24    1.96800E-12
     4256.98    1.98493E-12
     4259.72    1.91705E-12
     4262.46    1.93519E-12
     4265.20    2.03478E-12
     4267.94    1.97184E-12
     4270.68    1.85662E-12
     4273.42    1.79368E-12
     4276.16    1.87305E-12
     4278.90    1.93146E-12
     4281.64    1.87105E-12
     4284.38    1.86737E-12
     4287.12    1.76497E-12
     4289.86    1.71315E-12
     4292.60    1.81128E-12
     4295.34    1.74367E-12
     4298.08    1.53281E-12
     4300.82    1.36278E-12
     4303.56    1.34333E-12
     4306.30    1.36055E-12
     4309.04    1.28816E-12
     4311.78    1.38855E-12
     4314.52    1.72878E-12
     4317.26    2.10156E-12
     4320.00    2.13554E-12
     4322.74    1.92534E-12
     4325.48    1.77943E-12
     4328.22    2.01353E-12
     4330.96    2.12097E-12
     4333.70    2.13904E-12
     4336.44    2.03988E-12
     4339.18    1.77648E-12
     4341.92    1.78249E-12
     4344.66    2.02545E-12
     4347.40    2.10951E-12
     4350.14    2.08451E-12
     4352.88    1.97237E-12
     4355.62    2.02582E-12
     4358.36    2.06080E-12
     4361.10    2.11839E-12
     4363.84    2.13942E-12
     4366.58    2.12652E-12
     4369.32    2.07201E-12
     4372.06    2.08077E-12
     4374.80    1.97777E-12
     4377.54    2.02439E-12
     4380.28    2.06641E-12
     4383.02    1.89324E-12
     4385.76    1.87532E-12
     4388.50    1.99374E-12
     4391.24    2.02849E-12
     4393.98    2.06038E-12
     4396.72    2.08180E-12
     4399.46    2.08883E-12
     4402.20    2.09719E-12
     4404.94    2.05898E-12
     4407.68    2.08631E-12
     4410.42    2.17571E-12
     4413.16    2.24545E-12
     4415.90    2.16366E-12
     4418.64    2.22102E-12
     4421.38    2.28389E-12
     4424.12    2.27346E-12
     4426.86    2.24928E-12
     4429.60    2.25220E-12
     4432.34    2.25030E-12
     4435.08    2.19466E-12
     4437.82    2.28289E-12
     4440.56    2.28271E-12
     4443.30    2.18330E-12
     4446.04    2.25212E-12
     4448.78    2.28161E-12
     4451.52    2.27617E-12
     4454.26    2.20188E-12
     4457.00    2.17429E-12
     4459.74    2.19946E-12
     4462.48    2.22888E-12
     4465.22    2.26277E-12
     4467.96    2.26079E-12
     4470.70    2.26494E-12
     4473.44    2.37573E-12
     4476.18    2.37798E-12
     4478.92    2.36121E-12
     4481.66    2.28721E-12
     4484.40    2.33989E-12
     4487.14    2.36113E-12
     4489.88    2.32253E-12
     4492.62    2.34549E-12
     4495.36    2.34065E-12
     4498.10    2.35835E-12
     4500.84    2.38080E-12
     4503.58    2.43668E-12
     4506.32    2.45758E-12
     4509.06    2.45635E-12
     4511.80    2.41325E-12
     4514.54    2.38339E-12
     4517.28    2.35632E-12
     4520.02    2.36638E-12
     4522.76    2.31966E-12
     4525.50    2.27261E-12
     4528.24    2.21714E-12
     4530.98    2.22903E-12
     4533.72    2.21237E-12
     4536.46    2.32897E-12
     4539.20    2.37455E-12
     4541.94    2.38044E-12
     4544.68    2.33939E-12
     4547.42    2.29642E-12
     4550.16    2.24884E-12
     4552.90    2.26391E-12
     4555.64    2.31931E-12
     4558.38    2.39369E-12
     4561.12    2.42375E-12
     4563.86    2.37968E-12
     4566.60    2.39215E-12
     4569.34    2.41553E-12
     4572.08    2.39158E-12
     4574.82    2.42379E-12
     4577.56    2.40793E-12
     4580.30    2.36186E-12
     4583.04    2.33878E-12
     4585.78    2.36764E-12
     4588.52    2.39609E-12
     4591.26    2.37606E-12
     4594.00    2.40814E-12
     4596.74    2.41281E-12
     4599.48    2.38435E-12
     4602.22    2.39237E-12
     4604.96    2.42604E-12
     4607.70    2.45480E-12
     4610.44    2.45818E-12
     4613.18    2.43353E-12
     4615.92    2.42290E-12
     4618.66    2.43124E-12
     4621.40    2.46250E-12
     4624.14    2.46333E-12
     4626.88    2.45580E-12
     4629.62    2.45467E-12
     4632.36    2.44794E-12
     4635.10    2.44375E-12
     4637.84    2.42960E-12
     4640.58    2.44939E-12
     4643.32    2.46740E-12
     4646.06    2.42524E-12
     4648.80    2.42262E-12
     4651.54    2.43423E-12
     4654.28    2.40811E-12
     4657.02    2.43182E-12
     4659.76    2.49367E-12
     4662.50    2.48800E-12
     4665.24    2.41710E-12
     4667.98    2.36964E-12
     4670.72    2.41659E-12
     4673.46    2.45850E-12
     4676.20    2.47155E-12
     4678.94    2.44496E-12
     4681.68    2.43853E-12
     4684.42    2.46298E-12
     4687.16    2.48428E-12
     4689.90    2.47117E-12
     4692.64    2.47156E-12
     4695.38    2.49459E-12
     4698.12    2.45410E-12
     4700.86    2.42828E-12
     4703.60    2.42039E-12
     4706.34    2.41499E-12
     4709.08    2.40949E-12
     4711.82    2.43808E-12
     4714.56    2.47210E-12
     4717.30    2.49848E-12
     4720.04    2.51373E-12
     4722.78    2.49797E-12
     4725.52    2.50148E-12
     4728.26    2.47203E-12
     4731.00    2.46407E-12
     4733.74    2.46483E-12
     4736.48    2.46854E-12
     4739.22    2.49017E-12
     4741.96    2.52182E-12
     4744.70    2.52644E-12
     4747.44    2.51644E-12
     4750.18    2.51341E-12
     4752.92    2.50515E-12
     4755.66    2.48259E-12
     4758.40    2.46723E-12
     4761.14    2.43514E-12
     4763.88    2.40762E-12
     4766.62    2.44252E-12
     4769.36    2.48408E-12
     4772.10    2.50039E-12
     4774.84    2.49856E-12
     4777.58    2.50175E-12
     4780.32    2.49397E-12
     4783.06    2.47466E-12
     4785.80    2.43962E-12
     4788.54    2.44166E-12
     4791.28    2.47794E-12
     4794.02    2.51475E-12
     4796.76    2.50271E-12
     4799.50    2.48315E-12
     4802.24    2.50030E-12
     4804.98    2.48873E-12
     4807.72    2.47110E-12
     4810.46    2.48361E-12
     4813.20    2.50663E-12
     4815.94    2.53078E-12
     4818.68    2.53100E-12
     4821.42    2.49050E-12
     4824.16    2.47719E-12
     4826.90    2.49158E-12
     4829.64    2.49529E-12
     4832.38    2.49345E-12
     4835.12    2.50867E-12
     4837.86    2.47836E-12
     4840.60    2.43771E-12
     4843.34    2.46883E-12
     4846.08    2.48744E-12
     4848.82    2.47427E-12
     4851.56    2.46993E-12
     4854.30    2.41351E-12
     4857.04    2.31339E-12
     4859.78    2.10362E-12
     4862.52    2.07976E-12
     4865.26    2.27809E-12
     4868.00    2.39015E-12
     4870.74    2.36954E-12
     4873.48    2.39125E-12
     4876.22    2.42644E-12
     4878.96    2.44452E-12
     4881.70    2.44630E-12
     4884.44    2.42480E-12
     4887.18    2.41174E-12
     4889.92    2.38608E-12
     4892.66    2.44955E-12
     4895.40    2.52570E-12
     4898.14    2.51584E-12
     4900.88    2.48647E-12
     4903.62    2.47978E-12
     4906.36    2.49220E-12
     4909.10    2.46304E-12
     4911.84    2.45855E-12
     4914.58    2.48703E-12
     4917.32    2.44594E-12
     4920.06    2.36781E-12
     4922.80    2.37073E-12
     4925.54    2.44227E-12
     4928.28    2.50074E-12
     4931.02    2.49649E-12
     4933.76    2.44164E-12
     4936.50    2.41380E-12
     4939.24    2.42039E-12
     4941.98    2.46992E-12
     4944.72    2.51898E-12
     4947.46    2.52193E-12
     4950.20    2.53600E-12
     4952.94    2.54244E-12
     4955.68    2.46854E-12
     4958.42    2.43197E-12
     4961.16    2.49556E-12
     4963.90    2.52465E-12
     4966.64    2.49811E-12
     4969.38    2.45582E-12
     4972.12    2.48316E-12
     4974.86    2.52615E-12
     4977.60    2.49145E-12
     4980.34    2.42073E-12
     4983.08    2.36591E-12
     4985.82    2.39379E-12
     4988.56    2.46107E-12
     4991.30    2.45607E-12
     4994.04    2.45015E-12
     4996.78    2.47325E-12
     4999.52    2.44591E-12
     5002.26    2.41621E-12
     5005.00    2.38887E-12
     5007.74    2.38316E-12
     5010.48    2.40160E-12
     5013.22    2.33604E-12
     5015.96    2.34410E-12
     5018.70    2.39516E-12
     5021.44    2.40375E-12
     5024.18    2.43219E-12
     5026.92    2.45656E-12
     5029.66    2.46465E-12
     5032.40    2.47889E-12
     5035.14    2.44342E-12
     5037.88    2.37552E-12
     5040.62    2.33350E-12
     5043.36    2.38128E-12
     5046.10    2.46952E-12
     5048.84    2.45989E-12
     5051.58    2.45218E-12
     5054.32    2.49457E-12
     5057.06    2.52618E-12
     5059.80    2.51999E-12
     5062.54    2.49646E-12
     5065.28    2.45484E-12
     5068.02    2.46685E-12
     5070.76    2.49221E-12
     5073.50    2.46504E-12
     5076.24    2.45557E-12
     5078.98    2.40564E-12
     5081.72    2.37467E-12
     5084.46    2.43225E-12
     5087.20    2.48178E-12
     5089.94    2.50102E-12
     5092.68    2.51238E-12
     5095.42    2.49612E-12
     5098.16    2.44248E-12
     5100.90    2.43617E-12
     5103.64    2.47394E-12
     5106.38    2.44043E-12
     5109.12    2.40175E-12
     5111.86    2.44430E-12
     5114.60    2.49058E-12
     5117.34    2.50065E-12
     5120.08    2.49197E-12
     5122.82    2.44523E-12
     5125.56    2.40784E-12
     5128.30    2.41197E-12
     5131.04    2.42862E-12
     5133.78    2.44810E-12
     5136.52    2.41346E-12
     5139.26    2.36324E-12
     5142.00    2.36890E-12
     5144.74    2.39810E-12
     5147.48    2.42593E-12
     5150.22    2.41754E-12
     5152.96    2.41308E-12
     5155.70    2.44658E-12
     5158.44    2.48433E-12
     5161.18    2.47595E-12
     5163.92    2.40990E-12
     5166.66    2.23256E-12
     5169.40    2.13645E-12
     5172.14    2.17280E-12
     5174.88    2.28196E-12
     5177.62    2.45007E-12
     5180.36    2.41261E-12
     5183.10    2.25314E-12
     5185.84    2.24121E-12
     5188.58    2.37703E-12
     5191.32    2.36290E-12
     5194.06    2.35728E-12
     5196.80    2.40843E-12
     5199.54    2.43437E-12
     5202.28    2.41474E-12
     5205.02    2.36808E-12
     5207.76    2.34592E-12
     5210.50    2.39675E-12
     5213.24    2.45418E-12
     5215.98    2.45609E-12
     5218.72    2.47312E-12
     5221.46    2.49971E-12
     5224.20    2.43565E-12
     5226.94    2.35379E-12
     5229.68    2.38847E-12
     5232.42    2.44270E-12
     5235.16    2.45358E-12
     5237.90    2.49688E-12
     5240.64    2.51132E-12
     5243.38    2.50885E-12
     5246.12    2.49942E-12
     5248.86    2.45169E-12
     5251.60    2.44528E-12
     5254.34    2.47488E-12
     5257.08    2.49977E-12
     5259.82    2.48162E-12
     5262.56    2.36236E-12
     5265.30    2.30107E-12
     5268.04    2.29861E-12
     5270.78    2.31314E-12
     5273.52    2.38613E-12
     5276.26    2.45338E-12
     5279.00    2.49675E-12
     5281.74    2.46395E-12
     5284.48    2.47125E-12
     5287.22    2.53181E-12
     5289.96    2.55143E-12
     5292.70    2.53594E-12
     5295.44    2.49395E-12
     5298.18    2.45840E-12
     5300.92    2.47661E-12
     5303.66    2.50460E-12
     5306.40    2.52400E-12
     5309.14    2.54671E-12
     5311.88    2.55607E-12
     5314.62    2.52222E-12
     5317.36    2.47925E-12
     5320.10    2.48276E-12
     5322.84    2.47208E-12
     5325.58    2.40705E-12
     5328.32    2.36755E-12
     5331.06    2.41994E-12
     5333.80    2.47969E-12
     5336.54    2.48390E-12
     5339.28    2.45541E-12
     5342.02    2.45431E-12
     5344.76    2.48637E-12
     5347.50    2.46983E-12
     5350.24    2.47703E-12
     5352.98    2.50507E-12
     5355.72    2.53330E-12
     5358.46    2.54196E-12
     5361.20    2.51115E-12
     5363.94    2.47407E-12
     5366.68    2.44456E-12
     5369.42    2.41606E-12
     5372.16    2.44094E-12
     5374.90    2.51011E-12
     5377.64    2.52654E-12
     5380.38    2.48889E-12
     5383.12    2.48538E-12
     5385.86    2.50826E-12
     5388.60    2.49815E-12
     5391.34    2.47603E-12
     5394.08    2.45626E-12
     5396.82    2.42708E-12
     5399.56    2.40181E-12
     5402.30    2.40304E-12
     5405.04    2.40790E-12
     5407.78    2.40507E-12
     5410.52    2.43754E-12
     5413.26    2.46654E-12
     5416.00    2.47430E-12
     5418.74    2.49063E-12
     5421.48    2.48683E-12
     5424.22    2.47653E-12
     5426.96    2.46277E-12
     5429.70    2.43184E-12
     5432.44    2.41924E-12
     5435.18    2.44767E-12
     5437.92    2.49468E-12
     5440.66    2.51007E-12
     5443.40    2.46256E-12
     5446.14    2.41378E-12
     5448.88    2.45610E-12
     5451.62    2.51365E-12
     5454.36    2.46689E-12
     5457.10    2.43694E-12
     5459.84    2.49493E-12
     5462.58    2.48127E-12
     5465.32    2.48674E-12
     5468.06    2.50589E-12
     5470.80    2.51703E-12
     5473.54    2.47116E-12
     5476.28    2.43276E-12
     5479.02    2.45019E-12
     5481.76    2.47321E-12
     5484.50    2.48888E-12
     5487.24    2.50103E-12
     5489.98    2.49508E-12
     5492.72    2.49503E-12
     5495.46    2.49267E-12
     5498.20    2.47808E-12
     5500.94    2.47911E-12
     5503.68    2.47849E-12
     5506.42    2.47490E-12
     5509.16    2.47106E-12
     5511.90    2.48471E-12
     5514.64    2.49587E-12
     5517.38    2.50389E-12
     5520.12    2.50237E-12
     5522.86    2.49278E-12
     5525.60    2.46954E-12
     5528.34    2.44538E-12
     5531.08    2.46750E-12
     5533.82    2.49314E-12
     5536.56    2.50150E-12
     5539.30    2.52156E-12
     5542.04    2.52470E-12
     5544.78    2.50665E-12
     5547.52    2.52434E-12
     5550.26    2.51906E-12
     5553.00    2.50747E-12
     5555.74    2.50607E-12
     5558.48    2.50736E-12
     5561.22    2.50330E-12
     5563.96    2.49408E-12
     5566.70    2.47228E-12
     5569.44    2.47056E-12
     5572.18    2.47330E-12
     5574.92    2.47210E-12
     5577.66    2.48015E-12
     5580.40    2.48238E-12
     5583.14    2.45836E-12
     5585.88    2.43331E-12
     5588.62    2.41187E-12
     5591.36    2.42120E-12
     5594.10    2.44309E-12
     5596.84    2.46395E-12
     5599.58    2.47332E-12
     5602.32    2.43238E-12
     5605.06    2.46857E-12
     5607.80    2.50911E-12
     5610.54    2.50709E-12
     5613.28    2.48604E-12
     5616.02    2.46940E-12
     5618.76    2.47687E-12
     5621.50    2.48885E-12
     5624.24    2.48592E-12
     5626.98    2.49169E-12
     5629.72    2.51994E-12
     5632.46    2.52120E-12
     5635.20    2.50087E-12
     5637.94    2.49749E-12
     5640.68    2.49627E-12
     5643.42    2.50498E-12
     5646.16    2.52236E-12
     5648.90    2.51837E-12
     5651.64    2.47213E-12
     5654.38    2.53964E-12
     5657.12    2.51767E-12
     5659.86    2.44222E-12
     5662.60    2.42970E-12
     5665.34    2.43949E-12
     5668.08    2.45340E-12
     5670.82    2.46638E-12
     5673.56    2.47776E-12
     5676.30    2.47100E-12
     5679.04    2.43983E-12
     5681.78    2.44880E-12
     5684.52    2.47500E-12
     5687.26    2.47856E-12
     5690.00    2.47443E-12
     5692.74    2.46250E-12
     5695.48    2.45797E-12
     5698.22    2.47669E-12
     5700.96    2.45083E-12
     5703.70    2.39206E-12
     5706.44    2.38654E-12
     5709.18    2.40671E-12
     5711.92    2.45011E-12
     5714.66    2.48037E-12
     5717.40    2.46912E-12
     5720.14    2.46174E-12
     5722.88    2.45356E-12
     5725.62    2.48129E-12
     5728.36    2.52176E-12
     5731.10    2.46643E-12
     5733.84    2.41672E-12
     5736.58    2.48522E-12
     5739.32    2.52445E-12
     5742.06    2.49231E-12
     5744.80    2.47868E-12
     5747.54    2.47306E-12
     5750.28    2.46527E-12
     5753.02    2.45962E-12
     5755.76    2.46170E-12
     5758.50    2.46922E-12
     5761.24    2.48253E-12
     5763.98    2.49898E-12
     5766.72    2.52341E-12
     5769.46    2.52493E-12
     5772.20    2.51312E-12
     5774.94    2.51326E-12
     5777.68    2.50893E-12
     5780.42    2.47762E-12
     5783.16    2.46053E-12
     5785.90    2.47378E-12
     5788.64    2.48507E-12
     5791.38    2.49854E-12
     5794.12    2.49269E-12
     5796.86    2.47957E-12
     5799.60    2.47283E-12
     5802.34    2.48542E-12
     5805.08    2.55597E-12
     5807.82    2.57056E-12
     5810.56    2.49538E-12
     5813.30    2.48133E-12
     5816.04    2.49406E-12
     5818.78    2.48353E-12
     5821.52    2.47505E-12
     5824.26    2.49462E-12
     5827.00    2.50867E-12
     5829.74    2.50700E-12
     5832.48    2.49862E-12
     5835.22    2.48129E-12
     5837.96    2.48142E-12
     5840.70    2.48441E-12
     5843.44    2.45173E-12
     5846.18    2.42376E-12
     5848.92    2.43299E-12
     5851.66    2.43665E-12
     5854.40    2.42687E-12
     5857.14    2.42755E-12
     5859.88    2.43433E-12
     5862.62    2.44550E-12
     5865.36    2.45711E-12
     5868.10    2.45137E-12
     5870.84    2.46811E-12
     5873.58    2.55425E-12
     5876.32    2.55950E-12
     5879.06    2.47710E-12
     5881.80    2.45517E-12
     5884.54    2.44904E-12
     5887.28    2.39339E-12
     5890.02    2.34499E-12
     5892.76    2.34329E-12
     5895.50    2.36220E-12
     5898.24    2.41020E-12
     5900.98    2.44140E-12
     5903.72    2.46375E-12
     5906.46    2.44950E-12
     5909.20    2.42423E-12
     5911.94    2.42869E-12
     5914.68    2.43591E-12
     5917.42    2.43458E-12
     5920.16    2.44560E-12
     5922.90    2.47513E-12
     5925.64    2.47141E-12
     5928.38    2.44989E-12
     5931.12    2.42671E-12
     5933.86    2.41267E-12
     5936.60    2.43276E-12
     5939.34    2.44662E-12
     5942.08    2.44348E-12
     5944.82    2.44633E-12
     5947.56    2.45242E-12
     5950.30    2.44985E-12
     5953.04    2.44451E-12
     5955.78    2.44522E-12
     5958.52    2.44372E-12
     5961.26    2.43274E-12
     5964.00    2.43047E-12
     5966.74    2.44096E-12
     5969.48    2.43814E-12
     5972.22    2.42888E-12
     5974.96    2.42128E-12
     5977.70    2.41691E-12
     5980.44    2.42277E-12
     5983.18    2.42762E-12
     5985.92    2.42613E-12
     5988.66    2.43420E-12
     5991.40    2.45125E-12
     5994.14    2.44325E-12
     5996.88    2.42756E-12
     5999.62    2.43441E-12
     6002.36    2.43873E-12
     6005.10    2.42367E-12
     6007.84    2.41770E-12
     6010.58    2.42497E-12
     6013.32    2.42729E-12
     6016.06    2.42843E-12
     6018.80    2.43219E-12
     6021.54    2.43444E-12
     6024.28    2.42689E-12
     6027.02    2.42530E-12
     6029.76    2.43640E-12
     6032.50    2.44871E-12
     6035.24    2.46556E-12
     6037.98    2.44658E-12
     6040.72    2.41539E-12
     6043.46    2.42574E-12
     6046.20    2.43483E-12
     6048.94    2.41087E-12
     6051.68    2.40394E-12
     6054.42    2.43239E-12
     6057.16    2.41719E-12
     6059.90    2.37851E-12
     6062.64    2.39287E-12
     6065.38    2.40815E-12
     6068.12    2.34499E-12
     6070.86    2.31798E-12
     6073.60    2.39257E-12
     6076.34    2.42002E-12
     6079.08    2.40333E-12
     6081.82    2.41070E-12
     6084.56    2.42363E-12
     6087.30    2.42456E-12
     6090.04    2.42255E-12
     6092.78    2.42415E-12
     6095.52    2.41719E-12
     6098.26    2.39570E-12
     6101.00    2.38172E-12
     6103.74    2.37154E-12
     6106.48    2.37153E-12
     6109.22    2.37919E-12
     6111.96    2.40126E-12
     6114.70    2.40862E-12
     6117.44    2.37709E-12
     6120.18    2.36164E-12
     6122.92    2.36041E-12
     6125.66    2.37625E-12
     6128.40    2.39962E-12
     6131.14    2.38553E-12
     6133.88    2.36294E-12
     6136.62    2.34492E-12
     6139.36    2.34076E-12
     6142.10    2.36413E-12
     6144.84    2.35982E-12
     6147.58    2.33651E-12
     6150.32    2.33980E-12
     6153.06    2.35005E-12
     6155.80    2.35051E-12
     6158.54    2.33998E-12
     6161.28    2.30313E-12
     6164.02    2.29193E-12
     6166.76    2.31004E-12
     6169.50    2.33162E-12
     6172.24    2.35842E-12
     6174.98    2.36762E-12
     6177.72    2.37405E-12
     6180.46    2.39113E-12
     6183.20    2.40303E-12
     6185.94    2.41137E-12
     6188.68    2.39454E-12
     6191.42    2.35387E-12
     6194.16    2.35489E-12
     6196.90    2.36949E-12
     6199.64    2.36144E-12
     6202.38    2.35656E-12
     6205.12    2.37262E-12
     6207.86    2.37253E-12
     6210.60    2.35111E-12
     6213.34    2.33097E-12
     6216.08    2.31130E-12
     6218.82    2.32768E-12
     6221.56    2.35235E-12
     6224.30    2.36258E-12
     6227.04    2.36026E-12
     6229.78    2.33409E-12
     6232.52    2.32916E-12
     6235.26    2.34235E-12
     6238.00    2.34763E-12
     6240.74    2.34439E-12
     6243.48    2.29860E-12
     6246.22    2.26658E-12
     6248.96    2.29957E-12
     6251.70    2.31438E-12
     6254.44    2.29654E-12
     6257.18    2.29930E-12
     6259.92    2.31221E-12
     6262.66    2.33564E-12
     6265.40    2.35555E-12
     6268.14    2.34440E-12
     6270.88    2.33297E-12
     6273.62    2.32719E-12
     6276.36    2.33335E-12
     6279.10    2.35231E-12
     6281.84    2.36733E-12
     6284.58    2.37742E-12
     6287.32    2.35928E-12
     6290.06    2.33909E-12
     6292.80    2.34223E-12
     6295.54    2.32714E-12
     6298.28    2.27126E-12
     6301.02    2.26930E-12
     6303.76    2.30102E-12
     6306.50    2.31630E-12
     6309.24    2.32705E-12
     6311.98    2.33580E-12
     6314.72    2.33120E-12
     6317.46    2.29559E-12
     6320.20    2.28827E-12
     6322.94    2.31171E-12
     6325.68    2.31637E-12
     6328.42    2.31518E-12
     6331.16    2.32086E-12
     6333.90    2.32267E-12
     6336.64    2.30883E-12
     6339.38    2.30064E-12
     6342.12    2.30159E-12
     6344.86    2.30792E-12
     6347.60    2.31980E-12
     6350.34    2.32731E-12
     6353.08    2.33049E-12
     6355.82    2.32278E-12
     6358.56    2.31192E-12
     6361.30    2.29677E-12
     6364.04    2.29367E-12
     6366.78    2.30469E-12
     6369.52    2.31219E-12
     6372.26    2.32001E-12
     6375.00    2.33139E-12
     6377.74    2.33886E-12
     6380.48    2.33086E-12
     6383.22    2.32666E-12
     6385.96    2.33606E-12
     6388.70    2.32624E-12
     6391.44    2.30110E-12
     6394.18    2.29467E-12
     6396.92    2.29531E-12
     6399.66    2.29502E-12
     6402.40    2.29486E-12
     6405.14    2.29329E-12
     6407.88    2.29413E-12
     6410.62    2.29973E-12
     6413.36    2.29514E-12
     6416.10    2.28494E-12
     6418.84    2.27709E-12
     6421.58    2.27441E-12
     6424.32    2.29072E-12
     6427.06    2.29484E-12
     6429.80    2.26699E-12
     6432.54    2.26805E-12
     6435.28    2.29312E-12
     6438.02    2.30051E-12
     6440.76    2.30281E-12
     6443.50    2.31164E-12
     6446.24    2.31451E-12
     6448.98    2.29899E-12
     6451.72    2.29249E-12
     6454.46    2.30086E-12
     6457.20    2.29889E-12
     6459.94    2.29154E-12
     6462.68    2.27342E-12
     6465.42    2.25992E-12
     6468.16    2.27771E-12
     6470.90    2.29569E-12
     6473.64    2.30823E-12
     6476.38    2.30888E-12
     6479.12    2.29656E-12
     6481.86    2.30015E-12
     6484.60    2.30784E-12
     6487.34    2.30325E-12
     6490.08    2.28912E-12
     6492.82    2.25396E-12
     6495.56    2.23854E-12
     6498.30    2.25186E-12
     6501.04    2.26682E-12
     6503.78    2.28755E-12
     6506.52    2.30231E-12
     6509.26    2.31527E-12
     6512.00    2.33565E-12
     6514.74    2.33676E-12
     6517.48    2.29306E-12
     6520.22    2.27822E-12
     6522.96    2.29143E-12
     6525.70    2.29652E-12
     6528.44    2.30201E-12
     6531.18    2.31755E-12
     6533.92    2.32406E-12
     6536.66    2.29760E-12
     6539.40    2.27924E-12
     6542.14    2.27680E-12
     6544.88    2.27472E-12
     6547.62    2.27468E-12
     6550.36    2.25990E-12
     6553.10    2.23088E-12
     6555.84    2.17839E-12
     6558.58    2.11300E-12
     6561.32    2.00755E-12
     6564.06    1.99386E-12
     6566.80    2.08266E-12
     6569.54    2.16348E-12
     6572.28    2.24716E-12
     6575.02    2.26182E-12
     6577.76    2.26047E-12
     6580.50    2.28379E-12
     6583.24    2.29760E-12
     6585.98    2.29599E-12
     6588.72    2.28756E-12
     6591.46    2.27118E-12
     6594.20    2.28148E-12
     6596.94    2.29913E-12
     6599.68    2.29647E-12
     6602.42    2.29307E-12
     6605.16    2.29748E-12
     6607.90    2.29808E-12
     6610.64    2.29163E-12
     6613.38    2.30294E-12
     6616.12    2.32151E-12
     6618.86    2.30736E-12
     6621.60    2.29034E-12
     6624.34    2.29931E-12
     6627.08    2.30412E-12
     6629.82    2.29688E-12
     6632.56    2.29222E-12
     6635.30    2.28876E-12
     6638.04    2.28121E-12
     6640.78    2.27210E-12
     6643.52    2.25364E-12
     6646.26    2.26272E-12
     6649.00    2.35980E-12
     6651.74    2.37925E-12
     6654.48    2.28299E-12
     6657.22    2.26080E-12
     6659.96    2.26955E-12
     6662.70    2.26571E-12
     6665.44    2.26388E-12
     6668.18    2.27063E-12
     6670.92    2.27741E-12
     6673.66    2.28421E-12
     6676.40    2.28213E-12
     6679.14    2.27068E-12
     6681.88    2.27486E-12
     6684.62    2.28421E-12
     6687.36    2.28160E-12
     6690.10    2.28050E-12
     6692.84    2.29160E-12
     6695.58    2.29545E-12
     6698.32    2.28825E-12
     6701.06    2.28383E-12
     6703.80    2.27906E-12
     6706.54    2.26452E-12
     6709.28    2.24993E-12
     6712.02    2.24915E-12
     6714.76    2.24951E-12
     6717.50    2.24749E-12
     6720.24    2.24595E-12
     6722.98    2.24467E-12
     6725.72    2.24516E-12
     6728.46    2.24693E-12
     6731.20    2.25130E-12
     6733.94    2.25271E-12
     6736.68    2.24182E-12
     6739.42    2.23968E-12
     6742.16    2.25526E-12
     6744.90    2.25493E-12
     6747.64    2.24519E-12
     6750.38    2.23469E-12
     6753.12    2.22738E-12
     6755.86    2.23862E-12
     6758.60    2.24889E-12
     6761.34    2.25284E-12
     6764.08    2.24697E-12
     6766.82    2.22834E-12
     6769.56    2.22452E-12
     6772.30    2.22796E-12
     6775.04    2.23383E-12
     6777.78    2.23893E-12
     6780.52    2.23472E-12
     6783.26    2.23875E-12
     6786.00    2.26495E-12
     6788.74    2.25628E-12
     6791.48    2.22226E-12
     6794.22    2.21640E-12
     6796.96    2.22134E-12
     6799.70    2.23248E-12
     6802.44    2.23588E-12
     6805.18    2.21614E-12
     6807.92    2.20762E-12
     6810.66    2.21035E-12
     6813.40    2.22430E-12
     6816.14    2.24326E-12
     6818.88    2.22589E-12
     6821.62    2.20580E-12
     6824.36    2.21195E-12
     6827.10    2.22230E-12
     6829.84    2.24137E-12
     6832.58    2.23495E-12
     6835.32    2.20711E-12
     6838.06    2.19650E-12
     6840.80    2.19534E-12
     6843.54    2.21191E-12
     6846.28    2.22732E-12
     6849.02    2.23019E-12
     6851.76    2.22992E-12
     6854.50    2.22732E-12
     6857.24    2.21682E-12
     6859.98    2.20125E-12
     6862.72    2.19227E-12
     6865.46    2.19064E-12
     6868.20    2.21006E-12
     6870.94    2.21585E-12
     6873.68    2.18702E-12
     6876.42    2.18363E-12
     6879.16    2.20100E-12
     6881.90    2.20726E-12
     6884.64    2.21094E-12
     6887.38    2.21775E-12
     6890.12    2.22122E-12
     6892.86    2.20537E-12
     6895.60    2.22299E-12
     6898.34    2.31109E-12
     6901.08    2.28066E-12
     6903.82    2.18385E-12
     6906.56    2.17266E-12
     6909.30    2.18370E-12
     6912.04    2.17605E-12
     6914.78    2.17728E-12
     6917.52    2.20045E-12
     6920.26    2.20851E-12
     6923.00    2.20298E-12
     6925.74    2.20273E-12
     6928.48    2.20229E-12
     6931.22    2.19585E-12
     6933.96    2.18800E-12
     6936.70    2.17789E-12
     6939.44    2.17764E-12
     6942.18    2.19752E-12
     6944.92    2.19147E-12
     6947.66    2.17024E-12
     6950.40    2.16904E-12
     6953.14    2.17612E-12
     6955.88    2.18953E-12
     6958.62    2.19955E-12
     6961.36    2.20013E-12
     6964.10    2.20066E-12
     6966.84    2.20111E-12
     6969.58    2.19849E-12
     6972.32    2.19235E-12
     6975.06    2.17358E-12
     6977.80    2.15865E-12
     6980.54    2.16619E-12
     6983.28    2.16965E-12
     6986.02    2.16047E-12
     6988.76    2.16801E-12
     6991.50    2.18683E-12
     6994.24    2.17772E-12
     6996.98    2.15918E-12
     6999.72    2.14613E-12
     7002.46    2.14230E-12
     7005.20    2.15602E-12
     7007.94    2.16799E-12
     7010.68    2.18264E-12
     7013.42    2.16591E-12
     7016.16    2.13458E-12
     7018.90    2.13932E-12
     7021.64    2.15492E-12
     7024.38    2.17451E-12
     7027.12    2.18069E-12
     7029.86    2.16268E-12
     7032.60    2.15229E-12
     7035.34    2.14494E-12
     7038.08    2.15857E-12
     7040.82    2.17677E-12
     7043.56    2.16440E-12
     7046.30    2.15691E-12
     7049.04    2.17863E-12
     7051.78    2.18266E-12
     7054.52    2.16280E-12
     7057.26    2.15563E-12
     7060.00    2.15521E-12
     7062.74    2.18050E-12
     7065.48    2.20141E-12
     7068.22    2.17756E-12
     7070.96    2.15611E-12
     7073.70    2.14620E-12
     7076.44    2.14419E-12
     7079.18    2.15091E-12
     7081.92    2.14095E-12
     7084.66    2.12678E-12
     7087.40    2.12723E-12
     7090.14    2.13181E-12
     7092.88    2.13903E-12
     7095.62    2.14214E-12
     7098.36    2.13758E-12
     7101.10    2.14523E-12
     7103.84    2.15834E-12
     7106.58    2.14722E-12
     7109.32    2.13252E-12
     7112.06    2.13519E-12
     7114.80    2.13910E-12
     7117.54    2.14370E-12
     7120.28    2.13784E-12
     7123.02    2.12052E-12
     7125.76    2.12566E-12
     7128.50    2.13889E-12
     7131.24    2.13788E-12
     7133.98    2.13311E-12
     7136.72    2.12608E-12
     7139.46    2.12267E-12
     7142.20    2.12372E-12
     7144.94    2.12883E-12
     7147.68    2.13696E-12
     7150.42    2.13112E-12
     7153.16    2.12048E-12
     7155.90    2.11253E-12
     7158.64    2.10594E-12
     7161.38    2.10313E-12
     7164.12    2.09391E-12
     7166.86    2.07524E-12
     7169.60    2.09198E-12
     7172.34    2.12015E-12
     7175.08    2.09458E-12
     7177.82    2.06942E-12
     7180.56    2.08644E-12
     7183.30    2.09585E-12
     7186.04    2.08978E-12
     7188.78    2.08296E-12
     7191.52    2.07437E-12
     7194.26    2.10738E-12
     7197.00    2.14190E-12
     7199.74    2.11047E-12
     7202.48    2.07729E-12
     7205.22    2.05915E-12
     7207.96    2.06392E-12
     7210.70    2.09711E-12
     7213.44    2.10873E-12
     7216.18    2.11167E-12
     7218.92    2.11255E-12
     7221.66    2.11663E-12
     7224.40    2.13862E-12
     7227.14    2.14665E-12
     7229.88    2.12883E-12
     7232.62    2.11926E-12
     7235.36    2.11299E-12
     7238.10    2.10879E-12
     7240.84    2.10720E-12
     7243.58    2.11218E-12
     7246.32    2.11244E-12
     7249.06    2.09703E-12
     7251.80    2.09125E-12
     7254.54    2.09785E-12
     7257.28    2.09635E-12
     7260.02    2.09216E-12
     7262.76    2.09359E-12
     7265.50    2.09598E-12
     7268.24    2.09596E-12
     7270.98    2.09650E-12
     7273.72    2.09976E-12
     7276.46    2.09739E-12
     7279.20    2.09022E-12
     7281.94    2.08732E-12
     7284.68    2.08501E-12
     7287.42    2.07758E-12
     7290.16    2.07234E-12
     7292.90    2.07263E-12
     7295.64    2.07829E-12
     7298.38    2.09269E-12
     7301.12    2.09724E-12
     7303.86    2.09566E-12
     7306.60    2.08413E-12
     7309.34    2.06803E-12
     7312.08    2.04686E-12
     7314.82    2.04219E-12
     7317.56    2.06945E-12
     7320.30    2.08483E-12
     7323.04    2.09149E-12
     7325.78    2.11714E-12
     7328.52    2.14165E-12
     7331.26    2.10961E-12
     7334.00    2.08025E-12
     7336.74    2.09501E-12
     7339.48    2.10269E-12
     7342.22    2.10032E-12
     7344.96    2.09021E-12
     7347.70    2.07390E-12
     7350.44    2.06749E-12
     7353.18    2.06700E-12
     7355.92    2.07577E-12
     7358.66    2.08211E-12
     7361.40    2.07878E-12
     7364.14    2.08267E-12
     7366.88    2.09409E-12
     7369.62    2.09581E-12
     7372.36    2.09178E-12
     7375.10    2.08115E-12
     7377.84    2.06803E-12
     7380.58    2.05344E-12
     7383.32    2.04501E-12
     7386.06    2.04656E-12
     7388.80    2.04252E-12
     7391.54    2.03664E-12
     7394.28    2.05505E-12
     7397.02    2.07443E-12
     7399.76    2.05878E-12
     7402.50    2.04112E-12
     7405.24    2.03093E-12
     7407.98    2.02481E-12
     7410.72    2.02309E-12
     7413.46    2.02166E-12
     7416.20    2.02312E-12
     7418.94    2.03897E-12
     7421.68    2.05408E-12
     7424.42    2.05641E-12
     7427.16    2.05212E-12
     7429.90    2.03748E-12
     7432.64    2.03110E-12
     7435.38    2.02973E-12
     7438.12    2.03564E-12
     7440.86    2.04163E-12
     7443.60    2.02765E-12
     7446.34    2.02150E-12
     7449.08    2.04079E-12
     7451.82    2.05408E-12
     7454.56    2.06353E-12
     7457.30    2.05588E-12
     7460.04    2.03844E-12
     7462.78    2.03602E-12
     7465.52    2.03422E-12
     7468.26    2.01699E-12
     7471.00    2.01575E-12
     7473.74    2.05050E-12
     7476.48    2.05044E-12
     7479.22    2.02431E-12
     7481.96    2.03442E-12
     7484.70    2.05136E-12
     7487.44    2.03221E-12
     7490.18    2.01553E-12
     7492.92    2.02103E-12
     7495.66    2.02550E-12
     7498.40    2.02947E-12
     7501.14    2.02868E-12
     7503.88    2.02453E-12
     7506.62    2.01839E-12
     7509.36    2.01046E-12
     7512.10    1.99642E-12
     7514.84    1.99475E-12
     7517.58    2.02047E-12
     7520.32    2.02414E-12
     7523.06    2.01000E-12
     7525.80    2.00537E-12
     7528.54    2.00546E-12
     7531.28    2.01828E-12
     7534.02    2.02808E-12
     7536.76    2.02239E-12
     7539.50    2.01780E-12
     7542.24    2.01666E-12
     7544.98    2.00811E-12
     7547.72    1.99584E-12
     7550.46    1.99870E-12
     7553.20    2.00451E-12
     7555.94    2.00305E-12
     7558.68    1.99640E-12
     7561.42    1.97730E-12
     7564.16    1.97723E-12
     7566.90    1.99549E-12
     7569.64    2.00491E-12
     7572.38    2.01029E-12
     7575.12    2.00537E-12
     7577.86    1.99881E-12
     7580.60    1.99511E-12
     7583.34    1.99604E-12
     7586.08    2.00648E-12
     7588.82    2.00299E-12
     7591.56    1.99146E-12
     7594.30    1.99534E-12
     7597.04    2.00011E-12
     7599.78    1.98578E-12
     7602.52    1.97750E-12
     7605.26    1.98863E-12
     7608.00    1.99147E-12
     7610.74    1.98691E-12
     7613.48    1.97931E-12
     7616.22    1.97184E-12
     7618.96    1.98612E-12
     7621.70    1.99857E-12
     7624.44    1.98774E-12
     7627.18    1.98056E-12
     7629.92    1.97930E-12
     7632.66    1.98693E-12
     7635.40    2.00190E-12
     7638.14    1.99546E-12
     7640.88    1.98315E-12
     7643.62    1.98665E-12
     7646.36    1.98153E-12
     7649.10    1.94838E-12
     7651.84    1.93756E-12
     7654.58    1.95356E-12
     7657.32    1.94815E-12
     7660.06    1.93473E-12
     7662.80    1.92618E-12
     7665.54    1.92769E-12
     7668.28    1.95703E-12
     7671.02    1.97694E-12
     7673.76    1.97746E-12
     7676.50    1.97850E-12
     7679.24    1.97751E-12
     7681.98    1.98667E-12
     7684.72    1.99449E-12
     7687.46    1.97915E-12
     7690.20    1.95712E-12
     7692.94    1.92801E-12
     7695.68    1.91489E-12
     7698.42    1.91968E-12
     7701.16    1.93122E-12
     7703.90    1.94927E-12
     7706.64    1.95900E-12
     7709.38    1.96411E-12
     7712.12    1.96327E-12
     7714.86    1.96095E-12
     7717.60    1.95802E-12
     7720.34    1.95444E-12
     7723.08    1.95003E-12
     7725.82    1.94776E-12
     7728.56    1.94732E-12
     7731.30    1.95466E-12
     7734.04    1.95255E-12
     7736.78    1.92042E-12
     7739.52    1.90542E-12
     7742.26    1.91607E-12
     7745.00    1.90964E-12
     7747.74    1.89770E-12
     7750.48    1.91135E-12
     7753.22    1.93186E-12
     7755.96    1.94610E-12
     7758.70    1.95322E-12
     7761.44    1.94962E-12
     7764.18    1.94451E-12
     7766.92    1.93626E-12
     7769.66    1.93862E-12
     7772.40    1.94334E-12
     7775.14    1.93197E-12
     7777.88    1.91942E-12
     7780.62    1.91288E-12
     7783.36    1.91013E-12
     7786.10    1.91270E-12
     7788.84    1.91335E-12
     7791.58    1.91358E-12
     7794.32    1.91405E-12
     7797.06    1.91308E-12
     7799.80    1.90677E-12
     7802.54    1.90162E-12
     7805.28    1.89722E-12
     7808.02    1.90419E-12
     7810.76    1.92424E-12
     7813.50    1.92843E-12
     7816.24    1.92647E-12
     7818.98    1.93058E-12
     7821.72    1.93610E-12
     7824.46    1.94661E-12
     7827.20    1.94382E-12
     7829.94    1.91658E-12
     7832.68    1.90917E-12
     7835.42    1.91305E-12
     7838.16    1.91609E-12
     7840.90    1.92092E-12
     7843.64    1.93108E-12
     7846.38    1.93222E-12
     7849.12    1.91427E-12
     7851.86    1.89661E-12
     7854.60    1.87505E-12
     7857.34    1.88182E-12
     7860.08    1.90185E-12
     7862.82    1.89714E-12
     7865.56    1.88769E-12
     7868.30    1.88457E-12
     7871.04    1.87890E-12
     7873.78    1.86292E-12
     7876.52    1.87142E-12
     7879.26    1.89849E-12
     7882.00    1.89446E-12
     7884.74    1.88553E-12
     7887.48    1.91069E-12
     7890.22    1.92817E-12
     7892.96    1.91614E-12
     7895.70    1.90572E-12
     7898.44    1.89681E-12
     7901.18    1.88571E-12
     7903.92    1.87543E-12
     7906.66    1.88725E-12
     7909.40    1.89638E-12
     7912.14    1.87222E-12
     7914.88    1.85645E-12
     7917.62    1.85827E-12
     7920.36    1.86656E-12
     7923.10    1.88280E-12
     7925.84    1.88754E-12
     7928.58    1.88565E-12
     7931.32    1.87513E-12
     7934.06    1.86422E-12
     7936.80    1.85520E-12
     7939.54    1.85642E-12
     7942.28    1.87268E-12
     7945.02    1.87580E-12
     7947.76    1.87324E-12
     7950.50    1.87763E-12
     7953.24    1.88345E-12
     7955.98    1.89185E-12
     7958.72    1.88866E-12
     7961.46    1.85079E-12
     7964.20    1.87150E-12
     7966.94    1.94841E-12
     7969.68    1.92251E-12
     7972.42    1.86195E-12
     7975.16    1.86521E-12
     7977.90    1.87807E-12
     7980.64    1.87898E-12
     7983.38    1.88616E-12
     7986.12    1.90894E-12
     7988.86    1.89828E-12
     7991.60    1.86881E-12
     7994.34    1.87748E-12
     7997.08    1.88941E-12
     7999.82    1.86379E-12
     8002.56    1.84936E-12
     8005.30    1.86854E-12
     8008.04    1.87279E-12
     8010.78    1.86466E-12
     8013.52    1.85685E-12
     8016.26    1.84944E-12
     8019.00    1.85416E-12
     8021.74    1.85965E-12
     8024.48    1.85791E-12
     8027.22    1.85698E-12
     8029.96    1.85654E-12
     8032.70    1.86125E-12
     8035.44    1.86959E-12
     8038.18    1.87280E-12
     8040.92    1.87075E-12
     8043.66    1.85386E-12
     8046.40    1.84384E-12
     8049.14    1.85043E-12
     8051.88    1.86365E-12
     8054.62    1.88877E-12
     8057.36    1.87590E-12
     8060.10    1.84688E-12
     8062.84    1.85006E-12
     8065.58    1.85872E-12
     8068.32    1.85893E-12
     8071.06    1.85971E-12
     8073.80    1.86442E-12
     8076.54    1.85873E-12
     8079.28    1.84546E-12
     8082.02    1.84859E-12
     8084.76    1.85351E-12
     8087.50    1.83691E-12
     8090.24    1.82549E-12
     8092.98    1.83068E-12
     8095.72    1.84210E-12
     8098.46    1.86337E-12
     8101.20    1.86843E-12
     8103.94    1.86500E-12
     8106.68    1.86191E-12
     8109.42    1.85898E-12
     8112.16    1.86153E-12
     8114.90    1.85698E-12
     8117.64    1.83602E-12
     8120.38    1.83330E-12
     8123.12    1.84412E-12
     8125.86    1.84522E-12
     8128.60    1.84109E-12
     8131.34    1.82608E-12
     8134.08    1.81298E-12
     8136.82    1.80595E-12
     8139.56    1.81242E-12
     8142.30    1.83956E-12
     8145.04    1.84087E-12
     8147.78    1.83011E-12
     8150.52    1.83558E-12
     8153.26    1.84310E-12
     8156.00    1.84420E-12
     8158.74    1.84226E-12
     8161.48    1.83324E-12
     8164.22    1.83673E-12
     8166.96    1.85103E-12
     8169.70    1.86010E-12
     8172.44    1.86408E-12
     8175.18    1.85097E-12
     8177.92    1.83215E-12
     8180.66    1.80758E-12
     8183.40    1.79727E-12
     8186.14    1.80794E-12
     8188.88    1.80683E-12
     8191.62    1.80174E-12
     8194.36    1.80561E-12
     8197.10    1.81029E-12
     8199.84    1.80676E-12
     8202.58    1.80565E-12
     8205.32    1.81463E-12
     8208.06    1.80860E-12
     8210.80    1.78729E-12
     8213.54    1.78816E-12
     8216.28    1.79935E-12
     8219.02    1.81353E-12
     8221.76    1.82260E-12
     8224.50    1.81362E-12
     8227.24    1.81020E-12
     8229.98    1.81995E-12
     8232.72    1.81174E-12
     8235.46    1.79318E-12
     8238.20    1.78804E-12
     8240.94    1.78642E-12
     8243.68    1.78108E-12
     8246.42    1.77723E-12
     8249.16    1.77309E-12
     8251.90    1.78217E-12
     8254.64    1.80782E-12
     8257.38    1.80149E-12
     8260.12    1.78439E-12
     8262.86    1.80470E-12
     8265.60    1.82416E-12
     8268.34    1.81576E-12
     8271.08    1.80627E-12
     8273.82    1.79533E-12
     8276.56    1.79563E-12
     8279.30    1.80402E-12
     8282.04    1.80506E-12
     8284.78    1.80322E-12
     8287.52    1.80389E-12
     8290.26    1.79242E-12
     8293.00    1.74658E-12
     8295.74    1.73934E-12
     8298.48    1.77728E-12
     8301.22    1.78556E-12
     8303.96    1.78154E-12
     8306.70    1.76601E-12
     8309.44    1.75629E-12
     8312.18    1.77897E-12
     8314.92    1.79353E-12
     8317.66    1.79384E-12
     8320.40    1.78248E-12
     8323.14    1.75963E-12
     8325.88    1.74302E-12
     8328.62    1.73536E-12
     8331.36    1.76062E-12
     8334.10    1.78296E-12
     8336.84    1.78181E-12
     8339.58    1.78423E-12
     8342.32    1.79226E-12
     8345.06    1.78984E-12
     8347.80    1.78224E-12
     8350.54    1.78448E-12
     8353.28    1.78481E-12
     8356.02    1.77325E-12
     8358.76    1.75638E-12
     8361.50    1.72674E-12
     8364.24    1.72261E-12
     8366.98    1.73958E-12
     8369.72    1.75423E-12
     8372.46    1.76688E-12
     8375.20    1.76088E-12
     8377.94    1.75377E-12
     8380.68    1.75578E-12
     8383.42    1.75480E-12
     8386.16    1.74979E-12
     8388.90    1.74387E-12
     8391.64    1.73850E-12
     8394.38    1.75372E-12
     8397.12    1.77471E-12
     8399.86    1.79262E-12
     8402.60    1.79710E-12
     8405.34    1.77797E-12
     8408.08    1.76490E-12
     8410.82    1.75520E-12
     8413.56    1.74086E-12
     8416.30    1.72933E-12
     8419.04    1.74472E-12
     8421.78    1.75876E-12
     8424.52    1.75075E-12
     8427.26    1.74695E-12
     8430.00    1.75204E-12
     8432.74    1.74704E-12
     8435.48    1.73698E-12
     8438.22    1.74053E-12
     8440.96    1.74835E-12
     8443.70    1.75475E-12
     8446.44    1.75707E-12
     8449.18    1.75127E-12
     8451.92    1.74803E-12
     8454.66    1.74518E-12
     8457.40    1.76348E-12
     8460.14    1.78746E-12
     8462.88    1.77308E-12
     8465.62    1.75142E-12
     8468.36    1.73541E-12
     8471.10    1.73082E-12
     8473.84    1.74538E-12
     8476.58    1.74821E-12
     8479.32    1.74483E-12
     8482.06    1.72492E-12
     8484.80    1.70072E-12
     8487.54    1.69365E-12
     8490.28    1.68196E-12
     8493.02    1.65386E-12
     8495.76    1.63304E-12
     8498.50    1.61432E-12
     8501.24    1.63835E-12
     8503.98    1.68558E-12
     8506.72    1.71372E-12
     8509.46    1.72893E-12
     8512.20    1.71682E-12
     8514.94    1.71594E-12
     8517.68    1.74257E-12
     8520.42    1.74343E-12
     8523.16    1.72714E-12
     8525.90    1.70831E-12
     8528.64    1.68772E-12
     8531.38    1.68580E-12
     8534.12    1.65791E-12
     8536.86    1.56202E-12
     8539.60    1.49878E-12
     8542.34    1.45918E-12
     8545.08    1.50315E-12
     8547.82    1.59826E-12
     8550.56    1.64217E-12
     8553.30    1.67265E-12
     8556.04    1.70630E-12
     8558.78    1.72093E-12
     8561.52    1.70207E-12
     8564.26    1.70113E-12
     8567.00    1.71115E-12
     8569.74    1.72372E-12
     8572.48    1.73505E-12
     8575.22    1.72965E-12
     8577.96    1.71982E-12
     8580.70    1.70310E-12
     8583.44    1.70787E-12
     8586.18    1.74564E-12
     8588.92    1.74613E-12
     8591.66    1.72854E-12
     8594.40    1.72521E-12
     8597.14    1.72621E-12
     8599.88    1.73321E-12
     8602.62    1.73325E-12
     8605.36    1.71615E-12
     8608.10    1.71441E-12
     8610.84    1.72517E-12
     8613.58    1.73339E-12
     8616.32    1.73934E-12
     8619.06    1.73061E-12
     8621.80    1.72292E-12
     8624.54    1.72776E-12
     8627.28    1.72938E-12
     8630.02    1.72860E-12
     8632.76    1.71563E-12
     8635.50    1.69555E-12
     8638.24    1.70364E-12
     8640.98    1.71346E-12
     8643.72    1.69505E-12
     8646.46    1.67471E-12
     8649.20    1.66001E-12
     8651.94    1.64111E-12
     8654.68    1.62008E-12
     8657.42    1.57055E-12
     8660.16    1.51473E-12
     8662.90    1.50277E-12
     8665.64    1.52856E-12
     8668.38    1.62374E-12
     8671.12    1.68415E-12
     8673.86    1.69057E-12
     8676.60    1.69419E-12
     8679.34    1.68790E-12
     8682.08    1.70350E-12
     8684.82    1.71596E-12
     8687.56    1.68184E-12
     8690.30    1.66515E-12
     8693.04    1.70384E-12
     8695.78    1.71317E-12
     8698.52    1.69367E-12
     8701.26    1.68587E-12
     8704.00    1.68205E-12
     8706.74    1.68831E-12
     8709.48    1.69355E-12
     8712.22    1.68724E-12
     8714.96    1.68008E-12
     8717.70    1.66991E-12
     8720.44    1.67185E-12
     8723.18    1.68279E-12
     8725.92    1.69547E-12
     8728.66    1.70568E-12
     8731.40    1.69798E-12
     8734.14    1.69052E-12
     8736.88    1.69177E-12
     8739.62    1.69077E-12
     8742.36    1.68801E-12
     8745.10    1.68219E-12
     8747.84    1.67328E-12
     8750.58    1.65568E-12
     8753.32    1.64053E-12
     8756.06    1.63839E-12
     8758.80    1.64360E-12
     8761.54    1.65956E-12
     8764.28    1.66887E-12
     8767.02    1.67427E-12
     8769.76    1.67577E-12
     8772.50    1.67427E-12
     8775.24    1.67166E-12
     8777.98    1.66699E-12
     8780.72    1.65753E-12
     8783.46    1.65390E-12
     8786.20    1.65636E-12
     8788.94    1.66409E-12
     8791.68    1.67552E-12
     8794.42    1.68192E-12
     8797.16    1.68141E-12
     8799.90    1.66704E-12
     8802.64    1.64816E-12
     8805.38    1.61838E-12
     8808.12    1.61585E-12
     8810.86    1.63721E-12
     8813.60    1.63445E-12
     8816.34    1.62554E-12
     8819.08    1.63165E-12
     8821.82    1.63581E-12
     8824.56    1.62411E-12
     8827.30    1.62732E-12
     8830.04    1.65318E-12
     8832.78    1.66424E-12
     8835.52    1.66764E-12
     8838.26    1.65418E-12
     8841.00    1.63993E-12
     8843.74    1.65142E-12
     8846.48    1.65338E-12
     8849.22    1.62936E-12
     8851.96    1.61881E-12
     8854.70    1.61858E-12
     8857.44    1.62232E-12
     8860.18    1.62859E-12
     8862.92    1.62771E-12
     8865.66    1.62703E-12
     8868.40    1.63056E-12
     8871.14    1.63491E-12
     8873.88    1.64013E-12
     8876.62    1.64583E-12
     8879.36    1.65173E-12
     8882.10    1.65216E-12
     8884.84    1.64879E-12
     8887.58    1.64068E-12
     8890.32    1.63248E-12
     8893.06    1.62486E-12
     8895.80    1.62108E-12
     8898.54    1.61993E-12
     8901.28    1.63387E-12
     8904.02    1.65463E-12
     8906.76    1.66026E-12
     8909.50    1.66270E-12
     8912.24    1.66788E-12
     8914.98    1.67078E-12
     8917.72    1.67394E-12
     8920.46    1.66216E-12
     8923.20    1.63930E-12
     8925.94    1.63223E-12
     8928.68    1.62575E-12
     8931.42    1.59581E-12
     8934.16    1.57790E-12
     8936.90    1.59486E-12
     8939.64    1.59718E-12
     8942.38    1.58153E-12
     8945.12    1.59611E-12
     8947.86    1.62355E-12
     8950.60    1.62765E-12
     8953.34    1.63032E-12
     8956.08    1.64948E-12
     8958.82    1.65808E-12
     8961.56    1.64813E-12
     8964.30    1.64089E-12
     8967.04    1.63329E-12
     8969.78    1.62838E-12
     8972.52    1.62575E-12
     8975.26    1.62834E-12
     8978.00    1.62831E-12
     8980.74    1.61643E-12
     8983.48    1.61767E-12
     8986.22    1.63341E-12
     8988.96    1.65528E-12
     8991.70    1.67959E-12
     8994.44    1.67302E-12
     8997.18    1.65335E-12
     8999.92    1.62547E-12
     9002.66    1.60607E-12
     9005.40    1.60427E-12
     9008.14    1.59508E-12
     9010.88    1.58125E-12
     9013.62    1.58004E-12
     9016.36    1.58358E-12
     9019.10    1.57851E-12
     9021.84    1.58123E-12
     9024.58    1.60802E-12
     9027.32    1.62047E-12
     9030.06    1.61401E-12
     9032.80    1.61143E-12
     9035.54    1.60891E-12
     9038.28    1.61222E-12
     9041.02    1.61618E-12
     9043.76    1.61396E-12
     9046.50    1.61482E-12
     9049.24    1.62405E-12
     9051.98    1.62591E-12
     9054.72    1.62166E-12
     9057.46    1.62023E-12
     9060.20    1.61615E-12
     9062.94    1.59467E-12
     9065.68    1.57471E-12
     9068.42    1.56261E-12
     9071.16    1.57131E-12
     9073.90    1.61574E-12
     9076.64    1.62173E-12
     9079.38    1.60720E-12
     9082.12    1.60048E-12
     9084.86    1.59302E-12
     9087.60    1.58035E-12
     9090.34    1.57205E-12
     9093.08    1.57088E-12
     9095.82    1.57646E-12
     9098.56    1.58940E-12
     9101.30    1.60434E-12
     9104.04    1.61693E-12
     9106.78    1.60079E-12
     9109.52    1.58517E-12
     9112.26    1.59223E-12
     9115.00    1.59844E-12
     9117.74    1.60085E-12
     9120.48    1.60717E-12
     9123.22    1.61571E-12
     9125.96    1.61764E-12
     9128.70    1.61564E-12
     9131.44    1.60736E-12
     9134.18    1.60396E-12
     9136.92    1.61783E-12
     9139.66    1.61163E-12
     9142.40    1.58318E-12
     9145.14    1.57039E-12
     9147.88    1.56539E-12
     9150.62    1.57387E-12
     9153.36    1.58145E-12
     9156.10    1.56835E-12
     9158.84    1.56927E-12
     9161.58    1.59972E-12
     9164.32    1.60477E-12
     9167.06    1.59375E-12
     9169.80    1.57655E-12
     9172.54    1.56258E-12
     9175.28    1.58233E-12
     9178.02    1.60202E-12
     9180.76    1.61429E-12
     9183.50    1.60195E-12
     9186.24    1.55512E-12
     9188.98    1.55566E-12
     9191.72    1.57705E-12
     9194.46    1.56999E-12
     9197.20    1.55978E-12
     9199.94    1.56470E-12
     9202.68    1.56029E-12
     9205.42    1.53402E-12
     9208.16    1.52850E-12
     9210.90    1.53795E-12
     9213.64    1.54455E-12
     9216.38    1.54963E-12
     9219.12    1.54377E-12
     9221.86    1.53950E-12
     9224.60    1.54651E-12
     9227.34    1.54561E-12
     9230.08    1.53235E-12
     9232.82    1.53312E-12
     9235.56    1.54314E-12
     9238.30    1.57781E-12
     9241.04    1.60460E-12
     9243.78    1.57403E-12
     9246.52    1.55297E-12
     9249.26    1.56107E-12
     9252.00    1.56488E-12
     9254.74    1.56788E-12
     9257.48    1.56469E-12
     9260.22    1.55842E-12
     9262.96    1.55376E-12
     9265.70    1.54877E-12
     9268.44    1.54120E-12
     9271.18    1.53875E-12
     9273.92    1.54612E-12
     9276.66    1.53728E-12
     9279.40    1.52028E-12
     9282.14    1.52155E-12
     9284.88    1.53018E-12
     9287.62    1.54558E-12
     9290.36    1.55047E-12
     9293.10    1.53075E-12
     9295.84    1.52657E-12
     9298.58    1.53555E-12
     9301.32    1.54163E-12
     9304.06    1.54568E-12
     9306.80    1.53455E-12
     9309.54    1.52694E-12
     9312.28    1.53925E-12
     9315.02    1.54784E-12
     9317.76    1.55057E-12
     9320.50    1.55044E-12
     9323.24    1.54771E-12
     9325.98    1.55134E-12
     9328.72    1.55671E-12
     9331.46    1.56146E-12
     9334.20    1.56160E-12
     9336.94    1.55231E-12
     9339.68    1.54766E-12
     9342.42    1.54805E-12
     9345.16    1.53835E-12
     9347.90    1.52566E-12
     9350.64    1.52652E-12
     9353.38    1.53060E-12
     9356.12    1.53572E-12
     9358.86    1.53195E-12
     9361.60    1.51007E-12
     9364.34    1.50944E-12
     9367.08    1.52200E-12
     9369.82    1.51249E-12
     9372.56    1.49815E-12
     9375.30    1.49641E-12
     9378.04    1.49731E-12
     9380.78    1.50014E-12
     9383.52    1.49888E-12
     9386.26    1.49094E-12
     9389.00    1.50149E-12
     9391.74    1.52056E-12
     9394.48    1.52639E-12
     9397.22    1.52656E-12
     9399.96    1.52037E-12
     9402.70    1.51695E-12
     9405.44    1.51974E-12
     9408.18    1.52005E-12
     9410.92    1.51909E-12
     9413.66    1.50835E-12
     9416.40    1.49789E-12
     9419.14    1.51215E-12
     9421.88    1.52067E-12
     9424.62    1.50474E-12
     9427.36    1.49452E-12
     9430.10    1.48879E-12
     9432.84    1.49696E-12
     9435.58    1.51212E-12
     9438.32    1.50147E-12
     9441.06    1.48815E-12
     9443.80    1.49113E-12
     9446.54    1.49646E-12
     9449.28    1.50577E-12
     9452.02    1.50311E-12
     9454.76    1.49017E-12
     9457.50    1.48662E-12
     9460.24    1.48593E-12
     9462.98    1.48187E-12
     9465.72    1.48059E-12
     9468.46    1.48896E-12
     9471.20    1.48895E-12
     9473.94    1.47752E-12
     9476.68    1.46871E-12
     9479.42    1.46071E-12
     9482.16    1.46428E-12
     9484.90    1.46871E-12
     9487.64    1.45777E-12
     9490.38    1.45619E-12
     9493.12    1.47932E-12
     9495.86    1.48072E-12
     9498.60    1.46226E-12
     9501.34    1.47533E-12
     9504.08    1.49738E-12
     9506.82    1.49185E-12
     9509.56    1.48241E-12
     9512.30    1.47673E-12
     9515.04    1.47967E-12
     9517.78    1.49667E-12
     9520.52    1.50368E-12
     9523.26    1.50514E-12
     9526.00    1.49158E-12
     9528.74    1.47447E-12
     9531.48    1.46919E-12
     9534.22    1.46537E-12
     9536.96    1.46148E-12
     9539.70    1.45630E-12
     9542.44    1.45030E-12
     9545.18    1.43774E-12
     9547.92    1.42522E-12
     9550.66    1.43803E-12
     9553.40    1.44961E-12
     9556.14    1.43531E-12
     9558.88    1.43381E-12
     9561.62    1.45768E-12
     9564.36    1.46080E-12
     9567.10    1.45242E-12
     9569.84    1.45493E-12
     9572.58    1.45709E-12
     9575.32    1.44264E-12
     9578.06    1.43697E-12
     9580.80    1.45845E-12
     9583.54    1.46216E-12
     9586.28    1.44683E-12
     9589.02    1.44113E-12
     9591.76    1.44023E-12
     9594.50    1.45376E-12
     9597.24    1.46600E-12
     9599.98    1.46065E-12
     9602.72    1.45659E-12
     9605.46    1.45648E-12
     9608.20    1.45716E-12
     9610.94    1.45888E-12
     9613.68    1.45944E-12
     9616.42    1.46280E-12
     9619.16    1.48628E-12
     9621.90    1.49143E-12
     9624.64    1.44524E-12
     9627.38    1.42216E-12
     9630.12    1.42314E-12
     9632.86    1.43460E-12
     9635.60    1.45302E-12
     9638.34    1.44094E-12
     9641.08    1.42618E-12
     9643.82    1.43611E-12
     9646.56    1.43462E-12
     9649.30    1.40496E-12
     9652.04    1.40046E-12
     9654.78    1.41440E-12
     9657.52    1.42298E-12
     9660.26    1.42707E-12
     9663.00    1.40870E-12
     9665.74    1.39582E-12
     9668.48    1.40779E-12
     9671.22    1.41520E-12
     9673.96    1.41718E-12
     9676.70    1.41720E-12
     9679.44    1.41520E-12
     9682.18    1.41477E-12
     9684.92    1.41182E-12
     9687.66    1.39588E-12
     9690.40    1.39280E-12
     9693.14    1.41464E-12
     9695.88    1.43216E-12
     9698.62    1.44810E-12
     9701.36    1.47409E-12
     9704.10    1.49844E-12
     9706.84    1.49306E-12
     9709.58    1.47506E-12
     9712.32    1.44392E-12
     9715.06    1.42500E-12
     9717.80    1.42406E-12
     9720.54    1.41583E-12
     9723.28    1.40667E-12
     9726.02    1.41553E-12
     9728.76    1.42668E-12
     9731.50    1.42314E-12
     9734.24    1.41494E-12
     9736.98    1.39735E-12
     9739.72    1.39872E-12
     9742.46    1.41894E-12
     9745.20    1.42363E-12
     9747.94    1.42379E-12
     9750.68    1.43310E-12
     9753.42    1.43933E-12
     9756.16    1.43572E-12
     9758.90    1.42499E-12
     9761.64    1.40018E-12
     9764.38    1.39580E-12
     9767.12    1.40377E-12
     9769.86    1.40768E-12
     9772.60    1.40953E-12
     9775.34    1.40173E-12
     9778.08    1.40057E-12
     9780.82    1.42070E-12
     9783.56    1.41940E-12
     9786.30    1.39360E-12
     9789.04    1.39999E-12
     9791.78    1.41914E-12
     9794.52    1.42140E-12
     9797.26    1.41976E-12
     9800.00    1.41730E-12
     9802.74    1.41805E-12
     9805.48    1.42721E-12
     9808.22    1.42262E-12
     9810.96    1.40855E-12
     9813.70    1.40224E-12
     9816.44    1.39466E-12
     9819.18    1.36747E-12
     9821.92    1.35542E-12
     9824.66    1.38410E-12
     9827.40    1.39815E-12
     9830.14    1.39460E-12
     9832.88    1.41259E-12
     9835.62    1.43764E-12
     9838.36    1.43058E-12
     9841.10    1.42331E-12
     9843.84    1.45216E-12
     9846.58    1.45569E-12
     9849.32    1.40433E-12
     9852.06    1.39696E-12
     9854.80    1.41967E-12
     9857.54    1.40819E-12
     9860.28    1.38905E-12
     9863.02    1.38888E-12
     9865.76    1.39544E-12
     9868.50    1.41108E-12
     9871.24    1.41639E-12
     9873.98    1.40949E-12
     9876.72    1.40264E-12
     9879.46    1.39343E-12
     9882.20    1.37872E-12
     9884.94    1.36763E-12
     9887.68    1.37419E-12
     9890.42    1.37935E-12
     9893.16    1.37987E-12
     9895.90    1.37530E-12
     9898.64    1.36577E-12
     9901.38    1.35667E-12
     9904.12    1.34603E-12
     9906.86    1.32338E-12
     9909.60    1.31831E-12
     9912.34    1.36436E-12
     9915.08    1.38806E-12
     9917.82    1.37478E-12
     9920.56    1.40010E-12
     9923.30    1.44171E-12
     9926.04    1.42706E-12
     9928.78    1.39948E-12
     9931.52    1.39492E-12
     9934.26    1.39396E-12
     9937.00    1.39607E-12
     9939.74    1.39371E-12
     9942.48    1.38818E-12
     9945.22    1.36916E-12
     9947.96    1.34900E-12
     9950.70    1.37006E-12
     9953.44    1.38405E-12
     9956.18    1.34722E-12
     9958.92    1.33570E-12
     9961.66    1.36527E-12
     9964.40    1.38012E-12
     9967.14    1.39080E-12
     9969.88    1.39905E-12
     9972.62    1.39864E-12
     9975.36    1.37101E-12
     9978.10    1.35357E-12
     9980.84    1.36487E-12
     9983.58    1.37176E-12
     9986.32    1.37743E-12
     9989.06    1.36457E-12
     9991.80    1.34857E-12
     9994.54    1.38265E-12
     9997.28    1.41685E-12
    10000.02    1.41130E-12
    10002.76    1.41420E-12
    10005.50    1.44200E-12
    10008.24    1.43251E-12
    10010.98    1.39840E-12
    10013.72    1.38126E-12
    10016.46    1.36898E-12
    10019.20    1.36293E-12
    10021.94    1.34691E-12
    10024.68    1.29910E-12
    10027.42    1.28701E-12
    10030.16    1.31637E-12
    10032.90    1.31075E-12
    10035.64    1.29522E-12
    10038.38    1.31720E-12
    10041.12    1.34058E-12
    10043.86    1.33851E-12
    10046.60    1.33391E-12
    10049.34    1.32999E-12
    10052.08    1.31941E-12
    10054.82    1.30330E-12
    10057.56    1.33167E-12
    10060.30    1.37063E-12
    10063.04    1.36798E-12
    10065.78    1.36169E-12
    10068.52    1.36880E-12
    10071.26    1.36270E-12
    10074.00    1.33779E-12
    10076.74    1.33647E-12
    10079.48    1.34624E-12
    10082.22    1.34069E-12
    10084.96    1.34500E-12
    10087.70    1.40168E-12
    10090.44    1.42019E-12
    10093.18    1.35617E-12
    10095.92    1.34195E-12
    10098.66    1.36199E-12
    10101.40    1.35156E-12
    10104.14    1.33568E-12
    10106.88    1.34113E-12
    10109.62    1.35370E-12
    10112.36    1.37708E-12
    10115.10    1.38087E-12
    10117.84    1.35992E-12
    10120.58    1.33835E-12
    10123.32    1.31476E-12
    10126.06    1.32111E-12
    10128.80    1.33217E-12
    10131.54    1.32213E-12
    10134.28    1.31293E-12
    10137.02    1.30696E-12
    10139.76    1.31125E-12
    10142.50    1.32690E-12
    10145.24    1.30785E-12
    10147.98    1.28156E-12
    10150.72    1.31029E-12
    10153.46    1.33244E-12
    10156.20    1.30083E-12
    10158.94    1.29196E-12
    10161.68    1.32062E-12
    10164.42    1.32898E-12
    10167.16    1.32737E-12
    10169.90    1.29529E-12
    10172.64    1.26684E-12
    10175.38    1.29419E-12
    10178.12    1.32862E-12
    10180.86    1.36766E-12
    10183.60    1.37549E-12
    10186.34    1.35210E-12
    10189.08    1.34024E-12
    10191.82    1.33008E-12
    10194.56    1.42803E-12
    10197.30    1.28474E-12
    10200.04    3.69217E-13
    10202.78   -1.47610E-13
    10205.52   -2.25160E-15
