#HD111980 G230LB+G430L+G750L Bohlin 20Sep2013
#HST GO12813 FILE WRITTEN BY STISREDUCE.PRO ON 20-Sep-2013 15:52:18.00
#2863
 1667.710327  4.9057E-14
 1669.080933  4.6667E-14
 1670.451416  4.0194E-14
 1671.822021  3.9181E-14
 1673.192627  4.7323E-14
 1674.563110  3.7469E-14
 1675.933716  4.3556E-14
 1677.304321  4.0615E-14
 1678.675049  3.4591E-14
 1680.045654  3.6176E-14
 1681.416260  4.6283E-14
 1682.786987  4.1345E-14
 1684.157715  3.8442E-14
 1685.528442  3.7022E-14
 1686.899170  2.8958E-14
 1688.269897  2.6783E-14
 1689.640625  2.3731E-14
 1691.011353  2.1745E-14
 1692.382080  2.7412E-14
 1693.752930  2.4696E-14
 1695.123779  2.4187E-14
 1696.494507  2.9605E-14
 1697.865356  2.8769E-14
 1699.236206  3.1982E-14
 1700.607056  2.8548E-14
 1701.978027  2.9614E-14
 1703.348877  3.1787E-14
 1704.719727  2.8362E-14
 1706.090698  3.1798E-14
 1707.461670  3.0482E-14
 1708.832520  2.1097E-14
 1710.203491  2.1689E-14
 1711.574463  2.6648E-14
 1712.945557  2.0354E-14
 1714.316528  2.3878E-14
 1715.687500  2.1967E-14
 1717.058594  1.5900E-14
 1718.429565  1.7056E-14
 1719.800659  2.0180E-14
 1721.171753  1.9994E-14
 1722.542847  2.1518E-14
 1723.913940  2.6267E-14
 1725.285034  2.4536E-14
 1726.656128  3.2105E-14
 1728.027344  2.3279E-14
 1729.398438  2.0227E-14
 1730.769653  2.8583E-14
 1732.140747  2.2871E-14
 1733.511963  1.9438E-14
 1734.883179  3.5845E-14
 1736.254395  2.4630E-14
 1737.625610  2.2469E-14
 1738.996948  1.9185E-14
 1740.368164  2.0277E-14
 1741.739502  1.8871E-14
 1743.110718  2.7375E-14
 1744.482056  2.2987E-14
 1745.853394  2.6024E-14
 1747.224731  2.6016E-14
 1748.596069  2.3612E-14
 1749.967407  2.4807E-14
 1751.338745  2.5337E-14
 1752.710083  1.8429E-14
 1754.081543  2.2676E-14
 1755.452881  2.9031E-14
 1756.824341  2.3105E-14
 1758.195801  2.3267E-14
 1759.567261  2.5667E-14
 1760.938721  2.5038E-14
 1762.310181  2.6728E-14
 1763.681641  3.0570E-14
 1765.053101  2.7348E-14
 1766.424561  2.6016E-14
 1767.796143  2.3376E-14
 1769.167725  2.7653E-14
 1770.539185  2.7235E-14
 1771.910767  2.4802E-14
 1773.282349  2.7183E-14
 1774.653931  2.8602E-14
 1776.025513  2.9835E-14
 1777.397095  3.0060E-14
 1778.768799  2.7900E-14
 1780.140381  3.2038E-14
 1781.512085  2.7690E-14
 1782.883667  2.7414E-14
 1784.255371  3.0952E-14
 1785.627075  3.0452E-14
 1786.998779  2.5002E-14
 1788.370483  2.8613E-14
 1789.742188  2.9323E-14
 1791.113892  2.5783E-14
 1792.485596  2.6410E-14
 1793.857422  2.9639E-14
 1795.229126  2.9780E-14
 1796.600952  2.8748E-14
 1797.972656  3.2465E-14
 1799.344482  3.3713E-14
 1800.716309  2.9400E-14
 1802.088135  3.4848E-14
 1803.459961  2.9004E-14
 1804.831787  3.2726E-14
 1806.203735  2.7454E-14
 1807.575562  2.6028E-14
 1808.947510  2.5983E-14
 1810.319336  2.9741E-14
 1811.691284  2.7254E-14
 1813.063232  2.9943E-14
 1814.435059  2.7094E-14
 1815.807007  3.0998E-14
 1817.178955  2.8401E-14
 1818.551025  3.0574E-14
 1819.922974  2.7181E-14
 1821.294922  3.1773E-14
 1822.666992  3.4474E-14
 1824.038940  3.3312E-14
 1825.411011  2.9094E-14
 1826.782959  3.4227E-14
 1828.155029  3.0189E-14
 1829.527100  3.3986E-14
 1830.899170  3.3595E-14
 1832.271240  3.9528E-14
 1833.643311  3.5239E-14
 1835.015503  3.3929E-14
 1836.387573  3.3790E-14
 1837.759644  3.7296E-14
 1839.131836  3.1848E-14
 1840.503906  2.5224E-14
 1841.876099  2.7388E-14
 1843.248291  2.8620E-14
 1844.620483  2.6235E-14
 1845.992676  2.1630E-14
 1847.364868  1.9062E-14
 1848.737061  2.0094E-14
 1850.109253  1.9199E-14
 1851.481567  2.4985E-14
 1852.853760  2.9154E-14
 1854.225952  3.5762E-14
 1855.598267  4.2502E-14
 1856.970581  3.7703E-14
 1858.342773  3.5521E-14
 1859.715088  3.4375E-14
 1861.087402  3.6247E-14
 1862.459717  4.4759E-14
 1863.832031  3.9630E-14
 1865.204468  3.8133E-14
 1866.576782  4.1304E-14
 1867.949097  4.8648E-14
 1869.321533  5.2820E-14
 1870.693848  5.1312E-14
 1872.066284  4.8749E-14
 1873.438599  4.4589E-14
 1874.811035  4.6872E-14
 1876.183472  4.4228E-14
 1877.555908  4.5369E-14
 1878.928345  4.9230E-14
 1880.300781  4.3363E-14
 1881.673218  5.1023E-14
 1883.045776  5.1581E-14
 1884.418213  5.4489E-14
 1885.790649  5.6762E-14
 1887.163208  5.0555E-14
 1888.535645  5.2647E-14
 1889.908203  5.4016E-14
 1891.280762  5.3344E-14
 1892.653320  5.3061E-14
 1894.025879  5.4363E-14
 1895.398438  5.3954E-14
 1896.770996  5.3892E-14
 1898.143555  4.9352E-14
 1899.516113  4.4495E-14
 1900.888672  4.2090E-14
 1902.261353  4.4990E-14
 1903.633911  5.8931E-14
 1905.006592  6.0718E-14
 1906.379150  6.2998E-14
 1907.751831  6.3355E-14
 1909.124512  6.0909E-14
 1910.497192  5.8787E-14
 1911.869873  6.3452E-14
 1913.242554  6.2887E-14
 1914.615234  6.8868E-14
 1915.987915  7.0629E-14
 1917.360596  7.2745E-14
 1918.733276  6.8733E-14
 1920.106079  7.1219E-14
 1921.478760  7.7716E-14
 1922.851562  7.4060E-14
 1924.224243  7.0513E-14
 1925.597046  6.7786E-14
 1926.969849  5.9656E-14
 1928.342529  6.1882E-14
 1929.715332  4.4817E-14
 1931.088135  3.2002E-14
 1932.460938  3.5679E-14
 1933.833740  3.9294E-14
 1935.206665  3.8903E-14
 1936.579468  3.6065E-14
 1937.952271  5.1323E-14
 1939.325195  6.4628E-14
 1940.697998  7.7046E-14
 1942.070923  9.1175E-14
 1943.443726  9.0649E-14
 1944.816650  8.8414E-14
 1946.189575  8.4835E-14
 1947.562378  8.9189E-14
 1948.935303  9.3464E-14
 1950.308228  9.0889E-14
 1951.681152  8.5837E-14
 1953.054077  8.1798E-14
 1954.427002  8.9299E-14
 1955.800049  8.2293E-14
 1957.172974  8.7351E-14
 1958.545898  8.5176E-14
 1959.918945  8.7422E-14
 1961.291870  8.4861E-14
 1962.664917  8.5182E-14
 1964.037842  8.6582E-14
 1965.410889  9.9555E-14
 1966.783936  1.0507E-13
 1968.156982  1.0853E-13
 1969.530029  1.0618E-13
 1970.903076  1.0180E-13
 1972.276123  9.9749E-14
 1973.649170  9.5228E-14
 1975.022217  9.3595E-14
 1976.395264  8.7947E-14
 1977.768311  7.9424E-14
 1979.141479  7.6963E-14
 1980.514526  8.1070E-14
 1981.887573  8.8682E-14
 1983.260742  8.4945E-14
 1984.633911  8.6886E-14
 1986.006958  8.0765E-14
 1987.380127  7.4883E-14
 1988.753296  6.7654E-14
 1990.126465  7.5421E-14
 1991.499512  8.7455E-14
 1992.872681  9.6169E-14
 1994.245850  9.7235E-14
 1995.619019  1.0063E-13
 1996.992310  9.8026E-14
 1998.365479  1.0366E-13
 1999.738647  1.0402E-13
 2001.111816  1.0700E-13
 2002.485107  1.1583E-13
 2003.858276  1.1234E-13
 2005.231567  1.1209E-13
 2006.604736  1.2473E-13
 2007.978027  1.1704E-13
 2009.351196  1.1931E-13
 2010.724487  1.1728E-13
 2012.097778  1.1527E-13
 2013.471069  1.2517E-13
 2014.844360  1.2916E-13
 2016.217651  1.2336E-13
 2017.590942  1.2849E-13
 2018.964233  1.3478E-13
 2020.337524  1.2839E-13
 2021.710815  1.2272E-13
 2023.084106  1.1961E-13
 2024.457520  1.1316E-13
 2025.830811  9.7315E-14
 2027.204102  9.5287E-14
 2028.577515  1.2506E-13
 2029.950806  1.3054E-13
 2031.324219  1.4593E-13
 2032.697510  1.4469E-13
 2034.070923  1.3363E-13
 2035.444336  1.3825E-13
 2036.817627  1.4769E-13
 2038.191040  1.4780E-13
 2039.564453  1.4032E-13
 2040.937866  1.3704E-13
 2042.311279  1.5368E-13
 2043.684692  1.6094E-13
 2045.058105  1.6360E-13
 2046.431519  1.6994E-13
 2047.804932  1.6936E-13
 2049.178467  1.6753E-13
 2050.551758  1.6932E-13
 2051.925293  1.6941E-13
 2053.298828  1.6837E-13
 2054.672119  1.6138E-13
 2056.045654  1.4096E-13
 2057.419189  1.3777E-13
 2058.792725  1.2962E-13
 2060.166260  1.4333E-13
 2061.539551  1.4215E-13
 2062.913086  1.3212E-13
 2064.286621  1.4943E-13
 2065.660156  1.5328E-13
 2067.033691  1.4856E-13
 2068.407227  1.6037E-13
 2069.780762  1.6816E-13
 2071.154297  1.7908E-13
 2072.527832  1.7933E-13
 2073.901367  1.8695E-13
 2075.274902  1.9197E-13
 2076.648438  2.0598E-13
 2078.021973  2.0754E-13
 2079.395508  1.9730E-13
 2080.769043  1.9559E-13
 2082.142822  1.9126E-13
 2083.516357  1.8547E-13
 2084.889893  1.8764E-13
 2086.263428  1.9110E-13
 2087.637207  2.0504E-13
 2089.010742  2.0639E-13
 2090.384277  2.0005E-13
 2091.757812  2.0391E-13
 2093.131592  2.1488E-13
 2094.505127  2.1340E-13
 2095.878906  2.1348E-13
 2097.252441  2.2061E-13
 2098.625977  2.2132E-13
 2099.999756  2.2034E-13
 2101.373291  2.1698E-13
 2102.747070  2.2312E-13
 2104.120605  2.0859E-13
 2105.494385  2.4004E-13
 2106.867920  2.5379E-13
 2108.241699  2.3618E-13
 2109.615234  2.0256E-13
 2110.989014  2.0990E-13
 2112.362793  2.2721E-13
 2113.736328  2.3035E-13
 2115.110107  2.2413E-13
 2116.483887  2.5008E-13
 2117.857422  2.7645E-13
 2119.231201  2.6481E-13
 2120.604980  2.8345E-13
 2121.978760  2.6012E-13
 2123.352295  2.0423E-13
 2124.726074  1.3759E-13
 2126.099854  1.7152E-13
 2127.473633  2.2794E-13
 2128.847412  2.3672E-13
 2130.220947  2.3221E-13
 2131.594727  2.1506E-13
 2132.968506  2.1263E-13
 2134.342285  2.0355E-13
 2135.716064  1.8197E-13
 2137.089844  2.0829E-13
 2138.463623  2.2882E-13
 2139.837402  2.1014E-13
 2141.211182  2.5160E-13
 2142.584961  2.7577E-13
 2143.958740  2.7611E-13
 2145.332520  2.8034E-13
 2146.706299  2.5752E-13
 2148.080078  2.4995E-13
 2149.453857  2.4970E-13
 2150.827637  2.5039E-13
 2152.201416  2.4081E-13
 2153.575195  2.6262E-13
 2154.949219  2.7432E-13
 2156.322998  2.6539E-13
 2157.696777  2.5419E-13
 2159.070557  2.2993E-13
 2160.444336  2.3403E-13
 2161.818115  2.6915E-13
 2163.192139  2.7319E-13
 2164.565918  2.5948E-13
 2165.939697  2.3501E-13
 2167.313477  2.0024E-13
 2168.687500  2.1948E-13
 2170.061279  2.2948E-13
 2171.435059  2.5415E-13
 2172.809082  2.5918E-13
 2174.182861  2.4314E-13
 2175.556641  2.2715E-13
 2176.930664  2.3253E-13
 2178.304443  2.3225E-13
 2179.678223  2.6373E-13
 2181.052246  3.0127E-13
 2182.426025  3.2727E-13
 2183.800049  3.2464E-13
 2185.173828  2.8965E-13
 2186.547852  2.9361E-13
 2187.921631  2.4681E-13
 2189.295410  2.7982E-13
 2190.669434  2.8974E-13
 2192.043213  2.9534E-13
 2193.417236  3.0873E-13
 2194.791016  3.3987E-13
 2196.165039  3.3998E-13
 2197.539062  3.2929E-13
 2198.912842  3.4627E-13
 2200.286865  3.3974E-13
 2201.660645  2.9049E-13
 2203.034668  3.2956E-13
 2204.408447  3.5493E-13
 2205.782471  3.3554E-13
 2207.156494  3.0244E-13
 2208.530273  2.6709E-13
 2209.904297  2.4632E-13
 2211.278076  2.0385E-13
 2212.652100  1.9731E-13
 2214.026123  2.6744E-13
 2215.399902  2.6989E-13
 2216.773926  2.5249E-13
 2218.147949  2.1892E-13
 2219.521973  2.4982E-13
 2220.895752  3.0168E-13
 2222.269775  3.1977E-13
 2223.643799  3.1203E-13
 2225.017578  3.0972E-13
 2226.391602  3.0845E-13
 2227.765625  3.0601E-13
 2229.139648  3.1295E-13
 2230.513428  3.3335E-13
 2231.887451  3.3349E-13
 2233.261475  3.6584E-13
 2234.635498  3.8103E-13
 2236.009277  3.7655E-13
 2237.383301  3.7494E-13
 2238.757324  3.7403E-13
 2240.131348  3.7615E-13
 2241.505371  3.6630E-13
 2242.879150  3.3909E-13
 2244.253174  3.1984E-13
 2245.627197  3.1749E-13
 2247.001221  3.5039E-13
 2248.375244  3.4906E-13
 2249.749268  3.1860E-13
 2251.123047  3.0324E-13
 2252.497070  3.0549E-13
 2253.871094  3.0958E-13
 2255.245117  2.9102E-13
 2256.619141  2.9970E-13
 2257.993164  3.1155E-13
 2259.367188  3.2441E-13
 2260.741211  2.9752E-13
 2262.115234  2.9167E-13
 2263.489014  3.1729E-13
 2264.863037  2.8729E-13
 2266.237061  2.7407E-13
 2267.611084  2.6205E-13
 2268.985107  2.5724E-13
 2270.359131  2.6194E-13
 2271.733154  2.7565E-13
 2273.107178  2.8505E-13
 2274.481201  2.8111E-13
 2275.855225  2.8069E-13
 2277.229248  2.8105E-13
 2278.603271  3.0469E-13
 2279.977295  3.0961E-13
 2281.351074  3.3574E-13
 2282.725098  3.7533E-13
 2284.099121  3.5097E-13
 2285.473145  3.5257E-13
 2286.847168  3.5228E-13
 2288.221191  3.0336E-13
 2289.595215  3.2572E-13
 2290.969238  3.1272E-13
 2292.343262  3.0799E-13
 2293.717285  3.2126E-13
 2295.091309  3.2143E-13
 2296.465332  3.2048E-13
 2297.839355  2.6627E-13
 2299.213379  2.4405E-13
 2300.587402  2.6867E-13
 2301.961426  2.8869E-13
 2303.335449  3.0315E-13
 2304.709473  2.9354E-13
 2306.083496  3.4988E-13
 2307.457520  3.7246E-13
 2308.831543  3.5723E-13
 2310.205566  3.4055E-13
 2311.579590  3.0413E-13
 2312.953613  2.7497E-13
 2314.327637  2.6104E-13
 2315.701660  3.0657E-13
 2317.075684  3.2158E-13
 2318.449707  3.2779E-13
 2319.823486  3.1962E-13
 2321.197510  2.9340E-13
 2322.571533  3.0922E-13
 2323.945557  3.5679E-13
 2325.319580  3.5430E-13
 2326.693604  2.8459E-13
 2328.067627  2.7735E-13
 2329.441650  2.9380E-13
 2330.815674  3.1109E-13
 2332.189697  2.4720E-13
 2333.563721  2.0304E-13
 2334.937744  2.3579E-13
 2336.311768  2.8991E-13
 2337.685791  2.7398E-13
 2339.059814  2.2432E-13
 2340.433838  2.1716E-13
 2341.807861  2.5359E-13
 2343.181885  2.3970E-13
 2344.555908  1.4732E-13
 2345.929932  1.3798E-13
 2347.303711  1.6595E-13
 2348.677734  1.6412E-13
 2350.051758  1.9915E-13
 2351.425781  2.7716E-13
 2352.799805  3.1409E-13
 2354.173828  3.2755E-13
 2355.547852  2.8915E-13
 2356.921875  2.9887E-13
 2358.295898  3.1941E-13
 2359.669922  2.6016E-13
 2361.043701  1.8057E-13
 2362.417725  2.2785E-13
 2363.791748  2.7094E-13
 2365.165771  2.4661E-13
 2366.539795  2.2247E-13
 2367.913818  2.3845E-13
 2369.287842  2.5967E-13
 2370.661621  2.8541E-13
 2372.035645  3.1722E-13
 2373.409668  2.7779E-13
 2374.783691  2.1715E-13
 2376.157715  2.3776E-13
 2377.531738  3.0097E-13
 2378.905518  2.9996E-13
 2380.279541  2.2437E-13
 2381.653564  1.5564E-13
 2383.027588  9.7750E-14
 2384.401367  1.1484E-13
 2385.775391  1.8604E-13
 2387.149414  2.5919E-13
 2388.523438  2.3421E-13
 2389.897217  1.8139E-13
 2391.271240  2.5935E-13
 2392.645264  2.9734E-13
 2394.019287  2.9800E-13
 2395.393066  2.2046E-13
 2396.767090  1.7347E-13
 2398.141113  1.7463E-13
 2399.514893  1.9377E-13
 2400.888916  1.8415E-13
 2402.262939  2.3188E-13
 2403.636719  2.4568E-13
 2405.010742  1.8855E-13
 2406.384766  1.2762E-13
 2407.758545  1.4180E-13
 2409.132568  2.0367E-13
 2410.506592  2.1787E-13
 2411.880371  1.4645E-13
 2413.254395  1.7481E-13
 2414.628174  1.9785E-13
 2416.002197  2.7158E-13
 2417.376221  3.0642E-13
 2418.750000  3.3192E-13
 2420.124023  3.5325E-13
 2421.497803  3.8385E-13
 2422.871826  4.1405E-13
 2424.245605  3.7295E-13
 2425.619629  3.3543E-13
 2426.993408  3.7266E-13
 2428.367432  4.0198E-13
 2429.741211  3.6149E-13
 2431.115234  3.7281E-13
 2432.489014  3.9390E-13
 2433.862793  3.5039E-13
 2435.236816  3.2942E-13
 2436.610596  2.8714E-13
 2437.984619  3.1543E-13
 2439.358398  3.3381E-13
 2440.732178  3.2605E-13
 2442.106201  3.7172E-13
 2443.479980  3.9914E-13
 2444.853760  3.6523E-13
 2446.227783  3.5284E-13
 2447.601562  3.4639E-13
 2448.975342  3.3204E-13
 2450.349365  3.2897E-13
 2451.723145  3.0155E-13
 2453.096924  2.9478E-13
 2454.470703  2.9457E-13
 2455.844727  3.1171E-13
 2457.218506  3.1397E-13
 2458.592285  3.2956E-13
 2459.966064  3.2836E-13
 2461.339844  3.0323E-13
 2462.713623  2.7275E-13
 2464.087646  2.5304E-13
 2465.461426  2.8837E-13
 2466.835205  3.0646E-13
 2468.208984  3.0852E-13
 2469.582764  3.2608E-13
 2470.956543  3.2742E-13
 2472.330322  3.3275E-13
 2473.704102  2.9760E-13
 2475.077881  3.3446E-13
 2476.451660  3.4534E-13
 2477.825439  3.2076E-13
 2479.199219  2.8653E-13
 2480.572998  2.4781E-13
 2481.946777  2.9278E-13
 2483.320557  2.4925E-13
 2484.694336  1.8326E-13
 2486.068115  2.2524E-13
 2487.441650  2.2483E-13
 2488.815430  2.1669E-13
 2490.189209  1.8411E-13
 2491.562988  1.5475E-13
 2492.936768  2.0032E-13
 2494.310303  2.7314E-13
 2495.684082  3.3969E-13
 2497.057861  3.6000E-13
 2498.431641  3.4890E-13
 2499.805176  3.5677E-13
 2501.178955  3.7119E-13
 2502.552734  3.0849E-13
 2503.926270  3.3447E-13
 2505.300049  3.3268E-13
 2506.673828  2.6789E-13
 2508.047363  1.8805E-13
 2509.421143  2.6179E-13
 2510.794678  3.1741E-13
 2512.168457  2.6671E-13
 2513.541992  2.4031E-13
 2514.915771  1.6634E-13
 2516.289307  1.0858E-13
 2517.663086  9.7915E-14
 2519.036621  1.1881E-13
 2520.410400  1.3208E-13
 2521.783936  1.9172E-13
 2523.157471  1.7654E-13
 2524.531250  1.2545E-13
 2525.904785  1.3223E-13
 2527.278320  1.4789E-13
 2528.652100  1.3128E-13
 2530.025635  1.2177E-13
 2531.399170  1.8926E-13
 2532.772705  2.4207E-13
 2534.146484  2.5558E-13
 2535.520020  2.4541E-13
 2536.893555  2.3857E-13
 2538.267090  2.4504E-13
 2539.640625  2.4986E-13
 2541.014160  2.6747E-13
 2542.387695  2.5648E-13
 2543.761230  2.8874E-13
 2545.134766  3.0523E-13
 2546.508301  2.8219E-13
 2547.881836  2.6903E-13
 2549.255371  2.6193E-13
 2550.628906  2.4441E-13
 2552.002441  3.2373E-13
 2553.375977  3.9619E-13
 2554.749512  3.8931E-13
 2556.123047  4.0519E-13
 2557.496582  3.9495E-13
 2558.869873  3.9724E-13
 2560.243408  4.3656E-13
 2561.616943  4.1327E-13
 2562.990479  3.6278E-13
 2564.363770  3.0207E-13
 2565.737305  3.8186E-13
 2567.110840  4.5146E-13
 2568.484131  4.4736E-13
 2569.857666  4.6818E-13
 2571.230957  4.9546E-13
 2572.604492  4.7827E-13
 2573.978027  4.9107E-13
 2575.351318  4.6146E-13
 2576.724609  3.9168E-13
 2578.098145  4.0136E-13
 2579.471436  4.6797E-13
 2580.844971  5.1809E-13
 2582.218262  5.2120E-13
 2583.591553  4.6884E-13
 2584.965088  4.2510E-13
 2586.338379  3.4943E-13
 2587.711670  3.6260E-13
 2589.085205  4.4925E-13
 2590.458496  5.2121E-13
 2591.831787  5.3434E-13
 2593.205078  4.8308E-13
 2594.578369  4.4988E-13
 2595.951660  4.5598E-13
 2597.324951  4.5082E-13
 2598.698242  3.1876E-13
 2600.071533  2.2065E-13
 2601.444824  2.3835E-13
 2602.818115  4.0314E-13
 2604.191406  4.5501E-13
 2605.564697  4.0255E-13
 2606.937988  3.1393E-13
 2608.311279  2.5349E-13
 2609.684570  3.3846E-13
 2611.057861  3.6616E-13
 2612.430908  2.7038E-13
 2613.804199  2.4335E-13
 2615.177490  2.6495E-13
 2616.550537  3.6921E-13
 2617.923828  3.9905E-13
 2619.297119  3.5923E-13
 2620.670166  4.4806E-13
 2622.043457  4.4039E-13
 2623.416504  4.4707E-13
 2624.789795  4.7740E-13
 2626.162842  4.1980E-13
 2627.536133  3.5396E-13
 2628.909180  3.4848E-13
 2630.282227  3.1472E-13
 2631.655518  2.7280E-13
 2633.028564  2.6606E-13
 2634.401611  4.2103E-13
 2635.774902  5.6148E-13
 2637.147949  6.0982E-13
 2638.520996  6.5823E-13
 2639.894043  7.0247E-13
 2641.267090  7.1013E-13
 2642.640137  7.1292E-13
 2644.013184  7.5491E-13
 2645.386230  7.4410E-13
 2646.759277  7.1437E-13
 2648.132324  6.9815E-13
 2649.505371  6.7699E-13
 2650.878418  6.8007E-13
 2652.251465  6.8371E-13
 2653.624512  6.8629E-13
 2654.997559  7.1759E-13
 2656.370361  7.6331E-13
 2657.743408  7.5429E-13
 2659.116455  7.3602E-13
 2660.489258  7.1444E-13
 2661.862305  7.0036E-13
 2663.235352  6.5498E-13
 2664.608154  6.2666E-13
 2665.981201  6.3472E-13
 2667.354004  6.2417E-13
 2668.727051  6.2593E-13
 2670.099854  6.2665E-13
 2671.472900  6.4472E-13
 2672.845703  6.4948E-13
 2674.218506  6.2265E-13
 2675.591309  7.1473E-13
 2676.964355  7.2761E-13
 2678.337158  6.7638E-13
 2679.709961  6.2300E-13
 2681.082764  6.3950E-13
 2682.455566  6.8487E-13
 2683.828369  7.0561E-13
 2685.201172  6.8703E-13
 2686.573975  6.8253E-13
 2687.946777  6.8634E-13
 2689.319580  6.5953E-13
 2690.692383  6.2829E-13
 2692.065186  6.2120E-13
 2693.437988  6.4399E-13
 2694.810791  6.4611E-13
 2696.183350  6.2780E-13
 2697.556152  6.0733E-13
 2698.928955  6.1536E-13
 2700.301514  6.5143E-13
 2701.674316  6.9007E-13
 2703.047119  6.6357E-13
 2704.419678  6.9037E-13
 2705.792480  7.1425E-13
 2707.165039  6.7388E-13
 2708.537598  6.4556E-13
 2709.910400  6.4414E-13
 2711.282959  6.4067E-13
 2712.655518  6.2994E-13
 2714.028320  6.4370E-13
 2715.400879  6.0817E-13
 2716.773438  5.6709E-13
 2718.145996  6.0818E-13
 2719.518555  5.5731E-13
 2720.891113  4.9260E-13
 2722.263672  5.1914E-13
 2723.636230  5.6571E-13
 2725.008789  5.6357E-13
 2726.381348  5.5020E-13
 2727.753906  5.6354E-13
 2729.126465  5.6680E-13
 2730.498779  6.4067E-13
 2731.871338  6.6181E-13
 2733.243896  6.2324E-13
 2734.616455  5.8217E-13
 2735.988770  5.5372E-13
 2737.361328  5.3039E-13
 2738.733643  4.5411E-13
 2740.106201  4.6361E-13
 2741.478516  4.4404E-13
 2742.851074  4.4763E-13
 2744.223389  3.8061E-13
 2745.595703  4.0061E-13
 2746.968262  4.3730E-13
 2748.340576  3.4644E-13
 2749.712891  3.8159E-13
 2751.085205  3.5176E-13
 2752.457520  4.3950E-13
 2753.829834  5.4298E-13
 2755.202148  5.0758E-13
 2756.574463  4.2302E-13
 2757.946777  3.9289E-13
 2759.319092  5.2899E-13
 2760.691406  6.2132E-13
 2762.063721  5.9736E-13
 2763.436035  5.4725E-13
 2764.808105  5.6056E-13
 2766.180420  6.0679E-13
 2767.552734  5.9905E-13
 2768.924805  5.7327E-13
 2770.297119  5.5256E-13
 2771.669189  5.8846E-13
 2773.041504  6.2151E-13
 2774.413574  6.0609E-13
 2775.785889  6.1183E-13
 2777.157959  5.6907E-13
 2778.530029  5.1048E-13
 2779.902100  4.5650E-13
 2781.274414  4.2032E-13
 2782.646484  4.1727E-13
 2784.018555  4.1745E-13
 2785.390625  3.9638E-13
 2786.762695  3.8944E-13
 2788.134766  3.6000E-13
 2789.506836  2.9464E-13
 2790.878906  2.2767E-13
 2792.250732  1.6617E-13
 2793.622803  1.2500E-13
 2794.994873  9.7099E-14
 2796.366943  7.7753E-14
 2797.738770  7.9311E-14
 2799.110840  7.7892E-14
 2800.482666  8.6257E-14
 2801.854736  9.1779E-14
 2803.226562  7.9929E-14
 2804.598633  8.3637E-14
 2805.970459  1.0873E-13
 2807.342285  1.3790E-13
 2808.714355  1.9019E-13
 2810.086182  2.5937E-13
 2811.458008  3.1785E-13
 2812.829834  3.4122E-13
 2814.201660  3.9205E-13
 2815.573486  4.5701E-13
 2816.945312  5.0979E-13
 2818.317139  5.1426E-13
 2819.688965  5.5208E-13
 2821.060791  5.8670E-13
 2822.432617  6.1523E-13
 2823.804199  6.3605E-13
 2825.176025  6.6480E-13
 2826.547852  6.5844E-13
 2827.919434  6.3423E-13
 2829.291260  6.6257E-13
 2830.662842  6.7165E-13
 2832.034668  6.8261E-13
 2833.406250  6.7965E-13
 2834.777832  6.8656E-13
 2836.149658  6.4999E-13
 2837.521240  5.9835E-13
 2838.892822  6.8820E-13
 2840.264404  6.7990E-13
 2841.635986  6.4196E-13
 2843.007568  6.6068E-13
 2844.379150  6.1940E-13
 2845.750732  6.1431E-13
 2847.122314  6.0457E-13
 2848.493896  5.7065E-13
 2849.865479  4.7162E-13
 2851.236816  3.4681E-13
 2852.608398  2.1716E-13
 2853.979980  1.6816E-13
 2855.351318  2.5772E-13
 2856.722900  3.9443E-13
 2858.094238  5.0059E-13
 2859.465820  5.8323E-13
 2860.837158  6.6960E-13
 2862.208496  7.2461E-13
 2863.579834  7.1116E-13
 2864.951416  7.2455E-13
 2866.322754  7.1539E-13
 2867.694092  6.9987E-13
 2869.065430  6.8550E-13
 2870.436768  6.6792E-13
 2871.808105  7.1966E-13
 2873.179443  7.7799E-13
 2874.550537  7.6851E-13
 2875.921875  7.3049E-13
 2877.293213  6.8516E-13
 2878.664551  6.7880E-13
 2880.035645  6.5855E-13
 2881.406982  5.6942E-13
 2882.778076  3.9526E-13
 2884.149414  4.8115E-13
 2885.520508  6.5237E-13
 2886.891602  7.4135E-13
 2888.262939  7.6813E-13
 2889.634033  7.5215E-13
 2891.005127  7.2606E-13
 2892.376221  7.2201E-13
 2893.747314  7.1157E-13
 2895.118408  7.0617E-13
 2896.489502  7.6398E-13
 2897.860596  8.1419E-13
 2899.231689  8.4021E-13
 2900.602783  8.6645E-13
 2901.973633  9.1792E-13
 2903.344727  8.8529E-13
 2904.715820  9.1934E-13
 2906.086670  9.3039E-13
 2907.457764  9.1610E-13
 2908.828613  8.8025E-13
 2910.199463  8.3530E-13
 2911.570557  8.2303E-13
 2912.941406  8.5384E-13
 2914.312256  9.0882E-13
 2915.683105  8.9222E-13
 2917.053955  8.6815E-13
 2918.424805  8.5024E-13
 2919.795654  8.3252E-13
 2921.166504  8.7300E-13
 2922.537354  8.7428E-13
 2923.908203  8.5910E-13
 2925.279053  7.9922E-13
 2926.649658  7.9551E-13
 2928.020508  7.8249E-13
 2929.391113  7.7884E-13
 2930.761963  7.9441E-13
 2932.132568  8.8994E-13
 2933.503418  9.2682E-13
 2934.874023  9.0777E-13
 2936.244629  9.0510E-13
 2937.615479  8.0269E-13
 2938.986084  7.6853E-13
 2940.356689  8.2020E-13
 2941.727295  8.5306E-13
 2943.097900  8.3463E-13
 2944.468506  9.0826E-13
 2945.838867  8.4894E-13
 2947.209473  8.8302E-13
 2948.580078  8.2648E-13
 2949.950684  7.8151E-13
 2951.321045  8.1939E-13
 2952.691650  8.8769E-13
 2954.062012  9.0145E-13
 2955.432617  8.1216E-13
 2956.802979  9.1754E-13
 2958.173340  9.0053E-13
 2959.543701  9.2338E-13
 2960.914307  9.2279E-13
 2962.284668  9.0929E-13
 2963.655029  9.4644E-13
 2965.025391  9.3710E-13
 2966.395752  8.2297E-13
 2967.765869  7.6715E-13
 2969.136230  7.9100E-13
 2970.506592  7.8593E-13
 2971.876953  7.4532E-13
 2973.247070  8.3821E-13
 2974.617432  8.3833E-13
 2975.987549  9.3948E-13
 2977.357910  9.1855E-13
 2978.728027  9.6033E-13
 2980.098145  9.7594E-13
 2981.468262  8.9174E-13
 2982.838623  8.3489E-13
 2984.208740  8.2224E-13
 2985.578857  7.3383E-13
 2986.948975  7.1736E-13
 2988.319092  7.7807E-13
 2989.688965  8.3369E-13
 2991.059082  9.2253E-13
 2992.429199  9.6609E-13
 2993.799316  9.3397E-13
 2995.169189  8.9420E-13
 2996.539307  8.5634E-13
 2997.909180  9.5326E-13
 2999.279053  9.7311E-13
 3000.649170  8.5989E-13
 3002.019043  7.7543E-13
 3003.388916  7.7468E-13
 3004.758789  7.7444E-13
 3006.128662  8.9283E-13
 3007.498535  9.3649E-13
 3008.868408  8.6498E-13
 3010.238281  8.5698E-13
 3011.608154  9.4635E-13
 3012.977783  9.6007E-13
 3014.347656  9.3489E-13
 3015.717529  9.1341E-13
 3017.087158  8.9534E-13
 3018.457031  8.5254E-13
 3019.826660  7.8938E-13
 3021.196289  7.4522E-13
 3022.566162  6.7633E-13
 3023.935791  9.0131E-13
 3025.305420  9.6956E-13
 3026.675049  9.3399E-13
 3028.044678  9.3086E-13
 3029.414307  1.0251E-12
 3030.783691  9.8733E-13
 3032.153320  9.3985E-13
 3033.522949  9.6520E-13
 3034.892578  1.0090E-12
 3036.261963  1.0304E-12
 3037.631592  1.0197E-12
 3039.000977  8.8995E-13
 3040.370361  9.5104E-13
 3041.739990  9.6302E-13
 3043.109375  9.1303E-13
 3044.478760  9.5078E-13
 3045.848145  9.9629E-13
 3047.217529  1.0081E-12
 3048.586914  9.4792E-13
 3049.956299  9.3659E-13
 3051.325684  1.0055E-12
 3052.694824  1.0410E-12
 3054.064209  1.0717E-12
 3055.433350  9.8787E-13
 3056.802734  9.8519E-13
 3058.171875  9.0947E-13
 3059.541260  8.1131E-13
 3060.910400  8.5271E-13
 3065.484131  8.4886E-13
 3068.230469  8.3665E-13
 3070.976807  8.9649E-13
 3073.723145  9.1029E-13
 3076.469482  9.2263E-13
 3079.216064  9.3098E-13
 3081.962402  9.3359E-13
 3084.708740  9.5210E-13
 3087.455322  9.2865E-13
 3090.201904  8.4438E-13
 3092.948242  8.0010E-13
 3095.694824  7.9855E-13
 3098.441406  7.9624E-13
 3101.187988  7.8827E-13
 3103.934570  8.7042E-13
 3106.681152  9.3865E-13
 3109.427734  1.0034E-12
 3112.174316  9.9577E-13
 3114.920898  9.9182E-13
 3117.667725  9.4770E-13
 3120.414307  8.9470E-13
 3123.161133  8.9342E-13
 3125.907715  9.1065E-13
 3128.654541  9.1579E-13
 3131.401123  9.0369E-13
 3134.147949  9.2484E-13
 3136.894775  9.6095E-13
 3139.641602  9.7833E-13
 3142.388428  9.4580E-13
 3145.135254  8.0834E-13
 3147.882080  8.7796E-13
 3150.628906  9.5745E-13
 3153.375732  9.7168E-13
 3156.122803  9.2650E-13
 3158.869629  8.3766E-13
 3161.616699  8.1689E-13
 3164.363525  8.7934E-13
 3167.110596  9.3079E-13
 3169.857422  9.7604E-13
 3172.604492  1.0373E-12
 3175.351562  1.0549E-12
 3178.098633  9.9243E-13
 3180.845703  8.7867E-13
 3183.592773  8.6428E-13
 3186.339844  9.2139E-13
 3189.086914  9.7317E-13
 3191.833984  9.5099E-13
 3194.581055  9.1759E-13
 3197.328125  9.6820E-13
 3200.075439  1.0350E-12
 3202.822510  1.0535E-12
 3205.569824  1.0845E-12
 3208.316895  1.0752E-12
 3211.064209  9.8677E-13
 3213.811523  9.4698E-13
 3216.558594  9.5984E-13
 3219.305908  1.0124E-12
 3222.053223  1.0314E-12
 3224.800537  9.9884E-13
 3227.547852  9.6192E-13
 3230.295166  9.1801E-13
 3233.042480  9.4070E-13
 3235.789795  9.2948E-13
 3238.537109  9.6041E-13
 3241.284668  1.0119E-12
 3244.031982  1.0464E-12
 3246.779297  1.0730E-12
 3249.526855  1.0256E-12
 3252.274170  1.0362E-12
 3255.021729  1.0806E-12
 3257.769287  1.1473E-12
 3260.516602  1.1840E-12
 3263.264160  1.1633E-12
 3266.011719  1.1610E-12
 3268.759277  1.1825E-12
 3271.506836  1.1682E-12
 3274.254395  1.1430E-12
 3277.001953  1.1327E-12
 3279.749512  1.1109E-12
 3282.497070  1.1365E-12
 3285.244629  1.1502E-12
 3287.992188  1.1293E-12
 3290.739990  1.1622E-12
 3293.487549  1.2329E-12
 3296.235107  1.2623E-12
 3298.982910  1.2565E-12
 3301.730469  1.2472E-12
 3304.478271  1.1884E-12
 3307.226074  1.1635E-12
 3309.973633  1.1920E-12
 3312.721436  1.2155E-12
 3315.469238  1.1915E-12
 3318.217041  1.2026E-12
 3320.964844  1.1976E-12
 3323.712646  1.1423E-12
 3326.460449  1.1650E-12
 3329.208252  1.1650E-12
 3331.956055  1.1678E-12
 3334.703857  1.1609E-12
 3337.451660  1.1263E-12
 3340.199463  1.1374E-12
 3342.947510  1.1417E-12
 3345.695312  1.1771E-12
 3348.443115  1.1499E-12
 3351.191162  1.0942E-12
 3353.938965  1.1683E-12
 3356.687012  1.1869E-12
 3359.435059  1.1533E-12
 3362.182861  1.0572E-12
 3364.930908  1.1295E-12
 3367.678955  1.1563E-12
 3370.426758  1.1071E-12
 3373.174805  1.0817E-12
 3375.922852  1.1363E-12
 3378.670898  1.1849E-12
 3381.418945  1.1023E-12
 3384.166992  1.1265E-12
 3386.915039  1.1810E-12
 3389.663086  1.1848E-12
 3392.411133  1.1822E-12
 3395.159424  1.1736E-12
 3397.907471  1.2183E-12
 3400.655518  1.2556E-12
 3403.403809  1.2456E-12
 3406.151855  1.1809E-12
 3408.899902  1.1698E-12
 3411.648193  1.1756E-12
 3414.396240  1.1686E-12
 3417.144531  1.1693E-12
 3419.892578  1.2362E-12
 3422.640869  1.2461E-12
 3425.389160  1.2135E-12
 3428.137207  1.2279E-12
 3430.885498  1.2749E-12
 3433.633789  1.2586E-12
 3436.382080  1.2517E-12
 3439.130371  1.1982E-12
 3441.878662  1.1086E-12
 3444.626953  1.0776E-12
 3447.375244  1.1517E-12
 3450.123535  1.2170E-12
 3452.871826  1.2246E-12
 3455.620117  1.2123E-12
 3458.368408  1.2313E-12
 3461.116699  1.1871E-12
 3463.865234  1.1867E-12
 3466.613525  1.2197E-12
 3469.361816  1.2346E-12
 3472.110352  1.2547E-12
 3474.858643  1.1877E-12
 3477.606934  1.1297E-12
 3480.355469  1.1881E-12
 3483.103760  1.2323E-12
 3485.852295  1.2326E-12
 3488.600586  1.2436E-12
 3491.349121  1.1942E-12
 3494.097656  1.1735E-12
 3496.845947  1.1695E-12
 3499.594482  1.1848E-12
 3502.343018  1.2341E-12
 3505.091553  1.2530E-12
 3507.839844  1.2406E-12
 3510.588379  1.2351E-12
 3513.336914  1.2004E-12
 3516.085449  1.1953E-12
 3518.833984  1.2349E-12
 3521.582520  1.2251E-12
 3524.331055  1.1728E-12
 3527.079590  1.1244E-12
 3529.828125  1.1843E-12
 3532.576660  1.2447E-12
 3535.325439  1.2596E-12
 3538.073975  1.2854E-12
 3540.822510  1.3089E-12
 3543.571045  1.3100E-12
 3546.319580  1.3302E-12
 3549.068359  1.3240E-12
 3551.816895  1.3201E-12
 3554.565430  1.2967E-12
 3557.314209  1.2821E-12
 3560.062744  1.2877E-12
 3562.811523  1.2925E-12
 3565.560059  1.2673E-12
 3568.308838  1.1714E-12
 3571.057373  1.1431E-12
 3573.806152  1.1412E-12
 3576.554688  1.1777E-12
 3579.303467  1.1898E-12
 3582.052246  1.1638E-12
 3584.800781  1.1267E-12
 3587.549561  1.0737E-12
 3590.298340  1.1078E-12
 3593.046875  1.2175E-12
 3595.795654  1.2624E-12
 3598.544434  1.2985E-12
 3601.293213  1.3104E-12
 3604.041992  1.2620E-12
 3606.790771  1.2172E-12
 3609.539307  1.2021E-12
 3612.288086  1.1940E-12
 3615.036865  1.2023E-12
 3617.785645  1.2293E-12
 3620.534424  1.1781E-12
 3623.283203  1.2073E-12
 3626.031982  1.2652E-12
 3628.780762  1.3183E-12
 3631.529541  1.2636E-12
 3634.278564  1.1688E-12
 3637.027344  1.2121E-12
 3639.776123  1.2691E-12
 3642.524902  1.3008E-12
 3645.273682  1.2353E-12
 3648.022461  1.2165E-12
 3650.771484  1.2227E-12
 3653.520264  1.2774E-12
 3656.269043  1.3260E-12
 3659.017822  1.3620E-12
 3661.766846  1.3716E-12
 3664.515625  1.3600E-12
 3667.264404  1.3417E-12
 3670.013428  1.3420E-12
 3672.762207  1.3326E-12
 3675.511230  1.3585E-12
 3678.260010  1.3136E-12
 3681.008789  1.2923E-12
 3683.757812  1.2940E-12
 3686.506592  1.2849E-12
 3689.255615  1.2710E-12
 3692.004395  1.3299E-12
 3694.753418  1.3784E-12
 3697.502197  1.3818E-12
 3700.251221  1.3860E-12
 3703.000244  1.4227E-12
 3705.749023  1.3099E-12
 3708.498047  1.2473E-12
 3711.246826  1.2861E-12
 3713.995850  1.3267E-12
 3716.744873  1.4283E-12
 3719.493652  1.4374E-12
 3722.242676  1.2626E-12
 3724.991699  1.2569E-12
 3727.740479  1.3893E-12
 3730.489502  1.4053E-12
 3733.238525  1.3284E-12
 3735.987549  1.1673E-12
 3738.736328  1.1666E-12
 3741.485352  1.3344E-12
 3744.234375  1.4299E-12
 3746.983398  1.3207E-12
 3749.732178  1.2006E-12
 3752.481201  1.2231E-12
 3755.230225  1.3612E-12
 3757.979248  1.5019E-12
 3760.728271  1.4201E-12
 3763.477295  1.4439E-12
 3766.226074  1.4913E-12
 3768.975098  1.4163E-12
 3771.724121  1.3178E-12
 3774.473145  1.3472E-12
 3777.222168  1.5032E-12
 3779.971191  1.6089E-12
 3782.720215  1.6821E-12
 3785.469238  1.6980E-12
 3788.218018  1.6347E-12
 3790.967041  1.5854E-12
 3793.716064  1.5466E-12
 3796.465088  1.4388E-12
 3799.214111  1.2845E-12
 3801.963135  1.3313E-12
 3804.712158  1.5394E-12
 3807.461182  1.6434E-12
 3810.210205  1.6484E-12
 3812.959229  1.6884E-12
 3815.708252  1.6067E-12
 3818.457275  1.5572E-12
 3821.206299  1.5974E-12
 3823.955322  1.5412E-12
 3826.704346  1.4818E-12
 3829.453369  1.3837E-12
 3832.202393  1.3025E-12
 3834.951416  1.1559E-12
 3837.700439  1.0810E-12
 3840.449463  1.1485E-12
 3843.198486  1.3425E-12
 3845.947510  1.5471E-12
 3848.696533  1.6559E-12
 3851.445557  1.7178E-12
 3854.194580  1.7287E-12
 3856.943604  1.7290E-12
 3859.692627  1.6630E-12
 3862.441650  1.6219E-12
 3865.190674  1.7411E-12
 3867.939697  1.7793E-12
 3870.688721  1.7701E-12
 3873.437744  1.6922E-12
 3876.186768  1.6130E-12
 3878.935791  1.6278E-12
 3881.684814  1.5984E-12
 3884.433838  1.6041E-12
 3887.182861  1.4701E-12
 3889.931885  1.2887E-12
 3892.680908  1.2580E-12
 3895.429932  1.4222E-12
 3898.178955  1.5164E-12
 3900.927979  1.5648E-12
 3903.677002  1.5882E-12
 3906.426025  1.5654E-12
 3909.175049  1.5908E-12
 3911.924072  1.6703E-12
 3914.673096  1.6824E-12
 3917.422119  1.6634E-12
 3920.171143  1.6163E-12
 3922.920166  1.5470E-12
 3925.669189  1.5085E-12
 3928.418213  1.4042E-12
 3931.166992  1.0835E-12
 3933.916016  7.1757E-13
 3936.665039  5.7232E-13
 3939.414062  8.3091E-13
 3942.163086  1.1987E-12
 3944.912109  1.3873E-12
 3947.661133  1.4907E-12
 3950.410156  1.5663E-12
 3953.159180  1.5981E-12
 3955.907959  1.6072E-12
 3958.656982  1.5886E-12
 3961.406006  1.5556E-12
 3964.155029  1.3716E-12
 3966.904053  1.1200E-12
 3969.653076  7.5711E-13
 3972.401855  7.1076E-13
 3975.150879  1.0453E-12
 3977.899902  1.3720E-12
 3980.648926  1.5639E-12
 3983.397705  1.6642E-12
 3986.146729  1.6979E-12
 3988.895752  1.7241E-12
 3991.644775  1.7740E-12
 3994.393555  1.8210E-12
 3997.142578  1.8011E-12
 3999.891602  1.7791E-12
 4002.640381  1.8242E-12
 4005.389404  1.8387E-12
 4008.138428  1.7847E-12
 4010.887207  1.8342E-12
 4013.636230  1.8740E-12
 4016.385010  1.8736E-12
 4019.134033  1.8737E-12
 4021.883057  1.8896E-12
 4024.631836  1.8888E-12
 4027.380859  1.8827E-12
 4030.129639  1.8685E-12
 4032.878662  1.8056E-12
 4035.627441  1.7945E-12
 4038.376465  1.8544E-12
 4041.125244  1.9104E-12
 4043.874268  1.8723E-12
 4046.623047  1.8033E-12
 4049.371826  1.8042E-12
 4052.120850  1.8644E-12
 4054.869629  1.8772E-12
 4057.618408  1.8440E-12
 4060.367432  1.8284E-12
 4063.116211  1.8527E-12
 4065.864990  1.7889E-12
 4068.614014  1.7965E-12
 4071.362793  1.8475E-12
 4074.111572  1.8278E-12
 4076.860352  1.8132E-12
 4079.609131  1.7696E-12
 4082.358154  1.8003E-12
 4085.106934  1.8406E-12
 4087.855713  1.8347E-12
 4090.604492  1.8724E-12
 4093.353271  1.8616E-12
 4096.102051  1.7997E-12
 4098.851074  1.7230E-12
 4101.599609  1.5543E-12
 4104.348633  1.3775E-12
 4107.097168  1.5427E-12
 4109.845703  1.7008E-12
 4112.594727  1.7749E-12
 4115.343262  1.8350E-12
 4118.092285  1.8798E-12
 4120.840820  1.8522E-12
 4123.589844  1.8445E-12
 4126.338379  1.8668E-12
 4129.086914  1.8769E-12
 4131.835938  1.8750E-12
 4134.584473  1.8471E-12
 4137.333008  1.8610E-12
 4140.082031  1.9222E-12
 4142.830566  1.9337E-12
 4145.579102  1.8659E-12
 4148.328125  1.8881E-12
 4151.076660  1.8963E-12
 4153.825195  1.8774E-12
 4156.573730  1.8564E-12
 4159.322754  1.8591E-12
 4162.071289  1.8873E-12
 4164.819824  1.9079E-12
 4167.568359  1.9180E-12
 4170.316895  1.8961E-12
 4173.065918  1.8556E-12
 4175.814453  1.7929E-12
 4178.562988  1.8165E-12
 4181.311523  1.8332E-12
 4184.060059  1.8531E-12
 4186.808594  1.8453E-12
 4189.557129  1.8341E-12
 4192.305664  1.8476E-12
 4195.054199  1.8796E-12
 4197.802734  1.8581E-12
 4200.551270  1.8149E-12
 4203.299805  1.8061E-12
 4206.048340  1.8305E-12
 4208.796875  1.8483E-12
 4211.545410  1.8639E-12
 4214.293945  1.8702E-12
 4217.042480  1.8494E-12
 4219.791016  1.8331E-12
 4222.539551  1.8475E-12
 4225.288086  1.8183E-12
 4228.036133  1.7136E-12
 4230.784668  1.7191E-12
 4233.533203  1.8328E-12
 4236.281738  1.8182E-12
 4239.030273  1.8020E-12
 4241.778320  1.8187E-12
 4244.526855  1.8372E-12
 4247.275391  1.8378E-12
 4250.023438  1.7910E-12
 4252.771973  1.7866E-12
 4255.520508  1.8225E-12
 4258.268555  1.8262E-12
 4261.017090  1.8303E-12
 4263.765625  1.7963E-12
 4266.513672  1.8481E-12
 4269.262207  1.8429E-12
 4272.010254  1.7888E-12
 4274.758789  1.7296E-12
 4277.506836  1.7573E-12
 4280.255371  1.8141E-12
 4283.003418  1.7825E-12
 4285.751953  1.7584E-12
 4288.500000  1.7264E-12
 4291.248047  1.6786E-12
 4293.996582  1.6592E-12
 4296.744629  1.6681E-12
 4299.493164  1.6250E-12
 4302.241211  1.5080E-12
 4304.989258  1.4712E-12
 4307.737305  1.4923E-12
 4310.485840  1.4675E-12
 4313.233887  1.4906E-12
 4315.981934  1.6033E-12
 4318.729980  1.7405E-12
 4321.478027  1.8117E-12
 4324.226562  1.7677E-12
 4326.974609  1.6767E-12
 4329.722656  1.6922E-12
 4332.470703  1.7708E-12
 4335.218750  1.7772E-12
 4337.966797  1.6979E-12
 4340.714844  1.5044E-12
 4343.462891  1.3567E-12
 4346.210938  1.5084E-12
 4348.958984  1.6813E-12
 4351.707031  1.7555E-12
 4354.455078  1.7163E-12
 4357.202637  1.7581E-12
 4359.950684  1.8056E-12
 4362.698730  1.8249E-12
 4365.446777  1.8643E-12
 4368.194824  1.8585E-12
 4370.942383  1.8244E-12
 4373.690430  1.8164E-12
 4376.438477  1.7972E-12
 4379.186035  1.7962E-12
 4381.934082  1.8266E-12
 4384.682129  1.7776E-12
 4387.429688  1.7076E-12
 4390.177734  1.7687E-12
 4392.925293  1.8111E-12
 4395.673340  1.8181E-12
 4398.420898  1.8074E-12
 4401.168945  1.8136E-12
 4403.916504  1.8075E-12
 4406.664551  1.8177E-12
 4409.412109  1.8260E-12
 4412.159668  1.8474E-12
 4414.907715  1.8841E-12
 4417.655273  1.8548E-12
 4420.402832  1.8494E-12
 4423.150879  1.8788E-12
 4425.898438  1.8857E-12
 4428.645996  1.8872E-12
 4431.393555  1.8860E-12
 4434.141113  1.8878E-12
 4436.888672  1.8641E-12
 4439.636230  1.8755E-12
 4442.384277  1.9038E-12
 4445.131836  1.8583E-12
 4447.879395  1.8596E-12
 4450.626953  1.8663E-12
 4453.374512  1.8791E-12
 4456.121582  1.8475E-12
 4458.869141  1.8091E-12
 4461.616699  1.8358E-12
 4464.364258  1.8417E-12
 4467.111816  1.8638E-12
 4469.859375  1.8567E-12
 4472.606445  1.8535E-12
 4475.354004  1.8902E-12
 4478.101562  1.9049E-12
 4480.848633  1.9154E-12
 4483.596191  1.8669E-12
 4486.343750  1.8626E-12
 4489.090820  1.9031E-12
 4491.838379  1.8877E-12
 4494.585449  1.8836E-12
 4497.333008  1.8934E-12
 4500.080078  1.9036E-12
 4502.827637  1.9092E-12
 4505.574707  1.9264E-12
 4508.321777  1.9470E-12
 4511.069336  1.9479E-12
 4513.816406  1.9471E-12
 4516.563477  1.9174E-12
 4519.310547  1.9084E-12
 4522.058105  1.9002E-12
 4524.805176  1.8704E-12
 4527.552246  1.8620E-12
 4530.299316  1.8379E-12
 4533.046387  1.8262E-12
 4535.793457  1.8216E-12
 4538.540527  1.8338E-12
 4541.287598  1.8843E-12
 4544.034668  1.9078E-12
 4546.781738  1.8942E-12
 4549.528809  1.8655E-12
 4552.275879  1.8372E-12
 4555.022461  1.8337E-12
 4557.769531  1.8383E-12
 4560.516602  1.8787E-12
 4563.263672  1.8978E-12
 4566.010254  1.9055E-12
 4568.757324  1.9208E-12
 4571.504395  1.9104E-12
 4574.250977  1.8859E-12
 4576.998047  1.9051E-12
 4579.744629  1.9105E-12
 4582.491699  1.8834E-12
 4585.238281  1.8654E-12
 4587.984863  1.8614E-12
 4590.731934  1.8865E-12
 4593.478516  1.8798E-12
 4596.225098  1.8831E-12
 4598.972168  1.8973E-12
 4601.718750  1.8967E-12
 4604.465332  1.8901E-12
 4607.211914  1.8933E-12
 4609.958496  1.8995E-12
 4612.705078  1.9125E-12
 4615.451660  1.9109E-12
 4618.198242  1.9017E-12
 4620.944824  1.8993E-12
 4623.691406  1.9036E-12
 4626.437988  1.9195E-12
 4629.184570  1.9093E-12
 4631.931152  1.9058E-12
 4634.677734  1.9044E-12
 4637.423828  1.9000E-12
 4640.170410  1.8988E-12
 4642.916992  1.9125E-12
 4645.663574  1.8973E-12
 4648.409668  1.8909E-12
 4651.156250  1.8736E-12
 4653.902344  1.8785E-12
 4656.648926  1.8762E-12
 4659.395020  1.8742E-12
 4662.141602  1.8980E-12
 4664.887695  1.9113E-12
 4667.633789  1.8941E-12
 4670.380371  1.8502E-12
 4673.126465  1.8677E-12
 4675.872559  1.8878E-12
 4678.618652  1.9000E-12
 4681.364746  1.8930E-12
 4684.110840  1.8817E-12
 4686.856934  1.8895E-12
 4689.603027  1.9012E-12
 4692.349121  1.8988E-12
 4695.095215  1.9071E-12
 4697.841309  1.9091E-12
 4700.587402  1.9091E-12
 4703.333496  1.8798E-12
 4706.079590  1.8425E-12
 4708.825195  1.8406E-12
 4711.571289  1.8518E-12
 4714.317383  1.8704E-12
 4717.062988  1.8809E-12
 4719.809082  1.8845E-12
 4722.555176  1.8924E-12
 4725.300781  1.8898E-12
 4728.046875  1.8815E-12
 4730.792480  1.8825E-12
 4733.538086  1.8731E-12
 4736.284180  1.8672E-12
 4739.029785  1.8681E-12
 4741.775391  1.8741E-12
 4744.520996  1.8879E-12
 4747.267090  1.8927E-12
 4750.012695  1.8909E-12
 4752.758301  1.8910E-12
 4755.503906  1.8850E-12
 4758.249512  1.8720E-12
 4760.995117  1.8703E-12
 4763.740723  1.8614E-12
 4766.485840  1.8545E-12
 4769.231445  1.8620E-12
 4771.977051  1.8690E-12
 4774.722656  1.8595E-12
 4777.467773  1.8685E-12
 4780.213379  1.8772E-12
 4782.958984  1.8741E-12
 4785.704102  1.8656E-12
 4788.449707  1.8483E-12
 4791.194824  1.8482E-12
 4793.940430  1.8470E-12
 4796.685547  1.8696E-12
 4799.430664  1.8750E-12
 4802.176270  1.8511E-12
 4804.921387  1.8524E-12
 4807.666504  1.8506E-12
 4810.411621  1.8490E-12
 4813.156738  1.8516E-12
 4815.901855  1.8546E-12
 4818.646973  1.8539E-12
 4821.392090  1.8576E-12
 4824.137207  1.8480E-12
 4826.882324  1.8374E-12
 4829.627441  1.8479E-12
 4832.372559  1.8508E-12
 4835.117188  1.8394E-12
 4837.862305  1.8362E-12
 4840.607422  1.8337E-12
 4843.352051  1.8205E-12
 4846.097168  1.8116E-12
 4848.841797  1.7978E-12
 4851.586914  1.7935E-12
 4854.331543  1.7778E-12
 4857.076660  1.7241E-12
 4859.821289  1.6211E-12
 4862.565918  1.4428E-12
 4865.310547  1.3636E-12
 4868.055664  1.5262E-12
 4870.800293  1.6670E-12
 4873.544922  1.6992E-12
 4876.289551  1.7135E-12
 4879.034180  1.7372E-12
 4881.778809  1.7640E-12
 4884.522949  1.7866E-12
 4887.267578  1.7775E-12
 4890.012207  1.7787E-12
 4892.756836  1.7629E-12
 4895.500977  1.7784E-12
 4898.245605  1.8169E-12
 4900.990234  1.8261E-12
 4903.734375  1.8225E-12
 4906.479004  1.8123E-12
 4909.223145  1.8190E-12
 4911.967285  1.8083E-12
 4914.711914  1.8033E-12
 4917.456055  1.8111E-12
 4920.200195  1.7872E-12
 4922.944336  1.7514E-12
 4925.688965  1.7577E-12
 4928.433105  1.7796E-12
 4931.177246  1.8141E-12
 4933.921387  1.8071E-12
 4936.665527  1.7801E-12
 4939.409180  1.7814E-12
 4942.153320  1.7834E-12
 4944.897461  1.8070E-12
 4947.641602  1.8273E-12
 4950.385254  1.8333E-12
 4953.129395  1.8329E-12
 4955.873535  1.8210E-12
 4958.617188  1.8022E-12
 4961.361328  1.7736E-12
 4964.104980  1.8083E-12
 4966.848633  1.8225E-12
 4969.592773  1.8147E-12
 4972.336426  1.8198E-12
 4975.080078  1.8189E-12
 4977.823730  1.8260E-12
 4980.567383  1.8129E-12
 4983.311035  1.7875E-12
 4986.054688  1.7646E-12
 4988.798340  1.7626E-12
 4991.541992  1.7853E-12
 4994.285645  1.7920E-12
 4997.029297  1.7963E-12
 4999.772461  1.8060E-12
 5002.516113  1.7855E-12
 5005.259766  1.7669E-12
 5008.002930  1.7599E-12
 5010.746582  1.7591E-12
 5013.489746  1.7654E-12
 5016.232910  1.7338E-12
 5018.976562  1.7417E-12
 5021.719727  1.7527E-12
 5024.462891  1.7689E-12
 5027.206055  1.7797E-12
 5029.949219  1.7879E-12
 5032.692383  1.7803E-12
 5035.435547  1.7935E-12
 5038.178711  1.7788E-12
 5040.921875  1.7561E-12
 5043.665039  1.7305E-12
 5046.408203  1.7546E-12
 5049.151367  1.7902E-12
 5051.894043  1.7865E-12
 5054.637207  1.7736E-12
 5057.379883  1.7994E-12
 5060.123047  1.7999E-12
 5062.865723  1.8055E-12
 5065.608887  1.8078E-12
 5068.351562  1.7855E-12
 5071.094238  1.7782E-12
 5073.836914  1.7816E-12
 5076.579590  1.7757E-12
 5079.322266  1.7647E-12
 5082.064941  1.7425E-12
 5084.807617  1.7344E-12
 5087.550293  1.7590E-12
 5090.292969  1.7784E-12
 5093.035645  1.7931E-12
 5095.778320  1.7803E-12
 5098.520508  1.7771E-12
 5101.263184  1.7600E-12
 5104.005371  1.7642E-12
 5106.748047  1.7775E-12
 5109.490234  1.7669E-12
 5112.232910  1.7536E-12
 5114.975098  1.7677E-12
 5117.717285  1.7782E-12
 5120.459961  1.7798E-12
 5123.202148  1.7818E-12
 5125.944336  1.7616E-12
 5128.686523  1.7462E-12
 5131.428711  1.7442E-12
 5134.170898  1.7505E-12
 5136.912598  1.7482E-12
 5139.654785  1.7318E-12
 5142.396973  1.7132E-12
 5145.138672  1.7182E-12
 5147.880859  1.7344E-12
 5150.623047  1.7419E-12
 5153.364746  1.7411E-12
 5156.106445  1.7395E-12
 5158.848633  1.7549E-12
 5161.590332  1.7651E-12
 5164.332031  1.7414E-12
 5167.073730  1.7106E-12
 5169.815430  1.6158E-12
 5172.557129  1.5729E-12
 5175.298828  1.5657E-12
 5178.040527  1.6414E-12
 5180.782227  1.7150E-12
 5183.523926  1.6978E-12
 5186.265625  1.6297E-12
 5189.006836  1.6257E-12
 5191.748535  1.6734E-12
 5194.489746  1.6797E-12
 5197.231445  1.6846E-12
 5199.972656  1.7002E-12
 5202.714355  1.7063E-12
 5205.455566  1.7024E-12
 5208.196777  1.6821E-12
 5210.937988  1.6865E-12
 5213.679199  1.7110E-12
 5216.420410  1.7290E-12
 5219.161621  1.7248E-12
 5221.902832  1.7380E-12
 5224.644043  1.7457E-12
 5227.385254  1.7201E-12
 5230.125977  1.6800E-12
 5232.867188  1.6885E-12
 5235.607910  1.7104E-12
 5238.349121  1.7150E-12
 5241.089844  1.7412E-12
 5243.831055  1.7412E-12
 5246.571777  1.7399E-12
 5249.312500  1.7368E-12
 5252.053223  1.7318E-12
 5254.793945  1.7276E-12
 5257.534668  1.7348E-12
 5260.275391  1.7382E-12
 5263.016113  1.7205E-12
 5265.756836  1.6700E-12
 5268.497559  1.6325E-12
 5271.238281  1.6314E-12
 5273.978516  1.6346E-12
 5276.719238  1.6737E-12
 5279.459473  1.7020E-12
 5282.200195  1.7147E-12
 5284.940430  1.7043E-12
 5287.680664  1.7112E-12
 5290.420898  1.7351E-12
 5293.161621  1.7461E-12
 5295.901855  1.7390E-12
 5298.642090  1.7325E-12
 5301.382324  1.7096E-12
 5304.122070  1.7161E-12
 5306.862305  1.7251E-12
 5309.602539  1.7345E-12
 5312.342773  1.7360E-12
 5315.082520  1.7310E-12
 5317.822754  1.7235E-12
 5320.562500  1.7107E-12
 5323.302734  1.7173E-12
 5326.042480  1.6992E-12
 5328.782227  1.6783E-12
 5331.521973  1.6564E-12
 5334.262207  1.6862E-12
 5337.001953  1.6989E-12
 5339.741699  1.7024E-12
 5342.480957  1.6867E-12
 5345.220703  1.6937E-12
 5347.960449  1.6988E-12
 5350.700195  1.7048E-12
 5353.439453  1.7097E-12
 5356.179199  1.7115E-12
 5358.918457  1.7322E-12
 5361.658203  1.7295E-12
 5364.397461  1.7172E-12
 5367.136719  1.7000E-12
 5369.875977  1.6762E-12
 5372.615723  1.6613E-12
 5375.354980  1.6724E-12
 5378.094238  1.7038E-12
 5380.833496  1.7115E-12
 5383.572266  1.6992E-12
 5386.311523  1.6933E-12
 5389.050781  1.7037E-12
 5391.789551  1.7011E-12
 5394.528809  1.6901E-12
 5397.267578  1.6801E-12
 5400.006836  1.6618E-12
 5402.745605  1.6595E-12
 5405.484375  1.6634E-12
 5408.223633  1.6489E-12
 5410.962402  1.6607E-12
 5413.701172  1.6661E-12
 5416.439941  1.6830E-12
 5419.178223  1.6862E-12
 5421.916992  1.6880E-12
 5424.655762  1.6854E-12
 5427.394531  1.6801E-12
 5430.132812  1.6770E-12
 5432.871582  1.6617E-12
 5435.609863  1.6617E-12
 5438.348145  1.6730E-12
 5441.086914  1.6897E-12
 5443.825195  1.6943E-12
 5446.563477  1.6854E-12
 5449.301758  1.6603E-12
 5454.190918  1.6746E-12
 5459.062012  1.6654E-12
 5463.933594  1.6723E-12
 5468.805176  1.6694E-12
 5473.676270  1.6807E-12
 5478.547852  1.6712E-12
 5483.419434  1.6668E-12
 5488.291504  1.6747E-12
 5493.163086  1.6763E-12
 5498.034668  1.6771E-12
 5502.906738  1.6745E-12
 5507.778809  1.6599E-12
 5512.650391  1.6632E-12
 5517.522461  1.6693E-12
 5522.394531  1.6866E-12
 5527.266602  1.6690E-12
 5532.138672  1.6440E-12
 5537.011230  1.6603E-12
 5541.883301  1.6532E-12
 5546.755859  1.6711E-12
 5551.627930  1.6686E-12
 5556.500488  1.6603E-12
 5561.373047  1.6609E-12
 5566.245605  1.6538E-12
 5571.118164  1.6461E-12
 5575.990723  1.6310E-12
 5580.863281  1.6389E-12
 5585.736328  1.6476E-12
 5590.608887  1.6238E-12
 5595.481934  1.6071E-12
 5600.354980  1.6153E-12
 5605.228027  1.6107E-12
 5610.101074  1.6361E-12
 5614.974121  1.6291E-12
 5619.847168  1.6096E-12
 5624.720215  1.6285E-12
 5629.593262  1.6311E-12
 5634.466797  1.6336E-12
 5639.339844  1.6263E-12
 5644.213379  1.6269E-12
 5649.086914  1.6286E-12
 5653.960449  1.6302E-12
 5658.833984  1.6173E-12
 5663.707520  1.6104E-12
 5668.581055  1.6161E-12
 5673.454590  1.6202E-12
 5678.328613  1.6060E-12
 5683.202148  1.6177E-12
 5688.076172  1.6087E-12
 5692.950195  1.6073E-12
 5697.824219  1.6090E-12
 5702.698242  1.6127E-12
 5707.572266  1.6023E-12
 5712.446289  1.5878E-12
 5717.320312  1.6026E-12
 5722.194336  1.6094E-12
 5727.068848  1.6110E-12
 5731.942871  1.6115E-12
 5736.817383  1.6076E-12
 5741.691895  1.6079E-12
 5746.566406  1.6103E-12
 5751.440918  1.6090E-12
 5756.315430  1.5936E-12
 5761.189941  1.5908E-12
 5766.064453  1.5951E-12
 5770.938965  1.6005E-12
 5775.813965  1.6037E-12
 5780.688477  1.6127E-12
 5785.563477  1.5932E-12
 5790.438477  1.5862E-12
 5795.313477  1.5835E-12
 5800.188477  1.5869E-12
 5805.063477  1.5875E-12
 5809.938477  1.5835E-12
 5814.813477  1.5878E-12
 5819.688477  1.5886E-12
 5824.563965  1.5835E-12
 5829.438965  1.5802E-12
 5834.314453  1.5776E-12
 5839.189941  1.5788E-12
 5844.064941  1.5802E-12
 5848.940430  1.5732E-12
 5853.815918  1.5554E-12
 5858.691895  1.5376E-12
 5863.567383  1.5449E-12
 5868.442871  1.5564E-12
 5873.318359  1.5668E-12
 5878.194336  1.5638E-12
 5883.070312  1.5553E-12
 5887.945801  1.5488E-12
 5892.821777  1.5096E-12
 5897.697754  1.5099E-12
 5902.573730  1.5232E-12
 5907.449707  1.5446E-12
 5912.325684  1.5609E-12
 5917.201660  1.5420E-12
 5922.078125  1.5529E-12
 5926.954102  1.5363E-12
 5931.830566  1.5483E-12
 5936.706543  1.5459E-12
 5941.583008  1.5505E-12
 5946.459473  1.5427E-12
 5951.335938  1.5456E-12
 5956.211914  1.5469E-12
 5961.088867  1.5359E-12
 5965.965332  1.5414E-12
 5970.841797  1.5414E-12
 5975.718262  1.5420E-12
 5980.595215  1.5284E-12
 5985.471680  1.5293E-12
 5990.348633  1.5274E-12
 5995.225586  1.5259E-12
 6000.102051  1.5321E-12
 6004.979004  1.5168E-12
 6009.855957  1.5214E-12
 6014.732910  1.5176E-12
 6019.609863  1.5159E-12
 6024.487305  1.5134E-12
 6029.364258  1.5085E-12
 6034.241211  1.5127E-12
 6039.118652  1.5184E-12
 6043.995605  1.5347E-12
 6048.873047  1.5207E-12
 6053.750488  1.5115E-12
 6058.627930  1.5078E-12
 6063.505371  1.5022E-12
 6068.382812  1.4996E-12
 6073.260254  1.5019E-12
 6078.137695  1.4991E-12
 6083.015137  1.5003E-12
 6087.892578  1.4946E-12
 6092.770508  1.4968E-12
 6097.647949  1.4947E-12
 6102.525879  1.4973E-12
 6107.403809  1.4938E-12
 6112.281250  1.4913E-12
 6117.159180  1.4897E-12
 6122.037109  1.4861E-12
 6126.915039  1.4620E-12
 6131.792969  1.4833E-12
 6136.670898  1.4694E-12
 6141.549316  1.4590E-12
 6146.427246  1.4599E-12
 6151.305664  1.4633E-12
 6156.183594  1.4662E-12
 6161.062012  1.4645E-12
 6165.939941  1.4454E-12
 6170.818359  1.4466E-12
 6175.696777  1.4609E-12
 6180.575195  1.4686E-12
 6185.453613  1.4694E-12
 6190.332031  1.4671E-12
 6195.210449  1.4679E-12
 6200.088867  1.4634E-12
 6204.967773  1.4658E-12
 6209.846191  1.4646E-12
 6214.724609  1.4614E-12
 6219.603516  1.4551E-12
 6224.482422  1.4499E-12
 6229.360840  1.4530E-12
 6234.239746  1.4470E-12
 6239.118652  1.4472E-12
 6243.997559  1.4432E-12
 6248.876465  1.4388E-12
 6253.755371  1.4329E-12
 6258.634277  1.4333E-12
 6263.513184  1.4356E-12
 6268.392578  1.4338E-12
 6273.271484  1.4356E-12
 6278.150879  1.4436E-12
 6283.029785  1.4446E-12
 6287.909180  1.4396E-12
 6292.788086  1.4394E-12
 6297.667480  1.4393E-12
 6302.546875  1.4268E-12
 6307.426270  1.4186E-12
 6312.305664  1.4222E-12
 6317.185059  1.4160E-12
 6322.064453  1.4071E-12
 6326.943848  1.4049E-12
 6331.823730  1.4004E-12
 6336.703125  1.3998E-12
 6341.583008  1.4058E-12
 6346.462402  1.4056E-12
 6351.342285  1.4105E-12
 6356.221680  1.4093E-12
 6361.101562  1.4173E-12
 6365.981445  1.4096E-12
 6370.861328  1.4080E-12
 6375.741211  1.4093E-12
 6380.621094  1.4174E-12
 6385.500977  1.4090E-12
 6390.380859  1.4154E-12
 6395.260742  1.3962E-12
 6400.140625  1.3978E-12
 6405.020996  1.3918E-12
 6409.900879  1.3869E-12
 6414.781250  1.3828E-12
 6419.661133  1.3845E-12
 6424.541504  1.3828E-12
 6429.421875  1.3879E-12
 6434.301758  1.3857E-12
 6439.182129  1.3786E-12
 6444.062500  1.3714E-12
 6448.942871  1.3748E-12
 6453.823242  1.3732E-12
 6458.703613  1.3724E-12
 6463.583984  1.3681E-12
 6468.464844  1.3676E-12
 6473.345215  1.3729E-12
 6478.225586  1.3655E-12
 6483.106445  1.3654E-12
 6487.986816  1.3715E-12
 6492.867676  1.3581E-12
 6497.748535  1.3472E-12
 6502.628906  1.3422E-12
 6507.509766  1.3631E-12
 6512.390625  1.3616E-12
 6517.271484  1.3687E-12
 6522.152344  1.3592E-12
 6527.033203  1.3587E-12
 6531.914062  1.3571E-12
 6536.794922  1.3543E-12
 6541.675781  1.3544E-12
 6546.556641  1.3376E-12
 6551.437988  1.3150E-12
 6556.318848  1.2756E-12
 6561.200195  1.2260E-12
 6566.081055  1.1338E-12
 6570.962402  1.1549E-12
 6575.843262  1.2535E-12
 6580.724609  1.2943E-12
 6585.605957  1.3165E-12
 6590.487305  1.3330E-12
 6595.368652  1.3273E-12
 6600.250000  1.3337E-12
 6605.131348  1.3374E-12
 6610.012695  1.3407E-12
 6614.894043  1.3358E-12
 6619.775391  1.3420E-12
 6624.656738  1.3339E-12
 6629.538574  1.3365E-12
 6634.419922  1.3323E-12
 6639.301758  1.3271E-12
 6644.183105  1.3317E-12
 6649.064941  1.3325E-12
 6653.946289  1.3315E-12
 6658.828125  1.3303E-12
 6663.709961  1.3272E-12
 6668.591309  1.3248E-12
 6673.473145  1.3254E-12
 6678.354980  1.3308E-12
 6683.236816  1.3125E-12
 6688.118652  1.3180E-12
 6693.000488  1.3216E-12
 6697.882324  1.3199E-12
 6702.764160  1.3249E-12
 6707.646484  1.3168E-12
 6712.528320  1.3102E-12
 6717.410156  1.3096E-12
 6722.292480  1.3065E-12
 6727.174316  1.3137E-12
 6732.056641  1.3100E-12
 6736.938477  1.3102E-12
 6741.820801  1.3162E-12
 6746.702637  1.3146E-12
 6751.584961  1.3050E-12
 6756.467285  1.3018E-12
 6761.349609  1.2968E-12
 6766.231934  1.3052E-12
 6771.114258  1.3036E-12
 6775.996582  1.2974E-12
 6780.878906  1.2995E-12
 6785.761230  1.2966E-12
 6790.643555  1.3019E-12
 6795.525879  1.2928E-12
 6800.408203  1.2919E-12
 6805.291016  1.2844E-12
 6810.173340  1.2940E-12
 6815.055664  1.2929E-12
 6819.938477  1.2876E-12
 6824.820801  1.2852E-12
 6829.703613  1.2945E-12
 6834.585938  1.2876E-12
 6839.468750  1.2862E-12
 6844.351562  1.2793E-12
 6849.233887  1.2775E-12
 6854.116699  1.2829E-12
 6858.999512  1.2656E-12
 6863.882324  1.2698E-12
 6868.765137  1.2651E-12
 6873.647949  1.2673E-12
 6878.530762  1.2734E-12
 6883.413574  1.2649E-12
 6888.296387  1.2700E-12
 6893.179199  1.2783E-12
 6898.062012  1.2747E-12
 6902.945312  1.2587E-12
 6907.828125  1.2599E-12
 6912.710938  1.2574E-12
 6917.594238  1.2647E-12
 6922.477051  1.2550E-12
 6927.360352  1.2554E-12
 6932.243164  1.2600E-12
 6937.126465  1.2510E-12
 6942.009277  1.2579E-12
 6946.892578  1.2550E-12
 6951.775879  1.2478E-12
 6956.658691  1.2474E-12
 6961.541992  1.2451E-12
 6966.425293  1.2476E-12
 6971.308594  1.2476E-12
 6976.191895  1.2434E-12
 6981.075195  1.2439E-12
 6985.958496  1.2383E-12
 6990.841797  1.2387E-12
 6995.725098  1.2370E-12
 7000.608398  1.2427E-12
 7005.491699  1.2325E-12
 7010.375000  1.2260E-12
 7015.258789  1.2297E-12
 7020.142090  1.2227E-12
 7025.025391  1.2275E-12
 7029.909180  1.2271E-12
 7034.792480  1.2268E-12
 7039.675781  1.2161E-12
 7044.559570  1.2221E-12
 7049.442871  1.2178E-12
 7054.326660  1.2198E-12
 7059.210449  1.2193E-12
 7064.093750  1.2219E-12
 7068.977539  1.2143E-12
 7073.861328  1.2160E-12
 7078.744629  1.2119E-12
 7083.628418  1.2141E-12
 7088.512207  1.2092E-12
 7093.395996  1.2089E-12
 7098.279785  1.2107E-12
 7103.163574  1.2110E-12
 7108.047363  1.2097E-12
 7112.931152  1.2058E-12
 7117.814941  1.1962E-12
 7122.698730  1.1958E-12
 7127.582520  1.1983E-12
 7132.466309  1.1923E-12
 7137.350098  1.1938E-12
 7142.234375  1.1998E-12
 7147.118164  1.1964E-12
 7152.001953  1.1922E-12
 7156.885742  1.1884E-12
 7161.770020  1.1881E-12
 7166.653809  1.1844E-12
 7171.538086  1.1827E-12
 7176.421875  1.1876E-12
 7181.306152  1.1813E-12
 7186.189941  1.1802E-12
 7191.074219  1.1810E-12
 7195.958008  1.1776E-12
 7200.842285  1.1769E-12
 7205.726074  1.1719E-12
 7210.610352  1.1709E-12
 7215.494629  1.1789E-12
 7220.378906  1.1739E-12
 7225.262695  1.1802E-12
 7230.146973  1.1713E-12
 7235.031250  1.1768E-12
 7239.915527  1.1674E-12
 7244.799805  1.1732E-12
 7249.684082  1.1714E-12
 7254.568359  1.1693E-12
 7259.452637  1.1609E-12
 7264.336914  1.1654E-12
 7269.221191  1.1682E-12
 7274.105469  1.1689E-12
 7278.989746  1.1594E-12
 7283.874023  1.1585E-12
 7288.758301  1.1542E-12
 7293.642578  1.1544E-12
 7298.527344  1.1483E-12
 7303.411621  1.1457E-12
 7308.295898  1.1441E-12
 7313.180176  1.1509E-12
 7318.064941  1.1508E-12
 7322.949219  1.1522E-12
 7327.833496  1.1416E-12
 7332.718262  1.1420E-12
 7337.602539  1.1456E-12
 7342.487305  1.1485E-12
 7347.371582  1.1440E-12
 7352.255859  1.1506E-12
 7357.140625  1.1395E-12
 7362.025391  1.1373E-12
 7366.909668  1.1322E-12
 7371.794434  1.1397E-12
 7376.678711  1.1340E-12
 7381.563477  1.1324E-12
 7386.448242  1.1346E-12
 7391.332520  1.1234E-12
 7396.217285  1.1254E-12
 7401.102051  1.1257E-12
 7405.986328  1.1241E-12
 7410.871094  1.1126E-12
 7415.755859  1.1157E-12
 7420.640625  1.1172E-12
 7425.525391  1.1163E-12
 7430.409668  1.1123E-12
 7435.294434  1.1160E-12
 7440.179199  1.1154E-12
 7445.063965  1.1201E-12
 7449.948730  1.1156E-12
 7454.833496  1.1188E-12
 7459.718262  1.1185E-12
 7464.603027  1.1138E-12
 7469.487793  1.1120E-12
 7474.372559  1.1101E-12
 7479.257324  1.1122E-12
 7484.142090  1.1065E-12
 7489.026855  1.1091E-12
 7493.911621  1.1090E-12
 7498.796387  1.0999E-12
 7503.681152  1.1012E-12
 7508.566406  1.0991E-12
 7513.451172  1.1001E-12
 7518.335938  1.1015E-12
 7523.220703  1.1006E-12
 7528.105469  1.0917E-12
 7532.990723  1.0910E-12
 7537.875488  1.0951E-12
 7542.760254  1.0986E-12
 7547.645020  1.0949E-12
 7552.530273  1.0876E-12
 7557.415039  1.0954E-12
 7562.299805  1.0943E-12
 7567.185059  1.0951E-12
 7572.069824  1.0862E-12
 7576.954590  1.0877E-12
 7581.839844  1.0818E-12
 7586.724609  1.0812E-12
 7591.609375  1.0730E-12
 7596.494629  1.0799E-12
 7601.379395  1.0784E-12
 7606.264648  1.0811E-12
 7611.149414  1.0809E-12
 7616.034668  1.0782E-12
 7620.919434  1.0764E-12
 7625.804688  1.0775E-12
 7630.689453  1.0720E-12
 7635.574707  1.0768E-12
 7640.459473  1.0714E-12
 7645.344727  1.0691E-12
 7650.229492  1.0699E-12
 7655.114746  1.0708E-12
 7659.999512  1.0573E-12
 7664.884766  1.0534E-12
 7669.769531  1.0560E-12
 7674.654785  1.0571E-12
 7679.540039  1.0623E-12
 7684.424805  1.0629E-12
 7689.310059  1.0587E-12
 7694.194824  1.0598E-12
 7699.080078  1.0477E-12
 7703.965332  1.0428E-12
 7708.850098  1.0515E-12
 7713.735352  1.0456E-12
 7718.620605  1.0519E-12
 7723.505371  1.0598E-12
 7728.390625  1.0556E-12
 7733.275879  1.0604E-12
 7738.160645  1.0548E-12
 7743.045898  1.0470E-12
 7747.931152  1.0418E-12
 7752.815918  1.0337E-12
 7757.701172  1.0440E-12
 7762.586426  1.0470E-12
 7767.471680  1.0441E-12
 7772.356445  1.0412E-12
 7777.241699  1.0391E-12
 7782.126953  1.0333E-12
 7787.011719  1.0373E-12
 7791.896973  1.0391E-12
 7796.782227  1.0322E-12
 7801.667480  1.0295E-12
 7806.552246  1.0348E-12
 7811.437500  1.0363E-12
 7816.322754  1.0332E-12
 7821.208008  1.0294E-12
 7826.092773  1.0339E-12
 7830.978027  1.0306E-12
 7835.863281  1.0273E-12
 7840.748535  1.0249E-12
 7845.633301  1.0240E-12
 7850.518555  1.0193E-12
 7855.403809  1.0239E-12
 7860.289062  1.0309E-12
 7865.173828  1.0275E-12
 7870.059082  1.0192E-12
 7874.944336  1.0233E-12
 7879.829590  1.0170E-12
 7884.714355  1.0239E-12
 7889.599609  1.0243E-12
 7894.484863  1.0317E-12
 7899.370117  1.0191E-12
 7904.254883  1.0195E-12
 7909.140137  1.0085E-12
 7914.025391  1.0007E-12
 7918.910645  1.0022E-12
 7923.795410  1.0027E-12
 7928.680664  1.0023E-12
 7933.565918  9.9263E-13
 7938.451172  9.9633E-13
 7943.335938  9.9017E-13
 7948.221191  9.9524E-13
 7953.106445  9.9213E-13
 7957.991211  9.9402E-13
 7962.876465  1.0022E-12
 7967.761719  1.0050E-12
 7972.646973  1.0054E-12
 7977.531738  1.0125E-12
 7982.416992  1.0098E-12
 7987.302246  9.9896E-13
 7992.187012  9.9615E-13
 7997.072266  9.8652E-13
 8001.957520  9.8432E-13
 8006.842285  9.8935E-13
 8011.727539  9.9548E-13
 8016.612305  9.9628E-13
 8021.497559  9.9398E-13
 8026.382812  9.9749E-13
 8031.267578  9.9574E-13
 8036.152832  9.7975E-13
 8041.038086  9.8292E-13
 8045.922852  9.8149E-13
 8050.808105  9.7933E-13
 8055.692871  9.8054E-13
 8060.578125  9.7987E-13
 8065.462891  9.8046E-13
 8070.348145  9.8095E-13
 8075.232910  9.7662E-13
 8080.118164  9.7008E-13
 8085.002930  9.6714E-13
 8089.888184  9.7068E-13
 8094.772949  9.6597E-13
 8099.658203  9.6541E-13
 8104.542969  9.6933E-13
 8109.428223  9.6797E-13
 8114.312988  9.7275E-13
 8119.198242  9.7187E-13
 8124.083008  9.6664E-13
 8128.968262  9.6864E-13
 8133.853027  9.7203E-13
 8138.737793  9.6439E-13
 8143.623047  9.5843E-13
 8148.507812  9.6586E-13
 8153.392578  9.5979E-13
 8158.277832  9.5954E-13
 8163.162598  9.5820E-13
 8168.047363  9.5961E-13
 8172.932617  9.5707E-13
 8177.817383  9.5692E-13
 8182.702148  9.4992E-13
 8187.586914  9.4167E-13
 8192.471680  9.4372E-13
 8197.356445  9.4442E-13
 8202.241211  9.4353E-13
 8207.126953  9.3756E-13
 8212.011719  9.3989E-13
 8216.896484  9.3762E-13
 8221.781250  9.3754E-13
 8226.666016  9.4311E-13
 8231.550781  9.4867E-13
 8236.435547  9.3894E-13
 8241.320312  9.4595E-13
 8246.205078  9.4035E-13
 8251.089844  9.4205E-13
 8255.974609  9.3923E-13
 8260.859375  9.3886E-13
 8265.744141  9.3328E-13
 8270.628906  9.3683E-13
 8275.513672  9.3370E-13
 8280.398438  9.3576E-13
 8285.283203  9.3347E-13
 8290.167969  9.3142E-13
 8295.051758  9.3135E-13
 8299.936523  9.2976E-13
 8304.821289  9.2565E-13
 8309.706055  9.2646E-13
 8314.590820  9.2584E-13
 8319.475586  9.2509E-13
 8324.360352  9.2096E-13
 8329.245117  9.1922E-13
 8334.128906  9.1841E-13
 8339.013672  9.1506E-13
 8343.898438  9.1432E-13
 8348.783203  9.1553E-13
 8353.667969  9.1511E-13
 8358.551758  9.1401E-13
 8363.436523  9.0926E-13
 8368.321289  9.0761E-13
 8373.206055  9.0649E-13
 8378.089844  9.1491E-13
 8382.974609  9.0990E-13
 8387.859375  9.1522E-13
 8392.743164  9.0845E-13
 8397.627930  9.1106E-13
 8402.512695  9.0877E-13
 8407.396484  9.0366E-13
 8412.281250  9.1013E-13
 8417.166016  9.0900E-13
 8422.049805  9.0604E-13
 8426.934570  9.0324E-13
 8431.818359  9.0683E-13
 8436.703125  9.0395E-13
 8441.586914  8.9512E-13
 8446.471680  8.9270E-13
 8451.356445  8.8961E-13
 8456.240234  8.9346E-13
 8461.125000  8.9762E-13
 8466.008789  9.0253E-13
 8470.892578  8.9926E-13
 8475.777344  8.8880E-13
 8480.661133  8.9188E-13
 8485.545898  8.9245E-13
 8490.429688  8.9065E-13
 8495.314453  8.8235E-13
 8500.198242  8.6759E-13
 8505.082031  8.4509E-13
 8509.966797  8.6531E-13
 8514.850586  8.7034E-13
 8519.734375  8.7375E-13
 8524.619141  8.7924E-13
 8529.502930  8.7463E-13
 8534.386719  8.5981E-13
 8539.270508  8.5320E-13
 8544.155273  8.1418E-13
 8549.039062  7.7565E-13
 8553.922852  8.1886E-13
 8558.806641  8.5820E-13
 8563.690430  8.6063E-13
 8568.574219  8.8206E-13
 8573.458984  8.8079E-13
 8578.342773  8.8918E-13
 8583.226562  8.7759E-13
 8588.110352  8.7030E-13
 8592.994141  8.6756E-13
 8597.877930  8.6812E-13
 8602.761719  8.6760E-13
 8607.645508  8.6328E-13
 8612.529297  8.6334E-13
 8617.413086  8.6199E-13
 8622.296875  8.6744E-13
 8627.180664  8.6902E-13
 8632.064453  8.6712E-13
 8636.948242  8.6627E-13
 8641.832031  8.6844E-13
 8646.714844  8.6641E-13
 8651.598633  8.5716E-13
 8656.482422  8.4055E-13
 8661.366211  8.3643E-13
 8666.250000  7.9145E-13
 8671.132812  7.7910E-13
 8676.016602  8.1473E-13
 8680.900391  8.3234E-13
 8685.784180  8.4472E-13
 8690.666992  8.5111E-13
 8695.550781  8.4729E-13
 8700.434570  8.4954E-13
 8705.317383  8.5670E-13
 8710.201172  8.5102E-13
 8715.083984  8.5029E-13
 8719.967773  8.4656E-13
 8724.851562  8.4854E-13
 8729.734375  8.4615E-13
 8734.618164  8.4569E-13
 8739.500977  8.4494E-13
 8744.383789  8.4114E-13
 8749.267578  8.3549E-13
 8754.150391  8.3622E-13
 8759.034180  8.3396E-13
 8763.916992  8.4025E-13
 8768.799805  8.4392E-13
 8773.683594  8.4075E-13
 8778.566406  8.4576E-13
 8783.449219  8.3890E-13
 8788.333008  8.3689E-13
 8793.215820  8.3167E-13
 8798.098633  8.3192E-13
 8802.981445  8.3209E-13
 8807.864258  8.2882E-13
 8812.748047  8.3222E-13
 8817.630859  8.3219E-13
 8822.513672  8.3193E-13
 8827.396484  8.2463E-13
 8832.279297  8.2298E-13
 8837.162109  8.3013E-13
 8842.044922  8.2785E-13
 8846.927734  8.3422E-13
 8851.810547  8.2963E-13
 8856.693359  8.2175E-13
 8861.576172  8.1574E-13
 8866.458984  8.0890E-13
 8871.341797  8.0378E-13
 8876.223633  8.1974E-13
 8881.106445  8.2554E-13
 8885.989258  8.2226E-13
 8890.872070  8.2352E-13
 8895.754883  8.1861E-13
 8900.636719  8.1107E-13
 8905.519531  8.1509E-13
 8910.402344  8.1809E-13
 8915.284180  8.1554E-13
 8920.166992  8.1474E-13
 8925.049805  8.1873E-13
 8929.931641  8.1649E-13
 8934.814453  8.0527E-13
 8939.696289  8.1301E-13
 8944.579102  8.0758E-13
 8949.460938  8.0965E-13
 8954.343750  8.1160E-13
 8959.225586  8.1751E-13
 8964.107422  8.1736E-13
 8968.990234  8.1650E-13
 8973.872070  8.0907E-13
 8978.753906  8.0652E-13
 8983.636719  8.1167E-13
 8988.518555  8.0658E-13
 8993.400391  8.1816E-13
 8998.282227  8.0024E-13
 9003.165039  7.9455E-13
 9008.046875  7.9145E-13
 9012.928711  7.8401E-13
 9017.810547  7.8178E-13
 9022.692383  7.7937E-13
 9027.574219  7.9234E-13
 9032.456055  7.9431E-13
 9037.337891  8.0078E-13
 9042.219727  7.9980E-13
 9047.101562  7.9544E-13
 9051.983398  7.9853E-13
 9056.865234  7.9163E-13
 9061.746094  7.9225E-13
 9066.627930  7.9240E-13
 9071.509766  7.8579E-13
 9076.391602  7.9809E-13
 9081.272461  7.9786E-13
 9086.154297  7.9020E-13
 9091.036133  7.8046E-13
 9095.916992  7.7304E-13
 9100.798828  7.7419E-13
 9105.680664  7.8699E-13
 9110.561523  7.8787E-13
 9115.443359  7.8788E-13
 9120.324219  7.8221E-13
 9125.206055  7.8371E-13
 9130.086914  7.8609E-13
 9134.967773  7.8624E-13
 9139.849609  7.8702E-13
 9144.730469  7.9061E-13
 9149.611328  7.8905E-13
 9154.493164  7.9443E-13
 9159.374023  7.9317E-13
 9164.254883  7.8936E-13
 9169.135742  7.7959E-13
 9174.016602  7.7213E-13
 9178.898438  7.6920E-13
 9183.779297  7.7164E-13
 9188.660156  7.8185E-13
 9193.541016  7.8119E-13
 9198.421875  7.8397E-13
 9203.302734  7.7561E-13
 9208.183594  7.6889E-13
 9213.063477  7.6608E-13
 9217.944336  7.5756E-13
 9222.825195  7.5722E-13
 9227.706055  7.5691E-13
 9232.586914  7.4656E-13
 9237.466797  7.4853E-13
 9242.347656  7.4808E-13
 9247.228516  7.4197E-13
 9252.108398  7.4915E-13
 9256.989258  7.4850E-13
 9261.869141  7.5906E-13
 9266.750000  7.5747E-13
 9271.630859  7.5614E-13
 9276.510742  7.5801E-13
 9281.390625  7.5691E-13
 9286.271484  7.5985E-13
 9291.151367  7.6076E-13
 9296.031250  7.6676E-13
 9300.912109  7.6128E-13
 9305.791992  7.5840E-13
 9310.671875  7.5441E-13
 9315.551758  7.4647E-13
 9320.432617  7.3796E-13
 9325.312500  7.4139E-13
 9330.192383  7.4141E-13
 9335.072266  7.4177E-13
 9339.952148  7.4000E-13
 9344.832031  7.3667E-13
 9349.711914  7.3463E-13
 9354.591797  7.3127E-13
 9359.470703  7.3881E-13
 9364.350586  7.3919E-13
 9369.230469  7.3911E-13
 9374.110352  7.4429E-13
 9378.990234  7.4016E-13
 9383.869141  7.4013E-13
 9388.749023  7.4024E-13
 9393.627930  7.4043E-13
 9398.507812  7.3747E-13
 9403.387695  7.3820E-13
 9408.266602  7.3548E-13
 9413.146484  7.3663E-13
 9418.025391  7.2767E-13
 9422.904297  7.1354E-13
 9427.784180  7.2198E-13
 9432.663086  7.2318E-13
 9437.541992  7.2454E-13
 9442.421875  7.3080E-13
 9447.300781  7.2980E-13
 9452.179688  7.3076E-13
 9457.058594  7.2997E-13
 9461.937500  7.2701E-13
 9466.816406  7.3297E-13
 9471.695312  7.3181E-13
 9476.574219  7.3103E-13
 9481.453125  7.3133E-13
 9486.332031  7.1996E-13
 9491.210938  7.1883E-13
 9496.089844  7.2005E-13
 9500.967773  7.1880E-13
 9505.846680  7.1687E-13
 9510.725586  7.2052E-13
 9515.604492  7.1795E-13
 9520.482422  7.1526E-13
 9525.361328  7.1485E-13
 9530.239258  7.1244E-13
 9535.118164  7.1588E-13
 9539.996094  7.0491E-13
 9544.875000  7.0128E-13
 9549.752930  6.9189E-13
 9554.630859  6.8507E-13
 9559.509766  6.9662E-13
 9564.387695  7.0647E-13
 9569.265625  7.0756E-13
 9574.143555  7.0270E-13
 9579.021484  6.9846E-13
 9583.899414  7.0113E-13
 9588.778320  7.0620E-13
 9593.656250  7.0753E-13
 9598.534180  7.0888E-13
 9603.411133  7.1299E-13
 9608.289062  7.1079E-13
 9613.166992  7.0705E-13
 9618.044922  6.9883E-13
 9622.922852  7.0131E-13
 9627.799805  6.8927E-13
 9632.677734  6.9754E-13
 9637.555664  6.9677E-13
 9642.432617  6.9568E-13
 9647.310547  6.8935E-13
 9652.187500  6.8802E-13
 9657.065430  6.8547E-13
 9661.942383  6.8276E-13
 9666.820312  6.8955E-13
 9671.697266  6.9858E-13
 9676.574219  6.9035E-13
 9681.452148  6.9519E-13
 9686.329102  6.9135E-13
 9691.206055  6.9639E-13
 9696.083008  7.0117E-13
 9700.959961  6.9948E-13
 9705.836914  6.9358E-13
 9710.713867  6.8788E-13
 9715.590820  6.8106E-13
 9720.467773  6.8483E-13
 9725.344727  6.7775E-13
 9730.221680  6.7978E-13
 9735.097656  6.8005E-13
 9739.974609  6.8049E-13
 9744.851562  6.7978E-13
 9749.727539  6.7836E-13
 9754.604492  6.8748E-13
 9759.480469  6.8526E-13
 9764.357422  6.8331E-13
 9769.233398  6.8330E-13
 9774.110352  6.8394E-13
 9778.986328  6.7952E-13
 9783.862305  6.7587E-13
 9788.739258  6.6655E-13
 9793.615234  6.6582E-13
 9798.491211  6.7153E-13
 9803.367188  6.7956E-13
 9808.243164  6.7422E-13
 9813.119141  6.7092E-13
 9817.995117  6.6891E-13
 9822.871094  6.6856E-13
 9827.747070  6.6958E-13
 9832.623047  6.7033E-13
 9837.499023  6.7243E-13
 9842.374023  6.6830E-13
 9847.250000  6.6938E-13
 9852.125977  6.7193E-13
 9857.000977  6.7505E-13
 9861.876953  6.7043E-13
 9866.751953  6.6446E-13
 9871.627930  6.5891E-13
 9876.502930  6.5654E-13
 9881.378906  6.7094E-13
 9886.253906  6.6734E-13
 9891.128906  6.6629E-13
 9896.004883  6.6607E-13
 9900.879883  6.6294E-13
 9905.754883  6.5335E-13
 9910.629883  6.5997E-13
 9915.504883  6.5378E-13
 9920.379883  6.4594E-13
 9925.254883  6.6395E-13
 9930.129883  6.6163E-13
 9935.004883  6.5687E-13
 9939.878906  6.4898E-13
 9944.753906  6.5312E-13
 9949.628906  6.5700E-13
 9954.502930  6.5472E-13
 9959.377930  6.5120E-13
 9964.251953  6.5353E-13
 9969.126953  6.5013E-13
 9974.000977  6.5056E-13
 9978.875977  6.5478E-13
 9983.750000  6.5659E-13
 9988.624023  6.5264E-13
 9993.499023  6.4850E-13
 9998.373047  6.4665E-13
10003.247070  6.5182E-13
10008.121094  6.4845E-13
10012.995117  6.5032E-13
10017.869141  6.4829E-13
10022.743164  6.4181E-13
10027.617188  6.3619E-13
10032.490234  6.3848E-13
10037.364258  6.3869E-13
10042.238281  6.3389E-13
10047.112305  6.2716E-13
10051.985352  6.1995E-13
10056.859375  6.1708E-13
10061.732422  6.1761E-13
10066.606445  6.2605E-13
10071.479492  6.2876E-13
10076.352539  6.3263E-13
10081.226562  6.2756E-13
10086.099609  6.2926E-13
10090.972656  6.3152E-13
10095.845703  6.3167E-13
10100.718750  6.3715E-13
10105.591797  6.3259E-13
10110.464844  6.2795E-13
10115.337891  6.3201E-13
10120.210938  6.2741E-13
10125.083984  6.2209E-13
10129.957031  6.2710E-13
10134.829102  6.3251E-13
10139.702148  6.3284E-13
10144.575195  6.2296E-13
10149.447266  6.3417E-13
10154.320312  6.3121E-13
10159.192383  6.2683E-13
10164.065430  6.1848E-13
10168.937500  6.2913E-13
10173.809570  6.2871E-13
10178.681641  6.2943E-13
10183.553711  6.3093E-13
10188.426758  6.2691E-13
10193.298828  6.2369E-13
10198.170898  6.2926E-13
10203.042969  6.2364E-13
10207.914062  6.3063E-13
10212.786133  6.3272E-13
10217.658203  6.3491E-13
10222.530273  6.2643E-13
10227.401367  6.3391E-13
