#*HD128279
#*
#*  Heap-Lindler STIS
#set .z.units = "Ergs/s/cm**2/A"
#set .z.label = "Flux"
#set .table.bandwidth = 2.74
#*
  2950.  8.14655689E-13
  2952.73999  8.4003014E-13
  2955.47998  8.67462623E-13
  2958.21997  8.8651856E-13
  2960.95996  8.85873081E-13
  2963.69995  8.72766974E-13
  2966.43994  7.65252119E-13
  2969.17993  7.86100785E-13
  2971.91992  8.13001305E-13
  2974.65991  8.90397294E-13
  2977.3999  9.47776146E-13
  2980.13989  8.78361457E-13
  2982.87988  8.11404654E-13
  2985.62012  7.75931402E-13
  2988.36011  8.69168561E-13
  2991.1001  9.46371562E-13
  2993.84009  9.182904E-13
  2996.58008  9.52357659E-13
  2999.32007  9.03708152E-13
  3002.06006  8.40403539E-13
  3004.80005  8.96690166E-13
  3007.54004  9.07370641E-13
  3010.28003  9.55286631E-13
  3013.02002  9.55203256E-13
  3015.76001  9.16321489E-13
  3018.5  8.5298332E-13
  3021.23999  7.99903926E-13
  3023.97998  9.40099019E-13
  3026.71997  9.59110829E-13
  3029.45996  9.98925768E-13
  3032.19995  9.75129916E-13
  3034.93994  1.01255452E-12
  3037.67993  9.67457885E-13
  3040.41992  9.66249433E-13
  3043.15991  9.5974693E-13
  3045.8999  9.79867121E-13
  3048.63989  9.68812162E-13
  3051.37988  1.01822554E-12
  3054.12012  9.97298056E-13
  3056.86011  9.27248404E-13
  3059.6001  8.86142071E-13
  3062.34009  9.26779703E-13
  3065.08008  8.25963104E-13
  3067.82007  7.70899729E-13
  3070.56006  8.29892253E-13
  3073.30005  8.89904144E-13
  3076.04004  9.23393089E-13
  3078.78003  9.35434998E-13
  3081.52002  9.20069685E-13
  3084.26001  9.40416148E-13
  3087.  9.28058628E-13
  3089.73999  8.691652E-13
  3092.47998  7.91228302E-13
  3095.21997  8.34104378E-13
  3097.95996  8.45278871E-13
  3100.69995  8.193698E-13
  3103.43994  8.79500953E-13
  3106.17993  9.49143542E-13
  3108.91992  1.01914603E-12
  3111.65991  1.00845482E-12
  3114.3999  9.93508661E-13
  3117.13989  9.58158791E-13
  3119.87988  9.1543613E-13
  3122.62012  8.85126716E-13
  3125.36011  8.97790685E-13
  3128.1001  9.02094371E-13
  3130.84009  9.33088025E-13
  3133.58008  9.51505476E-13
  3136.32007  9.67028215E-13
  3139.06006  1.00169916E-12
  3141.80005  9.67417661E-13
  3144.54004  8.16209025E-13
  3147.28003  8.38595306E-13
  3150.02002  9.41218674E-13
  3152.76001  9.7430267E-13
  3155.5  9.59465038E-13
  3158.23999  8.76349178E-13
  3160.97998  8.46392997E-13
  3163.71997  9.00188615E-13
  3166.45996  9.53101422E-13
  3169.19995  9.86985558E-13
  3171.93994  1.04827562E-12
  3174.67993  1.06846509E-12
  3177.41992  1.06197494E-12
  3180.15991  9.79770518E-13
  3182.8999  9.41843283E-13
  3185.63989  9.55490244E-13
  3188.37988  9.88000046E-13
  3191.12012  9.8557989E-13
  3193.86011  9.61733731E-13
  3196.6001  9.91684924E-13
  3199.34009  1.04536171E-12
  3202.08008  1.08628492E-12
  3204.82007  1.10767786E-12
  3207.56006  1.1407058E-12
  3210.30005  1.07450572E-12
  3213.04004  1.00035507E-12
  3215.78003  1.01334219E-12
  3218.52002  1.07728702E-12
  3221.26001  1.09465247E-12
  3224.  1.0877847E-12
  3226.73999  1.06078178E-12
  3229.47998  1.02097866E-12
  3232.21997  1.02266481E-12
  3234.95996  1.0284487E-12
  3237.69995  1.0396767E-12
  3240.43994  1.08771184E-12
  3243.17993  1.12111394E-12
  3245.91992  1.14681517E-12
  3248.65991  1.1204863E-12
  3251.3999  1.1155766E-12
  3254.13989  1.11397458E-12
  3256.87988  1.18029967E-12
  3259.62012  1.23328496E-12
  3262.36011  1.23164792E-12
  3265.1001  1.21993052E-12
  3267.84009  1.23763142E-12
  3270.58008  1.22887963E-12
  3273.32007  1.20360362E-12
  3276.06006  1.21465902E-12
  3278.80005  1.18996024E-12
  3281.54004  1.22178927E-12
  3284.28003  1.23996798E-12
  3287.02002  1.23115786E-12
  3289.76001  1.23612232E-12
  3292.5  1.27766602E-12
  3295.23999  1.3338639E-12
  3297.97998  1.33334489E-12
  3300.71997  1.31515437E-12
  3303.45996  1.29957926E-12
  3306.19995  1.25981614E-12
  3308.93994  1.27217941E-12
  3311.67993  1.30450501E-12
  3314.41992  1.29358438E-12
  3317.15991  1.28651657E-12
  3319.8999  1.28573009E-12
  3322.63989  1.23914594E-12
  3325.37988  1.26347544E-12
  3328.12012  1.26913193E-12
  3330.86011  1.26418505E-12
  3333.6001  1.27901194E-12
  3336.34009  1.25983132E-12
  3339.08008  1.27254652E-12
  3341.82007  1.25386518E-12
  3344.56006  1.27266947E-12
  3347.30005  1.27050421E-12
  3350.04004  1.21487553E-12
  3352.78003  1.26162492E-12
  3355.52002  1.31885876E-12
  3358.26001  1.30280032E-12
  3361.  1.20356611E-12
  3363.73999  1.24324813E-12
  3366.47998  1.2714118E-12
  3369.21997  1.25433583E-12
  3371.95996  1.2055785E-12
  3374.69995  1.22141696E-12
  3377.43994  1.30461061E-12
  3380.17993  1.26732826E-12
  3382.91992  1.25763592E-12
  3385.65991  1.29363035E-12
  3388.3999  1.31340576E-12
  3391.13989  1.30788425E-12
  3393.87988  1.27982596E-12
  3396.62012  1.31725208E-12
  3399.36011  1.37793021E-12
  3402.1001  1.36612987E-12
  3404.84009  1.32274682E-12
  3407.58008  1.30109833E-12
  3410.32007  1.30618183E-12
  3413.06006  1.28035787E-12
  3415.80005  1.27979561E-12
  3418.54004  1.33845073E-12
  3421.28003  1.36835009E-12
  3424.02002  1.33894718E-12
  3426.76001  1.33024256E-12
  3429.5  1.36701056E-12
  3432.23999  1.36981442E-12
  3434.97998  1.36425593E-12
  3437.71997  1.36199786E-12
  3440.45996  1.29904778E-12
  3443.19995  1.23833821E-12
  3445.93994  1.27237825E-12
  3448.67993  1.3309925E-12
  3451.41992  1.35005397E-12
  3454.15991  1.34283893E-12
  3456.8999  1.36310234E-12
  3459.63989  1.36382604E-12
  3462.37988  1.34452042E-12
  3465.12012  1.36070875E-12
  3467.86011  1.37481042E-12
  3470.6001  1.38338624E-12
  3473.34009  1.35789665E-12
  3476.08008  1.28587874E-12
  3478.82007  1.32065745E-12
  3481.56006  1.39079926E-12
  3484.30005  1.38473694E-12
  3487.04004  1.39853374E-12
  3489.78003  1.36190549E-12
  3492.52002  1.32205651E-12
  3495.26001  1.32661037E-12
  3498.  1.34041422E-12
  3500.73999  1.36634844E-12
  3503.47998  1.38268802E-12
  3506.21997  1.4064263E-12
  3508.95996  1.4025544E-12
  3511.69995  1.38580022E-12
  3514.43994  1.34723829E-12
  3517.17993  1.38111614E-12
  3519.91992  1.38809905E-12
  3522.65991  1.33065228E-12
  3525.3999  1.27664513E-12
  3528.13989  1.30310227E-12
  3530.87988  1.37784597E-12
  3533.62012  1.42113589E-12
  3536.36011  1.44402567E-12
  3539.1001  1.45282278E-12
  3541.84009  1.4631201E-12
  3544.58008  1.48540381E-12
  3547.32007  1.4811764E-12
  3550.06006  1.47725744E-12
  3552.80005  1.4691179E-12
  3555.54004  1.45074903E-12
  3558.28003  1.45459209E-12
  3561.02002  1.46244692E-12
  3563.76001  1.45104968E-12
  3566.5  1.39168874E-12
  3569.23999  1.33423199E-12
  3571.97998  1.32918372E-12
  3574.71997  1.35705531E-12
  3577.45996  1.39216644E-12
  3580.19995  1.38530095E-12
  3582.93994  1.36093892E-12
  3585.67993  1.30530786E-12
  3588.41992  1.28615131E-12
  3591.15991  1.3637263E-12
  3593.8999  1.43531628E-12
  3596.63989  1.47179285E-12
  3599.37988  1.49944293E-12
  3602.12012  1.48852187E-12
  3604.86011  1.43463681E-12
  3607.6001  1.42613124E-12
  3610.34009  1.41459793E-12
  3613.08008  1.41304828E-12
  3615.82007  1.4535544E-12
  3618.56006  1.41863377E-12
  3621.30005  1.4070778E-12
  3624.04004  1.4542046E-12
  3626.78003  1.50401154E-12
  3629.52002  1.49130827E-12
  3632.26001  1.42374372E-12
  3635.  1.43212872E-12
  3637.73999  1.47988588E-12
  3640.47998  1.51119666E-12
  3643.21997  1.48662419E-12
  3645.95996  1.43652451E-12
  3648.69995  1.43473742E-12
  3651.43994  1.45855463E-12
  3654.17993  1.50792996E-12
  3656.91992  1.55138619E-12
  3659.65991  1.55930119E-12
  3662.3999  1.55598841E-12
  3665.13989  1.55314607E-12
  3667.87988  1.55479872E-12
  3670.62012  1.5388488E-12
  3673.36011  1.54114124E-12
  3676.1001  1.54751277E-12
  3678.84009  1.52225259E-12
  3681.58008  1.49524425E-12
  3684.32007  1.47527585E-12
  3687.06006  1.46929268E-12
  3689.80005  1.51008036E-12
  3692.54004  1.56889421E-12
  3695.28003  1.5920531E-12
  3698.02002  1.58757892E-12
  3700.76001  1.61929454E-12
  3703.5  1.57817704E-12
  3706.23999  1.48019617E-12
  3708.97998  1.5053656E-12
  3711.71997  1.53422902E-12
  3714.45996  1.59430965E-12
  3717.19995  1.68873726E-12
  3719.93994  1.57825218E-12
  3722.67993  1.43331798E-12
  3725.41992  1.54923784E-12
  3728.15991  1.68756079E-12
  3730.8999  1.66353834E-12
  3733.63989  1.500322E-12
  3736.37988  1.37132731E-12
  3739.12012  1.51609194E-12
  3741.86011  1.69363124E-12
  3744.6001  1.67318774E-12
  3747.34009  1.53544582E-12
  3750.08008  1.41841346E-12
  3752.82007  1.51707574E-12
  3755.56006  1.72605929E-12
  3758.30005  1.73942512E-12
  3761.04004  1.70817245E-12
  3763.78003  1.7641742E-12
  3766.52002  1.75982558E-12
  3769.26001  1.63844123E-12
  3772.  1.58616349E-12
  3774.73999  1.70772207E-12
  3777.47998  1.84501633E-12
  3780.21997  1.93132337E-12
  3782.95996  1.9591453E-12
  3785.69995  1.92856538E-12
  3788.43994  1.88465649E-12
  3791.17993  1.86525556E-12
  3793.91992  1.80506846E-12
  3796.65991  1.64234652E-12
  3799.3999  1.55406157E-12
  3802.13989  1.72339617E-12
  3804.87988  1.90359989E-12
  3807.62012  1.91018338E-12
  3810.36011  1.92886592E-12
  3813.1001  1.90715889E-12
  3815.84009  1.84756399E-12
  3818.58008  1.87045236E-12
  3821.32007  1.86707377E-12
  3824.06006  1.81330179E-12
  3826.80005  1.75994874E-12
  3829.54004  1.73919288E-12
  3832.28003  1.63958148E-12
  3835.02002  1.46849199E-12
  3837.76001  1.46709533E-12
  3840.5  1.63217356E-12
  3843.23999  1.80366225E-12
  3845.97998  1.91947391E-12
  3848.71997  1.95486292E-12
  3851.45996  1.96376184E-12
  3854.19995  1.97863666E-12
  3856.93994  1.96050641E-12
  3859.67993  1.8956078E-12
  3862.41992  1.91800287E-12
  3865.15991  1.98823943E-12
  3867.8999  2.00900407E-12
  3870.63989  1.96333141E-12
  3873.37988  1.86348333E-12
  3876.12012  1.83768192E-12
  3878.86011  1.85875924E-12
  3881.6001  1.89773674E-12
  3884.34009  1.86087018E-12
  3887.08008  1.66635867E-12
  3889.82007  1.54309172E-12
  3892.56006  1.64543791E-12
  3895.30005  1.77891675E-12
  3898.04004  1.80916534E-12
  3900.78003  1.83506595E-12
  3903.52002  1.84124374E-12
  3906.26001  1.8477869E-12
  3909.  1.90434062E-12
  3911.73999  1.96445941E-12
  3914.47998  1.95866023E-12
  3917.21997  1.92366262E-12
  3919.95996  1.88370326E-12
  3922.69995  1.85584729E-12
  3925.43994  1.82872554E-12
  3928.17993  1.63037986E-12
  3930.91992  1.20361999E-12
  3933.65991  7.82277292E-13
  3936.3999  8.69920889E-13
  3939.13989  1.40389198E-12
  3941.87988  1.73805469E-12
  3944.62012  1.85501701E-12
  3947.36011  1.91700757E-12
  3950.1001  1.94374313E-12
  3952.84009  1.94480716E-12
  3955.58008  1.94383875E-12
  3958.32007  1.9351209E-12
  3961.06006  1.88449863E-12
  3963.80005  1.6899791E-12
  3966.54004  1.27421348E-12
  3969.28003  8.82138113E-13
  3972.02002  1.1160698E-12
  3974.76001  1.62282947E-12
  3977.5  1.89290272E-12
  3980.23999  2.0017165E-12
  3982.97998  2.02812918E-12
  3985.71997  2.03480809E-12
  3988.45996  2.08594361E-12
  3991.19995  2.14507817E-12
  3993.93994  2.11273794E-12
  3996.67993  2.07235227E-12
  3999.41992  2.05840379E-12
  4002.15991  2.09411611E-12
  4004.8999  2.08553097E-12
  4007.63989  2.0802921E-12
  4010.37988  2.10854186E-12
  4013.12012  2.11687829E-12
  4015.86011  2.13552331E-12
  4018.6001  2.14350651E-12
  4021.34009  2.13562913E-12
  4024.08008  2.12754705E-12
  4026.82007  2.13595764E-12
  4029.56006  2.12059363E-12
  4032.30005  2.06532252E-12
  4035.04004  2.08260015E-12
  4037.78003  2.13902767E-12
  4040.52002  2.16462113E-12
  4043.26001  2.1351278E-12
  4046.  2.08716269E-12
  4048.73999  2.11145641E-12
  4051.47998  2.17588751E-12
  4054.21997  2.17505289E-12
  4056.95996  2.15483317E-12
  4059.69995  2.14696598E-12
  4062.43994  2.14321529E-12
  4065.17993  2.0951834E-12
  4067.91992  2.12039869E-12
  4070.65991  2.140559E-12
  4073.3999  2.11034944E-12
  4076.13989  2.11663716E-12
  4078.87988  2.13108567E-12
  4081.62012  2.15894078E-12
  4084.36011  2.16397841E-12
  4087.1001  2.15734158E-12
  4089.84009  2.18629238E-12
  4092.58008  2.16781823E-12
  4095.32007  2.1144796E-12
  4098.06006  2.00890628E-12
  4100.7998  1.81632649E-12
  4103.54004  1.74001449E-12
  4106.27979  1.96556551E-12
  4109.02002  2.08710935E-12
  4111.75977  2.1397157E-12
  4114.5  2.17125254E-12
  4117.24023  2.17181568E-12
  4119.97998  2.14657589E-12
  4122.72021  2.15489085E-12
  4125.45996  2.17789762E-12
  4128.2002  2.19041734E-12
  4130.93994  2.15460137E-12
  4133.68018  2.12142174E-12
  4136.41992  2.15167033E-12
  4139.16016  2.19252936E-12
  4141.8999  2.16291763E-12
  4144.64014  2.13288935E-12
  4147.37988  2.15795459E-12
  4150.12012  2.16681837E-12
  4152.85986  2.16368286E-12
  4155.6001  2.13923367E-12
  4158.33984  2.15480498E-12
  4161.08008  2.19446553E-12
  4163.81982  2.20442675E-12
  4166.56006  2.21122404E-12
  4169.2998  2.18051163E-12
  4172.04004  2.13706743E-12
  4174.77979  2.10245363E-12
  4177.52002  2.13761214E-12
  4180.25977  2.1478869E-12
  4183.  2.15479804E-12
  4185.74023  2.14126091E-12
  4188.47998  2.12529083E-12
  4191.22021  2.14918946E-12
  4193.95996  2.16008158E-12
  4196.7002  2.1386868E-12
  4199.43994  2.1149239E-12
  4202.18018  2.11870322E-12
  4204.91992  2.13529043E-12
  4207.66016  2.1617107E-12
  4210.3999  2.18172399E-12
  4213.14014  2.17138113E-12
  4215.87988  2.13582407E-12
  4218.62012  2.11639473E-12
  4221.35986  2.15317239E-12
  4224.1001  2.10024272E-12
  4226.83984  2.04517891E-12
  4229.58008  2.09237749E-12
  4232.31982  2.14537698E-12
  4235.06006  2.12161061E-12
  4237.7998  2.11061377E-12
  4240.54004  2.1464718E-12
  4243.27979  2.15483664E-12
  4246.02002  2.13226724E-12
  4248.75977  2.09375182E-12
  4251.5  2.08724964E-12
  4254.24023  2.11963802E-12
  4256.97998  2.12704789E-12
  4259.72021  2.14133594E-12
  4262.45996  2.11587301E-12
  4265.2002  2.15560078E-12
  4267.93994  2.13222669E-12
  4270.68018  2.07662598E-12
  4273.41992  2.05308231E-12
  4276.16016  2.09969021E-12
  4278.8999  2.1259858E-12
  4281.64014  2.08904248E-12
  4284.37988  2.08905961E-12
  4287.12012  2.03815328E-12
  4289.85986  2.00305419E-12
  4292.6001  2.00698204E-12
  4295.33984  2.05028984E-12
  4298.08008  1.91755813E-12
  4300.81982  1.81384606E-12
  4303.56006  1.80086545E-12
  4306.2998  1.80878717E-12
  4309.04004  1.75606741E-12
  4311.77979  1.82092167E-12
  4314.52002  1.97537104E-12
  4317.25977  2.11278261E-12
  4320.  2.16158233E-12
  4322.74023  2.09811292E-12
  4325.47998  2.03954497E-12
  4328.22021  2.1214753E-12
  4330.95996  2.18950422E-12
  4333.7002  2.15271507E-12
  4336.43994  2.05301509E-12
  4339.18018  1.8328004E-12
  4341.91992  1.75291867E-12
  4344.66016  2.01048856E-12
  4347.3999  2.14781556E-12
  4350.14014  2.15320535E-12
  4352.87988  2.12470276E-12
  4355.62012  2.16954384E-12
  4358.35986  2.19312003E-12
  4361.1001  2.20416025E-12
  4363.83984  2.22172562E-12
  4366.58008  2.19167696E-12
  4369.31982  2.18791738E-12
  4372.06006  2.17510493E-12
  4374.7998  2.14336578E-12
  4377.54004  2.14890974E-12
  4380.27979  2.17395719E-12
  4383.02002  2.15343607E-12
  4385.75977  2.13455208E-12
  4388.5  2.19421161E-12
  4391.24023  2.19575269E-12
  4393.97998  2.18638193E-12
  4396.72021  2.17186013E-12
  4399.45996  2.19570824E-12
  4402.2002  2.17840286E-12
  4404.93994  2.17334766E-12
  4407.68018  2.19491981E-12
  4410.41992  2.22471369E-12
  4413.16016  2.24186533E-12
  4415.8999  2.20621178E-12
  4418.64014  2.2063061E-12
  4421.37988  2.26636418E-12
  4424.12012  2.2801845E-12
  4426.85986  2.22264785E-12
  4429.6001  2.24637279E-12
  4432.33984  2.2466137E-12
  4435.08008  2.23083574E-12
  4437.81982  2.26596931E-12
  4440.56006  2.26220865E-12
  4443.2998  2.20631651E-12
  4446.04004  2.23279164E-12
  4448.77979  2.25287324E-12
  4451.52002  2.25489484E-12
  4454.25977  2.23586102E-12
  4457.  2.23592152E-12
  4459.74023  2.23759249E-12
  4462.47998  2.23591111E-12
  4465.22021  2.24624963E-12
  4467.95996  2.22081533E-12
  4470.7002  2.23821374E-12
  4473.43994  2.25797788E-12
  4476.18018  2.28192638E-12
  4478.91992  2.26725062E-12
  4481.66016  2.23908283E-12
  4484.3999  2.25775063E-12
  4487.14014  2.27966864E-12
  4489.87988  2.26069098E-12
  4492.62012  2.27335989E-12
  4495.35986  2.26402165E-12
  4498.1001  2.28130015E-12
  4500.83984  2.25464569E-12
  4503.58008  2.29362558E-12
  4506.31982  2.29449923E-12
  4509.06006  2.2824674E-12
  4511.7998  2.30624829E-12
  4514.54004  2.2746026E-12
  4517.27979  2.2649532E-12
  4520.02002  2.26692623E-12
  4522.75977  2.25282358E-12
  4525.5  2.23808016E-12
  4528.24023  2.21208403E-12
  4530.97998  2.20980395E-12
  4533.72021  2.19293247E-12
  4536.45996  2.22332287E-12
  4539.2002  2.27405291E-12
  4541.93994  2.27415742E-12
  4544.68018  2.27222798E-12
  4547.41992  2.24880618E-12
  4550.16016  2.20620375E-12
  4552.8999  2.22800619E-12
  4555.64014  2.2408245E-12
  4558.37988  2.28189039E-12
  4561.12012  2.27901552E-12
  4563.85986  2.26106221E-12
  4566.6001  2.28951125E-12
  4569.33984  2.26400322E-12
  4572.08008  2.25250396E-12
  4574.81982  2.27592142E-12
  4577.56006  2.30478549E-12
  4580.2998  2.28115899E-12
  4583.04004  2.27282125E-12
  4585.77979  2.26858267E-12
  4588.52002  2.28853525E-12
  4591.25977  2.27239234E-12
  4594.  2.29045385E-12
  4596.74023  2.30700983E-12
  4599.47998  2.27826026E-12
  4602.22021  2.27170995E-12
  4604.95996  2.29623417E-12
  4607.7002  2.32122589E-12
  4610.43994  2.30948941E-12
  4613.18018  2.29229916E-12
  4615.91992  2.28928812E-12
  4618.66016  2.29687558E-12
  4621.3999  2.31156283E-12
  4624.14014  2.29390573E-12
  4626.87988  2.29312467E-12
  4629.62012  2.29598415E-12
  4632.35986  2.30315224E-12
  4635.1001  2.30611407E-12
  4637.83984  2.29853072E-12
  4640.58008  2.30467793E-12
  4643.31982  2.29661581E-12
  4646.06006  2.29968106E-12
  4648.7998  2.2929113E-12
  4651.54004  2.2988601E-12
  4654.27979  2.29516341E-12
  4657.02002  2.30078521E-12
  4659.75977  2.31415104E-12
  4662.5  2.31727766E-12
  4665.24023  2.3075656E-12
  4667.97998  2.28480277E-12
  4670.72021  2.30842906E-12
  4673.45996  2.31277909E-12
  4676.2002  2.3221067E-12
  4678.93994  2.30798735E-12
  4681.68018  2.30153266E-12
  4684.41992  2.31718984E-12
  4687.16016  2.31990512E-12
  4689.8999  2.31396044E-12
  4692.64014  2.31023642E-12
  4695.37988  2.30622899E-12
  4698.12012  2.31254772E-12
  4700.85986  2.27620548E-12
  4703.6001  2.2763525E-12
  4706.33984  2.29378604E-12
  4709.08008  2.29925952E-12
  4711.81982  2.29270335E-12
  4714.56006  2.28674024E-12
  4717.2998  2.31596079E-12
  4720.04004  2.31335675E-12
  4722.77979  2.31780307E-12
  4725.52002  2.30548718E-12
  4728.25977  2.32176192E-12
  4731.  2.33067081E-12
  4733.74023  2.31356969E-12
  4736.47998  2.30388907E-12
  4739.22021  2.3136998E-12
  4741.95996  2.3171133E-12
  4744.7002  2.33486689E-12
  4747.43994  2.32473372E-12
  4750.18018  2.3132312E-12
  4752.91992  2.3130612E-12
  4755.66016  2.3121225E-12
  4758.3999  2.30671558E-12
  4761.14014  2.29773622E-12
  4763.87988  2.28906911E-12
  4766.62012  2.28581607E-12
  4769.35986  2.30489781E-12
  4772.1001  2.29511765E-12
  4774.83984  2.31445657E-12
  4777.58008  2.28852701E-12
  4780.31982  2.28678621E-12
  4783.06006  2.29934995E-12
  4785.7998  2.29572828E-12
  4788.54004  2.29466489E-12
  4791.27979  2.30476098E-12
  4794.02002  2.30464671E-12
  4796.75977  2.31138134E-12
  4799.5  2.3013143E-12
  4802.24023  2.29938703E-12
  4804.97998  2.29185399E-12
  4807.72021  2.31134751E-12
  4810.45996  2.29405904E-12
  4813.2002  2.30078153E-12
  4815.93994  2.31149887E-12
  4818.68018  2.31100859E-12
  4821.41992  2.30695931E-12
  4824.16016  2.29973506E-12
  4826.8999  2.31088781E-12
  4829.64014  2.30147043E-12
  4832.37988  2.31370695E-12
  4835.12012  2.29383895E-12
  4837.85986  2.31021842E-12
  4840.6001  2.30653365E-12
  4843.33984  2.27214211E-12
  4846.08008  2.28712253E-12
  4848.81982  2.29449879E-12
  4851.56006  2.27160912E-12
  4854.2998  2.23155652E-12
  4857.04004  2.13105293E-12
  4859.77979  1.88881181E-12
  4862.52002  1.88301479E-12
  4865.25977  2.09087391E-12
  4868.  2.20212173E-12
  4870.74023  2.21716482E-12
  4873.47998  2.23479048E-12
  4876.22021  2.26607296E-12
  4878.95996  2.26903761E-12
  4881.7002  2.28740941E-12
  4884.43994  2.28126459E-12
  4887.18018  2.28451633E-12
  4889.91992  2.24533564E-12
  4892.66016  2.26237995E-12
  4895.3999  2.30799863E-12
  4898.14014  2.30685718E-12
  4900.87988  2.30028366E-12
  4903.62012  2.28886094E-12
  4906.35986  2.30040986E-12
  4909.1001  2.31018546E-12
  4911.83984  2.30320407E-12
  4914.58008  2.29194658E-12
  4917.31982  2.27545305E-12
  4920.06006  2.24143555E-12
  4922.7998  2.24553058E-12
  4925.54004  2.27393169E-12
  4928.27979  2.29903011E-12
  4931.02002  2.30541844E-12
  4933.75977  2.27964457E-12
  4936.5  2.27104186E-12
  4939.24023  2.2622685E-12
  4941.97998  2.30108294E-12
  4944.72021  2.30829852E-12
  4947.45996  2.33057215E-12
  4950.2002  2.31198437E-12
  4952.93994  2.30456171E-12
  4955.68018  2.27716023E-12
  4958.41992  2.2579189E-12
  4961.16016  2.27382067E-12
  4963.8999  2.3021834E-12
  4966.64014  2.29415185E-12
  4969.37988  2.28859141E-12
  4972.12012  2.29232432E-12
  4974.85986  2.29626951E-12
  4977.6001  2.29826661E-12
  4980.33984  2.26961115E-12
  4983.08008  2.25083754E-12
  4985.81982  2.26580343E-12
  4988.56006  2.27467437E-12
  4991.2998  2.28294185E-12
  4994.04004  2.27116416E-12
  4996.77979  2.26958253E-12
  4999.52002  2.27063485E-12
  5002.25977  2.26874617E-12
  5005.  2.25343398E-12
  5007.74023  2.24208087E-12
  5010.47998  2.24760813E-12
  5013.22021  2.24194578E-12
  5015.95996  2.22493551E-12
  5018.7002  2.26061249E-12
  5021.43994  2.27588347E-12
  5024.18018  2.27230951E-12
  5026.91992  2.28384932E-12
  5029.66016  2.29009997E-12
  5032.3999  2.28085302E-12
  5035.14014  2.2682147E-12
  5037.87988  2.26538428E-12
  5040.62012  2.23795635E-12
  5043.35986  2.25105568E-12
  5046.1001  2.28241427E-12
  5048.83984  2.26326835E-12
  5051.58008  2.25187468E-12
  5054.31982  2.27935227E-12
  5057.06006  2.2839675E-12
  5059.7998  2.28450657E-12
  5062.54004  2.283616E-12
  5065.27979  2.2697406E-12
  5068.02002  2.27081114E-12
  5070.75977  2.30475014E-12
  5073.5  2.29466121E-12
  5076.24023  2.27090981E-12
  5078.97998  2.25019504E-12
  5081.72021  2.25123566E-12
  5084.45996  2.2586349E-12
  5087.2002  2.28214084E-12
  5089.93994  2.28356179E-12
  5092.68018  2.28192747E-12
  5095.41992  2.29206107E-12
  5098.16016  2.26653809E-12
  5100.8999  2.26562475E-12
  5103.64014  2.27179842E-12
  5106.37988  2.25396351E-12
  5109.12012  2.23586536E-12
  5111.85986  2.24949443E-12
  5114.6001  2.27578091E-12
  5117.33984  2.27218873E-12
  5120.08008  2.26696483E-12
  5122.81982  2.26769731E-12
  5125.56006  2.25578128E-12
  5128.2998  2.25766953E-12
  5131.04004  2.2670301E-12
  5133.77979  2.26543393E-12
  5136.52002  2.25577911E-12
  5139.25977  2.22242233E-12
  5142.  2.22994041E-12
  5144.74023  2.25010744E-12
  5147.47998  2.26179752E-12
  5150.22021  2.25626375E-12
  5152.95996  2.26027031E-12
  5155.7002  2.27287048E-12
  5158.43994  2.28083546E-12
  5161.18018  2.25928217E-12
  5163.91992  2.23725183E-12
  5166.66016  2.14103691E-12
  5169.3999  2.0984011E-12
  5172.14014  2.10967073E-12
  5174.87988  2.19256471E-12
  5177.62012  2.25699993E-12
  5180.35986  2.25000183E-12
  5183.1001  2.17421545E-12
  5185.83984  2.17897358E-12
  5188.58008  2.22630595E-12
  5191.31982  2.20763815E-12
  5194.06006  2.21327644E-12
  5196.7998  2.23739733E-12
  5199.54004  2.25891441E-12
  5202.27979  2.23956726E-12
  5205.02002  2.20226832E-12
  5207.75977  2.20554239E-12
  5210.5  2.23734854E-12
  5213.24023  2.25486925E-12
  5215.97998  2.24344675E-12
  5218.72021  2.25749432E-12
  5221.45996  2.27037009E-12
  5224.2002  2.24215395E-12
  5226.93994  2.20397615E-12
  5229.68018  2.22451398E-12
  5232.41992  2.2403533E-12
  5235.16016  2.25498526E-12
  5237.8999  2.27017277E-12
  5240.64014  2.27284966E-12
  5243.37988  2.27787364E-12
  5246.12012  2.27830775E-12
  5248.85986  2.26743125E-12
  5251.6001  2.26755745E-12
  5254.33984  2.27328443E-12
  5257.08008  2.27620288E-12
  5259.81982  2.27739312E-12
  5262.56006  2.24344306E-12
  5265.2998  2.20620809E-12
  5268.04004  2.17628433E-12
  5270.77979  2.17364321E-12
  5273.52002  2.22466511E-12
  5276.25977  2.25935741E-12
  5279.  2.27335685E-12
  5281.74023  2.25502082E-12
  5284.47998  2.24990361E-12
  5287.22021  2.27559313E-12
  5289.95996  2.28559532E-12
  5292.7002  2.27740049E-12
  5295.43994  2.27644813E-12
  5298.18018  2.26737357E-12
  5300.91992  2.26483957E-12
  5303.66016  2.27715286E-12
  5306.3999  2.26556621E-12
  5309.14014  2.27099979E-12
  5311.87988  2.27810132E-12
  5314.62012  2.2679662E-12
  5317.35986  2.25552389E-12
  5320.1001  2.24426814E-12
  5322.83984  2.24019262E-12
  5325.58008  2.22106383E-12
  5328.31982  2.19304132E-12
  5331.06006  2.22515257E-12
  5333.7998  2.25433431E-12
  5336.54004  2.2529359E-12
  5339.27979  2.24510276E-12
  5342.02002  2.24449842E-12
  5344.75977  2.25547771E-12
  5347.5  2.24660351E-12
  5350.24023  2.24847311E-12
  5352.97998  2.27341626E-12
  5355.72021  2.26317012E-12
  5358.45996  2.26668185E-12
  5361.2002  2.26546841E-12
  5363.93994  2.24941897E-12
  5366.68018  2.23961951E-12
  5369.41992  2.20532425E-12
  5372.16016  2.21408525E-12
  5374.8999  2.25401729E-12
  5377.64014  2.25914426E-12
  5380.37988  2.24466734E-12
  5383.12012  2.24728981E-12
  5385.85986  2.26157786E-12
  5388.6001  2.25930559E-12
  5391.33984  2.24907007E-12
  5394.08008  2.23059852E-12
  5396.81982  2.21584014E-12
  5399.56006  2.22297896E-12
  5402.2998  2.18973082E-12
  5405.04004  2.1868939E-12
  5407.77979  2.21276296E-12
  5410.52002  2.21617798E-12
  5413.25977  2.23650634E-12
  5416.  2.2395859E-12
  5418.74023  2.23295427E-12
  5421.47998  2.23252601E-12
  5424.22021  2.23300024E-12
  5426.95996  2.22563461E-12
  5429.7002  2.21152241E-12
  5432.43994  2.20707957E-12
  5435.18018  2.22334195E-12
  5437.91992  2.24149085E-12
  5440.66016  2.24412871E-12
  5443.3999  2.22568947E-12
  5446.14014  2.19070595E-12
  5448.87988  2.20952922E-12
  5451.62012  2.24148998E-12
  5454.35986  2.21901924E-12
  5457.1001  2.20995769E-12
  5459.83984  2.23659719E-12
  5462.58008  2.23583738E-12
  5465.31982  2.23626716E-12
  5468.06006  2.25325943E-12
  5470.7998  2.25219431E-12
  5473.54004  2.24406886E-12
  5476.27979  2.22127828E-12
  5479.02002  2.22396624E-12
  5481.75977  2.23937318E-12
  5484.5  2.2447866E-12
  5487.24023  2.24454201E-12
  5489.97998  2.24310501E-12
  5492.72021  2.24547551E-12
  5495.45996  2.22987124E-12
  5498.2002  2.22764212E-12
  5500.93994  2.22326085E-12
  5503.68018  2.2159349E-12
  5506.41992  2.23300393E-12
  5509.16016  2.24597316E-12
  5511.8999  2.24822808E-12
  5514.64014  2.24892414E-12
  5517.37988  2.2530324E-12
  5520.12012  2.25155983E-12
  5522.85986  2.23275023E-12
  5525.6001  2.20789858E-12
  5528.33984  2.20879196E-12
  5531.08008  2.23370129E-12
  5533.81982  2.24628844E-12
  5536.56006  2.24340988E-12
  5539.2998  2.23053325E-12
  5542.04004  2.24231441E-12
  5544.77979  2.25397956E-12
  5547.52002  2.24118922E-12
  5550.25977  2.24283808E-12
  5553.  2.24062479E-12
  5555.74023  2.23647988E-12
  5558.47998  2.2438028E-12
  5561.22021  2.24633441E-12
  5563.95996  2.24403699E-12
  5566.7002  2.23427201E-12
  5569.43994  2.21746688E-12
  5572.18018  2.21767613E-12
  5574.91992  2.22409396E-12
  5577.66016  2.22373725E-12
  5580.3999  2.22049289E-12
  5583.14014  2.21774162E-12
  5585.87988  2.20494066E-12
  5588.62012  2.19878716E-12
  5591.35986  2.21603053E-12
  5594.1001  2.22000608E-12
  5596.83984  2.22271875E-12
  5599.58008  2.22989314E-12
  5602.31982  2.22594946E-12
  5605.06006  2.22177745E-12
  5607.7998  2.23421477E-12
  5610.54004  2.24379413E-12
  5613.27979  2.23420804E-12
  5616.02002  2.21795043E-12
  5618.75977  2.22257564E-12
  5621.5  2.22400744E-12
  5624.24023  2.22056358E-12
  5626.97998  2.22906979E-12
  5629.72021  2.24167993E-12
  5632.45996  2.24933678E-12
  5635.2002  2.24962974E-12
  5637.93994  2.24843148E-12
  5640.68018  2.24399384E-12
  5643.41992  2.24314339E-12
  5646.16016  2.25357536E-12
  5648.8999  2.2271694E-12
  5651.64014  2.18966381E-12
  5654.37988  2.19907534E-12
  5657.12012  2.27146969E-12
  5659.85986  2.27880974E-12
  5662.6001  2.2347174E-12
  5665.33984  2.2096114E-12
  5668.08008  2.19384233E-12
  5670.81982  2.21417979E-12
  5673.56006  2.23008439E-12
  5676.2998  2.21220351E-12
  5679.04004  2.20208704E-12
  5681.77979  2.20096467E-12
  5684.52002  2.20949626E-12
  5687.25977  2.22417874E-12
  5690.  2.21579742E-12
  5692.74023  2.20430857E-12
  5695.47998  2.20829344E-12
  5698.22021  2.21568553E-12
  5700.95996  2.2340929E-12
  5703.7002  2.21873843E-12
  5706.43994  2.16900456E-12
  5709.18018  2.17346757E-12
  5711.91992  2.19917487E-12
  5714.66016  2.20711969E-12
  5717.3999  2.21023135E-12
  5720.14014  2.21042715E-12
  5722.87988  2.20564322E-12
  5725.62012  2.19283446E-12
  5728.35986  2.18783802E-12
  5731.1001  2.18610069E-12
  5733.83984  2.1653161E-12
  5736.58008  2.14656374E-12
  5739.31982  2.16259584E-12
  5742.06006  2.17353414E-12
  5744.7998  2.15976629E-12
  5747.54004  2.16399598E-12
  5750.27979  2.18645371E-12
  5753.02002  2.1924977E-12
  5755.75977  2.19150414E-12
  5758.5  2.18874311E-12
  5761.24023  2.18653134E-12
  5763.97998  2.18845623E-12
  5766.72021  2.19177042E-12
  5769.45996  2.19537301E-12
  5772.2002  2.20532013E-12
  5774.93994  2.21960558E-12
  5777.68018  2.21281587E-12
  5780.41992  2.20106463E-12
  5783.16016  2.2037257E-12
  5785.8999  2.20858791E-12
  5788.64014  2.21532927E-12
  5791.37988  2.21411648E-12
  5794.12012  2.20420362E-12
  5796.85986  2.19570434E-12
  5799.6001  2.18744424E-12
  5802.33984  2.17815176E-12
  5805.08008  2.18426362E-12
  5807.81982  2.24234411E-12
  5810.56006  2.26574792E-12
  5813.2998  2.22701458E-12
  5816.04004  2.19848293E-12
  5818.77979  2.169703E-12
  5821.52002  2.17178706E-12
  5824.26025  2.18424888E-12
  5827.  2.17583633E-12
  5829.74023  2.17234477E-12
  5832.47998  2.18832851E-12
  5835.22021  2.19559722E-12
  5837.95996  2.19468389E-12
  5840.7002  2.18330388E-12
  5843.43994  2.16509926E-12
  5846.18018  2.15322898E-12
  5848.91992  2.15186788E-12
  5851.66016  2.17995066E-12
  5854.3999  2.1947201E-12
  5857.14014  2.1815169E-12
  5859.87988  2.17235106E-12
  5862.62012  2.16291807E-12
  5865.35986  2.17668266E-12
  5868.1001  2.19578305E-12
  5870.83984  2.17810709E-12
  5873.58008  2.17707232E-12
  5876.31982  2.24689364E-12
  5879.06006  2.25597882E-12
  5881.7998  2.18161643E-12
  5884.54004  2.14867512E-12
  5887.27979  2.1308645E-12
  5890.02002  2.12029266E-12
  5892.76025  2.11888081E-12
  5895.5  2.1289808E-12
  5898.24023  2.14133854E-12
  5900.97998  2.15498474E-12
  5903.72021  2.16486226E-12
  5906.45996  2.17194383E-12
  5909.2002  2.16923549E-12
  5911.93994  2.16380646E-12
  5914.68018  2.17715147E-12
  5917.41992  2.18365885E-12
  5920.16016  2.15977518E-12
  5922.8999  2.15097926E-12
  5925.64014  2.16704454E-12
  5928.37988  2.16672752E-12
  5931.12012  2.15869727E-12
  5933.85986  2.14580155E-12
  5936.6001  2.1361901E-12
  5939.33984  2.14735413E-12
  5942.08008  2.15822716E-12
  5944.81982  2.1646684E-12
  5947.56006  2.16288576E-12
  5950.2998  2.1519609E-12
  5953.04004  2.15018758E-12
  5955.77979  2.15330228E-12
  5958.52002  2.16652976E-12
  5961.26025  2.17182457E-12
  5964.  2.1461795E-12
  5966.74023  2.13316821E-12
  5969.47998  2.14250709E-12
  5972.22021  2.14186308E-12
  5974.95996  2.13801958E-12
  5977.7002  2.15392548E-12
  5980.43994  2.16943585E-12
  5983.18018  2.15386866E-12
  5985.91992  2.13847321E-12
  5988.66016  2.13119474E-12
  5991.3999  2.13389636E-12
  5994.14014  2.14974132E-12
  5996.87988  2.14298349E-12
  5999.62012  2.12768865E-12
  6002.35986  2.13153085E-12
  6005.1001  2.13771297E-12
  6007.83984  2.13606108E-12
  6010.58008  2.13597868E-12
  6013.31982  2.13790812E-12
  6016.06006  2.14436151E-12
  6018.7998  2.15449316E-12
  6021.54004  2.15693067E-12
  6024.27979  2.15144591E-12
  6027.02002  2.12535241E-12
  6029.76025  2.10478141E-12
  6032.5  2.10225977E-12
  6035.24023  2.10657576E-12
  6037.97998  2.11977831E-12
  6040.72021  2.12903046E-12
  6043.45996  2.13613112E-12
  6046.2002  2.13369448E-12
  6048.93994  2.12835153E-12
  6051.68018  2.12374584E-12
  6054.41992  2.12296695E-12
  6057.16016  2.13351537E-12
  6059.8999  2.12211455E-12
  6062.64014  2.09337821E-12
  6065.37988  2.09074663E-12
  6068.12012  2.10121438E-12
  6070.85986  2.12689653E-12
  6073.6001  2.1415376E-12
  6076.33984  2.12008145E-12
  6079.08008  2.1124014E-12
  6081.81982  2.12194802E-12
  6084.56006  2.1264763E-12
  6087.2998  2.13053403E-12
  6090.04004  2.1414346E-12
  6092.77979  2.14278595E-12
  6095.52002  2.10199826E-12
  6098.26025  2.08239502E-12
  6101.  2.11155485E-12
  6103.74023  2.1196957E-12
  6106.47998  2.11434798E-12
  6109.22021  2.10473392E-12
  6111.95996  2.09481824E-12
  6114.7002  2.10547313E-12
  6117.43994  2.11279757E-12
  6120.18018  2.09971211E-12
  6122.91992  2.09240763E-12
  6125.66016  2.0921678E-12
  6128.3999  2.09807996E-12
  6131.14014  2.10728895E-12
  6133.87988  2.09019716E-12
  6136.62012  2.06813039E-12
  6139.35986  2.05822555E-12
  6142.1001  2.060634E-12
  6144.83984  2.084715E-12
  6147.58008  2.09609088E-12
  6150.31982  2.0980496E-12
  6153.06006  2.09053044E-12
  6155.7998  2.0778301E-12
  6158.54004  2.07376455E-12
  6161.27979  2.07028817E-12
  6164.02002  2.06167115E-12
  6166.76025  2.05934401E-12
  6169.5  2.06576748E-12
  6172.24023  2.07323698E-12
  6174.97998  2.08244229E-12
  6177.72021  2.08100702E-12
  6180.45996  2.07715702E-12
  6183.2002  2.07989095E-12
  6185.93994  2.0831557E-12
  6188.68018  2.08722471E-12
  6191.41992  2.0854219E-12
  6194.16016  2.07662186E-12
  6196.8999  2.07939612E-12
  6199.64014  2.08697773E-12
  6202.37988  2.08953731E-12
  6205.12012  2.0902904E-12
  6207.85986  2.09006987E-12
  6210.6001  2.08727762E-12
  6213.33984  2.08271768E-12
  6216.08008  2.06914303E-12
  6218.81982  2.04930235E-12
  6221.56006  2.06847798E-12
  6224.2998  2.09445005E-12
  6227.04004  2.08217948E-12
  6229.77979  2.06838257E-12
  6232.52002  2.06425523E-12
  6235.26025  2.06269658E-12
  6238.  2.06457269E-12
  6240.74023  2.06363138E-12
  6243.47998  2.06166919E-12
  6246.22021  2.06133916E-12
  6248.95996  2.05913043E-12
  6251.7002  2.0496597E-12
  6254.43994  2.04402164E-12
  6257.18018  2.0434392E-12
  6259.91992  2.04998063E-12
  6262.66016  2.06306782E-12
  6265.3999  2.06984386E-12
  6268.14014  2.07089315E-12
  6270.87988  2.05816137E-12
  6273.62012  2.04298882E-12
  6276.35986  2.02506805E-12
  6279.1001  2.02430585E-12
  6281.83984  2.04593352E-12
  6284.58008  2.05237064E-12
  6287.31982  2.05193544E-12
  6290.06006  2.044392E-12
  6292.7998  2.0358693E-12
  6295.54004  2.03635589E-12
  6298.27979  2.03154572E-12
  6301.02002  2.01060783E-12
  6303.76025  2.0142605E-12
  6306.5  2.03807045E-12
  6309.24023  2.0416867E-12
  6311.97998  2.03830767E-12
  6314.72021  2.0379629E-12
  6317.45996  2.03520707E-12
  6320.2002  2.02548438E-12
  6322.93994  2.02179571E-12
  6325.68018  2.02735528E-12
  6328.41992  2.02328996E-12
  6331.16016  2.01538721E-12
  6333.8999  2.02028433E-12
  6336.64014  2.02841498E-12
  6339.37988  2.03373581E-12
  6342.12012  2.03563924E-12
  6344.85986  2.03184149E-12
  6347.6001  2.02980037E-12
  6350.33984  2.02899243E-12
  6353.08008  2.02215892E-12
  6355.81982  2.01567582E-12
  6358.56006  2.02874284E-12
  6361.2998  2.03862231E-12
  6364.04004  2.02867519E-12
  6366.77979  2.02110832E-12
  6369.52002  2.01754195E-12
  6372.26025  2.01350004E-12
  6375.  2.01035976E-12
  6377.74023  2.01973984E-12
  6380.47998  2.02981685E-12
  6383.22021  2.02411265E-12
  6385.95996  2.01919536E-12
  6388.7002  2.02301413E-12
  6391.43994  2.01584127E-12
  6394.18018  1.99719169E-12
  6396.91992  1.99172536E-12
  6399.66016  1.99255673E-12
  6402.3999  1.99472079E-12
  6405.14014  2.00043324E-12
  6407.87988  2.0135291E-12
  6410.62012  2.02129589E-12
  6413.35986  2.02099578E-12
  6416.1001  2.02049857E-12
  6418.83984  2.01844574E-12
  6421.58008  2.01602645E-12
  6424.31982  2.00909059E-12
  6427.06006  1.9832675E-12
  6429.7998  1.96875394E-12
  6432.54004  1.98096097E-12
  6435.27979  1.99659473E-12
  6438.02002  2.01994736E-12
  6440.76025  2.01987082E-12
  6443.5  2.00809096E-12
  6446.24023  2.00166381E-12
  6448.97998  2.00071925E-12
  6451.72021  2.01599761E-12
  6454.45996  2.02115972E-12
  6457.2002  2.0059553E-12
  6459.93994  2.00406857E-12
  6462.68018  2.00985474E-12
  6465.41992  2.01395909E-12
  6468.16016  2.01602927E-12
  6470.8999  2.00725959E-12
  6473.64014  2.00257042E-12
  6476.37988  2.01276539E-12
  6479.12012  2.01513589E-12
  6481.85986  2.00807665E-12
  6484.6001  2.00838239E-12
  6487.33984  2.01121671E-12
  6490.08008  2.0100152E-12
  6492.81982  2.00512914E-12
  6495.56006  1.99101109E-12
  6498.2998  1.98378748E-12
  6501.04004  1.98669206E-12
  6503.77979  1.99824575E-12
  6506.52002  2.01866518E-12
  6509.26025  2.02857479E-12
  6512.  2.03199176E-12
  6514.74023  2.0251151E-12
  6517.47998  2.01656096E-12
  6520.22021  2.01113952E-12
  6522.95996  2.00506907E-12
  6525.7002  1.99778041E-12
  6528.43994  1.99302987E-12
  6531.18018  1.98964955E-12
  6533.91992  1.98489163E-12
  6536.66016  1.97997304E-12
  6539.3999  1.97423783E-12
  6542.14014  1.97225027E-12
  6544.87988  1.98165659E-12
  6547.62012  1.97246755E-12
  6550.35986  1.94801315E-12
  6553.1001  1.91967926E-12
  6555.83984  1.87770567E-12
  6558.58008  1.7804677E-12
  6561.31982  1.70867487E-12
  6564.06006  1.70998003E-12
  6566.7998  1.76021795E-12
  6569.54004  1.88425512E-12
  6572.27979  1.94631637E-12
  6575.02002  1.97709015E-12
  6577.76025  1.9863423E-12
  6580.5  1.98416153E-12
  6583.24023  1.99015283E-12
  6585.97998  1.99068062E-12
  6588.72021  1.97851631E-12
  6591.45996  1.97621021E-12
  6594.2002  1.98234506E-12
  6596.93994  1.98909509E-12
  6599.68018  1.99462604E-12
  6602.41992  1.98346981E-12
  6605.16016  1.97350166E-12
  6607.8999  1.97676576E-12
  6610.64014  1.98277375E-12
  6613.37988  1.99643839E-12
  6616.12012  1.98890448E-12
  6618.85986  1.96888057E-12
  6621.6001  1.97864294E-12
  6624.33984  1.99547627E-12
  6627.08008  2.00166316E-12
  6629.81982  1.9974879E-12
  6632.56006  1.97354719E-12
  6635.2998  1.96302067E-12
  6638.04004  1.96457217E-12
  6640.77979  1.96965447E-12
  6643.52002  1.97788292E-12
  6646.26025  1.98334556E-12
  6649.  1.98249164E-12
  6651.74023  1.96386982E-12
  6654.47998  1.95637365E-12
  6657.22021  1.97039086E-12
  6659.95996  1.97007211E-12
  6662.7002  1.96208024E-12
  6665.43994  1.96265508E-12
  6668.18018  1.96439805E-12
  6670.91992  1.95855897E-12
  6673.66016  1.95560625E-12
  6676.3999  1.96142885E-12
  6679.14014  1.96497354E-12
  6681.87988  1.96706366E-12
  6684.62012  1.96275743E-12
  6687.35986  1.9559764E-12
  6690.1001  1.96314883E-12
  6692.83984  1.96924248E-12
  6695.58008  1.95926912E-12
  6698.31982  1.95360655E-12
  6701.06006  1.95833605E-12
  6703.7998  1.9563086E-12
  6706.54004  1.95000635E-12
  6709.27979  1.95394655E-12
  6712.02002  1.95978563E-12
  6714.76025  1.9549618E-12
  6717.5  1.95020302E-12
  6720.24023  1.9498448E-12
  6722.97998  1.95010154E-12
  6725.72021  1.95060656E-12
  6728.45996  1.95538767E-12
  6731.2002  1.96151147E-12
  6733.93994  1.95343828E-12
  6736.68018  1.94381295E-12
  6739.41992  1.94563701E-12
  6742.16016  1.94352412E-12
  6744.8999  1.93039703E-12
  6747.64014  1.92790033E-12
  6750.37988  1.93353341E-12
  6753.12012  1.94051416E-12
  6755.85986  1.94683787E-12
  6758.6001  1.9408444E-12
  6761.33984  1.93518509E-12
  6764.08008  1.93903834E-12
  6766.81982  1.93621768E-12
  6769.56006  1.92363985E-12
  6772.2998  1.91578285E-12
  6775.04004  1.91146686E-12
  6777.77979  1.93261314E-12
  6780.52002  1.95209105E-12
  6783.26025  1.9322096E-12
  6786.  1.9178578E-12
  6788.74023  1.92309623E-12
  6791.47998  1.92422857E-12
  6794.22021  1.92304484E-12
  6796.95996  1.92614696E-12
  6799.7002  1.92844894E-12
  6802.43994  1.91623952E-12
  6805.18018  1.90250528E-12
  6807.91992  1.89242957E-12
  6810.66016  1.88918065E-12
  6813.3999  1.89357644E-12
  6816.14014  1.90495818E-12
  6818.87988  1.92156382E-12
  6821.62012  1.91874619E-12
  6824.35986  1.91119559E-12
  6827.1001  1.91282103E-12
  6829.83984  1.91512279E-12
  6832.58008  1.91793391E-12
  6835.31982  1.9156521E-12
  6838.06006  1.90783066E-12
  6840.7998  1.90701448E-12
  6843.54004  1.90758498E-12
  6846.27979  1.89484214E-12
  6849.02002  1.88752139E-12
  6851.76025  1.90526566E-12
  6854.5  1.91390957E-12
  6857.24023  1.90408973E-12
  6859.97998  1.90895954E-12
  6862.72021  1.92145193E-12
  6865.45996  1.9164826E-12
  6868.2002  1.90591206E-12
  6870.93994  1.89856919E-12
  6873.68018  1.89476494E-12
  6876.41992  1.89867111E-12
  6879.16016  1.89714498E-12
  6881.8999  1.89014646E-12
  6884.64014  1.88153074E-12
  6887.37988  1.8750715E-12
  6890.12012  1.89933789E-12
  6892.85986  1.9195073E-12
  6895.6001  1.89316358E-12
  6898.33984  1.89471334E-12
  6901.08008  1.9642764E-12
  6903.81982  1.94792056E-12
  6906.56006  1.8727732E-12
  6909.2998  1.86316761E-12
  6912.04004  1.87600087E-12
  6914.77979  1.8875383E-12
  6917.52002  1.89682645E-12
  6920.26025  1.89959788E-12
  6923.  1.89846641E-12
  6925.74023  1.89181071E-12
  6928.47998  1.89214573E-12
  6931.22021  1.8948751E-12
  6933.95996  1.88816953E-12
  6936.7002  1.88118076E-12
  6939.43994  1.88254187E-12
  6942.18018  1.88189698E-12
  6944.91992  1.87551537E-12
  6947.66016  1.87384873E-12
  6950.3999  1.87549867E-12
  6953.14014  1.88194404E-12
  6955.87988  1.88868365E-12
  6958.62012  1.88430174E-12
  6961.35986  1.87827119E-12
  6964.1001  1.87224086E-12
  6966.83984  1.87320754E-12
  6969.58008  1.88495682E-12
  6972.31982  1.88371541E-12
  6975.06006  1.87608609E-12
  6977.7998  1.87404953E-12
  6980.54004  1.87147585E-12
  6983.27979  1.86053646E-12
  6986.02002  1.85782401E-12
  6988.76025  1.87304382E-12
  6991.5  1.87799949E-12
  6994.24023  1.87580572E-12
  6996.97998  1.86558516E-12
  6999.72021  1.85366674E-12
  7002.45996  1.85944858E-12
  7005.2002  1.86731641E-12
  7007.93994  1.86942432E-12
  7010.68018  1.87250172E-12
  7013.41992  1.87907567E-12
  7016.16016  1.87576148E-12
  7018.8999  1.86630399E-12
  7021.64014  1.8581831E-12
  7024.37988  1.85449551E-12
  7027.12012  1.8677514E-12
  7029.85986  1.87553141E-12
  7032.6001  1.86800987E-12
  7035.33984  1.86464386E-12
  7038.08008  1.86477569E-12
  7040.81982  1.85304571E-12
  7043.56006  1.83910374E-12
  7046.2998  1.84557166E-12
  7049.04004  1.85831862E-12
  7051.77979  1.87734507E-12
  7054.52002  1.88049641E-12
  7057.26025  1.85626601E-12
  7060.  1.8523271E-12
  7062.74023  1.85814385E-12
  7065.47998  1.8564655E-12
  7068.22021  1.85111453E-12
  7070.95996  1.83635572E-12
  7073.7002  1.830377E-12
  7076.43994  1.84572952E-12
  7079.18018  1.85359128E-12
  7081.91992  1.85559098E-12
  7084.66016  1.85267448E-12
  7087.3999  1.84559681E-12
  7090.14014  1.83568698E-12
  7092.87988  1.82680715E-12
  7095.62012  1.82072001E-12
  7098.35986  1.82386549E-12
  7101.1001  1.84401539E-12
  7103.83984  1.84824465E-12
  7106.58008  1.84274167E-12
  7109.31982  1.83569804E-12
  7112.06006  1.82927523E-12
  7114.7998  1.8343545E-12
  7117.54004  1.83714003E-12
  7120.27979  1.83218545E-12
  7123.02002  1.82280688E-12
  7125.76025  1.804465E-12
  7128.5  1.81744181E-12
  7131.24023  1.84364221E-12
  7133.97998  1.83232357E-12
  7136.72021  1.8172562E-12
  7139.45996  1.82303825E-12
  7142.2002  1.82713328E-12
  7144.93994  1.82579169E-12
  7147.68018  1.82506029E-12
  7150.41992  1.82425429E-12
  7153.16016  1.82362936E-12
  7155.8999  1.8232256E-12
  7158.64014  1.82292224E-12
  7161.37988  1.82393922E-12
  7164.12012  1.82880382E-12
  7166.85986  1.82923728E-12
  7169.6001  1.82344591E-12
  7172.33984  1.82726685E-12
  7175.08008  1.83192762E-12
  7177.81982  1.78995512E-12
  7180.56006  1.75292951E-12
  7183.2998  1.7807574E-12
  7186.04004  1.8034877E-12
  7188.77979  1.80473724E-12
  7191.52002  1.80751638E-12
  7194.26025  1.80902548E-12
  7197.  1.83714112E-12
  7199.74023  1.86565715E-12
  7202.47998  1.83150782E-12
  7205.22021  1.79626713E-12
  7207.95996  1.78976235E-12
  7210.7002  1.7927387E-12
  7213.43994  1.81108275E-12
  7216.18018  1.80836704E-12
  7218.91992  1.79537505E-12
  7221.66016  1.79489063E-12
  7224.3999  1.80269135E-12
  7227.14014  1.83144667E-12
  7229.87988  1.84135888E-12
  7232.62012  1.80686889E-12
  7235.35986  1.79998735E-12
  7238.1001  1.81643546E-12
  7240.83984  1.80614616E-12
  7243.58008  1.78838324E-12
  7246.31982  1.78847562E-12
  7249.06006  1.79522044E-12
  7251.7998  1.81101878E-12
  7254.54004  1.81508367E-12
  7257.27979  1.79922743E-12
  7260.02002  1.7992643E-12
  7262.76025  1.80658917E-12
  7265.5  1.80083129E-12
  7268.24023  1.79406772E-12
  7270.97998  1.79939755E-12
  7273.72021  1.80420934E-12
  7276.45996  1.80597822E-12
  7279.2002  1.80276313E-12
  7281.93994  1.79326551E-12
  7284.68018  1.79679709E-12
  7287.41992  1.80511584E-12
  7290.16016  1.80266425E-12
  7292.8999  1.79919935E-12
  7295.64014  1.80128113E-12
  7298.37988  1.79953741E-12
  7301.12012  1.79074399E-12
  7303.85986  1.78657978E-12
  7306.6001  1.78493494E-12
  7309.33984  1.78760956E-12
  7312.08008  1.79049549E-12
  7314.81982  1.78473187E-12
  7317.56006  1.78118403E-12
  7320.2998  1.78688119E-12
  7323.04004  1.78431976E-12
  7325.77979  1.76901939E-12
  7328.52002  1.79515745E-12
  7331.26025  1.83517914E-12
  7334.  1.80776986E-12
  7336.74023  1.77413065E-12
  7339.47998  1.78015372E-12
  7342.22021  1.78091862E-12
  7344.95996  1.7661005E-12
  7347.7002  1.76429834E-12
  7350.43994  1.77104631E-12
  7353.18018  1.76969225E-12
  7355.91992  1.76606906E-12
  7358.66016  1.76117053E-12
  7361.3999  1.76349311E-12
  7364.14014  1.78533262E-12
  7366.87988  1.79164485E-12
  7369.62012  1.77973901E-12
  7372.35986  1.77312722E-12
  7375.1001  1.76774394E-12
  7377.83984  1.76962785E-12
  7380.58008  1.77115928E-12
  7383.31982  1.76207811E-12
  7386.06006  1.75861767E-12
  7388.7998  1.76871419E-12
  7391.54004  1.76681694E-12
  7394.27979  1.75605288E-12
  7397.02002  1.75383872E-12
  7399.76025  1.75553506E-12
  7402.5  1.76250898E-12
  7405.24023  1.76576082E-12
  7407.97998  1.75774022E-12
  7410.72021  1.75048019E-12
  7413.45996  1.74355138E-12
  7416.2002  1.74039374E-12
  7418.93994  1.73965269E-12
  7421.68018  1.73755281E-12
  7424.41992  1.73626456E-12
  7427.16016  1.73862715E-12
  7429.8999  1.73910951E-12
  7432.64014  1.73368633E-12
  7435.37988  1.73572007E-12
  7438.12012  1.74423496E-12
  7440.85986  1.74941355E-12
  7443.6001  1.75124162E-12
  7446.33984  1.73851547E-12
  7449.08008  1.72986007E-12
  7451.81982  1.74068442E-12
  7454.56006  1.74747066E-12
  7457.2998  1.7485876E-12
  7460.04004  1.74814991E-12
  7462.77979  1.7456866E-12
  7465.52002  1.74282941E-12
  7468.26025  1.73707175E-12
  7471.  1.72166806E-12
  7473.74023  1.71137605E-12
  7476.47998  1.71207753E-12
  7479.22021  1.71501073E-12
  7481.95996  1.72119339E-12
  7484.7002  1.72606319E-12
  7487.43994  1.72990734E-12
  7490.18018  1.72963022E-12
  7492.91992  1.72731718E-12
  7495.66016  1.72291565E-12
  7498.3999  1.72014464E-12
  7501.14014  1.71906239E-12
  7503.87988  1.7225301E-12
  7506.62012  1.72870203E-12
  7509.35986  1.71186502E-12
  7512.1001  1.69350265E-12
  7514.83984  1.70428331E-12
  7517.58008  1.71498558E-12
  7520.31982  1.71627545E-12
  7523.06006  1.71706442E-12
  7525.7998  1.71671336E-12
  7528.54004  1.71869225E-12
  7531.27979  1.72083983E-12
  7534.02002  1.71635872E-12
  7536.76025  1.71164081E-12
  7539.5  1.70954169E-12
  7542.24023  1.71349035E-12
  7544.97998  1.73208399E-12
  7547.72021  1.72542297E-12
  7550.45996  1.70153843E-12
  7553.2002  1.69688048E-12
  7555.93994  1.69808135E-12
  7558.68018  1.69751745E-12
  7561.41992  1.69454262E-12
  7564.16016  1.68413775E-12
  7566.8999  1.68265684E-12
  7569.64014  1.69184903E-12
  7572.37988  1.69278274E-12
  7575.12012  1.69170147E-12
  7577.85986  1.70386058E-12
  7580.6001  1.71285349E-12
  7583.33984  1.69978994E-12
  7586.08008  1.69273016E-12
  7588.81982  1.70006067E-12
  7591.56006  1.70069796E-12
  7594.2998  1.69750878E-12
  7597.04004  1.69027563E-12
  7599.77979  1.68392709E-12
  7602.52002  1.69357649E-12
  7605.26025  1.70021571E-12
  7608.  1.69583661E-12
  7610.74023  1.68253757E-12
  7613.47998  1.65380383E-12
  7616.22021  1.65370246E-12
  7618.95996  1.66897919E-12
  7621.7002  1.67668039E-12
  7624.43994  1.68262691E-12
  7627.18018  1.68808869E-12
  7629.91992  1.68767127E-12
  7632.66016  1.6739276E-12
  7635.3999  1.67697648E-12
  7638.14014  1.69413463E-12
  7640.87988  1.69050993E-12
  7643.62012  1.68015005E-12
  7646.35986  1.67909089E-12
  7649.1001  1.68021955E-12
  7651.83984  1.684235E-12
  7654.58008  1.68207885E-12
  7657.31982  1.67139122E-12
  7660.06006  1.66250076E-12
  7662.7998  1.65477343E-12
  7665.54004  1.66452225E-12
  7668.27979  1.67713228E-12
  7671.02002  1.67608624E-12
  7673.76025  1.67509138E-12
  7676.5  1.67812433E-12
  7679.24023  1.67784309E-12
  7681.97998  1.67452944E-12
  7684.72021  1.67367043E-12
  7687.45996  1.67376172E-12
  7690.2002  1.67571588E-12
  7692.93994  1.67403071E-12
  7695.68018  1.66292772E-12
  7698.41992  1.65143745E-12
  7701.16016  1.63622013E-12
  7703.8999  1.63700943E-12
  7706.64014  1.64850544E-12
  7709.37988  1.65860186E-12
  7712.12012  1.6675462E-12
  7714.85986  1.67225164E-12
  7717.6001  1.66968544E-12
  7720.33984  1.65292454E-12
  7723.08008  1.64673733E-12
  7725.81982  1.65072914E-12
  7728.56006  1.64777545E-12
  7731.2998  1.64403755E-12
  7734.04004  1.6531841E-12
  7736.77979  1.65758607E-12
  7739.52002  1.63988311E-12
  7742.26025  1.62628721E-12
  7745.  1.61823983E-12
  7747.74023  1.6202919E-12
  7750.47998  1.63062055E-12
  7753.22021  1.63485089E-12
  7755.95996  1.6388284E-12
  7758.7002  1.64996228E-12
  7761.43994  1.65516938E-12
  7764.18018  1.64484171E-12
  7766.91992  1.64167508E-12
  7769.66016  1.6457481E-12
  7772.3999  1.64865409E-12
  7775.14014  1.65084363E-12
  7777.87988  1.64549537E-12
  7780.62012  1.63856136E-12
  7783.35986  1.63647069E-12
  7786.1001  1.62843176E-12
  7788.83984  1.60652351E-12
  7791.58008  1.60202754E-12
  7794.31982  1.60977286E-12
  7797.06006  1.61838262E-12
  7799.7998  1.62646296E-12
  7802.54004  1.62384516E-12
  7805.27979  1.61952765E-12
  7808.02002  1.61487154E-12
  7810.76025  1.61617518E-12
  7813.5  1.62464714E-12
  7816.24023  1.63184353E-12
  7818.97998  1.63827101E-12
  7821.72021  1.63557883E-12
  7824.45996  1.62950686E-12
  7827.2002  1.62228011E-12
  7829.93994  1.61906372E-12
  7832.68018  1.62422734E-12
  7835.41992  1.62281007E-12
  7838.16016  1.61660995E-12
  7840.8999  1.61656983E-12
  7843.64014  1.61751005E-12
  7846.37988  1.61199873E-12
  7849.12012  1.60579059E-12
  7851.85986  1.60076672E-12
  7854.6001  1.59741274E-12
  7857.33984  1.59700573E-12
  7860.08008  1.59088053E-12
  7862.81982  1.58251992E-12
  7865.56006  1.58605919E-12
  7868.2998  1.59240882E-12
  7871.04004  1.59534528E-12
  7873.77979  1.59461951E-12
  7876.52002  1.58609974E-12
  7879.26025  1.58599436E-12
  7882.  1.59283318E-12
  7884.74023  1.59925491E-12
  7887.47998  1.6069728E-12
  7890.22021  1.61964517E-12
  7892.95996  1.62585722E-12
  7895.7002  1.61515235E-12
  7898.43994  1.60328879E-12
  7901.18018  1.58809185E-12
  7903.91992  1.58484109E-12
  7906.66016  1.58903869E-12
  7909.3999  1.59170051E-12
  7912.14014  1.58980793E-12
  7914.87988  1.56955644E-12
  7917.62012  1.5558943E-12
  7920.35986  1.55615234E-12
  7923.1001  1.56742685E-12
  7925.83984  1.59222505E-12
  7928.58008  1.59716641E-12
  7931.31982  1.59400889E-12
  7934.06006  1.5987629E-12
  7936.7998  1.59976643E-12
  7939.54004  1.58506086E-12
  7942.27979  1.58126658E-12
  7945.02002  1.5994428E-12
  7947.76025  1.59434868E-12
  7950.5  1.57630463E-12
  7953.24023  1.57630473E-12
  7955.97998  1.58142867E-12
  7958.72021  1.58221613E-12
  7961.45996  1.58405298E-12
  7964.2002  1.58459715E-12
  7966.93994  1.59993752E-12
  7969.68018  1.63623011E-12
  7972.41992  1.61928424E-12
  7975.16016  1.58001813E-12
  7977.8999  1.58254865E-12
  7980.64014  1.59134587E-12
  7983.37988  1.58740133E-12
  7986.12012  1.58574315E-12
  7988.85986  1.58656172E-12
  7991.6001  1.59674119E-12
  7994.33984  1.61409644E-12
  7997.08008  1.59665749E-12
  7999.81982  1.57121505E-12
  8002.56006  1.57381475E-12
  8005.2998  1.57960472E-12
  8008.04004  1.58546754E-12
  8010.77979  1.57749107E-12
  8013.52002  1.55089808E-12
  8016.26025  1.54683026E-12
  8019.  1.55385969E-12
  8021.74023  1.56101315E-12
  8024.47998  1.56684843E-12
  8027.22021  1.56512151E-12
  8029.95996  1.5639535E-12
  8032.7002  1.56446633E-12
  8035.43994  1.56693354E-12
  8038.18018  1.57126504E-12
  8040.91992  1.5696885E-12
  8043.66016  1.56535863E-12
  8046.3999  1.56107234E-12
  8049.14014  1.55623127E-12
  8051.87988  1.54708451E-12
  8054.62012  1.55008927E-12
  8057.35986  1.57014527E-12
  8060.1001  1.57622591E-12
  8062.83984  1.57504457E-12
  8065.58008  1.56393171E-12
  8068.31982  1.5539204E-12
  8071.06006  1.56052092E-12
  8073.7998  1.56763448E-12
  8076.54004  1.5740536E-12
  8079.27979  1.57301971E-12
  8082.02002  1.56502133E-12
  8084.76025  1.56687543E-12
  8087.5  1.56981101E-12
  8090.24023  1.55723351E-12
  8092.97998  1.54623157E-12
  8095.72021  1.54811851E-12
  8098.45996  1.54652799E-12
  8101.2002  1.53858653E-12
  8103.93994  1.5383749E-12
  8106.68018  1.54234015E-12
  8109.41992  1.5453204E-12
  8112.16016  1.54456537E-12
  8114.8999  1.52987388E-12
  8117.64014  1.52025463E-12
  8120.37988  1.52270373E-12
  8123.12012  1.52656197E-12
  8125.85986  1.53331568E-12
  8128.6001  1.53272111E-12
  8131.33984  1.52893746E-12
  8134.08008  1.52759717E-12
  8136.81982  1.52609067E-12
  8139.56006  1.5197933E-12
  8142.2998  1.52439855E-12
  8145.04004  1.54791566E-12
  8147.77979  1.55587359E-12
  8150.52002  1.55580323E-12
  8153.26025  1.55492622E-12
  8156.  1.55261286E-12
  8158.74023  1.55064882E-12
  8161.47998  1.54865845E-12
  8164.22021  1.54497422E-12
  8166.95996  1.54735458E-12
  8169.7002  1.55604902E-12
  8172.43994  1.56487909E-12
  8175.18018  1.57060703E-12
  8177.91992  1.55083335E-12
  8180.66016  1.52776847E-12
  8183.3999  1.51360597E-12
  8186.14014  1.50993541E-12
  8188.87988  1.52325938E-12
  8191.62012  1.5254576E-12
  8194.36035  1.52209083E-12
  8197.09961  1.52340716E-12
  8199.83984  1.52548633E-12
  8202.58008  1.52630361E-12
  8205.32031  1.52466863E-12
  8208.05957  1.51613769E-12
  8210.7998  1.51655706E-12
  8213.54004  1.52545912E-12
  8216.28027  1.54578943E-12
  8219.01953  1.56831904E-12
  8221.75977  1.54442236E-12
  8224.5  1.5169348E-12
  8227.24023  1.52150872E-12
  8229.98047  1.5236021E-12
  8232.71973  1.51744275E-12
  8235.45996  1.51319538E-12
  8238.2002  1.50962424E-12
  8240.94043  1.5066584E-12
  8243.67969  1.50375285E-12
  8246.41992  1.49871348E-12
  8249.16016  1.49561928E-12
  8251.90039  1.49708653E-12
  8254.63965  1.49893964E-12
  8257.37988  1.50046729E-12
  8260.12012  1.50849277E-12
  8262.86035  1.51909269E-12
  8265.59961  1.51506227E-12
  8268.33984  1.50923273E-12
  8271.08008  1.5148424E-12
  8273.82031  1.5139359E-12
  8276.55957  1.49734684E-12
  8279.2998  1.49545122E-12
  8282.04004  1.50502679E-12
  8284.78027  1.49187162E-12
  8287.51953  1.47397491E-12
  8290.25977  1.4817378E-12
  8293.  1.48692278E-12
  8295.74023  1.46979911E-12
  8298.48047  1.46735868E-12
  8301.21973  1.4866423E-12
  8303.95996  1.48920915E-12
  8306.7002  1.48374021E-12
  8309.44043  1.47393621E-12
  8312.17969  1.46668246E-12
  8314.91992  1.47693067E-12
  8317.66016  1.48313458E-12
  8320.40039  1.47931504E-12
  8323.13965  1.47173539E-12
  8325.87988  1.45878546E-12
  8328.62012  1.46295508E-12
  8331.36035  1.47576222E-12
  8334.09961  1.4891622E-12
  8336.83984  1.50218032E-12
  8339.58008  1.51722959E-12
  8342.32031  1.51604619E-12
  8345.05957  1.48829365E-12
  8347.7998  1.48411578E-12
  8350.54004  1.49089519E-12
  8353.28027  1.47958859E-12
  8356.01953  1.46647364E-12
  8358.75977  1.46812965E-12
  8361.5  1.46773403E-12
  8364.24023  1.45914411E-12
  8366.98047  1.45272097E-12
  8369.71973  1.4469296E-12
  8372.45996  1.45231982E-12
  8375.2002  1.46426426E-12
  8377.94043  1.48026784E-12
  8380.67969  1.48692213E-12
  8383.41992  1.46457618E-12
  8386.16016  1.4501281E-12
  8388.90039  1.44729281E-12
  8391.63965  1.45317374E-12
  8394.37988  1.46685767E-12
  8397.12012  1.47073315E-12
  8399.86035  1.47090987E-12
  8402.59961  1.46999296E-12
  8405.33984  1.46825401E-12
  8408.08008  1.46458193E-12
  8410.82031  1.46605699E-12
  8413.55957  1.4745671E-12
  8416.2998  1.46688477E-12
  8419.04004  1.45249004E-12
  8421.78027  1.45244808E-12
  8424.51953  1.45165206E-12
  8427.25977  1.4343882E-12
  8430.  1.43095843E-12
  8432.74023  1.45198079E-12
  8435.48047  1.46482284E-12
  8438.21973  1.47452569E-12
  8440.95996  1.46647961E-12
  8443.7002  1.45356654E-12
  8446.44043  1.45450123E-12
  8449.17969  1.46122502E-12
  8451.91992  1.47855296E-12
  8454.66016  1.48064243E-12
  8457.40039  1.46317377E-12
  8460.13965  1.46580762E-12
  8462.87988  1.47622377E-12
  8465.62012  1.47440924E-12
  8468.36035  1.46615413E-12
  8471.09961  1.44592574E-12
  8473.83984  1.43678374E-12
  8476.58008  1.45033193E-12
  8479.32031  1.45140161E-12
  8482.05957  1.4448772E-12
  8484.7998  1.43063632E-12
  8487.54004  1.41461203E-12
  8490.28027  1.4139975E-12
  8493.01953  1.41063908E-12
  8495.75977  1.38735941E-12
  8498.5  1.38769139E-12
  8501.24023  1.42023123E-12
  8503.98047  1.4301622E-12
  8506.71973  1.4316018E-12
  8509.45996  1.44633806E-12
  8512.2002  1.45940844E-12
  8514.94043  1.45498327E-12
  8517.67969  1.45402852E-12
  8520.41992  1.46707158E-12
  8523.16016  1.46289361E-12
  8525.90039  1.4444909E-12
  8528.63965  1.42762289E-12
  8531.37988  1.40788379E-12
  8534.12012  1.38165727E-12
  8536.86035  1.35409229E-12
  8539.59961  1.3164205E-12
  8542.33984  1.31492419E-12
  8545.08008  1.36540182E-12
  8547.82031  1.39153532E-12
  8550.55957  1.40902307E-12
  8553.2998  1.41791537E-12
  8556.04004  1.42134947E-12
  8558.78027  1.42277216E-12
  8561.51953  1.42412167E-12
  8564.25977  1.42710561E-12
  8567.  1.42791638E-12
  8569.74023  1.42665231E-12
  8572.48047  1.42661425E-12
  8575.21973  1.42694851E-12
  8577.95996  1.42770041E-12
  8580.7002  1.42763731E-12
  8583.44043  1.42366316E-12
  8586.17969  1.42480027E-12
  8588.91992  1.43836104E-12
  8591.66016  1.42906412E-12
  8594.40039  1.40674018E-12
  8597.13965  1.41267672E-12
  8599.87988  1.42668744E-12
  8602.62012  1.4341359E-12
  8605.36035  1.43640828E-12
  8608.09961  1.42630384E-12
  8610.83984  1.43143407E-12
  8613.58008  1.45323543E-12
  8616.32031  1.45710852E-12
  8619.05957  1.45151534E-12
  8621.7998  1.43402662E-12
  8624.54004  1.42174076E-12
  8627.28027  1.43632404E-12
  8630.02051  1.44381187E-12
  8632.75977  1.43857615E-12
  8635.5  1.43176475E-12
  8638.24023  1.42210993E-12
  8640.98047  1.41917088E-12
  8643.71973  1.41763879E-12
  8646.45996  1.41242053E-12
  8649.2002  1.40417333E-12
  8651.94043  1.39447232E-12
  8654.67969  1.37445871E-12
  8657.41992  1.34119094E-12
  8660.16016  1.31622848E-12
  8662.90039  1.3030602E-12
  8665.63965  1.3563586E-12
  8668.37988  1.41434683E-12
  8671.12012  1.42183531E-12
  8673.86035  1.426723E-12
  8676.59961  1.43691341E-12
  8679.33984  1.43774239E-12
  8682.08008  1.43102804E-12
  8684.82031  1.41908913E-12
  8687.55957  1.40747201E-12
  8690.2998  1.41253491E-12
  8693.04004  1.41809286E-12
  8695.78027  1.42004691E-12
  8698.52051  1.41183831E-12
  8701.25977  1.38834734E-12
  8704.  1.38557655E-12
  8706.74023  1.39376314E-12
  8709.48047  1.40433954E-12
  8712.21973  1.41087662E-12
  8714.95996  1.39984292E-12
  8717.7002  1.3884537E-12
  8720.44043  1.37717268E-12
  8723.17969  1.37683875E-12
  8725.91992  1.38610781E-12
  8728.66016  1.39144609E-12
  8731.40039  1.39748261E-12
  8734.13965  1.40933944E-12
  8736.87988  1.42092772E-12
  8739.62012  1.43293667E-12
  8742.36035  1.43170577E-12
  8745.09961  1.41411882E-12
  8747.83984  1.39452057E-12
  8750.58008  1.37230949E-12
  8753.32031  1.36746127E-12
  8756.05957  1.36958153E-12
  8758.7998  1.3696622E-12
  8761.54004  1.37798204E-12
  8764.28027  1.40513686E-12
  8767.02051  1.41178378E-12
  8769.75977  1.40077761E-12
  8772.5  1.39664116E-12
  8775.24023  1.39286347E-12
  8777.98047  1.38493481E-12
  8780.71973  1.3785957E-12
  8783.45996  1.37906418E-12
  8786.2002  1.3769463E-12
  8788.94043  1.36687493E-12
  8791.67969  1.37604132E-12
  8794.41992  1.39653133E-12
  8797.16016  1.39873605E-12
  8799.90039  1.39733949E-12
  8802.63965  1.40809521E-12
  8805.37988  1.40935451E-12
  8808.12012  1.3872073E-12
  8810.86035  1.37975634E-12
  8813.59961  1.38650777E-12
  8816.33984  1.37686325E-12
  8819.08008  1.36143766E-12
  8821.82031  1.35213943E-12
  8824.55957  1.3503737E-12
  8827.2998  1.36519517E-12
  8830.04004  1.37448028E-12
  8832.78027  1.37386391E-12
  8835.52051  1.37498845E-12
  8838.25977  1.376063E-12
  8841.  1.38298346E-12
  8843.74023  1.38606964E-12
  8846.48047  1.36473905E-12
  8849.21973  1.34676753E-12
  8851.95996  1.34202209E-12
  8854.7002  1.34411232E-12
  8857.44043  1.35497581E-12
  8860.17969  1.35762224E-12
  8862.91992  1.35799531E-12
  8865.66016  1.36815353E-12
  8868.40039  1.3754771E-12
  8871.13965  1.36706456E-12
  8873.87988  1.36194864E-12
  8876.62012  1.36328785E-12
  8879.36035  1.36702628E-12
  8882.09961  1.37336594E-12
  8884.83984  1.3662591E-12
  8887.58008  1.35586659E-12
  8890.32031  1.35845274E-12
  8893.05957  1.35653836E-12
  8895.7998  1.33636494E-12
  8898.54004  1.33242516E-12
  8901.28027  1.34868353E-12
  8904.02051  1.34846214E-12
  8906.75977  1.34275924E-12
  8909.5  1.35043181E-12
  8912.24023  1.36203754E-12
  8914.98047  1.37551873E-12
  8917.71973  1.38205419E-12
  8920.45996  1.37805186E-12
  8923.2002  1.37118745E-12
  8925.94043  1.36036527E-12
  8928.67969  1.35576543E-12
  8931.41992  1.35099321E-12
  8934.16016  1.33115003E-12
  8936.90039  1.31909403E-12
  8939.63965  1.33300337E-12
  8942.37988  1.33773949E-12
  8945.12012  1.32858156E-12
  8947.86035  1.33448309E-12
  8950.59961  1.34810804E-12
  8953.33984  1.36185106E-12
  8956.08008  1.3704863E-12
  8958.82031  1.36005139E-12
  8961.55957  1.35278713E-12
  8964.2998  1.35806687E-12
  8967.04004  1.35234727E-12
  8969.78027  1.33752991E-12
  8972.52051  1.32681615E-12
  8975.25977  1.32100093E-12
  8978.  1.33641004E-12
  8980.74023  1.34933969E-12
  8983.48047  1.34153756E-12
  8986.21973  1.33999365E-12
  8988.95996  1.34576681E-12
  8991.7002  1.36061691E-12
  8994.44043  1.38056602E-12
  8997.17969  1.37018836E-12
  8999.91992  1.34939987E-12
  9002.66016  1.32916475E-12
  9005.40039  1.32044907E-12
  9008.13965  1.33821144E-12
  9010.87988  1.33348736E-12
  9013.62012  1.30727308E-12
  9016.36035  1.31010925E-12
  9019.09961  1.32424974E-12
  9021.83984  1.32784463E-12
  9024.58008  1.33103023E-12
  9027.32031  1.33971848E-12
  9030.05957  1.34178888E-12
  9032.7998  1.33166102E-12
  9035.54004  1.3333797E-12
  9038.28027  1.34116969E-12
  9041.02051  1.33748102E-12
  9043.75977  1.33286806E-12
  9046.5  1.34045563E-12
  9049.24023  1.34559518E-12
  9051.98047  1.34303744E-12
  9054.71973  1.33892734E-12
  9057.45996  1.33234938E-12
  9060.2002  1.33040616E-12
  9062.94043  1.32955767E-12
  9065.67969  1.32037241E-12
  9068.41992  1.31180223E-12
  9071.16016  1.31146233E-12
  9073.90039  1.30961984E-12
  9076.63965  1.30141655E-12
  9079.37988  1.30687323E-12
  9082.12012  1.32186666E-12
  9084.86035  1.32839529E-12
  9087.59961  1.32931068E-12
  9090.33984  1.31797199E-12
  9093.08008  1.30873209E-12
  9095.82031  1.30863072E-12
  9098.55957  1.30981369E-12
  9101.2998  1.31227451E-12
  9104.04004  1.31896534E-12
  9106.78027  1.32733202E-12
  9109.52051  1.32688728E-12
  9112.25977  1.32372845E-12
  9115.  1.32037209E-12
  9117.74023  1.31885616E-12
  9120.48047  1.31807358E-12
  9123.21973  1.32670578E-12
  9125.95996  1.34333733E-12
  9128.7002  1.34413444E-12
  9131.44043  1.33941545E-12
  9134.17969  1.3398024E-12
  9136.91992  1.33964812E-12
  9139.66016  1.3444275E-12
  9142.40039  1.3247283E-12
  9145.13965  1.26832811E-12
  9147.87988  1.25982276E-12
  9150.62012  1.276767E-12
  9153.36035  1.29767573E-12
  9156.09961  1.31535592E-12
  9158.83984  1.31198709E-12
  9161.58008  1.3041392E-12
  9164.32031  1.29000857E-12
  9167.05957  1.28915075E-12
  9169.7998  1.29928718E-12
  9172.54004  1.30234571E-12
  9175.28027  1.3044174E-12
  9178.02051  1.31185796E-12
  9180.75977  1.31797806E-12
  9183.5  1.32156688E-12
  9186.24023  1.31580781E-12
  9188.98047  1.29346707E-12
  9191.71973  1.29713449E-12
  9194.45996  1.31421751E-12
  9197.2002  1.31441646E-12
  9199.94043  1.30842331E-12
  9202.67969  1.29971825E-12
  9205.41992  1.288478E-12
  9208.16016  1.27153464E-12
  9210.90039  1.26529787E-12
  9213.63965  1.26917704E-12
  9216.37988  1.26070096E-12
  9219.12012  1.25043725E-12
  9221.86035  1.25825305E-12
  9224.59961  1.26694412E-12
  9227.33984  1.26634684E-12
  9230.08008  1.26649114E-12
  9232.82031  1.267079E-12
  9235.55957  1.27037205E-12
  9238.2998  1.27682402E-12
  9241.04004  1.30838114E-12
  9243.78027  1.33596769E-12
  9246.52051  1.31121611E-12
  9249.25977  1.29211268E-12
  9252.  1.30125912E-12
  9254.74023  1.30137546E-12
  9257.48047  1.29407542E-12
  9260.21973  1.28832806E-12
  9262.95996  1.28317777E-12
  9265.7002  1.28364441E-12
  9268.44043  1.28219148E-12
  9271.17969  1.27011878E-12
  9273.91992  1.26340409E-12
  9276.66016  1.26686855E-12
  9279.40039  1.26345386E-12
  9282.13965  1.25658338E-12
  9284.87988  1.25427468E-12
  9287.62012  1.25375524E-12
  9290.36035  1.2544771E-12
  9293.09961  1.25383872E-12
  9295.83984  1.24632748E-12
  9298.58008  1.25198018E-12
  9301.32031  1.27428244E-12
  9304.05957  1.27167547E-12
  9306.7998  1.25786642E-12
  9309.54004  1.25243967E-12
  9312.28027  1.25030953E-12
  9315.02051  1.25152005E-12
  9317.75977  1.25643951E-12
  9320.5  1.26728608E-12
  9323.24023  1.27404055E-12
  9325.98047  1.27841466E-12
  9328.71973  1.27954006E-12
  9331.45996  1.28074873E-12
  9334.2002  1.28995274E-12
  9336.94043  1.29927926E-12
  9339.67969  1.30971167E-12
  9342.41992  1.30582611E-12
  9345.16016  1.28364572E-12
  9347.90039  1.27427441E-12
  9350.63965  1.27039286E-12
  9353.37988  1.26816656E-12
  9356.12012  1.26944267E-12
  9358.86035  1.27871422E-12
  9361.59961  1.28199903E-12
  9364.33984  1.27754925E-12
  9367.08008  1.26014487E-12
  9369.82031  1.23009296E-12
  9372.55957  1.22904974E-12
  9375.2998  1.23708693E-12
  9378.04004  1.22652951E-12
  9380.78027  1.21929398E-12
  9383.52051  1.22873879E-12
  9386.25977  1.23011909E-12
  9389.  1.21834975E-12
  9391.74023  1.22460484E-12
  9394.48047  1.24022494E-12
  9397.21973  1.24937766E-12
  9399.95996  1.25657221E-12
  9402.7002  1.26540044E-12
  9405.44043  1.26419751E-12
  9408.17969  1.24208879E-12
  9410.91992  1.23714439E-12
  9413.66016  1.24604515E-12
  9416.40039  1.24486174E-12
  9419.13965  1.24216913E-12
  9421.87988  1.25018398E-12
  9424.62012  1.2546677E-12
  9427.36035  1.2445702E-12
  9430.09961  1.23768714E-12
  9432.83984  1.23600826E-12
  9435.58008  1.23218905E-12
  9438.32031  1.22770229E-12
  9441.05957  1.22312837E-12
  9443.7998  1.22087811E-12
  9446.54004  1.22649883E-12
  9449.28027  1.23176697E-12
  9452.02051  1.23465582E-12
  9454.75977  1.23585495E-12
  9457.5  1.23607342E-12
  9460.24023  1.22337784E-12
  9462.98047  1.20681796E-12
  9465.71973  1.20888878E-12
  9468.45996  1.21711387E-12
  9471.2002  1.23330599E-12
  9473.94043  1.23247278E-12
  9476.67969  1.2014208E-12
  9479.41992  1.19457872E-12
  9482.16016  1.20021007E-12
  9484.90039  1.20232188E-12
  9487.63965  1.20265657E-12
  9490.37988  1.19537193E-12
  9493.12012  1.1895927E-12
  9495.86035  1.18750864E-12
  9498.59961  1.19162471E-12
  9501.33984  1.20338223E-12
  9504.08008  1.20511142E-12
  9506.82031  1.20351244E-12
  9509.55957  1.21241754E-12
  9512.2998  1.21898032E-12
  9515.04004  1.20895893E-12
  9517.78027  1.20913848E-12
  9520.52051  1.23079737E-12
  9523.25977  1.23292218E-12
  9526.  1.22303307E-12
  9528.74023  1.21910999E-12
  9531.48047  1.21603704E-12
  9534.21973  1.21465609E-12
  9536.95996  1.20722421E-12
  9539.7002  1.1852213E-12
  9542.44043  1.17101326E-12
  9545.17969  1.16292653E-12
  9547.91992  1.1704678E-12
  9550.66016  1.18687373E-12
  9553.40039  1.19105572E-12
  9556.13965  1.18770965E-12
  9558.87988  1.16756604E-12
  9561.62012  1.16307181E-12
  9564.36035  1.19080527E-12
  9567.09961  1.19676372E-12
  9569.83984  1.18878681E-12
  9572.58008  1.18843921E-12
  9575.32031  1.18823473E-12
  9578.05957  1.17964959E-12
  9580.7998  1.17509062E-12
  9583.54004  1.18451852E-12
  9586.28027  1.1867716E-12
  9589.02051  1.17840557E-12
  9591.75977  1.18420855E-12
  9594.5  1.19640268E-12
  9597.24023  1.196582E-12
  9599.98047  1.19538461E-12
  9602.71973  1.20177674E-12
  9605.45996  1.20538215E-12
  9608.2002  1.20145625E-12
  9610.94043  1.20474594E-12
  9613.67969  1.21400448E-12
  9616.41992  1.20897346E-12
  9619.16016  1.2032364E-12
  9621.90039  1.23204084E-12
  9624.63965  1.24573171E-12
  9627.37988  1.20308212E-12
  9630.12012  1.17907355E-12
  9632.86035  1.17932302E-12
  9635.59961  1.18387949E-12
  9638.33984  1.1936887E-12
  9641.08008  1.18551425E-12
  9643.82031  1.17453432E-12
  9646.55957  1.17466291E-12
  9649.2998  1.17605448E-12
  9652.04004  1.17760142E-12
  9654.78027  1.17838107E-12
  9657.52051  1.1797979E-12
  9660.25977  1.1568486E-12
  9663.  1.12805923E-12
  9665.74023  1.13775569E-12
  9668.48047  1.15448861E-12
  9671.21973  1.16521072E-12
  9673.95996  1.17115909E-12
  9676.7002  1.17097478E-12
  9679.44043  1.17063108E-12
  9682.17969  1.16856763E-12
  9684.91992  1.15617889E-12
  9687.66016  1.14571005E-12
  9690.40039  1.15652746E-12
  9693.13965  1.16938696E-12
  9695.87988  1.18190939E-12
  9698.62012  1.18362709E-12
  9701.36035  1.17139924E-12
  9704.09961  1.1978245E-12
  9706.83984  1.23640074E-12
  9709.58008  1.23061489E-12
  9712.32031  1.20797935E-12
  9715.05957  1.16850681E-12
  9717.7998  1.14874755E-12
  9720.54004  1.16347795E-12
  9723.28027  1.15973832E-12
  9726.02051  1.14799858E-12
  9728.75977  1.15617368E-12
  9731.5  1.16672503E-12
  9734.24023  1.15353387E-12
  9736.98047  1.14832894E-12
  9739.71973  1.17230889E-12
  9742.45996  1.17409262E-12
  9745.2002  1.15013793E-12
  9747.94043  1.15413733E-12
  9750.67969  1.1679891E-12
  9753.41992  1.15625673E-12
  9756.16016  1.14759602E-12
  9758.90039  1.16923897E-12
  9761.63965  1.18071059E-12
  9764.37988  1.17252659E-12
  9767.12012  1.1660371E-12
  9769.86035  1.15834761E-12
  9772.59961  1.16104207E-12
  9775.33984  1.16679431E-12
  9778.08008  1.16550487E-12
  9780.82031  1.16351774E-12
  9783.55957  1.16264702E-12
  9786.2998  1.16194478E-12
  9789.04004  1.16177662E-12
  9791.78027  1.15753631E-12
  9794.52051  1.15344659E-12
  9797.25977  1.17506265E-12
  9800.  1.19402958E-12
  9802.74023  1.17825183E-12
  9805.48047  1.16728925E-12
  9808.21973  1.17223722E-12
  9810.95996  1.16849174E-12
  9813.7002  1.15884396E-12
  9816.44043  1.15331583E-12
  9819.17969  1.1477812E-12
  9821.91992  1.13564247E-12
  9824.66016  1.12592195E-12
  9827.40039  1.12113856E-12
  9830.13965  1.12713354E-12
  9832.87988  1.14862948E-12
  9835.62012  1.15799579E-12
  9838.36035  1.16136918E-12
  9841.09961  1.15749044E-12
  9843.83984  1.15519768E-12
  9846.58008  1.17345706E-12
  9849.32031  1.17782997E-12
  9852.05957  1.14789992E-12
  9854.7998  1.14535475E-12
  9857.54004  1.16602496E-12
  9860.28027  1.15199007E-12
  9863.02051  1.13075911E-12
  9865.75977  1.15134172E-12
  9868.5  1.17135067E-12
  9871.24023  1.16947142E-12
  9873.98047  1.15926864E-12
  9876.71973  1.13431096E-12
  9879.45996  1.1315959E-12
  9882.2002  1.14079503E-12
  9884.94043  1.13663853E-12
  9887.67969  1.12714644E-12
  9890.41992  1.10856571E-12
  9893.16016  1.10248605E-12
  9895.90039  1.12645256E-12
  9898.63965  1.12926151E-12
  9901.37988  1.11169754E-12
  9904.12012  1.12477833E-12
  9906.86035  1.145824E-12
  9909.59961  1.12691334E-12
  9912.33984  1.11289656E-12
  9915.08008  1.14200392E-12
  9917.82031  1.15271063E-12
  9920.55957  1.129676E-12
  9923.2998  1.12692679E-12
  9926.04004  1.13362781E-12
  9928.78027  1.13533315E-12
  9931.52051  1.13701171E-12
  9934.25977  1.14465089E-12
  9937.  1.14430015E-12
  9939.74023  1.12267975E-12
  9942.48047  1.11867861E-12
  9945.21973  1.1333367E-12
  9947.95996  1.13487529E-12
  9950.7002  1.13065807E-12
  9953.44043  1.11978721E-12
  9956.17969  1.11136144E-12
  9958.91992  1.11623894E-12
  9961.66016  1.12053899E-12
  9964.40039  1.12621663E-12
  9967.13965  1.11436641E-12
  9969.87988  1.08982723E-12
  9972.62012  1.11550168E-12
  9975.36035  1.14598261E-12
  9978.09961  1.10732408E-12
  9980.83984  1.07620987E-12
  9983.58008  1.08794733E-12
  9986.32031  1.09333278E-12
  9989.05957  1.09208801E-12
  9991.7998  1.09683952E-12
  9994.54004  1.10434014E-12
  9997.28027  1.11056758E-12
  10000.0205  1.11539098E-12
  10002.7598  1.11652593E-12
  10005.5  1.11841493E-12
  10008.2402  1.12331E-12
  10010.9805  1.12418679E-12
  10013.7197  1.12210122E-12
  10016.46  1.10850185E-12
  10019.2002  1.09445504E-12
  10021.9404  1.10877084E-12
  10024.6797  1.11455647E-12
  10027.4199  1.08817686E-12
  10030.1602  1.06761626E-12
  10032.9004  1.05175471E-12
  10035.6396  1.04682701E-12
  10038.3799  1.05116165E-12
  10041.1201  1.07239283E-12
  10043.8604  1.08980056E-12
  10046.5996  1.06739444E-12
  10049.3398  1.06477522E-12
  10052.0801  1.11039595E-12
  10054.8203  1.12317512E-12
  10057.5596  1.11125096E-12
  10060.2998  1.11569554E-12
  10063.04  1.12626043E-12
  10065.7803  1.14630755E-12
  10068.5205  1.15684773E-12
  10071.2598  1.13962127E-12
  10074.  1.12601942E-12
  10076.7402  1.11722665E-12
  10079.4805  1.11158392E-12
  10082.2197  1.10832545E-12
  10084.96  1.09582775E-12
  10087.7002  1.09164902E-12
  10090.4404  1.13308343E-12
  10093.1797  1.14879438E-12
  10095.9199  1.0964297E-12
  10098.6602  1.09245122E-12
  10101.4004  1.13124776E-12
  10104.1396  1.1272952E-12
  10106.8799  1.10737006E-12
  10109.6201  1.09100955E-12
  10112.3604  1.08473517E-12
  10115.0996  1.10686948E-12
  10117.8398  1.11629195E-12
  10120.5801  1.10774302E-12
  10123.3203  1.09282082E-12
  10126.0596  1.07177591E-12
  10128.7998  1.07652472E-12
  10131.54  1.08637556E-12
  10134.2803  1.08112445E-12
  10137.0205  1.06898355E-12
  10139.7598  1.04103813E-12
  10142.5  1.04027962E-12
  10145.2402  1.06727517E-12
  10147.9805  1.08180717E-12
  10150.7197  1.09137959E-12
  10153.46  1.089201E-12
  10156.2002  1.08334283E-12
  10158.9404  1.07983392E-12
  10161.6797  1.07393445E-12
  10164.4199  1.05727655E-12
  10167.1602  1.07109352E-12
  10169.9004  1.10586757E-12
  10172.6396  1.11811005E-12
  10175.3799  1.1176961E-12
  10178.1201  1.09047634E-12
  10180.8604  1.08222838E-12
  10183.5996  1.13242846E-12
  10186.3398  1.14217728E-12
  10189.0801  1.10607996E-12
  10191.8203  1.1623339E-12
  10194.5596  1.18240563E-12
  10197.2998  5.44823464E-13
  10200.04 -6.99858398E-14
  10202.7803 -4.77120479E-14
  10205.5205  0.
