#*HD122956
#*
#*  Heap-Lindler STIS
#set .z.units = "Ergs/s/cm**2/A"
#set .z.label = "Flux"
#set .table.bandwidth = 2.74
#*
  2950.  3.0189951E-13
  2952.73999  3.26609399E-13
  2955.47998  3.46363292E-13
  2958.21997  3.7450132E-13
  2960.95996  3.57966749E-13
  2963.69995  3.44932497E-13
  2966.43994  2.59360242E-13
  2969.17993  2.69549953E-13
  2971.91992  3.24377542E-13
  2974.65991  3.87450787E-13
  2977.3999  4.22451543E-13
  2980.13989  3.37726727E-13
  2982.87988  2.86322832E-13
  2985.62012  2.78634293E-13
  2988.36011  3.65706245E-13
  2991.1001  4.33850194E-13
  2993.84009  3.94933408E-13
  2996.58008  4.12756363E-13
  2999.32007  3.50201205E-13
  3002.06006  3.30293437E-13
  3004.80005  3.97984868E-13
  3007.54004  3.92389327E-13
  3010.28003  4.47407898E-13
  3013.02002  4.26105277E-13
  3015.76001  3.94061628E-13
  3018.5  3.32057353E-13
  3021.23999  3.34132922E-13
  3023.97998  4.23615353E-13
  3026.71997  4.50770795E-13
  3029.45996  4.67742652E-13
  3032.19995  4.7693403E-13
  3034.93994  4.92345043E-13
  3037.67993  4.54924726E-13
  3040.41992  4.56987963E-13
  3043.15991  4.60257429E-13
  3045.8999  4.85355571E-13
  3048.63989  4.82302132E-13
  3051.37988  5.2260995E-13
  3054.12012  4.77062834E-13
  3056.86011  4.13369534E-13
  3059.6001  3.58942964E-13
  3062.34009  3.88770505E-13
  3065.08008  3.44955645E-13
  3067.82007  3.56026867E-13
  3070.56006  4.10835482E-13
  3073.30005  4.47452622E-13
  3076.04004  4.6727238E-13
  3078.78003  4.73469246E-13
  3081.52002  4.64253961E-13
  3084.26001  4.52331206E-13
  3087.  4.17606542E-13
  3089.73999  3.75046402E-13
  3092.47998  3.55347885E-13
  3095.21997  3.78921639E-13
  3097.95996  3.66096232E-13
  3100.69995  3.66140522E-13
  3103.43994  4.52093902E-13
  3106.17993  5.08337404E-13
  3108.91992  5.42024542E-13
  3111.65991  5.52903101E-13
  3114.3999  5.24593064E-13
  3117.13989  4.55945665E-13
  3119.87988  4.19007683E-13
  3122.62012  4.14265979E-13
  3125.36011  4.28062967E-13
  3128.1001  4.39495852E-13
  3130.84009  4.65963368E-13
  3133.58008  4.78932378E-13
  3136.32007  4.81515598E-13
  3139.06006  5.07616844E-13
  3141.80005  4.65217817E-13
  3144.54004  4.09408455E-13
  3147.28003  4.59352229E-13
  3150.02002  5.33824721E-13
  3152.76001  4.98989467E-13
  3155.5  4.65914362E-13
  3158.23999  3.86183869E-13
  3160.97998  3.99917838E-13
  3163.71997  4.62457655E-13
  3166.45996  5.19737573E-13
  3169.19995  5.67763826E-13
  3171.93994  6.31522449E-13
  3174.67993  6.37809575E-13
  3177.41992  5.91040888E-13
  3180.15991  5.16248394E-13
  3182.8999  4.74600502E-13
  3185.63989  5.05336062E-13
  3188.37988  5.44238374E-13
  3191.12012  4.97735208E-13
  3193.86011  5.15465275E-13
  3196.6001  5.97596191E-13
  3199.34009  6.56891262E-13
  3202.08008  6.69609442E-13
  3204.82007  6.86154692E-13
  3207.56006  6.72776993E-13
  3210.30005  5.7436304E-13
  3213.04004  5.47264165E-13
  3215.78003  6.04428617E-13
  3218.52002  6.56659351E-13
  3221.26001  6.37615611E-13
  3224.  6.09155359E-13
  3226.73999  5.65900896E-13
  3229.47998  5.2979962E-13
  3232.21997  5.79173753E-13
  3234.95996  5.6652106E-13
  3237.69995  6.07844992E-13
  3240.43994  6.6180053E-13
  3243.17993  6.96265474E-13
  3245.91992  7.44496424E-13
  3248.65991  7.15089934E-13
  3251.3999  7.28575566E-13
  3254.13989  7.59263366E-13
  3256.87988  8.52829743E-13
  3259.62012  8.7913471E-13
  3262.36011  8.50648274E-13
  3265.1001  8.4321211E-13
  3267.84009  8.89501146E-13
  3270.58008  8.58204512E-13
  3273.32007  8.26094672E-13
  3276.06006  8.11106878E-13
  3278.80005  7.88020799E-13
  3281.54004  7.9598383E-13
  3284.28003  8.16578792E-13
  3287.02002  8.08482079E-13
  3289.76001  8.86779365E-13
  3292.5  9.79270809E-13
  3295.23999  9.69520905E-13
  3297.97998  9.58888351E-13
  3300.71997  9.33753942E-13
  3303.45996  8.80539782E-13
  3306.19995  8.28649269E-13
  3308.93994  8.47126514E-13
  3311.67993  8.72910739E-13
  3314.41992  8.44400992E-13
  3317.15991  8.81592813E-13
  3319.8999  8.76933563E-13
  3322.63989  8.19618895E-13
  3325.37988  8.50567988E-13
  3328.12012  8.439736E-13
  3330.86011  8.46639599E-13
  3333.6001  8.16112802E-13
  3336.34009  7.75967832E-13
  3339.08008  8.08155843E-13
  3341.82007  8.34828246E-13
  3344.56006  8.63504851E-13
  3347.30005  8.28339242E-13
  3350.04004  8.0500526E-13
  3352.78003  8.7681262E-13
  3355.52002  8.45217884E-13
  3358.26001  6.27462166E-13
  3361.  5.28496409E-13
  3363.73999  7.28311129E-13
  3366.47998  7.65759038E-13
  3369.21997  6.45532564E-13
  3371.95996  6.23439722E-13
  3374.69995  7.63534201E-13
  3377.43994  8.55092039E-13
  3380.17993  7.89969706E-13
  3382.91992  8.11385193E-13
  3385.65991  8.29133854E-13
  3388.3999  8.5164986E-13
  3391.13989  8.45710437E-13
  3393.87988  8.6669246E-13
  3396.62012  9.81580594E-13
  3399.36011  1.07026551E-12
  3402.1001  1.02324713E-12
  3404.84009  9.69863946E-13
  3407.58008  9.32819143E-13
  3410.32007  9.2744974E-13
  3413.06006  9.1994576E-13
  3415.80005  9.47732561E-13
  3418.54004  1.0242034E-12
  3421.28003  1.07217577E-12
  3424.02002  1.04172248E-12
  3426.76001  1.087361E-12
  3429.5  1.14865116E-12
  3432.23999  1.10779712E-12
  3434.97998  1.10739781E-12
  3437.71997  1.03453661E-12
  3440.45996  9.02544207E-13
  3443.19995  9.10153246E-13
  3445.93994  1.03774216E-12
  3448.67993  1.13708327E-12
  3451.41992  1.13726606E-12
  3454.15991  1.12305759E-12
  3456.8999  1.12219815E-12
  3459.63989  1.08603437E-12
  3462.37988  1.1046589E-12
  3465.12012  1.1483092E-12
  3467.86011  1.1808692E-12
  3470.6001  1.16616363E-12
  3473.34009  1.07149977E-12
  3476.08008  1.00157773E-12
  3478.82007  1.11149512E-12
  3481.56006  1.18744164E-12
  3484.30005  1.175483E-12
  3487.04004  1.22458228E-12
  3489.78003  1.12179233E-12
  3492.52002  1.10513226E-12
  3495.26001  1.08609801E-12
  3498.  1.12676372E-12
  3500.73999  1.23213126E-12
  3503.47998  1.26734972E-12
  3506.21997  1.21770324E-12
  3508.95996  1.21962965E-12
  3511.69995  1.1884622E-12
  3514.43994  1.17909924E-12
  3517.17993  1.26460051E-12
  3519.91992  1.20211046E-12
  3522.65991  1.11492792E-12
  3525.3999  1.07216915E-12
  3528.13989  1.16989578E-12
  3530.87988  1.26673325E-12
  3533.62012  1.29223986E-12
  3536.36011  1.34146849E-12
  3539.1001  1.38647882E-12
  3541.84009  1.3877069E-12
  3544.58008  1.44009826E-12
  3547.32007  1.42110141E-12
  3550.06006  1.40220637E-12
  3552.80005  1.34301142E-12
  3555.54004  1.34867822E-12
  3558.28003  1.3488852E-12
  3561.02002  1.3351168E-12
  3563.76001  1.30024051E-12
  3566.5  1.15833851E-12
  3569.23999  1.13974477E-12
  3571.97998  1.16115906E-12
  3574.71997  1.20293066E-12
  3577.45996  1.23107373E-12
  3580.19995  1.16098982E-12
  3582.93994  1.11500143E-12
  3585.67993  1.05038374E-12
  3588.41992  1.08770317E-12
  3591.15991  1.2562618E-12
  3593.8999  1.35694906E-12
  3596.63989  1.43508935E-12
  3599.37988  1.47757577E-12
  3602.12012  1.37400074E-12
  3604.86011  1.33143052E-12
  3607.6001  1.30296446E-12
  3610.34009  1.24733188E-12
  3613.08008  1.27430824E-12
  3615.82007  1.32557778E-12
  3618.56006  1.2534637E-12
  3621.30005  1.35002404E-12
  3624.04004  1.43485375E-12
  3626.78003  1.49210332E-12
  3629.52002  1.39118101E-12
  3632.26001  1.26530232E-12
  3635.  1.29842578E-12
  3637.73999  1.39881455E-12
  3640.47998  1.46431727E-12
  3643.21997  1.39826139E-12
  3645.95996  1.32485798E-12
  3648.69995  1.34180546E-12
  3651.43994  1.41989979E-12
  3654.17993  1.5162048E-12
  3656.91992  1.57143536E-12
  3659.65991  1.58178332E-12
  3662.3999  1.57193464E-12
  3665.13989  1.56108861E-12
  3667.87988  1.53963019E-12
  3670.62012  1.52747606E-12
  3673.36011  1.57418089E-12
  3676.1001  1.56842931E-12
  3678.84009  1.50505433E-12
  3681.58008  1.52211512E-12
  3684.32007  1.52780533E-12
  3687.06006  1.48938891E-12
  3689.80005  1.59025928E-12
  3692.54004  1.66912556E-12
  3695.28003  1.68705609E-12
  3698.02002  1.73592347E-12
  3700.76001  1.78466888E-12
  3703.5  1.63255672E-12
  3706.23999  1.50123664E-12
  3708.97998  1.52737252E-12
  3711.71997  1.67892816E-12
  3714.45996  1.82236583E-12
  3717.19995  1.78134645E-12
  3719.93994  1.51960356E-12
  3722.67993  1.4770766E-12
  3725.41992  1.66691368E-12
  3728.15991  1.68554482E-12
  3730.8999  1.59688961E-12
  3733.63989  1.39377637E-12
  3736.37988  1.35593891E-12
  3739.12012  1.58096572E-12
  3741.86011  1.65975252E-12
  3744.6001  1.54151887E-12
  3747.34009  1.4226542E-12
  3750.08008  1.40718828E-12
  3752.82007  1.71046684E-12
  3755.56006  1.84440375E-12
  3758.30005  1.64681235E-12
  3761.04004  1.66489663E-12
  3763.78003  1.77908567E-12
  3766.52002  1.81337801E-12
  3769.26001  1.81649932E-12
  3772.  1.87411003E-12
  3774.73999  1.92820087E-12
  3777.47998  1.96600765E-12
  3780.21997  2.05548404E-12
  3782.95996  2.07541059E-12
  3785.69995  1.95004147E-12
  3788.43994  1.82940208E-12
  3791.17993  1.81738305E-12
  3793.91992  1.76815333E-12
  3796.65991  1.69052034E-12
  3799.3999  1.76987277E-12
  3802.13989  1.99886396E-12
  3804.87988  2.09253491E-12
  3807.62012  2.01525688E-12
  3810.36011  2.0107401E-12
  3813.1001  1.89221989E-12
  3815.84009  1.78248768E-12
  3818.58008  1.77157377E-12
  3821.32007  1.69806519E-12
  3824.06006  1.63132236E-12
  3826.80005  1.58503571E-12
  3829.54004  1.63525985E-12
  3832.28003  1.55457233E-12
  3835.02002  1.50862829E-12
  3837.76001  1.56041228E-12
  3840.5  1.6513699E-12
  3843.23999  1.83646718E-12
  3845.97998  1.92264737E-12
  3848.71997  1.87771825E-12
  3851.45996  1.87209579E-12
  3854.19995  1.87868839E-12
  3856.93994  1.80834406E-12
  3859.67993  1.71575384E-12
  3862.41992  1.88477337E-12
  3865.15991  1.97580776E-12
  3867.8999  1.93184618E-12
  3870.63989  1.7248851E-12
  3873.37988  1.65803363E-12
  3876.12012  1.75061333E-12
  3878.86011  1.73429207E-12
  3881.6001  1.68918373E-12
  3884.34009  1.71931555E-12
  3887.08008  1.67611086E-12
  3889.82007  1.7440667E-12
  3892.56006  1.87040075E-12
  3895.30005  1.88171202E-12
  3898.04004  1.9030129E-12
  3900.78003  1.92408416E-12
  3903.52002  1.93149381E-12
  3906.26001  1.89219994E-12
  3909.  1.95691813E-12
  3911.73999  2.0409141E-12
  3914.47998  1.9723073E-12
  3917.21997  1.88807455E-12
  3919.95996  1.76931711E-12
  3922.69995  1.70290214E-12
  3925.43994  1.50103085E-12
  3928.17993  1.06958843E-12
  3930.91992  6.29382939E-13
  3933.65991  4.56735615E-13
  3936.3999  6.47692512E-13
  3939.13989  1.10044667E-12
  3941.87988  1.44798615E-12
  3944.62012  1.68061376E-12
  3947.36011  1.854865E-12
  3950.1001  1.94619776E-12
  3952.84009  1.99729447E-12
  3955.58008  2.01945795E-12
  3958.32007  1.99238651E-12
  3961.06006  1.72891649E-12
  3963.80005  1.25424118E-12
  3966.54004  7.75910748E-13
  3969.28003  6.59261708E-13
  3972.02002  1.05528791E-12
  3974.76001  1.61234611E-12
  3977.5  2.01008329E-12
  3980.23999  2.23678129E-12
  3982.97998  2.28914413E-12
  3985.71997  2.37135507E-12
  3988.45996  2.44997555E-12
  3991.19995  2.49453409E-12
  3993.93994  2.4731224E-12
  3996.67993  2.38617849E-12
  3999.41992  2.44292954E-12
  4002.15991  2.55132027E-12
  4004.8999  2.49635794E-12
  4007.63989  2.54144232E-12
  4010.37988  2.64029467E-12
  4013.12012  2.67547486E-12
  4015.86011  2.68254646E-12
  4018.6001  2.66528835E-12
  4021.34009  2.66876148E-12
  4024.08008  2.64741527E-12
  4026.82007  2.71535724E-12
  4029.56006  2.64321854E-12
  4032.30005  2.54172529E-12
  4035.04004  2.63948217E-12
  4037.78003  2.80857976E-12
  4040.52002  2.78686622E-12
  4043.26001  2.64991891E-12
  4046.  2.57753454E-12
  4048.73999  2.6841719E-12
  4051.47998  2.76110536E-12
  4054.21997  2.72571007E-12
  4056.95996  2.71801548E-12
  4059.69995  2.76106091E-12
  4062.43994  2.67147871E-12
  4065.17993  2.63175159E-12
  4067.91992  2.72096126E-12
  4070.65991  2.75949662E-12
  4073.3999  2.71263936E-12
  4076.13989  2.573621E-12
  4078.87988  2.60278409E-12
  4081.62012  2.7644833E-12
  4084.36011  2.80473951E-12
  4087.1001  2.89531506E-12
  4089.84009  2.99237176E-12
  4092.58008  2.97767128E-12
  4095.32007  2.87925716E-12
  4098.06006  2.74413977E-12
  4100.7998  2.53389085E-12
  4103.54004  2.60295865E-12
  4106.27979  2.81436333E-12
  4109.02002  2.85280567E-12
  4111.75977  2.8805053E-12
  4114.5  2.95040186E-12
  4117.24023  2.92453128E-12
  4119.97998  2.85254437E-12
  4122.72021  2.86402651E-12
  4125.45996  2.8891234E-12
  4128.2002  2.83377857E-12
  4130.93994  2.7733987E-12
  4133.68018  2.78648285E-12
  4136.41992  2.92109262E-12
  4139.16016  3.01559775E-12
  4141.8999  2.88950244E-12
  4144.64014  2.84509048E-12
  4147.37988  2.91648173E-12
  4150.12012  2.90877977E-12
  4152.85986  2.87763888E-12
  4155.6001  2.88689602E-12
  4158.33984  2.97782567E-12
  4161.08008  3.04610308E-12
  4163.81982  3.0696036E-12
  4166.56006  3.04534956E-12
  4169.2998  2.96999383E-12
  4172.04004  2.78915129E-12
  4174.77979  2.73081991E-12
  4177.52002  2.8266649E-12
  4180.25977  2.90481072E-12
  4183.  2.92507988E-12
  4185.74023  2.89634853E-12
  4188.47998  2.90512189E-12
  4191.22021  2.95973706E-12
  4193.95996  2.98009816E-12
  4196.7002  2.87792706E-12
  4199.43994  2.7992528E-12
  4202.18018  2.80408379E-12
  4204.91992  2.8272083E-12
  4207.66016  2.94106059E-12
  4210.3999  3.00677083E-12
  4213.14014  2.99063985E-12
  4215.87988  2.94290612E-12
  4218.62012  2.98041171E-12
  4221.35986  2.98115786E-12
  4224.1001  2.77981978E-12
  4226.83984  2.68390496E-12
  4229.58008  2.8624735E-12
  4232.31982  2.95905054E-12
  4235.06006  2.88372906E-12
  4237.7998  2.88179962E-12
  4240.54004  2.95807172E-12
  4243.27979  2.98557967E-12
  4246.02002  2.92363399E-12
  4248.75977  2.82664885E-12
  4251.5  2.88890569E-12
  4254.24023  2.94623917E-12
  4256.97998  2.93055641E-12
  4259.72021  2.90532138E-12
  4262.45996  2.98051406E-12
  4265.2002  3.08127829E-12
  4267.93994  2.98936635E-12
  4270.68018  2.83299122E-12
  4273.41992  2.78147297E-12
  4276.16016  2.89467343E-12
  4278.8999  2.90509088E-12
  4281.64014  2.88992896E-12
  4284.37988  2.81857328E-12
  4287.12012  2.65126419E-12
  4289.85986  2.58128024E-12
  4292.6001  2.63683042E-12
  4295.33984  2.60068399E-12
  4298.08008  2.33257966E-12
  4300.81982  2.14557994E-12
  4303.56006  2.13057089E-12
  4306.2998  2.10013712E-12
  4309.04004  2.05646112E-12
  4311.77979  2.24038279E-12
  4314.52002  2.73465864E-12
  4317.25977  3.18753075E-12
  4320.  3.23182561E-12
  4322.74023  2.95083012E-12
  4325.47998  2.8639285E-12
  4328.22021  3.12485259E-12
  4330.95996  3.29997141E-12
  4333.7002  3.28872498E-12
  4336.43994  3.08862484E-12
  4339.18018  2.7699531E-12
  4341.91992  2.84708129E-12
  4344.66016  3.16678845E-12
  4347.3999  3.28622177E-12
  4350.14014  3.17976439E-12
  4352.87988  3.1017116E-12
  4355.62012  3.20319596E-12
  4358.35986  3.22997271E-12
  4361.1001  3.31090906E-12
  4363.83984  3.3839034E-12
  4366.58008  3.26598405E-12
  4369.31982  3.18625638E-12
  4372.06006  3.13039872E-12
  4374.7998  3.07711734E-12
  4377.54004  3.16119678E-12
  4380.27979  3.19421789E-12
  4383.02002  2.99818894E-12
  4385.75977  2.98693123E-12
  4388.5  3.14390918E-12
  4391.24023  3.19678398E-12
  4393.97998  3.20858487E-12
  4396.72021  3.23582545E-12
  4399.45996  3.26780356E-12
  4402.2002  3.25659291E-12
  4404.93994  3.26950489E-12
  4407.68018  3.27304741E-12
  4410.41992  3.41052837E-12
  4413.16016  3.46033098E-12
  4415.8999  3.36384674E-12
  4418.64014  3.42718063E-12
  4421.37988  3.49987248E-12
  4424.12012  3.46710204E-12
  4426.85986  3.47072978E-12
  4429.6001  3.47450692E-12
  4432.33984  3.44761155E-12
  4435.08008  3.44201729E-12
  4437.81982  3.55157136E-12
  4440.56006  3.53938276E-12
  4443.2998  3.41943401E-12
  4446.04004  3.4805134E-12
  4448.77979  3.54591226E-12
  4451.52002  3.53829466E-12
  4454.25977  3.46413393E-12
  4457.  3.42085366E-12
  4459.74023  3.43632089E-12
  4462.47998  3.47283704E-12
  4465.22021  3.53402333E-12
  4467.95996  3.50628814E-12
  4470.7002  3.57498341E-12
  4473.43994  3.73365835E-12
  4476.18018  3.79244249E-12
  4478.91992  3.74713975E-12
  4481.66016  3.68312325E-12
  4484.3999  3.7211215E-12
  4487.14014  3.72730709E-12
  4489.87988  3.66207325E-12
  4492.62012  3.6828084E-12
  4495.35986  3.67609936E-12
  4498.1001  3.72337794E-12
  4500.83984  3.7894245E-12
  4503.58008  3.85341021E-12
  4506.31982  3.89479941E-12
  4509.06006  3.87841712E-12
  4511.7998  3.86017997E-12
  4514.54004  3.79426612E-12
  4517.27979  3.76246126E-12
  4520.02002  3.73956031E-12
  4522.75977  3.6846793E-12
  4525.5  3.62852912E-12
  4528.24023  3.55832031E-12
  4530.97998  3.54137444E-12
  4533.72021  3.56452693E-12
  4536.45996  3.68564988E-12
  4539.2002  3.83595846E-12
  4541.93994  3.75618503E-12
  4544.68018  3.68850219E-12
  4547.41992  3.64627989E-12
  4550.16016  3.59965226E-12
  4552.8999  3.64639005E-12
  4555.64014  3.71280177E-12
  4558.37988  3.85567446E-12
  4561.12012  3.88727679E-12
  4563.85986  3.85371509E-12
  4566.6001  3.87135766E-12
  4569.33984  3.85198427E-12
  4572.08008  3.82854555E-12
  4574.81982  3.89429851E-12
  4577.56006  3.88992614E-12
  4580.2998  3.79208817E-12
  4583.04004  3.78219851E-12
  4585.77979  3.87602494E-12
  4588.52002  3.90047586E-12
  4591.25977  3.86918362E-12
  4594.  3.89487964E-12
  4596.74023  3.94441944E-12
  4599.47998  3.91106678E-12
  4602.22021  3.88835665E-12
  4604.95996  3.9503908E-12
  4607.7002  4.00388663E-12
  4610.43994  4.01503917E-12
  4613.18018  3.9913294E-12
  4615.91992  3.97826563E-12
  4618.66016  3.98407913E-12
  4621.3999  4.04882161E-12
  4624.14014  4.0569618E-12
  4626.87988  4.01739015E-12
  4629.62012  4.00094237E-12
  4632.35986  4.02452724E-12
  4635.1001  4.03286085E-12
  4637.83984  4.02395695E-12
  4640.58008  4.0640772E-12
  4643.31982  4.07172169E-12
  4646.06006  4.01091877E-12
  4648.7998  3.98906169E-12
  4651.54004  3.98546647E-12
  4654.27979  3.95454329E-12
  4657.02002  4.00576057E-12
  4659.75977  4.12778015E-12
  4662.5  4.11083017E-12
  4665.24023  4.00839691E-12
  4667.97998  3.92516315E-12
  4670.72021  3.99947089E-12
  4673.45996  4.10236081E-12
  4676.2002  4.1140342E-12
  4678.93994  4.05850527E-12
  4681.68018  4.04134278E-12
  4684.41992  4.12829016E-12
  4687.16016  4.15876968E-12
  4689.8999  4.12295371E-12
  4692.64014  4.15644645E-12
  4695.37988  4.21111236E-12
  4698.12012  4.15544725E-12
  4700.85986  4.07092025E-12
  4703.6001  4.02670605E-12
  4706.33984  4.0342998E-12
  4709.08008  4.03208586E-12
  4711.81982  4.13214818E-12
  4714.56006  4.13617101E-12
  4717.2998  4.17669718E-12
  4720.04004  4.22626387E-12
  4722.77979  4.224929E-12
  4725.52002  4.18665883E-12
  4728.25977  4.14341738E-12
  4731.  4.12552674E-12
  4733.74023  4.12881925E-12
  4736.47998  4.13950081E-12
  4739.22021  4.15486135E-12
  4741.95996  4.18990146E-12
  4744.7002  4.23545357E-12
  4747.43994  4.22627731E-12
  4750.18018  4.21050304E-12
  4752.91992  4.16625024E-12
  4755.66016  4.16034958E-12
  4758.3999  4.16397429E-12
  4761.14014  4.12018683E-12
  4763.87988  4.07539323E-12
  4766.62012  4.13833334E-12
  4769.35986  4.20155317E-12
  4772.1001  4.22989551E-12
  4774.83984  4.26007103E-12
  4777.58008  4.26474611E-12
  4780.31982  4.22885772E-12
  4783.06006  4.19713526E-12
  4785.7998  4.16928861E-12
  4788.54004  4.15581545E-12
  4791.27979  4.21539192E-12
  4794.02002  4.27368124E-12
  4796.75977  4.26290513E-12
  4799.5  4.21087687E-12
  4802.24023  4.24782301E-12
  4804.97998  4.23982507E-12
  4807.72021  4.23550084E-12
  4810.45996  4.27021656E-12
  4813.2002  4.30166753E-12
  4815.93994  4.32808607E-12
  4818.68018  4.33046481E-12
  4821.41992  4.27150112E-12
  4824.16016  4.22380533E-12
  4826.8999  4.2740078E-12
  4829.64014  4.27178952E-12
  4832.37988  4.26409472E-12
  4835.12012  4.30622031E-12
  4837.85986  4.29564023E-12
  4840.6001  4.2453094E-12
  4843.33984  4.27096162E-12
  4846.08008  4.29454259E-12
  4848.81982  4.28251141E-12
  4851.56006  4.29137585E-12
  4854.2998  4.17992247E-12
  4857.04004  3.99782768E-12
  4859.77979  3.72995081E-12
  4862.52002  3.62901332E-12
  4865.25977  4.04926309E-12
  4868.  4.16929468E-12
  4870.74023  4.12461775E-12
  4873.47998  4.13053316E-12
  4876.22021  4.19196969E-12
  4878.95996  4.20678076E-12
  4881.7002  4.23012276E-12
  4884.43994  4.21588892E-12
  4887.18018  4.18026594E-12
  4889.91992  4.15535445E-12
  4892.66016  4.23845551E-12
  4895.3999  4.38708488E-12
  4898.14014  4.37698532E-12
  4900.87988  4.31455175E-12
  4903.62012  4.30158036E-12
  4906.35986  4.32731932E-12
  4909.1001  4.32187099E-12
  4911.83984  4.29600019E-12
  4914.58008  4.32726468E-12
  4917.31982  4.27469041E-12
  4920.06006  4.13448269E-12
  4922.7998  4.16051351E-12
  4925.54004  4.27175526E-12
  4928.27979  4.37194465E-12
  4931.02002  4.37922268E-12
  4933.75977  4.2919778E-12
  4936.5  4.26250918E-12
  4939.24023  4.23781496E-12
  4941.97998  4.35112406E-12
  4944.72021  4.42844979E-12
  4947.45996  4.42879457E-12
  4950.2002  4.4507501E-12
  4952.93994  4.42264671E-12
  4955.68018  4.33392731E-12
  4958.41992  4.24939814E-12
  4961.16016  4.36961318E-12
  4963.8999  4.42640542E-12
  4966.64014  4.39143253E-12
  4969.37988  4.39464784E-12
  4972.12012  4.436106E-12
  4974.85986  4.44360217E-12
  4977.6001  4.39886886E-12
  4980.33984  4.29453782E-12
  4983.08008  4.17908633E-12
  4985.81982  4.23265459E-12
  4988.56006  4.34481574E-12
  4991.2998  4.33067124E-12
  4994.04004  4.3289595E-12
  4996.77979  4.35270483E-12
  4999.52002  4.30949547E-12
  5002.25977  4.27388637E-12
  5005.  4.22086237E-12
  5007.74023  4.21471712E-12
  5010.47998  4.26691408E-12
  5013.22021  4.14394474E-12
  5015.95996  4.1522623E-12
  5018.7002  4.23505762E-12
  5021.43994  4.30829244E-12
  5024.18018  4.35307476E-12
  5026.91992  4.37386802E-12
  5029.66016  4.39342096E-12
  5032.3999  4.42269528E-12
  5035.14014  4.36615544E-12
  5037.87988  4.21341911E-12
  5040.62012  4.16417985E-12
  5043.35986  4.2451819E-12
  5046.1001  4.42761669E-12
  5048.83984  4.41686618E-12
  5051.58008  4.35996855E-12
  5054.31982  4.46034399E-12
  5057.06006  4.56352447E-12
  5059.7998  4.55327312E-12
  5062.54004  4.4590759E-12
  5065.27979  4.3820802E-12
  5068.02002  4.41807788E-12
  5070.75977  4.43698116E-12
  5073.5  4.44174515E-12
  5076.24023  4.38859366E-12
  5078.97998  4.28498469E-12
  5081.72021  4.24257547E-12
  5084.45996  4.38155155E-12
  5087.2002  4.48032974E-12
  5089.93994  4.50038921E-12
  5092.68018  4.49925644E-12
  5095.41992  4.51201793E-12
  5098.16016  4.5425985E-12
  5100.8999  4.39450256E-12
  5103.64014  4.45056795E-12
  5106.37988  4.36850382E-12
  5109.12012  4.28780665E-12
  5111.85986  4.41145341E-12
  5114.6001  4.54399842E-12
  5117.33984  4.54062309E-12
  5120.08008  4.5516993E-12
  5122.81982  4.41674128E-12
  5125.56006  4.3534963E-12
  5128.2998  4.34868504E-12
  5131.04004  4.38006619E-12
  5133.77979  4.40593092E-12
  5136.52002  4.39570602E-12
  5139.25977  4.30089341E-12
  5142.  4.29710911E-12
  5144.74023  4.3404785E-12
  5147.47998  4.38128917E-12
  5150.22021  4.36210616E-12
  5152.95996  4.37907783E-12
  5155.7002  4.48707521E-12
  5158.43994  4.54805334E-12
  5161.18018  4.52421173E-12
  5163.91992  4.4111121E-12
  5166.66016  4.13201027E-12
  5169.3999  3.95061761E-12
  5172.14014  4.0742726E-12
  5174.87988  4.25436726E-12
  5177.62012  4.53431173E-12
  5180.35986  4.47518064E-12
  5183.1001  4.26463509E-12
  5185.83984  4.24148694E-12
  5188.58008  4.37354146E-12
  5191.31982  4.31586451E-12
  5194.06006  4.2756315E-12
  5196.7998  4.36515147E-12
  5199.54004  4.4244647E-12
  5202.27979  4.43280872E-12
  5205.02002  4.29822324E-12
  5207.75977  4.29758226E-12
  5210.5  4.38745654E-12
  5213.24023  4.51733876E-12
  5215.97998  4.47585545E-12
  5218.72021  4.5048275E-12
  5221.45996  4.561108E-12
  5224.2002  4.46145941E-12
  5226.93994  4.2451459E-12
  5229.68018  4.39286454E-12
  5232.41992  4.48310182E-12
  5235.16016  4.50608344E-12
  5237.8999  4.59535014E-12
  5240.64014  4.62543415E-12
  5243.37988  4.60875262E-12
  5246.12012  4.56428948E-12
  5248.85986  4.47336872E-12
  5251.6001  4.44982202E-12
  5254.33984  4.52810402E-12
  5257.08008  4.58592929E-12
  5259.81982  4.56223124E-12
  5262.56006  4.37053692E-12
  5265.2998  4.22824189E-12
  5268.04004  4.282452E-12
  5270.77979  4.24795572E-12
  5273.52002  4.42663571E-12
  5276.25977  4.53259652E-12
  5279.  4.64331698E-12
  5281.74023  4.57001971E-12
  5284.47998  4.56232491E-12
  5287.22021  4.68703461E-12
  5289.95996  4.72517771E-12
  5292.7002  4.7082711E-12
  5295.43994  4.61773892E-12
  5298.18018  4.54449195E-12
  5300.91992  4.58425962E-12
  5303.66016  4.65134571E-12
  5306.3999  4.67301978E-12
  5309.14014  4.65323873E-12
  5311.87988  4.72094672E-12
  5314.62012  4.70881233E-12
  5317.35986  4.6056557E-12
  5320.1001  4.65699441E-12
  5322.83984  4.59980231E-12
  5325.58008  4.51248934E-12
  5328.31982  4.37062929E-12
  5331.06006  4.51582695E-12
  5333.7998  4.6202495E-12
  5336.54004  4.60859519E-12
  5339.27979  4.54799262E-12
  5342.02002  4.5601036E-12
  5344.75977  4.61880577E-12
  5347.5  4.6154326E-12
  5350.24023  4.61466152E-12
  5352.97998  4.71311011E-12
  5355.72021  4.75319784E-12
  5358.45996  4.72097144E-12
  5361.2002  4.73303211E-12
  5363.93994  4.6301578E-12
  5366.68018  4.58174904E-12
  5369.41992  4.56983236E-12
  5372.16016  4.53853144E-12
  5374.8999  4.7104356E-12
  5377.64014  4.73632548E-12
  5380.37988  4.68279061E-12
  5383.12012  4.66335737E-12
  5385.85986  4.73120544E-12
  5388.6001  4.71110824E-12
  5391.33984  4.67062153E-12
  5394.08008  4.54486709E-12
  5396.81982  4.51769481E-12
  5399.56006  4.57785459E-12
  5402.2998  4.62698499E-12
  5405.04004  4.50230998E-12
  5407.77979  4.5526174E-12
  5410.52002  4.59590872E-12
  5413.25977  4.6751149E-12
  5416.  4.67319976E-12
  5418.74023  4.692427E-12
  5421.47998  4.67209214E-12
  5424.22021  4.66858626E-12
  5426.95996  4.67103699E-12
  5429.7002  4.58516211E-12
  5432.43994  4.5841885E-12
  5435.18018  4.57175183E-12
  5437.91992  4.71387729E-12
  5440.66016  4.7843912E-12
  5443.3999  4.74712153E-12
  5446.14014  4.59309977E-12
  5448.87988  4.65355749E-12
  5451.62012  4.73614377E-12
  5454.35986  4.65660366E-12
  5457.1001  4.62662721E-12
  5459.83984  4.76380524E-12
  5462.58008  4.72910209E-12
  5465.31982  4.740007E-12
  5468.06006  4.77938739E-12
  5470.7998  4.77864536E-12
  5473.54004  4.70843113E-12
  5476.27979  4.6339859E-12
  5479.02002  4.67285672E-12
  5481.75977  4.72266974E-12
  5484.5  4.74314641E-12
  5487.24023  4.77662224E-12
  5489.97998  4.76842437E-12
  5492.72021  4.7617691E-12
  5495.45996  4.79657243E-12
  5498.2002  4.72293255E-12
  5500.93994  4.68848311E-12
  5503.68018  4.70257297E-12
  5506.41992  4.69747418E-12
  5509.16016  4.7246187E-12
  5511.8999  4.77151868E-12
  5514.64014  4.79284364E-12
  5517.37988  4.83222056E-12
  5520.12012  4.82475388E-12
  5522.85986  4.79441009E-12
  5525.6001  4.72494223E-12
  5528.33984  4.68932532E-12
  5531.08008  4.76433606E-12
  5533.81982  4.79285882E-12
  5536.56006  4.81063019E-12
  5539.2998  4.83334033E-12
  5542.04004  4.83969245E-12
  5544.77979  4.84338307E-12
  5547.52002  4.87659479E-12
  5550.25977  4.88003431E-12
  5553.  4.8759807E-12
  5555.74023  4.87924978E-12
  5558.47998  4.88450773E-12
  5561.22021  4.87264049E-12
  5563.95996  4.81840262E-12
  5566.7002  4.79378039E-12
  5569.43994  4.77880409E-12
  5572.18018  4.77896585E-12
  5574.91992  4.78909403E-12
  5577.66016  4.80457124E-12
  5580.3999  4.81725857E-12
  5583.14014  4.8005792E-12
  5585.87988  4.76552131E-12
  5588.62012  4.71935989E-12
  5591.35986  4.74580184E-12
  5594.1001  4.76321673E-12
  5596.83984  4.77287567E-12
  5599.58008  4.75853124E-12
  5602.31982  4.76551654E-12
  5605.06006  4.82340686E-12
  5607.7998  4.86072597E-12
  5610.54004  4.87578641E-12
  5613.27979  4.85963179E-12
  5616.02002  4.81857913E-12
  5618.75977  4.85781727E-12
  5621.5  4.88002217E-12
  5624.24023  4.91988568E-12
  5626.97998  4.88760074E-12
  5629.72021  4.92358584E-12
  5632.45996  4.92353163E-12
  5635.2002  4.91989175E-12
  5637.93994  4.91835695E-12
  5640.68018  4.93261812E-12
  5643.41992  4.90946129E-12
  5646.16016  4.93795499E-12
  5648.8999  4.89519319E-12
  5651.64014  4.79796194E-12
  5654.37988  4.75127576E-12
  5657.12012  4.76254453E-12
  5659.85986  4.78907799E-12
  5662.6001  4.80513285E-12
  5665.33984  4.8352264E-12
  5668.08008  4.89863879E-12
  5670.81982  4.90494884E-12
  5673.56006  4.87608218E-12
  5676.2998  4.86435892E-12
  5679.04004  4.84527219E-12
  5681.77979  4.78454429E-12
  5684.52002  4.74649703E-12
  5687.25977  4.75459038E-12
  5690.  4.79259948E-12
  5692.74023  4.87364272E-12
  5695.47998  4.85617189E-12
  5698.22021  4.79629444E-12
  5700.95996  4.79277165E-12
  5703.7002  4.78934427E-12
  5706.43994  4.74389148E-12
  5709.18018  4.73122973E-12
  5711.91992  4.77224293E-12
  5714.66016  4.80194617E-12
  5717.3999  4.83105222E-12
  5720.14014  4.84740286E-12
  5722.87988  4.86138473E-12
  5725.62012  4.88861859E-12
  5728.35986  4.9160797E-12
  5731.1001  4.94467791E-12
  5733.83984  4.95631227E-12
  5736.58008  4.95265461E-12
  5739.31982  4.92044253E-12
  5742.06006  4.87509165E-12
  5744.7998  4.87950782E-12
  5747.54004  4.89368702E-12
  5750.27979  4.89778097E-12
  5753.02002  4.88908306E-12
  5755.75977  4.85478454E-12
  5758.5  4.84759325E-12
  5761.24023  4.85882948E-12
  5763.97998  4.89157586E-12
  5766.72021  4.92610466E-12
  5769.45996  4.91549206E-12
  5772.2002  4.90102967E-12
  5774.93994  4.89739195E-12
  5777.68018  4.89695784E-12
  5780.41992  4.89980756E-12
  5783.16016  4.90257401E-12
  5785.8999  4.91071593E-12
  5788.64014  4.96862274E-12
  5791.37988  5.01294405E-12
  5794.12012  4.96087242E-12
  5796.85986  4.93146496E-12
  5799.6001  4.96680388E-12
  5802.33984  4.95150232E-12
  5805.08008  4.89842368E-12
  5807.81982  4.93589111E-12
  5810.56006  4.99529671E-12
  5813.2998  4.96505701E-12
  5816.04004  4.94645644E-12
  5818.77979  5.00454062E-12
  5821.52002  5.0227756E-12
  5824.26025  4.99044209E-12
  5827.  4.96332662E-12
  5829.74023  4.93625063E-12
  5832.47998  4.95929816E-12
  5835.22021  4.98828149E-12
  5837.95996  4.98590448E-12
  5840.7002  4.96023665E-12
  5843.43994  4.88786399E-12
  5846.18018  4.87282046E-12
  5848.91992  4.90585784E-12
  5851.66016  4.90994571E-12
  5854.3999  4.90876133E-12
  5857.14014  4.92181166E-12
  5859.87988  4.93479172E-12
  5862.62012  4.93992174E-12
  5865.35986  4.94738452E-12
  5868.1001  4.96714085E-12
  5870.83984  4.94200384E-12
  5873.58008  4.89030171E-12
  5876.31982  4.88087869E-12
  5879.06006  4.87124794E-12
  5881.7998  4.82287517E-12
  5884.54004  4.76100973E-12
  5887.27979  4.66707489E-12
  5890.02002  4.64088967E-12
  5892.76025  4.67463698E-12
  5895.5  4.74768055E-12
  5898.24023  4.84211716E-12
  5900.97998  4.88549088E-12
  5903.72021  4.90988717E-12
  5906.45996  4.9202864E-12
  5909.2002  4.93000432E-12
  5911.93994  4.94236726E-12
  5914.68018  4.94606179E-12
  5917.41992  4.94376675E-12
  5920.16016  4.94772626E-12
  5922.8999  4.94529808E-12
  5925.64014  4.90448827E-12
  5928.37988  4.89148132E-12
  5931.12012  4.95106386E-12
  5933.85986  4.97217588E-12
  5936.6001  4.95891522E-12
  5939.33984  4.94460375E-12
  5942.08008  4.92728297E-12
  5944.81982  4.92630372E-12
  5947.56006  4.93041675E-12
  5950.2998  4.94224323E-12
  5953.04004  4.93306567E-12
  5955.77979  4.88329169E-12
  5958.52002  4.86984324E-12
  5961.26025  4.87888679E-12
  5964.  4.93356614E-12
  5966.74023  4.98540749E-12
  5969.47998  4.93009453E-12
  5972.22021  4.89234608E-12
  5974.95996  4.93937226E-12
  5977.7002  4.94162307E-12
  5980.43994  4.89185645E-12
  5983.18018  4.90284636E-12
  5985.91992  4.9390084E-12
  5988.66016  4.94885166E-12
  5991.3999  4.94780215E-12
  5994.14014  4.93292299E-12
  5996.87988  4.92128864E-12
  5999.62012  4.91315669E-12
  6002.35986  4.92073092E-12
  6005.1001  4.94130691E-12
  6007.83984  4.94237463E-12
  6010.58008  4.9330132E-12
  6013.31982  4.91477909E-12
  6016.06006  4.89019068E-12
  6018.7998  4.84637157E-12
  6021.54004  4.84465159E-12
  6024.27979  4.89485622E-12
  6027.02002  4.91913411E-12
  6029.76025  4.93303965E-12
  6032.5  4.92906454E-12
  6035.24023  4.9171214E-12
  6037.97998  4.90040994E-12
  6040.72021  4.89670197E-12
  6043.45996  4.92334645E-12
  6046.2002  4.90815635E-12
  6048.93994  4.85832685E-12
  6051.68018  4.98893028E-12
  6054.41992  5.14706463E-12
  6057.16016  5.05080786E-12
  6059.8999  4.92887068E-12
  6062.64014  4.86461088E-12
  6065.37988  4.83703615E-12
  6068.12012  4.84997415E-12
  6070.85986  4.88728372E-12
  6073.6001  4.94344713E-12
  6076.33984  4.95485467E-12
  6079.08008  4.94440903E-12
  6081.81982  4.90694334E-12
  6084.56006  4.88891046E-12
  6087.2998  4.9219075E-12
  6090.04004  4.90836755E-12
  6092.77979  4.85588132E-12
  6095.52002  4.85214516E-12
  6098.26025  4.8680027E-12
  6101.  4.88098754E-12
  6103.74023  4.8924224E-12
  6106.47998  4.89738632E-12
  6109.22021  4.90374061E-12
  6111.95996  4.91479817E-12
  6114.7002  4.91189424E-12
  6117.43994  4.90127253E-12
  6120.18018  4.90633142E-12
  6122.91992  4.91727232E-12
  6125.66016  4.94184554E-12
  6128.3999  4.9336004E-12
  6131.14014  4.86132705E-12
  6133.87988  4.80454565E-12
  6136.62012  4.75259372E-12
  6139.35986  4.7620588E-12
  6142.1001  4.8015667E-12
  6144.83984  4.81091599E-12
  6147.58008  4.82315446E-12
  6150.31982  4.85722053E-12
  6153.06006  4.88214373E-12
  6155.7998  4.91063613E-12
  6158.54004  4.86413123E-12
  6161.27979  4.76707432E-12
  6164.02002  4.71424635E-12
  6166.76025  4.70059668E-12
  6169.5  4.78787322E-12
  6172.24023  4.84848533E-12
  6174.97998  4.8160937E-12
  6177.72021  4.82068942E-12
  6180.45996  4.86162543E-12
  6183.2002  4.85173967E-12
  6185.93994  4.81858997E-12
  6188.68018  4.78758526E-12
  6191.41992  4.77042147E-12
  6194.16016  4.79283106E-12
  6196.8999  4.80999181E-12
  6199.64014  4.80762825E-12
  6202.37988  4.84086382E-12
  6205.12012  4.89638625E-12
  6207.85986  4.88082665E-12
  6210.6001  4.84248839E-12
  6213.33984  4.82921602E-12
  6216.08008  4.81590549E-12
  6218.81982  4.78676257E-12
  6221.56006  4.79385238E-12
  6224.2998  4.84751432E-12
  6227.04004  4.82934959E-12
  6229.77979  4.7822319E-12
  6232.52002  4.78738186E-12
  6235.26025  4.80087498E-12
  6238.  4.80093829E-12
  6240.74023  4.79697618E-12
  6243.47998  4.78815989E-12
  6246.22021  4.77850398E-12
  6248.95996  4.76750237E-12
  6251.7002  4.77875855E-12
  6254.43994  4.79327038E-12
  6257.18018  4.77519239E-12
  6259.91992  4.76496056E-12
  6262.66016  4.77918616E-12
  6265.3999  4.80710784E-12
  6268.14014  4.85893834E-12
  6270.87988  4.85929613E-12
  6273.62012  4.8311459E-12
  6276.35986  4.79956569E-12
  6279.1001  4.78140357E-12
  6281.83984  4.81161942E-12
  6284.58008  4.84463077E-12
  6287.31982  4.88188656E-12
  6290.06006  4.88614748E-12
  6292.7998  4.86329119E-12
  6295.54004  4.8254508E-12
  6298.27979  4.78439597E-12
  6301.02002  4.77529388E-12
  6303.76025  4.78164383E-12
  6306.5  4.81173304E-12
  6309.24023  4.81677719E-12
  6311.97998  4.78877571E-12
  6314.72021  4.76610635E-12
  6317.45996  4.75381583E-12
  6320.2002  4.88332465E-12
  6322.93994  4.99756573E-12
  6325.68018  4.90157914E-12
  6328.41992  4.81610541E-12
  6331.16016  4.7836882E-12
  6333.8999  4.78470345E-12
  6336.64014  4.8219922E-12
  6339.37988  4.8154176E-12
  6342.12012  4.79669993E-12
  6344.85986  4.80164519E-12
  6347.6001  4.81407319E-12
  6350.33984  4.84138814E-12
  6353.08008  4.8379265E-12
  6355.81982  4.78386948E-12
  6358.56006  4.78088662E-12
  6361.2998  4.80471826E-12
  6364.04004  4.82754028E-12
  6366.77979  4.85191618E-12
  6369.52002  4.87377586E-12
  6372.26025  4.88729196E-12
  6375.  4.89772719E-12
  6377.74023  4.868586E-12
  6380.47998  4.7965772E-12
  6383.22021  4.79509835E-12
  6385.95996  4.8189985E-12
  6388.7002  4.80614767E-12
  6391.43994  4.78457074E-12
  6394.18018  4.75300745E-12
  6396.91992  4.74594843E-12
  6399.66016  4.7741186E-12
  6402.3999  4.7994486E-12
  6405.14014  4.82712351E-12
  6407.87988  4.8187088E-12
  6410.62012  4.80862095E-12
  6413.35986  4.85739183E-12
  6416.1001  4.87201512E-12
  6418.83984  4.79598783E-12
  6421.58008  4.76818368E-12
  6424.31982  4.78555476E-12
  6427.06006  4.7696274E-12
  6429.7998  4.74819272E-12
  6432.54004  4.76889795E-12
  6435.27979  4.7953308E-12
  6438.02002  4.80163001E-12
  6440.76025  4.81900067E-12
  6443.5  4.86917971E-12
  6446.24023  4.85362401E-12
  6448.97998  4.79507319E-12
  6451.72021  4.79819483E-12
  6454.45996  4.81411916E-12
  6457.2002  4.79484334E-12
  6459.93994  4.77977076E-12
  6462.68018  4.7783574E-12
  6465.41992  4.79349546E-12
  6468.16016  4.83025208E-12
  6470.8999  4.83624859E-12
  6473.64014  4.83304716E-12
  6476.37988  4.8798591E-12
  6479.12012  4.91287696E-12
  6481.85986  4.86831755E-12
  6484.6001  4.83300552E-12
  6487.33984  4.83528712E-12
  6490.08008  4.78031763E-12
  6492.81982  4.68468363E-12
  6495.56006  4.66479806E-12
  6498.2998  4.68358772E-12
  6501.04004  4.72950715E-12
  6503.77979  4.78577768E-12
  6506.52002  4.85704272E-12
  6509.26025  4.88366509E-12
  6512.  4.85611941E-12
  6514.74023  4.85627901E-12
  6517.47998  4.86386712E-12
  6520.22021  4.86303966E-12
  6522.95996  4.85878482E-12
  6525.7002  4.85441331E-12
  6528.43994  4.84030177E-12
  6531.18018  4.79709718E-12
  6533.91992  4.81214721E-12
  6536.66016  4.87409245E-12
  6539.3999  4.86763581E-12
  6542.14014  4.83140394E-12
  6544.87988  4.77537844E-12
  6547.62012  4.74647275E-12
  6550.35986  4.81119918E-12
  6553.1001  4.80129565E-12
  6555.83984  4.71583449E-12
  6558.58008  4.52563074E-12
  6561.31982  4.28464122E-12
  6564.06006  4.33125931E-12
  6566.7998  4.48165853E-12
  6569.54004  4.64383393E-12
  6572.27979  4.76692861E-12
  6575.02002  4.82401966E-12
  6577.76025  4.84938305E-12
  6580.5  4.83808393E-12
  6583.24023  4.83758433E-12
  6585.97998  4.83978265E-12
  6588.72021  4.86369668E-12
  6591.45996  4.87125141E-12
  6594.2002  4.81742467E-12
  6596.93994  4.80781691E-12
  6599.68018  4.86901925E-12
  6602.41992  4.86463734E-12
  6605.16016  4.83130636E-12
  6607.8999  4.86086215E-12
  6610.64014  4.8972805E-12
  6613.37988  4.88919192E-12
  6616.12012  4.87737151E-12
  6618.85986  4.86530391E-12
  6621.6001  4.87079561E-12
  6624.33984  4.8956568E-12
  6627.08008  4.8687933E-12
  6629.81982  4.82798697E-12
  6632.56006  4.85142742E-12
  6635.2998  4.87728477E-12
  6638.04004  4.87260622E-12
  6640.77979  4.86136825E-12
  6643.52002  4.83955888E-12
  6646.26025  4.83290751E-12
  6649.  4.8338872E-12
  6651.74023  4.80862095E-12
  6654.47998  4.79069215E-12
  6657.22021  4.83794341E-12
  6659.95996  4.8675456E-12
  6662.7002  4.84623366E-12
  6665.43994  4.82273336E-12
  6668.18018  4.78970813E-12
  6670.91992  4.80399141E-12
  6673.66016  4.83415695E-12
  6676.3999  4.79849493E-12
  6679.14014  4.77040499E-12
  6681.87988  4.80271769E-12
  6684.62012  4.84012786E-12
  6687.35986  4.89101381E-12
  6690.1001  4.89504704E-12
  6692.83984  4.86637597E-12
  6695.58008  4.8353873E-12
  6698.31982  4.810226E-12
  6701.06006  4.82622926E-12
  6703.7998  4.84528173E-12
  6706.54004  4.85686925E-12
  6709.27979  4.8602988E-12
  6712.02002  4.85614023E-12
  6714.76025  4.83467606E-12
  6717.5  4.81121306E-12
  6720.24023  4.86157989E-12
  6722.97998  4.90712722E-12
  6725.72021  4.87378801E-12
  6728.45996  4.85513843E-12
  6731.2002  4.87663555E-12
  6733.93994  4.86390659E-12
  6736.68018  4.82889466E-12
  6739.41992  4.79058416E-12
  6742.16016  4.76179382E-12
  6744.8999  4.79348202E-12
  6747.64014  4.81582179E-12
  6750.37988  4.78823361E-12
  6753.12012  4.77813752E-12
  6755.85986  4.78612202E-12
  6758.6001  4.79971401E-12
  6761.33984  4.81606248E-12
  6764.08008  4.80350352E-12
  6766.81982  4.78739791E-12
  6769.56006  4.78833639E-12
  6772.2998  4.7904263E-12
  6775.04004  4.79089901E-12
  6777.77979  4.79393435E-12
  6780.52002  4.79891777E-12
  6783.26025  4.82439479E-12
  6786.  4.85285119E-12
  6788.74023  4.85535744E-12
  6791.47998  4.83914514E-12
  6794.22021  4.77684298E-12
  6796.95996  4.78276837E-12
  6799.7002  4.8927017E-12
  6802.43994  4.86853006E-12
  6805.18018  4.78139316E-12
  6807.91992  4.77742151E-12
  6810.66016  4.79309734E-12
  6813.3999  4.79265065E-12
  6816.14014  4.80578684E-12
  6818.87988  4.85729556E-12
  6821.62012  4.85080335E-12
  6824.35986  4.7953746E-12
  6827.1001  4.76575203E-12
  6829.83984  4.74955405E-12
  6832.58008  4.76982776E-12
  6835.31982  4.78656351E-12
  6838.06006  4.77300838E-12
  6840.7998  4.75778835E-12
  6843.54004  4.73491212E-12
  6846.27979  4.74459838E-12
  6849.02002  4.77313718E-12
  6851.76025  4.7787811E-12
  6854.5  4.77304004E-12
  6857.24023  4.74796981E-12
  6859.97998  4.73687365E-12
  6862.72021  4.76050536E-12
  6865.45996  4.76399822E-12
  6868.2002  4.75116561E-12
  6870.93994  4.74268671E-12
  6873.68018  4.73818294E-12
  6876.41992  4.74916027E-12
  6879.16016  4.77446598E-12
  6881.8999  4.83653959E-12
  6884.64014  4.85041217E-12
  6887.37988  4.78746556E-12
  6890.12012  4.76481831E-12
  6892.85986  4.75863749E-12
  6895.6001  4.76947735E-12
  6898.33984  4.77641668E-12
  6901.08008  4.72863025E-12
  6903.81982  4.70628658E-12
  6906.56006  4.7528175E-12
  6909.2998  4.77141113E-12
  6912.04004  4.76797291E-12
  6914.77979  4.75081042E-12
  6917.52002  4.72591367E-12
  6920.26025  4.71752932E-12
  6923.  4.72159247E-12
  6925.74023  4.75091147E-12
  6928.47998  4.76239664E-12
  6931.22021  4.73868817E-12
  6933.95996  4.74652305E-12
  6936.7002  4.77159241E-12
  6939.43994  4.77160412E-12
  6942.18018  4.75795098E-12
  6944.91992  4.71945139E-12
  6947.66016  4.70165617E-12
  6950.3999  4.73266175E-12
  6953.14014  4.76305237E-12
  6955.87988  4.80054755E-12
  6958.62012  4.79292907E-12
  6961.35986  4.76109039E-12
  6964.1001  4.73759443E-12
  6966.83984  4.72513218E-12
  6969.58008  4.74257612E-12
  6972.31982  4.75423737E-12
  6975.06006  4.75579819E-12
  6977.7998  4.74685569E-12
  6980.54004  4.72842729E-12
  6983.27979  4.72001301E-12
  6986.02002  4.71838931E-12
  6988.76025  4.72849841E-12
  6991.5  4.74249936E-12
  6994.24023  4.76399259E-12
  6996.97998  4.76509587E-12
  6999.72021  4.74199412E-12
  7002.45996  4.72758117E-12
  7005.2002  4.71709911E-12
  7007.93994  4.72698963E-12
  7010.68018  4.73814217E-12
  7013.41992  4.7296997E-12
  7016.16016  4.72735176E-12
  7018.8999  4.73948441E-12
  7021.64014  4.74278603E-12
  7024.37988  4.74034961E-12
  7027.12012  4.74628453E-12
  7029.85986  4.74949854E-12
  7032.6001  4.72271397E-12
  7035.33984  4.70526222E-12
  7038.08008  4.72744456E-12
  7040.81982  4.72953144E-12
  7043.56006  4.70525398E-12
  7046.2998  4.69123742E-12
  7049.04004  4.68516415E-12
  7051.77979  4.73584453E-12
  7054.52002  4.78418433E-12
  7057.26025  4.76274619E-12
  7060.  4.7368845E-12
  7062.74023  4.71188366E-12
  7065.47998  4.71013289E-12
  7068.22021  4.72920401E-12
  7070.95996  4.73529375E-12
  7073.7002  4.73504829E-12
  7076.43994  4.72072468E-12
  7079.18018  4.70910637E-12
  7081.91992  4.71097293E-12
  7084.66016  4.71720449E-12
  7087.3999  4.73303167E-12
  7090.14014  4.72567558E-12
  7092.87988  4.70578611E-12
  7095.62012  4.70348283E-12
  7098.35986  4.71061645E-12
  7101.1001  4.73401787E-12
  7103.83984  4.74632443E-12
  7106.58008  4.73989728E-12
  7109.31982  4.71557255E-12
  7112.06006  4.67024509E-12
  7114.7998  4.66165908E-12
  7117.54004  4.66903859E-12
  7120.27979  4.67014405E-12
  7123.02002  4.67249763E-12
  7125.76025  4.67917892E-12
  7128.5  4.68133128E-12
  7131.24023  4.67707427E-12
  7133.97998  4.67247768E-12
  7136.72021  4.66719502E-12
  7139.45996  4.67255097E-12
  7142.2002  4.68112398E-12
  7144.93994  4.69161906E-12
  7147.68018  4.68584806E-12
  7150.41992  4.64065548E-12
  7153.16016  4.62949167E-12
  7155.8999  4.64419432E-12
  7158.64014  4.74051918E-12
  7161.37988  4.84870477E-12
  7164.12012  4.71291799E-12
  7166.85986  4.58036734E-12
  7169.6001  4.63828585E-12
  7172.33984  4.66944625E-12
  7175.08008  4.64995533E-12
  7177.81982  4.61651594E-12
  7180.56006  4.56845152E-12
  7183.2998  4.58670255E-12
  7186.04004  4.62524507E-12
  7188.77979  4.64144955E-12
  7191.52002  4.64342106E-12
  7194.26025  4.62377142E-12
  7197.  4.6058257E-12
  7199.74023  4.58586207E-12
  7202.47998  4.58982461E-12
  7205.22021  4.60389582E-12
  7207.95996  4.58962469E-12
  7210.7002  4.57592514E-12
  7213.43994  4.57950691E-12
  7216.18018  4.59627822E-12
  7218.91992  4.63886915E-12
  7221.66016  4.64707569E-12
  7224.3999  4.63222819E-12
  7227.14014  4.63004765E-12
  7229.87988  4.63496993E-12
  7232.62012  4.66362539E-12
  7235.35986  4.67619259E-12
  7238.1001  4.63342949E-12
  7240.83984  4.63934837E-12
  7243.58008  4.71095689E-12
  7246.31982  4.68767646E-12
  7249.06006  4.62309878E-12
  7251.7998  4.62311309E-12
  7254.54004  4.63306173E-12
  7257.27979  4.6233772E-12
  7260.02002  4.61025142E-12
  7262.76025  4.58162761E-12
  7265.5  4.60275047E-12
  7268.24023  4.6640955E-12
  7270.97998  4.6840214E-12
  7273.72021  4.6834754E-12
  7276.45996  4.66224281E-12
  7279.2002  4.63213712E-12
  7281.93994  4.58654902E-12
  7284.68018  4.57922242E-12
  7287.41992  4.62653353E-12
  7290.16016  4.61520058E-12
  7292.8999  4.58010062E-12
  7295.64014  4.60029107E-12
  7298.37988  4.62760039E-12
  7301.12012  4.62416954E-12
  7303.85986  4.62130854E-12
  7306.6001  4.6253769E-12
  7309.33984  4.62572775E-12
  7312.08008  4.62262477E-12
  7314.81982  4.64744476E-12
  7317.56006  4.67323966E-12
  7320.2998  4.63758242E-12
  7323.04004  4.59835815E-12
  7325.77979  4.57681332E-12
  7328.52002  4.5813275E-12
  7331.26025  4.62345873E-12
  7334.  4.6397686E-12
  7336.74023  4.64521867E-12
  7339.47998  4.65851229E-12
  7342.22021  4.6604348E-12
  7344.95996  4.61919045E-12
  7347.7002  4.58820135E-12
  7350.43994  4.58609192E-12
  7353.18018  4.58120998E-12
  7355.91992  4.57473165E-12
  7358.66016  4.59798779E-12
  7361.3999  4.631448E-12
  7364.14014  4.63658409E-12
  7366.87988  4.63072766E-12
  7369.62012  4.60808778E-12
  7372.35986  4.60966291E-12
  7375.1001  4.65685216E-12
  7377.83984  4.65160245E-12
  7380.58008  4.61648471E-12
  7383.31982  4.57505995E-12
  7386.06006  4.5387331E-12
  7388.7998  4.53558588E-12
  7391.54004  4.54929974E-12
  7394.27979  4.5946736E-12
  7397.02002  4.59394675E-12
  7399.76025  4.5477515E-12
  7402.5  4.52615376E-12
  7405.24023  4.5140224E-12
  7407.97998  4.51681054E-12
  7410.72021  4.51951757E-12
  7413.45996  4.50513238E-12
  7416.2002  4.50145433E-12
  7418.93994  4.51141728E-12
  7421.68018  4.53316204E-12
  7424.41992  4.56522797E-12
  7427.16016  4.57833858E-12
  7429.8999  4.58629966E-12
  7432.64014  4.60704868E-12
  7435.37988  4.61243587E-12
  7438.12012  4.58381553E-12
  7440.85986  4.56427561E-12
  7443.6001  4.55093081E-12
  7446.33984  4.54921083E-12
  7449.08008  4.55682063E-12
  7451.81982  4.5752885E-12
  7454.56006  4.59186508E-12
  7457.2998  4.59648595E-12
  7460.04004  4.58818357E-12
  7462.77979  4.55236239E-12
  7465.52002  4.55934856E-12
  7468.26025  4.59508126E-12
  7471.  4.57504304E-12
  7473.74023  4.54539574E-12
  7476.47998  4.56634643E-12
  7479.22021  4.5840688E-12
  7481.95996  4.57740313E-12
  7484.7002  4.56972914E-12
  7487.43994  4.56262372E-12
  7490.18018  4.53477013E-12
  7492.91992  4.49942861E-12
  7495.66016  4.50849948E-12
  7498.3999  4.52400097E-12
  7501.14014  4.52184123E-12
  7503.87988  4.50683544E-12
  7506.62012  4.46489156E-12
  7509.35986  4.46016358E-12
  7512.1001  4.48293009E-12
  7514.83984  4.49900447E-12
  7517.58008  4.51024895E-12
  7520.31982  4.49380073E-12
  7523.06006  4.48648367E-12
  7525.7998  4.514316E-12
  7528.54004  4.53200932E-12
  7531.27979  4.54030693E-12
  7534.02002  4.53206526E-12
  7536.76025  4.51501163E-12
  7539.5  4.53677807E-12
  7542.24023  4.55035098E-12
  7544.97998  4.48958102E-12
  7547.72021  4.46568954E-12
  7550.45996  4.53242478E-12
  7553.2002  4.53189005E-12
  7555.93994  4.4804967E-12
  7558.68018  4.47153989E-12
  7561.41992  4.47898359E-12
  7564.16016  4.49752171E-12
  7566.8999  4.50846608E-12
  7569.64014  4.49117479E-12
  7572.37988  4.4830268E-12
  7575.12012  4.48644724E-12
  7577.85986  4.49496777E-12
  7580.6001  4.50571568E-12
  7583.33984  4.47714565E-12
  7586.08008  4.4490028E-12
  7588.81982  4.47283139E-12
  7591.56006  4.48636527E-12
  7594.2998  4.46283505E-12
  7597.04004  4.4706361E-12
  7599.77979  4.50846608E-12
  7602.52002  4.46912646E-12
  7605.26025  4.40820731E-12
  7608.  4.43306112E-12
  7610.74023  4.4606519E-12
  7613.47998  4.44136264E-12
  7616.22021  4.43663422E-12
  7618.95996  4.46250458E-12
  7621.7002  4.44518641E-12
  7624.43994  4.40480248E-12
  7627.18018  4.40578823E-12
  7629.91992  4.42256865E-12
  7632.66016  4.44847674E-12
  7635.3999  4.46186881E-12
  7638.14014  4.45130131E-12
  7640.87988  4.43206973E-12
  7643.62012  4.39916419E-12
  7646.35986  4.40808327E-12
  7649.1001  4.43062817E-12
  7651.83984  4.40476301E-12
  7654.58008  4.37697014E-12
  7657.31982  4.38271077E-12
  7660.06006  4.36708439E-12
  7662.7998  4.30081144E-12
  7665.54004  4.30852186E-12
  7668.27979  4.36290283E-12
  7671.02002  4.41071442E-12
  7673.76025  4.4522541E-12
  7676.5  4.46937756E-12
  7679.24023  4.45689319E-12
  7681.97998  4.39088653E-12
  7684.72021  4.35771644E-12
  7687.45996  4.35497645E-12
  7690.2002  4.35952706E-12
  7692.93994  4.37102915E-12
  7695.68018  4.3693868E-12
  7698.41992  4.36312618E-12
  7701.16016  4.34932168E-12
  7703.8999  4.34949169E-12
  7706.64014  4.38094786E-12
  7709.37988  4.37053952E-12
  7712.12012  4.33273469E-12
  7714.85986  4.35203436E-12
  7717.6001  4.37694022E-12
  7720.33984  4.32333986E-12
  7723.08008  4.29838543E-12
  7725.81982  4.37152745E-12
  7728.56006  4.3973887E-12
  7731.2998  4.36998918E-12
  7734.04004  4.37199192E-12
  7736.77979  4.38265093E-12
  7739.52002  4.38416404E-12
  7742.26025  4.37795676E-12
  7745.  4.35310598E-12
  7747.74023  4.33981366E-12
  7750.47998  4.34258662E-12
  7753.22021  4.36438169E-12
  7755.95996  4.40438961E-12
  7758.7002  4.41772747E-12
  7761.43994  4.42299929E-12
  7764.18018  4.44527141E-12
  7766.91992  4.45127659E-12
  7769.66016  4.41117585E-12
  7772.3999  4.39648578E-12
  7775.14014  4.41556861E-12
  7777.87988  4.40992338E-12
  7780.62012  4.39242523E-12
  7783.35986  4.36554915E-12
  7786.1001  4.33783348E-12
  7788.83984  4.31548937E-12
  7791.58008  4.31155112E-12
  7794.31982  4.34289974E-12
  7797.06006  4.3450521E-12
  7799.7998  4.32465001E-12
  7802.54004  4.3456831E-12
  7805.27979  4.37886446E-12
  7808.02002  4.38317655E-12
  7810.76025  4.38663775E-12
  7813.5  4.40632773E-12
  7816.24023  4.40950141E-12
  7818.97998  4.38418312E-12
  7821.72021  4.40311633E-12
  7824.45996  4.44131884E-12
  7827.2002  4.40732607E-12
  7829.93994  4.36174924E-12
  7832.68018  4.35393301E-12
  7835.41992  4.36408418E-12
  7838.16016  4.4070754E-12
  7840.8999  4.40971044E-12
  7843.64014  4.3772928E-12
  7846.37988  4.36334215E-12
  7849.12012  4.35232319E-12
  7851.85986  4.33013911E-12
  7854.6001  4.31275718E-12
  7857.33984  4.32529143E-12
  7860.08008  4.29678905E-12
  7862.81982  4.18381866E-12
  7865.56006  4.20215989E-12
  7868.2998  4.29495502E-12
  7871.04004  4.31917696E-12
  7873.77979  4.32806785E-12
  7876.52002  4.34757135E-12
  7879.26025  4.36661818E-12
  7882.  4.38295927E-12
  7884.74023  4.40372348E-12
  7887.47998  4.4315337E-12
  7890.22021  4.42366109E-12
  7892.95996  4.39756608E-12
  7895.7002  4.37851578E-12
  7898.43994  4.36110479E-12
  7901.18018  4.34941926E-12
  7903.91992  4.3316262E-12
  7906.66016  4.30258823E-12
  7909.3999  4.28227549E-12
  7912.14014  4.26680826E-12
  7914.87988  4.24857458E-12
  7917.62012  4.24601196E-12
  7920.35986  4.31219123E-12
  7923.1001  4.34637092E-12
  7925.83984  4.28965934E-12
  7928.58008  4.2613196E-12
  7931.31982  4.25526931E-12
  7934.06006  4.2736834E-12
  7936.7998  4.30213417E-12
  7939.54004  4.27430097E-12
  7942.27979  4.25159647E-12
  7945.02002  4.28953921E-12
  7947.76025  4.31067031E-12
  7950.5  4.29986645E-12
  7953.24023  4.29232171E-12
  7955.97998  4.28293035E-12
  7958.72021  4.27266902E-12
  7961.45996  4.26756937E-12
  7964.2002  4.28484635E-12
  7966.93994  4.30210945E-12
  7969.68018  4.30975481E-12
  7972.41992  4.31704542E-12
  7975.16016  4.3229695E-12
  7977.8999  4.33581513E-12
  7980.64014  4.3500455E-12
  7983.37988  4.34492936E-12
  7986.12012  4.33518759E-12
  7988.85986  4.33782871E-12
  7991.6001  4.32020175E-12
  7994.33984  4.25731932E-12
  7997.08008  4.24724492E-12
  7999.81982  4.27502955E-12
  8002.56006  4.26286393E-12
  8005.2998  4.24463676E-12
  8008.04004  4.26515594E-12
  8010.77979  4.27408803E-12
  8013.52002  4.23006118E-12
  8016.26025  4.2307104E-12
  8019.  4.28896111E-12
  8021.74023  4.31400879E-12
  8024.47998  4.32443751E-12
  8027.22021  4.31555573E-12
  8029.95996  4.29928922E-12
  8032.7002  4.28119692E-12
  8035.43994  4.28247715E-12
  8038.18018  4.3236391E-12
  8040.91992  4.33464245E-12
  8043.66016  4.32484387E-12
  8046.3999  4.27511021E-12
  8049.14014  4.21892339E-12
  8051.87988  4.24078351E-12
  8054.62012  4.27168587E-12
  8057.35986  4.27917033E-12
  8060.1001  4.29351086E-12
  8062.83984  4.32137052E-12
  8065.58008  4.32585001E-12
  8068.31982  4.31549371E-12
  8071.06006  4.29330183E-12
  8073.7998  4.26887041E-12
  8076.54004  4.25753486E-12
  8079.27979  4.24750382E-12
  8082.02002  4.23462133E-12
  8084.76025  4.23041333E-12
  8087.5  4.23495397E-12
  8090.24023  4.22092569E-12
  8092.97998  4.20407112E-12
  8095.72021  4.21900015E-12
  8098.45996  4.23193338E-12
  8101.2002  4.21491314E-12
  8103.93994  4.21924865E-12
  8106.68018  4.26115783E-12
  8109.41992  4.26410296E-12
  8112.16016  4.24812095E-12
  8114.8999  4.2720107E-12
  8117.64014  4.29587572E-12
  8120.37988  4.27527371E-12
  8123.12012  4.25149803E-12
  8125.85986  4.23258347E-12
  8128.6001  4.22015331E-12
  8131.33984  4.21260336E-12
  8134.08008  4.22723185E-12
  8136.81982  4.25161989E-12
  8139.56006  4.26098263E-12
  8142.2998  4.25318548E-12
  8145.04004  4.2015909E-12
  8147.77979  4.18658467E-12
  8150.52002  4.23178159E-12
  8153.26025  4.25426925E-12
  8156.  4.26975165E-12
  8158.74023  4.2857805E-12
  8161.47998  4.29240714E-12
  8164.22021  4.27110777E-12
  8166.95996  4.24481544E-12
  8169.7002  4.21786087E-12
  8172.43994  4.19797096E-12
  8175.18018  4.18192217E-12
  8177.91992  4.20089094E-12
  8180.66016  4.23453633E-12
  8183.3999  4.22279312E-12
  8186.14014  4.20605044E-12
  8188.87988  4.21334235E-12
  8191.62012  4.20794259E-12
  8194.36035  4.17883349E-12
  8197.09961  4.1596249E-12
  8199.83984  4.14554025E-12
  8202.58008  4.17898528E-12
  8205.32031  4.21594877E-12
  8208.05957  4.16932287E-12
  8210.7998  4.14519677E-12
  8213.54004  4.20751238E-12
  8216.28027  4.22706401E-12
  8219.01953  4.19840248E-12
  8221.75977  4.20277485E-12
  8224.5  4.21716698E-12
  8227.24023  4.21076412E-12
  8229.98047  4.19577784E-12
  8232.71973  4.17597727E-12
  8235.45996  4.15106101E-12
  8238.2002  4.10339427E-12
  8240.94043  4.12074238E-12
  8243.67969  4.18895864E-12
  8246.41992  4.2102914E-12
  8249.16016  4.2131203E-12
  8251.90039  4.19883182E-12
  8254.63965  4.19684469E-12
  8257.37988  4.23975308E-12
  8260.12012  4.25116322E-12
  8262.86035  4.22549799E-12
  8265.59961  4.20381872E-12
  8268.33984  4.18053916E-12
  8271.08008  4.17443727E-12
  8273.82031  4.169528E-12
  8276.55957  4.14155776E-12
  8279.2998  4.13912004E-12
  8282.04004  4.19583422E-12
  8284.78027  4.19442822E-12
  8287.51953  4.1484303E-12
  8290.25977  4.12898578E-12
  8293.  4.12057194E-12
  8295.74023  4.12685901E-12
  8298.48047  4.14157944E-12
  8301.21973  4.16904879E-12
  8303.95996  4.17936822E-12
  8306.7002  4.1678978E-12
  8309.44043  4.15824406E-12
  8312.17969  4.14633822E-12
  8314.91992  4.13475547E-12
  8317.66016  4.12755073E-12
  8320.40039  4.14056203E-12
  8323.13965  4.13519739E-12
  8325.87988  4.08138497E-12
  8328.62012  4.07701867E-12
  8331.36035  4.1141552E-12
  8334.09961  4.14285186E-12
  8336.83984  4.16897203E-12
  8339.58008  4.17823675E-12
  8342.32031  4.17366185E-12
  8345.05957  4.14528481E-12
  8347.7998  4.1311776E-12
  8350.54004  4.14509703E-12
  8353.28027  4.12041191E-12
  8356.01953  4.07534163E-12
  8358.75977  4.05723979E-12
  8361.5  4.05928242E-12
  8364.24023  4.10745613E-12
  8366.98047  4.1312535E-12
  8369.71973  4.08609127E-12
  8372.45996  4.08663945E-12
  8375.2002  4.12946023E-12
  8377.94043  4.13285075E-12
  8380.67969  4.12201089E-12
  8383.41992  4.12200525E-12
  8386.16016  4.12177063E-12
  8388.90039  4.11776472E-12
  8391.63965  4.11224397E-12
  8394.37988  4.10655624E-12
  8397.12012  4.09191127E-12
  8399.86035  4.0721493E-12
  8402.59961  4.08934345E-12
  8405.33984  4.1109928E-12
  8408.08008  4.08750247E-12
  8410.82031  4.07966976E-12
  8413.55957  4.11787791E-12
  8416.2998  4.14299844E-12
  8419.04004  4.1612061E-12
  8421.78027  4.13795821E-12
  8424.51953  4.09624678E-12
  8427.25977  4.10297577E-12
  8430.  4.11036699E-12
  8432.74023  4.08084157E-12
  8435.48047  4.06793826E-12
  8438.21973  4.08391333E-12
  8440.95996  4.09347252E-12
  8443.7002  4.10287299E-12
  8446.44043  4.13905932E-12
  8449.17969  4.17459557E-12
  8451.91992  4.16239916E-12
  8454.66016  4.14471192E-12
  8457.40039  4.14079535E-12
  8460.13965  4.11703744E-12
  8462.87988  4.06485219E-12
  8465.62012  4.06836023E-12
  8468.36035  4.09705386E-12
  8471.09961  4.09195724E-12
  8473.83984  4.07618037E-12
  8476.58008  4.05245846E-12
  8479.32031  4.03630298E-12
  8482.05957  4.03441169E-12
  8484.7998  4.0301755E-12
  8487.54004  4.02591545E-12
  8490.28027  3.991986E-12
  8493.01953  3.93758724E-12
  8495.75977  3.83484954E-12
  8498.5  3.79393045E-12
  8501.24023  3.90686095E-12
  8503.98047  3.99480882E-12
  8506.71973  4.06573646E-12
  8509.45996  4.07323697E-12
  8512.2002  4.042234E-12
  8514.94043  4.05251006E-12
  8517.67969  4.06513581E-12
  8520.41992  4.0635351E-12
  8523.16016  4.04043812E-12
  8525.90039  3.9850406E-12
  8528.63965  3.93603292E-12
  8531.37988  3.88897595E-12
  8534.12012  3.81596274E-12
  8536.86035  3.71938981E-12
  8539.59961  3.53989082E-12
  8542.33984  3.44947508E-12
  8545.08008  3.58513002E-12
  8547.82031  3.73472217E-12
  8550.55957  3.91806509E-12
  8553.2998  3.99809352E-12
  8556.04004  4.0167882E-12
  8558.78027  4.05195452E-12
  8561.51953  4.06963786E-12
  8564.25977  4.03490219E-12
  8567.  4.01824754E-12
  8569.74023  4.05007191E-12
  8572.48047  4.06144432E-12
  8575.21973  4.05913367E-12
  8577.95996  4.04748934E-12
  8580.7002  4.03008963E-12
  8583.44043  4.01335649E-12
  8586.17969  4.01156278E-12
  8588.91992  4.05279066E-12
  8591.66016  4.06342451E-12
  8594.40039  4.02167405E-12
  8597.13965  4.03022017E-12
  8599.87988  4.0632506E-12
  8602.62012  4.06328617E-12
  8605.36035  4.05886392E-12
  8608.09961  4.08091529E-12
  8610.83984  4.08261055E-12
  8613.58008  4.03150907E-12
  8616.32031  4.02367029E-12
  8619.05957  4.05689111E-12
  8621.7998  4.04276309E-12
  8624.54004  4.01568015E-12
  8627.28027  4.03842888E-12
  8630.02051  4.04810647E-12
  8632.75977  3.98267226E-12
  8635.5  3.96109708E-12
  8638.24023  4.02118399E-12
  8640.98047  4.01485832E-12
  8643.71973  3.97534349E-12
  8646.45996  3.98585288E-12
  8649.2002  3.99605262E-12
  8651.94043  3.96671411E-12
  8654.67969  3.88222007E-12
  8657.41992  3.6888409E-12
  8660.16016  3.57356527E-12
  8662.90039  3.51595207E-12
  8665.63965  3.61876393E-12
  8668.37988  3.8095538E-12
  8671.12012  3.8996896E-12
  8673.86035  3.96183737E-12
  8676.59961  4.02471849E-12
  8679.33984  4.04330909E-12
  8682.08008  3.99376452E-12
  8684.82031  3.96898833E-12
  8687.55957  3.95195378E-12
  8690.2998  3.92282994E-12
  8693.04004  3.90044984E-12
  8695.78027  3.91555148E-12
  8698.52051  3.94270857E-12
  8701.25977  3.97939537E-12
  8704.  4.0085487E-12
  8706.74023  4.03485101E-12
  8709.48047  4.02172436E-12
  8712.21973  3.98786603E-12
  8714.95996  3.98579E-12
  8717.7002  3.98680958E-12
  8720.44043  3.96932183E-12
  8723.17969  3.96562904E-12
  8725.91992  3.98697958E-12
  8728.66016  4.00049265E-12
  8731.40039  4.01105061E-12
  8734.13965  4.01304814E-12
  8736.87988  4.00712276E-12
  8739.62012  3.99115029E-12
  8742.36035  3.96712524E-12
  8745.09961  3.92794391E-12
  8747.83984  3.90626854E-12
  8750.58008  3.90340711E-12
  8753.32031  3.90727598E-12
  8756.05957  3.91935399E-12
  8758.7998  3.93723899E-12
  8761.54004  3.95628278E-12
  8764.28027  3.97594804E-12
  8767.02051  3.97791522E-12
  8769.75977  3.94930052E-12
  8772.5  3.93032048E-12
  8775.24023  3.91512994E-12
  8777.98047  3.92964611E-12
  8780.71973  3.95399295E-12
  8783.45996  3.94992676E-12
  8786.2002  3.94751549E-12
  8788.94043  3.96126101E-12
  8791.67969  3.97466001E-12
  8794.41992  3.99264649E-12
  8797.16016  3.98165268E-12
  8799.90039  3.95382468E-12
  8802.63965  3.94846785E-12
  8805.37988  3.9418694E-12
  8808.12012  3.90590641E-12
  8810.86035  3.88768878E-12
  8813.59961  3.90864684E-12
  8816.33984  3.91523099E-12
  8819.08008  3.91273472E-12
  8821.82031  3.90868154E-12
  8824.55957  3.90409233E-12
  8827.2998  3.90103705E-12
  8830.04004  3.91340606E-12
  8832.78027  3.96711093E-12
  8835.52051  3.99330482E-12
  8838.25977  3.98851525E-12
  8841.  3.95152184E-12
  8843.74023  3.889417E-12
  8846.48047  3.857891E-12
  8849.21973  3.8473608E-12
  8851.95996  3.87164216E-12
  8854.7002  3.90145381E-12
  8857.44043  3.93414901E-12
  8860.17969  3.9481452E-12
  8862.91992  3.94482494E-12
  8865.66016  3.93597177E-12
  8868.40039  3.92389203E-12
  8871.13965  3.92851637E-12
  8873.87988  3.93088903E-12
  8876.62012  3.91838688E-12
  8879.36035  3.90375319E-12
  8882.09961  3.88448345E-12
  8884.83984  3.87582761E-12
  8887.58008  3.874272E-12
  8890.32031  3.87752981E-12
  8893.05957  3.88529703E-12
  8895.7998  3.89608484E-12
  8898.54004  3.91068775E-12
  8901.28027  3.93405187E-12
  8904.02051  3.94437E-12
  8906.75977  3.9402509E-12
  8909.5  3.9556817E-12
  8912.24023  3.97478144E-12
  8914.98047  3.95309913E-12
  8917.71973  3.94058874E-12
  8920.45996  3.98524746E-12
  8923.2002  4.01619363E-12
  8925.94043  4.04253714E-12
  8928.67969  3.97996089E-12
  8931.41992  3.85102193E-12
  8934.16016  3.82447329E-12
  8936.90039  3.83684187E-12
  8939.63965  3.85447403E-12
  8942.37988  3.86711973E-12
  8945.12012  3.85598628E-12
  8947.86035  3.86727412E-12
  8950.59961  3.90602915E-12
  8953.33984  3.91252742E-12
  8956.08008  3.90481571E-12
  8958.82031  3.91162276E-12
  8961.55957  3.91001684E-12
  8964.2998  3.87362885E-12
  8967.04004  3.85174401E-12
  8969.78027  3.85797297E-12
  8972.52051  3.85717153E-12
  8975.25977  3.85454429E-12
  8978.  3.88350463E-12
  8980.74023  3.91525831E-12
  8983.48047  3.89240636E-12
  8986.21973  3.87874325E-12
  8988.95996  3.91600597E-12
  8991.7002  3.92135456E-12
  8994.44043  3.88962083E-12
  8997.17969  3.86117527E-12
  8999.91992  3.83479099E-12
  9002.66016  3.86172778E-12
  9005.40039  3.8906699E-12
  9008.13965  3.87424337E-12
  9010.87988  3.84797793E-12
  9013.62012  3.79697055E-12
  9016.36035  3.8127574E-12
  9019.09961  3.88401941E-12
  9021.83984  3.90271843E-12
  9024.58008  3.90424975E-12
  9027.32031  3.91741977E-12
  9030.05957  3.91778016E-12
  9032.7998  3.88063279E-12
  9035.54004  3.87289463E-12
  9038.28027  3.90880774E-12
  9041.02051  3.9015618E-12
  9043.75977  3.87597333E-12
  9046.5  3.89429331E-12
  9049.24023  3.90602871E-12
  9051.98047  3.84875291E-12
  9054.71973  3.81016919E-12
  9057.45996  3.82035115E-12
  9060.2002  3.81801014E-12
  9062.94043  3.80819725E-12
  9065.67969  3.81780631E-12
  9068.41992  3.83681281E-12
  9071.16016  3.86299022E-12
  9073.90039  3.87031423E-12
  9076.63965  3.82614426E-12
  9079.37988  3.79674677E-12
  9082.12012  3.78614848E-12
  9084.86035  3.78639177E-12
  9087.59961  3.79693152E-12
  9090.33984  3.80320558E-12
  9093.08008  3.81485035E-12
  9095.82031  3.85183682E-12
  9098.55957  3.86852833E-12
  9101.2998  3.83883333E-12
  9104.04004  3.82607964E-12
  9106.78027  3.82412114E-12
  9109.52051  3.8494815E-12
  9112.25977  3.88070218E-12
  9115.  3.84909509E-12
  9117.74023  3.81705301E-12
  9120.48047  3.82153814E-12
  9123.21973  3.83518044E-12
  9125.95996  3.87280876E-12
  9128.7002  3.85307238E-12
  9131.44043  3.79774901E-12
  9134.17969  3.77144713E-12
  9136.91992  3.75812012E-12
  9139.66016  3.76930475E-12
  9142.40039  3.76376144E-12
  9145.13965  3.70188602E-12
  9147.87988  3.70189036E-12
  9150.62012  3.7659138E-12
  9153.36035  3.78542944E-12
  9156.09961  3.78965956E-12
  9158.83984  3.80133381E-12
  9161.58008  3.80821763E-12
  9164.32031  3.79974351E-12
  9167.05957  3.79878897E-12
  9169.7998  3.81180114E-12
  9172.54004  3.81952629E-12
  9175.28027  3.82485883E-12
  9178.02051  3.81475797E-12
  9180.75977  3.80130606E-12
  9183.5  3.80377761E-12
  9186.24023  3.80502791E-12
  9188.98047  3.79402542E-12
  9191.71973  3.80027086E-12
  9194.45996  3.83221189E-12
  9197.2002  3.80211921E-12
  9199.94043  3.74213247E-12
  9202.67969  3.70837822E-12
  9205.41992  3.68873551E-12
  9208.16016  3.68787986E-12
  9210.90039  3.69748416E-12
  9213.63965  3.72054514E-12
  9216.37988  3.73916002E-12
  9219.12012  3.75637542E-12
  9221.86035  3.76528453E-12
  9224.59961  3.75989214E-12
  9227.33984  3.70938219E-12
  9230.08008  3.67113024E-12
  9232.82031  3.66902082E-12
  9235.55957  3.69955108E-12
  9238.2998  3.77907731E-12
  9241.04004  3.78646246E-12
  9243.78027  3.75845102E-12
  9246.52051  3.75027613E-12
  9249.25977  3.74818839E-12
  9252.  3.76140265E-12
  9254.74023  3.75764437E-12
  9257.48047  3.71347354E-12
  9260.21973  3.71441593E-12
  9262.95996  3.75027917E-12
  9265.7002  3.72177723E-12
  9268.44043  3.67447479E-12
  9271.17969  3.66053325E-12
  9273.91992  3.66319258E-12
  9276.66016  3.69041213E-12
  9279.40039  3.70549815E-12
  9282.13965  3.70934837E-12
  9284.87988  3.69072481E-12
  9287.62012  3.65825426E-12
  9290.36035  3.65478047E-12
  9293.09961  3.66049942E-12
  9295.83984  3.66613424E-12
  9298.58008  3.66972034E-12
  9301.32031  3.66316092E-12
  9304.05957  3.68051119E-12
  9306.7998  3.72064402E-12
  9309.54004  3.71025302E-12
  9312.28027  3.68521923E-12
  9315.02051  3.70661314E-12
  9317.75977  3.72470501E-12
  9320.5  3.70832228E-12
  9323.24023  3.70425652E-12
  9325.98047  3.72150704E-12
  9328.71973  3.71824359E-12
  9331.45996  3.70414073E-12
  9334.2002  3.69063721E-12
  9336.94043  3.67855789E-12
  9339.67969  3.67484949E-12
  9342.41992  3.6713319E-12
  9345.16016  3.66394545E-12
  9347.90039  3.66414321E-12
  9350.63965  3.67305058E-12
  9353.37988  3.65853615E-12
  9356.12012  3.63142871E-12
  9358.86035  3.59350917E-12
  9361.59961  3.57141964E-12
  9364.33984  3.59876061E-12
  9367.08008  3.61567026E-12
  9369.82031  3.61171574E-12
  9372.55957  3.62224465E-12
  9375.2998  3.63897107E-12
  9378.04004  3.62966059E-12
  9380.78027  3.6203384E-12
  9383.52051  3.65360867E-12
  9386.25977  3.66803332E-12
  9389.  3.62550419E-12
  9391.74023  3.62099478E-12
  9394.48047  3.65294297E-12
  9397.21973  3.67086569E-12
  9399.95996  3.68379329E-12
  9402.7002  3.68804987E-12
  9405.44043  3.67731843E-12
  9408.17969  3.63086818E-12
  9410.91992  3.60803011E-12
  9413.66016  3.62862106E-12
  9416.40039  3.62561305E-12
  9419.13965  3.61130396E-12
  9421.87988  3.59534256E-12
  9424.62012  3.58553421E-12
  9427.36035  3.60477338E-12
  9430.09961  3.62981585E-12
  9432.83984  3.66407208E-12
  9435.58008  3.66269038E-12
  9438.32031  3.61739696E-12
  9441.05957  3.62476867E-12
  9443.7998  3.65087387E-12
  9446.54004  3.63013872E-12
  9449.28027  3.60701573E-12
  9452.02051  3.62019616E-12
  9454.75977  3.61106869E-12
  9457.5  3.55208961E-12
  9460.24023  3.54151474E-12
  9462.98047  3.56316626E-12
  9465.71973  3.5771568E-12
  9468.45996  3.59053867E-12
  9471.2002  3.60442535E-12
  9473.94043  3.59973618E-12
  9476.67969  3.54783325E-12
  9479.41992  3.53484061E-12
  9482.16016  3.5741438E-12
  9484.90039  3.54954803E-12
  9487.63965  3.49946396E-12
  9490.37988  3.50505996E-12
  9493.12012  3.52647425E-12
  9495.86035  3.54285698E-12
  9498.59961  3.5640102E-12
  9501.33984  3.59669911E-12
  9504.08008  3.61132847E-12
  9506.82031  3.6117886E-12
  9509.55957  3.62528996E-12
  9512.2998  3.63966713E-12
  9515.04004  3.64135024E-12
  9517.78027  3.63502587E-12
  9520.52051  3.61130527E-12
  9523.25977  3.61169037E-12
  9526.  3.64832557E-12
  9528.74023  3.64607693E-12
  9531.48047  3.62396137E-12
  9534.21973  3.6056672E-12
  9536.95996  3.58173365E-12
  9539.7002  3.54195622E-12
  9542.44043  3.51073099E-12
  9545.17969  3.49777347E-12
  9547.91992  3.48077231E-12
  9550.66016  3.46095548E-12
  9553.40039  3.46476211E-12
  9556.13965  3.48706025E-12
  9558.87988  3.54851088E-12
  9561.62012  3.58760829E-12
  9564.36035  3.54446485E-12
  9567.09961  3.5274123E-12
  9569.83984  3.55312047E-12
  9572.58008  3.54688349E-12
  9575.32031  3.52567259E-12
  9578.05957  3.51483317E-12
  9580.7998  3.50197388E-12
  9583.54004  3.46921016E-12
  9586.28027  3.45509537E-12
  9589.02051  3.47974752E-12
  9591.75977  3.49607648E-12
  9594.5  3.50829435E-12
  9597.24023  3.52029278E-12
  9599.98047  3.52499865E-12
  9602.71973  3.48227068E-12
  9605.45996  3.4639687E-12
  9608.2002  3.53802686E-12
  9610.94043  3.59793922E-12
  9613.67969  3.64207926E-12
  9616.41992  3.64700284E-12
  9619.16016  3.62195256E-12
  9621.90039  3.59995128E-12
  9624.63965  3.58145132E-12
  9627.37988  3.58774295E-12
  9630.12012  3.58640635E-12
  9632.86035  3.56550813E-12
  9635.59961  3.53828598E-12
  9638.33984  3.50281262E-12
  9641.08008  3.46954041E-12
  9643.82031  3.44129824E-12
  9646.55957  3.43948958E-12
  9649.2998  3.4517814E-12
  9652.04004  3.48045052E-12
  9654.78027  3.49676104E-12
  9657.52051  3.50026865E-12
  9660.25977  3.47217155E-12
  9663.  3.42035081E-12
  9665.74023  3.44750097E-12
  9668.48047  3.48945113E-12
  9671.21973  3.46078895E-12
  9673.95996  3.44393676E-12
  9676.7002  3.47400299E-12
  9679.44043  3.49701496E-12
  9682.17969  3.51590306E-12
  9684.91992  3.53120571E-12
  9687.66016  3.53237296E-12
  9690.40039  3.43815146E-12
  9693.13965  3.36788583E-12
  9695.87988  3.45425923E-12
  9698.62012  3.51098252E-12
  9701.36035  3.50695731E-12
  9704.09961  3.48709039E-12
  9706.83984  3.44702088E-12
  9709.58008  3.4244968E-12
  9712.32031  3.41404184E-12
  9715.05957  3.43065463E-12
  9717.7998  3.44598287E-12
  9720.54004  3.44382574E-12
  9723.28027  3.4472954E-12
  9726.02051  3.46222595E-12
  9728.75977  3.4361858E-12
  9731.5  3.39250091E-12
  9734.24023  3.40311178E-12
  9736.98047  3.42546174E-12
  9739.71973  3.43627253E-12
  9742.45996  3.43631438E-12
  9745.2002  3.41587522E-12
  9747.94043  3.41541032E-12
  9750.67969  3.42958539E-12
  9753.41992  3.41375843E-12
  9756.16016  3.39491846E-12
  9758.90039  3.42581475E-12
  9761.63965  3.44316654E-12
  9764.37988  3.40468495E-12
  9767.12012  3.3810062E-12
  9769.86035  3.36639028E-12
  9772.59961  3.40710359E-12
  9775.33984  3.47839899E-12
  9778.08008  3.47678743E-12
  9780.82031  3.45689775E-12
  9783.55957  3.45472934E-12
  9786.2998  3.45022903E-12
  9789.04004  3.42896718E-12
  9791.78027  3.45233542E-12
  9794.52051  3.51737172E-12
  9797.25977  3.50339744E-12
  9800.  3.45763609E-12
  9802.74023  3.42826483E-12
  9805.48047  3.40744056E-12
  9808.21973  3.40957579E-12
  9810.95996  3.38882243E-12
  9813.7002  3.31739237E-12
  9816.44043  3.35132378E-12
  9819.17969  3.4434055E-12
  9821.91992  3.4604832E-12
  9824.66016  3.44508862E-12
  9827.40039  3.38556592E-12
  9830.13965  3.36444891E-12
  9832.87988  3.42952554E-12
  9835.62012  3.47056216E-12
  9838.36035  3.50111758E-12
  9841.09961  3.45047103E-12
  9843.83984  3.37553553E-12
  9846.58008  3.41955869E-12
  9849.32031  3.47545734E-12
  9852.05957  3.49202937E-12
  9854.7998  3.49253287E-12
  9857.54004  3.46886755E-12
  9860.28027  3.46311738E-12
  9863.02051  3.46546771E-12
  9865.75977  3.46820771E-12
  9868.5  3.46426685E-12
  9871.24023  3.43045904E-12
  9873.98047  3.40515029E-12
  9876.71973  3.41003506E-12
  9879.45996  3.39412092E-12
  9882.2002  3.35535766E-12
  9884.94043  3.36694865E-12
  9887.67969  3.3903453E-12
  9890.41992  3.31651959E-12
  9893.16016  3.26232379E-12
  9895.90039  3.32631015E-12
  9898.63965  3.3816823E-12
  9901.37988  3.42505429E-12
  9904.12012  3.42099938E-12
  9906.86035  3.38156825E-12
  9909.59961  3.38822546E-12
  9912.33984  3.40196903E-12
  9915.08008  3.37967935E-12
  9917.82031  3.36812631E-12
  9920.55957  3.39099452E-12
  9923.2998  3.4036233E-12
  9926.04004  3.40857399E-12
  9928.78027  3.3991629E-12
  9931.52051  3.38133102E-12
  9934.25977  3.37407923E-12
  9937.  3.36718414E-12
  9939.74023  3.35013332E-12
  9942.48047  3.34666019E-12
  9945.21973  3.3665373E-12
  9947.95996  3.37896204E-12
  9950.7002  3.38862857E-12
  9953.44043  3.37589093E-12
  9956.17969  3.35714291E-12
  9958.91992  3.36380381E-12
  9961.66016  3.35873408E-12
  9964.40039  3.30981358E-12
  9967.13965  3.30101918E-12
  9969.87988  3.34173379E-12
  9972.62012  3.34619572E-12
  9975.36035  3.33663869E-12
  9978.09961  3.33226177E-12
  9980.83984  3.33573794E-12
  9983.58008  3.35510721E-12
  9986.32031  3.38829355E-12
  9989.05957  3.4538043E-12
  9991.7998  3.46416862E-12
  9994.54004  3.43178892E-12
  9997.28027  3.41969617E-12
  10000.0205  3.40930712E-12
  10002.7598  3.39654823E-12
  10005.5  3.368197E-12
  10008.2402  3.30826902E-12
  10010.9805  3.25124671E-12
  10013.7197  3.18704698E-12
  10016.46  3.18435599E-12
  10019.2002  3.21948067E-12
  10021.9404  3.23626759E-12
  10024.6797  3.25333315E-12
  10027.4199  3.28719365E-12
  10030.1602  3.29231412E-12
  10032.9004  3.23099468E-12
  10035.6396  3.23435137E-12
  10038.3799  3.2891116E-12
  10041.1201  3.32904689E-12
  10043.8604  3.35908688E-12
  10046.5996  3.3455157E-12
  10049.3398  3.32218216E-12
  10052.0801  3.30411002E-12
  10054.8203  3.28825096E-12
  10057.5596  3.27143998E-12
  10060.2998  3.27386989E-12
  10063.04  3.28841446E-12
  10065.7803  3.28939914E-12
  10068.5205  3.28769108E-12
  10071.2598  3.28822494E-12
  10074.  3.29239999E-12
  10076.7402  3.30117986E-12
  10079.4805  3.31322339E-12
  10082.2197  3.32756457E-12
  10084.96  3.37274869E-12
  10087.7002  3.41693297E-12
  10090.4404  3.36348484E-12
  10093.1797  3.30257458E-12
  10095.9199  3.2869998E-12
  10098.6602  3.27457701E-12
  10101.4004  3.27171948E-12
  10104.1396  3.22653492E-12
  10106.8799  3.16194683E-12
  10109.6201  3.27297152E-12
  10112.3604  3.38261862E-12
  10115.0996  3.23077112E-12
  10117.8398  3.11737333E-12
  10120.5801  3.14755188E-12
  10123.3203  3.18326702E-12
  10126.0596  3.24162854E-12
  10128.7998  3.20698437E-12
  10131.54  3.13886027E-12
  10134.2803  3.17336652E-12
  10137.0205  3.20671766E-12
  10139.7598  3.16865306E-12
  10142.5  3.13810176E-12
  10145.2402  3.11893046E-12
  10147.9805  3.11925962E-12
  10150.7197  3.1362237E-12
  10153.46  3.18040689E-12
  10156.2002  3.21296115E-12
  10158.9404  3.14023265E-12
  10161.6797  3.09332768E-12
  10164.4199  3.13281822E-12
  10167.1602  3.17101705E-12
  10169.9004  3.21774725E-12
  10172.6396  3.21379403E-12
  10175.3799  3.18488031E-12
  10178.1201  3.17981405E-12
  10180.8604  3.18622971E-12
  10183.5996  3.21574082E-12
  10186.3398  3.22556044E-12
  10189.0801  3.56078643E-12
  10191.8203  2.4003295E-12
  10194.5596  1.12210154E-13
  10197.2998 -2.80727834E-13
  10200.04  0.
  10202.7803  0.
  10205.5205  0.
