#*HD132475
#*
#*  Heap-Lindler STIS
#set .z.units = "Ergs/s/cm**2/A"
#set .z.label = "Flux"
#set .table.bandwidth = 2.74
#*
  2950.  0.447951645
  2952.73999  0.482423753
  2955.47998  0.484663516
  2958.21997  0.501853287
  2960.95996  0.50069344
  2963.69995  0.503143549
  2966.43994  0.426176637
  2969.17993  0.427602351
  2971.91992  0.454475015
  2974.65991  0.49751097
  2977.3999  0.527772248
  2980.13989  0.494191378
  2982.87988  0.444464475
  2985.62012  0.412397325
  2988.36011  0.46061939
  2991.1001  0.524299681
  2993.84009  0.505672276
  2996.58008  0.503809631
  2999.32007  0.481447935
  3002.06006  0.453194648
  3004.80005  0.488705873
  3007.54004  0.497835279
  3010.28003  0.513582468
  3013.02002  0.51515466
  3015.76001  0.492813259
  3018.5  0.459809572
  3021.23999  0.447326988
  3023.97998  0.523975849
  3026.71997  0.530602336
  3029.45996  0.539358199
  3032.19995  0.533444285
  3034.93994  0.543409884
  3037.67993  0.532278299
  3040.41992  0.533757091
  3043.15991  0.522959948
  3045.8999  0.536072373
  3048.63989  0.541998684
  3051.37988  0.54924196
  3054.12012  0.536685586
  3056.86011  0.501447737
  3059.6001  0.479828179
  3062.34009  0.486946076
  3065.08008  0.451163948
  3067.82007  0.468528926
  3070.56006  0.491319269
  3073.30005  0.501660168
  3076.04004  0.50588119
  3078.78003  0.499970853
  3081.52002  0.519688487
  3084.26001  0.52001071
  3087.  0.493310273
  3089.73999  0.449414194
  3092.47998  0.441427976
  3095.21997  0.448585749
  3097.95996  0.445629537
  3100.69995  0.450269938
  3103.43994  0.50496304
  3106.17993  0.53293252
  3108.91992  0.553750336
  3111.65991  0.553193212
  3114.3999  0.544788957
  3117.13989  0.512783706
  3119.87988  0.493945777
  3122.62012  0.49603799
  3125.36011  0.488390863
  3128.1001  0.477439284
  3130.84009  0.493317902
  3133.58008  0.517543614
  3136.32007  0.530132115
  3139.06006  0.540906191
  3141.80005  0.498030275
  3144.54004  0.453192025
  3147.28003  0.502422571
  3150.02002  0.537583649
  3152.76001  0.527128994
  3155.5  0.494145125
  3158.23999  0.447816759
  3160.97998  0.478275716
  3163.71997  0.506445825
  3166.45996  0.51666069
  3169.19995  0.545877516
  3171.93994  0.576684177
  3174.67993  0.574752986
  3177.41992  0.534576058
  3180.15991  0.484811813
  3182.8999  0.484253705
  3185.63989  0.521874666
  3188.37988  0.531986713
  3191.12012  0.504326165
  3193.86011  0.506659091
  3196.6001  0.53636086
  3199.34009  0.562621713
  3202.08008  0.580447316
  3204.82007  0.597465634
  3207.56006  0.580997348
  3210.30005  0.529905438
  3213.04004  0.51844877
  3215.78003  0.539457023
  3218.52002  0.573401213
  3221.26001  0.565728247
  3224.  0.562253296
  3226.73999  0.525956869
  3229.47998  0.513244867
  3232.21997  0.524700522
  3234.95996  0.519942999
  3237.69995  0.544546664
  3240.43994  0.576544106
  3243.17993  0.587122321
  3245.91992  0.585127354
  3248.65991  0.564277112
  3251.3999  0.569717407
  3254.13989  0.603644192
  3256.87988  0.630236387
  3259.62012  0.638343751
  3262.36011  0.629110992
  3265.1001  0.624879897
  3267.84009  0.633782923
  3270.58008  0.628827691
  3273.32007  0.623288691
  3276.06006  0.606315494
  3278.80005  0.605512679
  3281.54004  0.622175157
  3284.28003  0.619627714
  3287.02002  0.607307434
  3289.76001  0.646687329
  3292.5  0.673670888
  3295.23999  0.675493956
  3297.97998  0.68062079
  3300.71997  0.669757962
  3303.45996  0.648007035
  3306.19995  0.631572425
  3308.93994  0.641899467
  3311.67993  0.661530912
  3314.41992  0.646150231
  3317.15991  0.64706713
  3319.8999  0.634717941
  3322.63989  0.624299169
  3325.37988  0.633667469
  3328.12012  0.627388
  3330.86011  0.635163009
  3333.6001  0.636259258
  3336.34009  0.620558858
  3339.08008  0.61448741
  3341.82007  0.623199403
  3344.56006  0.644046724
  3347.30005  0.61556673
  3350.04004  0.621208787
  3352.78003  0.643859506
  3355.52002  0.653550506
  3358.26001  0.621260166
  3361.  0.585277557
  3363.73999  0.627866864
  3366.47998  0.628739715
  3369.21997  0.59956181
  3371.95996  0.58796531
  3374.69995  0.625813961
  3377.43994  0.637205899
  3380.17993  0.60792625
  3382.91992  0.621614456
  3385.65991  0.645045221
  3388.3999  0.650652587
  3391.13989  0.638790071
  3393.87988  0.638057828
  3396.62012  0.670871317
  3399.36011  0.693956017
  3402.1001  0.666376591
  3404.84009  0.643730998
  3407.58008  0.638592184
  3410.32007  0.6428985
  3413.06006  0.630720198
  3415.80005  0.640945017
  3418.54004  0.669992983
  3421.28003  0.667196572
  3424.02002  0.651737452
  3426.76001  0.666782558
  3429.5  0.685234904
  3432.23999  0.681304693
  3434.97998  0.694570065
  3437.71997  0.657624364
  3440.45996  0.605533183
  3443.19995  0.598798156
  3445.93994  0.643783212
  3448.67993  0.664463162
  3451.41992  0.663627923
  3454.15991  0.671417713
  3456.8999  0.663820624
  3459.63989  0.648607016
  3462.37988  0.65785265
  3465.12012  0.66347754
  3467.86011  0.677547157
  3470.6001  0.672880888
  3473.34009  0.641909242
  3476.08008  0.628378451
  3478.82007  0.659750283
  3481.56006  0.675797582
  3484.30005  0.674633503
  3487.04004  0.677575886
  3489.78003  0.652441978
  3492.52002  0.647764504
  3495.26001  0.632954061
  3498.  0.675588489
  3500.73999  0.704358816
  3503.47998  0.684324086
  3506.21997  0.675161958
  3508.95996  0.671070218
  3511.69995  0.653340757
  3514.43994  0.654534221
  3517.17993  0.673906863
  3519.91992  0.665677249
  3522.65991  0.633284271
  3525.3999  0.611195385
  3528.13989  0.648867905
  3530.87988  0.682841778
  3533.62012  0.694196999
  3536.36011  0.703323841
  3539.1001  0.713280439
  3541.84009  0.715515137
  3544.58008  0.719648838
  3547.32007  0.720879674
  3550.06006  0.724618256
  3552.80005  0.707037747
  3555.54004  0.700859249
  3558.28003  0.70256114
  3561.02002  0.704303622
  3563.76001  0.682611287
  3566.5  0.650706649
  3569.23999  0.626301765
  3571.97998  0.631973267
  3574.71997  0.645428121
  3577.45996  0.661331415
  3580.19995  0.641565144
  3582.93994  0.63354075
  3585.67993  0.610602856
  3588.41992  0.614565969
  3591.15991  0.667857587
  3593.8999  0.698986351
  3596.63989  0.71084106
  3599.37988  0.713121533
  3602.12012  0.697523117
  3604.86011  0.680190384
  3607.6001  0.665290058
  3610.34009  0.663363457
  3613.08008  0.670493782
  3615.82007  0.680727899
  3618.56006  0.663015842
  3621.30005  0.678107977
  3624.04004  0.703297317
  3626.78003  0.725201428
  3629.52002  0.699314952
  3632.26001  0.66172421
  3635.  0.679776967
  3637.73999  0.711344421
  3640.47998  0.727170944
  3643.21997  0.699196935
  3645.95996  0.677924037
  3648.69995  0.686954081
  3651.43994  0.70363456
  3654.17993  0.733539283
  3656.91992  0.75224185
  3659.65991  0.746562541
  3662.3999  0.747818828
  3665.13989  0.742446482
  3667.87988  0.732460856
  3670.62012  0.737387061
  3673.36011  0.73870939
  3676.1001  0.740783393
  3678.84009  0.722438574
  3681.58008  0.711169481
  3684.32007  0.705019474
  3687.06006  0.705539823
  3689.80005  0.729250729
  3692.54004  0.749211252
  3695.28003  0.751239479
  3698.02002  0.766178668
  3700.76001  0.771632731
  3703.5  0.720296443
  3706.23999  0.691955805
  3708.97998  0.706758022
  3711.71997  0.726037562
  3714.45996  0.771312118
  3717.19995  0.781508029
  3719.93994  0.706462562
  3722.67993  0.689232528
  3725.41992  0.766129673
  3728.15991  0.795205414
  3730.8999  0.747534811
  3733.63989  0.655023932
  3736.37988  0.649739087
  3739.12012  0.755403638
  3741.86011  0.805217445
  3744.6001  0.76174444
  3747.34009  0.67532742
  3750.08008  0.646828949
  3752.82007  0.742001832
  3755.56006  0.829121053
  3758.30005  0.818671107
  3761.04004  0.815641701
  3763.78003  0.83389467
  3766.52002  0.803865552
  3769.26001  0.723002195
  3772.  0.740135074
  3774.73999  0.827207446
  3777.47998  0.889180005
  3780.21997  0.939192891
  3782.95996  0.949638128
  3785.69995  0.914065421
  3788.43994  0.885251939
  3791.17993  0.871183634
  3793.91992  0.812578321
  3796.65991  0.711807489
  3799.3999  0.722046077
  3802.13989  0.841898859
  3804.87988  0.909061134
  3807.62012  0.931120753
  3810.36011  0.942571342
  3813.1001  0.909559965
  3815.84009  0.888785541
  3818.58008  0.888417542
  3821.32007  0.877933919
  3824.06006  0.852312744
  3826.80005  0.810760617
  3829.54004  0.769075155
  3832.28003  0.684392989
  3835.02002  0.613212943
  3837.76001  0.647680402
  3840.5  0.761639297
  3843.23999  0.866495907
  3845.97998  0.921243548
  3848.71997  0.941997111
  3851.45996  0.959380269
  3854.19995  0.964225888
  3856.93994  0.928533852
  3859.67993  0.913892686
  3862.41992  0.952562332
  3865.15991  0.976278186
  3867.8999  0.975883961
  3870.63989  0.939865768
  3873.37988  0.900369644
  3876.12012  0.896932304
  3878.86011  0.89805609
  3881.6001  0.898056686
  3884.34009  0.834480941
  3887.08008  0.716880023
  3889.82007  0.694380283
  3892.56006  0.77755183
  3895.30005  0.844143927
  3898.04004  0.873863995
  3900.78003  0.884091079
  3903.52002  0.874901831
  3906.26001  0.883469641
  3909.  0.928364336
  3911.73999  0.9458161
  3914.47998  0.937246144
  3917.21997  0.913251698
  3919.95996  0.893185973
  3922.69995  0.888952494
  3925.43994  0.8470245
  3928.17993  0.700664699
  3930.91992  0.471746653
  3933.65991  0.334503263
  3936.3999  0.459554404
  3939.13989  0.695900202
  3941.87988  0.828440607
  3944.62012  0.876427114
  3947.36011  0.903649032
  3950.1001  0.916244268
  3952.84009  0.919666409
  3955.58008  0.915044963
  3958.32007  0.901318192
  3961.06006  0.843124628
  3963.80005  0.702264965
  3966.54004  0.487615019
  3969.28003  0.397652835
  3972.02002  0.573661685
  3974.76001  0.747199774
  3977.5  0.849700034
  3980.23999  0.945117593
  3982.97998  0.952629328
  3985.71997  0.969204664
  3988.45996  0.990530014
  3991.19995  1.00526536
  3993.93994  1.00756311
  3996.67993  0.986231089
  3999.41992  0.996265769
  4002.15991  1.01273417
  4004.8999  1.00067568
  4007.63989  1.00493705
  4010.37988  1.02941084
  4013.12012  1.0293051
  4015.86011  1.02534568
  4018.6001  1.0336324
  4021.34009  1.03680921
  4024.08008  1.03122365
  4026.82007  1.02848494
  4029.56006  1.01213586
  4032.30005  0.990861356
  4035.04004  1.01046371
  4037.78003  1.04218209
  4040.52002  1.04111445
  4043.26001  1.01209235
  4046.  0.997574329
  4048.73999  1.026932
  4051.47998  1.04335487
  4054.21997  1.03211486
  4056.95996  1.02761793
  4059.69995  1.02444112
  4062.43994  1.01146591
  4065.17993  1.00075424
  4067.91992  1.01002002
  4070.65991  1.01441443
  4073.3999  1.00457239
  4076.13989  0.9874354
  4078.87988  0.988018155
  4081.62012  1.01303482
  4084.36011  1.0164752
  4087.1001  1.02441967
  4089.84009  1.02674162
  4092.58008  1.00937366
  4095.32007  0.966674864
  4098.06006  0.880889714
  4100.7998  0.781090975
  4103.54004  0.795592368
  4106.27979  0.915044606
  4109.02002  0.973290622
  4111.75977  0.999207437
  4114.5  1.01963496
  4117.24023  1.02331853
  4119.97998  1.00947583
  4122.72021  1.02244413
  4125.45996  1.03221464
  4128.2002  1.02922213
  4130.93994  1.01635909
  4133.68018  1.00777447
  4136.41992  1.03197002
  4139.16016  1.0442214
  4141.8999  1.02959263
  4144.64014  1.01902366
  4147.37988  1.02973056
  4150.12012  1.0216831
  4152.85986  1.01384473
  4155.6001  1.0129689
  4158.33984  1.02835858
  4161.08008  1.03778768
  4163.81982  1.04176402
  4166.56006  1.04157257
  4169.2998  1.02035844
  4172.04004  0.997595727
  4174.77979  0.986492455
  4177.52002  1.00377691
  4180.25977  1.01246631
  4183.  1.01170981
  4185.74023  1.01072085
  4188.47998  1.0016818
  4191.22021  1.02068985
  4193.95996  1.02461851
  4196.7002  1.01088643
  4199.43994  0.993598342
  4202.18018  0.999720514
  4204.91992  1.01086843
  4207.66016  1.02183783
  4210.3999  1.02694845
  4213.14014  1.01192296
  4215.87988  0.991596043
  4218.62012  1.00112653
  4221.35986  1.01308894
  4224.1001  0.973458529
  4226.83984  0.942144811
  4229.58008  0.987539172
  4232.31982  1.00651562
  4235.06006  0.988383174
  4237.7998  0.992780685
  4240.54004  1.00697446
  4243.27979  1.00771034
  4246.02002  0.994123936
  4248.75977  0.974614918
  4251.5  0.989358425
  4254.24023  1.0064975
  4256.97998  1.00380623
  4259.72021  0.995858431
  4262.45996  1.00450027
  4265.2002  1.01774311
  4267.93994  0.999945879
  4270.68018  0.974523425
  4273.41992  0.963367641
  4276.16016  0.981806219
  4278.8999  0.997607827
  4281.64014  0.985926747
  4284.37988  0.971890032
  4287.12012  0.952693045
  4289.85986  0.928984046
  4292.6001  0.936377704
  4295.33984  0.929541886
  4298.08008  0.878412902
  4300.81982  0.832662165
  4303.56006  0.837284744
  4306.2998  0.840741515
  4309.04004  0.834561944
  4311.77979  0.869006813
  4314.52002  0.93777734
  4317.25977  0.997975469
  4320.  1.00165868
  4322.74023  0.967700243
  4325.47998  0.944424808
  4328.22021  0.97544986
  4330.95996  0.996316075
  4333.7002  0.972999215
  4336.43994  0.88939321
  4339.18018  0.779208958
  4341.91992  0.783060431
  4344.66016  0.904498994
  4347.3999  0.97094655
  4350.14014  0.978143156
  4352.87988  0.971439421
  4355.62012  0.999563515
  4358.35986  1.01238346
  4361.1001  1.01931775
  4363.83984  1.03157389
  4366.58008  1.01704788
  4369.31982  1.00338686
  4372.06006  1.00302565
  4374.7998  0.990399241
  4377.54004  1.01638198
  4380.27979  1.01374161
  4383.02002  0.978905976
  4385.75977  0.98004514
  4388.5  1.01091278
  4391.24023  1.01288891
  4393.97998  1.01019287
  4396.72021  1.00801599
  4399.45996  1.0085572
  4402.2002  0.998396039
  4404.93994  1.00225055
  4407.68018  1.00810182
  4410.41992  1.04047823
  4413.16016  1.03411365
  4415.8999  1.00702453
  4418.64014  1.00722432
  4421.37988  1.04316294
  4424.12012  1.02803874
  4426.85986  1.02485394
  4429.6001  1.04465652
  4432.33984  1.06085396
  4435.08008  1.02317286
  4437.81982  1.04305351
  4440.56006  1.03361332
  4443.2998  1.00805962
  4446.04004  1.02720976
  4448.77979  1.03359485
  4451.52002  1.02911305
  4454.25977  1.0096488
  4457.  1.01631987
  4459.74023  1.02280009
  4462.47998  1.02373266
  4465.22021  1.02712429
  4467.95996  1.01642954
  4470.7002  1.02792692
  4473.43994  1.0402739
  4476.18018  1.04474962
  4478.91992  1.03705299
  4481.66016  1.01811862
  4484.3999  1.0385977
  4487.14014  1.04280818
  4489.87988  1.02891362
  4492.62012  1.03060317
  4495.35986  1.02849543
  4498.1001  1.03823519
  4500.83984  1.03694296
  4503.58008  1.04948187
  4506.31982  1.0552485
  4509.06006  1.0395807
  4511.7998  1.05063534
  4514.54004  1.04236054
  4517.27979  1.03583944
  4520.02002  1.03145409
  4522.75977  1.0194577
  4525.5  1.01769137
  4528.24023  1.002321
  4530.97998  1.00347853
  4533.72021  1.00616956
  4536.45996  1.00771379
  4539.2002  1.04007876
  4541.93994  1.03659892
  4544.68018  1.02780962
  4547.41992  1.01103199
  4550.16016  0.995396495
  4552.8999  1.00694585
  4555.64014  1.00414073
  4558.37988  1.03499246
  4561.12012  1.03546953
  4563.85986  1.02248466
  4566.6001  1.03872263
  4569.33984  1.03103173
  4572.08008  1.02453315
  4574.81982  1.03913486
  4577.56006  1.041713
  4580.2998  1.02673233
  4583.04004  1.02018487
  4585.77979  1.02773619
  4588.52002  1.02846384
  4591.25977  1.03114951
  4594.  1.03067946
  4596.74023  1.02914977
  4599.47998  1.03527045
  4602.22021  1.02839994
  4604.95996  1.03377438
  4607.7002  1.04387903
  4610.43994  1.04294562
  4613.18018  1.03991032
  4615.91992  1.04024756
  4618.66016  1.03685677
  4621.3999  1.04387534
  4624.14014  1.03993917
  4626.87988  1.03528297
  4629.62012  1.03619504
  4632.35986  1.03447437
  4635.1001  1.03252017
  4637.83984  1.03708279
  4640.58008  1.04025686
  4643.31982  1.04187179
  4646.06006  1.02679908
  4648.7998  1.02515638
  4651.54004  1.03403294
  4654.27979  1.02379823
  4657.02002  1.03431153
  4659.75977  1.04300368
  4662.5  1.03889358
  4665.24023  1.03082168
  4667.97998  1.02362108
  4670.72021  1.02871001
  4673.45996  1.03539765
  4676.2002  1.02938509
  4678.93994  1.02944148
  4681.68018  1.03308523
  4684.41992  1.03886449
  4687.16016  1.04067206
  4689.8999  1.03017008
  4692.64014  1.0292021
  4695.37988  1.03000712
  4698.12012  1.03011012
  4700.85986  1.01760113
  4703.6001  1.01051879
  4706.33984  1.01506376
  4709.08008  1.01740205
  4711.81982  1.02811635
  4714.56006  1.02258039
  4717.2998  1.03510678
  4720.04004  1.02620482
  4722.77979  1.03370869
  4725.52002  1.03869796
  4728.25977  1.03054559
  4731.  1.03144157
  4733.74023  1.02999449
  4736.47998  1.02929151
  4739.22021  1.04130876
  4741.95996  1.03231359
  4744.7002  1.02533972
  4747.43994  1.03307736
  4750.18018  1.02784061
  4752.91992  1.02895319
  4755.66016  1.02360165
  4758.3999  1.02274334
  4761.14014  1.01359105
  4763.87988  1.00691307
  4766.62012  1.01885867
  4769.35986  1.02066648
  4772.1001  1.01364255
  4774.83984  1.02525854
  4777.58008  1.02538192
  4780.31982  1.0200367
  4783.06006  1.0135963
  4785.7998  1.01403618
  4788.54004  1.014256
  4791.27979  1.01337147
  4794.02002  1.02439225
  4796.75977  1.02022755
  4799.5  1.02861512
  4802.24023  1.01991093
  4804.97998  1.00914228
  4807.72021  1.0166049
  4810.45996  1.01793778
  4813.2002  1.01928091
  4815.93994  1.02398884
  4818.68018  1.02086699
  4821.41992  1.01224327
  4824.16016  1.00957716
  4826.8999  1.02328598
  4829.64014  1.01471686
  4832.37988  1.01599014
  4835.12012  1.00362289
  4837.85986  0.999647856
  4840.6001  1.00580049
  4843.33984  1.0066129
  4846.08008  1.00159073
  4848.81982  0.99101913
  4851.56006  0.981206417
  4854.2998  0.950167298
  4857.04004  0.896462023
  4859.77979  0.773910344
  4862.52002  0.772860944
  4865.25977  0.878671527
  4868.  0.932915866
  4870.74023  0.949617267
  4873.47998  0.969889164
  4876.22021  0.976965547
  4878.95996  0.983523548
  4881.7002  0.995701671
  4884.43994  0.988556921
  4887.18018  0.999505162
  4889.91992  0.980231106
  4892.66016  0.983820379
  4895.3999  1.00340509
  4898.14014  1.00637364
  4900.87988  1.00423157
  4903.62012  0.998054266
  4906.35986  1.00783265
  4909.1001  0.999188662
  4911.83984  1.00225663
  4914.58008  1.0015651
  4917.31982  0.994396389
  4920.06006  0.968360066
  4922.7998  0.973884583
  4925.54004  0.989932239
  4928.27979  1.00089419
  4931.02002  0.99837631
  4933.75977  0.979391038
  4936.5  0.985480607
  4939.24023  0.983225167
  4941.97998  1.0077033
  4944.72021  1.00440037
  4947.45996  1.00208318
  4950.2002  1.01238799
  4952.93994  1.00093818
  4955.68018  0.980930269
  4958.41992  0.969694138
  4961.16016  0.993946671
  4963.8999  0.993194282
  4966.64014  1.00433898
  4969.37988  1.00164628
  4972.12012  1.0012759
  4974.85986  0.996648312
  4977.6001  0.994803607
  4980.33984  0.980628788
  4983.08008  0.962327302
  4985.81982  0.975269496
  4988.56006  0.981186688
  4991.2998  0.983303189
  4994.04004  0.983045518
  4996.77979  0.986591995
  4999.52002  0.977281392
  5002.25977  0.976470709
  5005.  0.961995959
  5007.74023  0.963361204
  5010.47998  0.964690745
  5013.22021  0.977560103
  5015.95996  0.963348091
  5018.7002  0.960222185
  5021.43994  0.970251501
  5024.18018  0.980921149
  5026.91992  0.984325707
  5029.66016  0.9825477
  5032.3999  0.982778549
  5035.14014  0.976226747
  5037.87988  0.97165972
  5040.62012  0.955842912
  5043.35986  0.961307049
  5046.1001  0.977795541
  5048.83984  0.974050581
  5051.58008  0.965730131
  5054.31982  0.982222974
  5057.06006  0.989120245
  5059.7998  0.986801565
  5062.54004  0.982392192
  5065.27979  0.978829443
  5068.02002  0.977064371
  5070.75977  0.977225721
  5073.5  0.975273728
  5076.24023  0.973436832
  5078.97998  0.958104968
  5081.72021  0.955927491
  5084.45996  0.97029686
  5087.2002  0.973706603
  5089.93994  0.97853893
  5092.68018  0.984683812
  5095.41992  0.982792139
  5098.16016  0.961863697
  5100.8999  0.965663254
  5103.64014  0.975341678
  5106.37988  0.964151442
  5109.12012  0.954742074
  5111.85986  0.962502241
  5114.6001  0.972566366
  5117.33984  0.979390502
  5120.08008  0.977699637
  5122.81982  0.966130555
  5125.56006  0.961010456
  5128.2998  0.957413673
  5131.04004  0.965644479
  5133.77979  0.956287861
  5136.52002  0.953172505
  5139.25977  0.943404615
  5142.  0.942779481
  5144.74023  0.960311234
  5147.47998  0.966649055
  5150.22021  0.960201383
  5152.95996  0.958485305
  5155.7002  0.959605515
  5158.43994  0.96805805
  5161.18018  0.968331337
  5163.91992  0.947909772
  5166.66016  0.899394333
  5169.3999  0.882201552
  5172.14014  0.879313946
  5174.87988  0.916260123
  5177.62012  0.953757405
  5180.35986  0.948439538
  5183.1001  0.895434976
  5185.83984  0.901191056
  5188.58008  0.931687355
  5191.31982  0.932325363
  5194.06006  0.935547888
  5196.7998  0.946848929
  5199.54004  0.950549841
  5202.27979  0.947029769
  5205.02002  0.928869009
  5207.75977  0.923703015
  5210.5  0.939130247
  5213.24023  0.957567394
  5215.97998  0.948966146
  5218.72021  0.956353307
  5221.45996  0.960900903
  5224.2002  0.951375484
  5226.93994  0.924594879
  5229.68018  0.93524915
  5232.41992  0.938194811
  5235.16016  0.94229579
  5237.8999  0.956216395
  5240.64014  0.960556805
  5243.37988  0.961627185
  5246.12012  0.958797693
  5248.85986  0.953789949
  5251.6001  0.950340569
  5254.33984  0.95637989
  5257.08008  0.963435292
  5259.81982  0.951711357
  5262.56006  0.931278944
  5265.2998  0.906980932
  5268.04004  0.907558143
  5270.77979  0.913875937
  5273.52002  0.930484772
  5276.25977  0.945227802
  5279.  0.951589584
  5281.74023  0.940298498
  5284.47998  0.948805988
  5287.22021  0.959197462
  5289.95996  0.962128878
  5292.7002  0.961685777
  5295.43994  0.959062576
  5298.18018  0.947914779
  5300.91992  0.944920838
  5303.66016  0.949791968
  5306.3999  0.954008102
  5309.14014  0.96036756
  5311.87988  0.953534245
  5314.62012  0.941601396
  5317.35986  0.942978561
  5320.1001  0.953585863
  5322.83984  0.941684544
  5325.58008  0.928396165
  5328.31982  0.913386881
  5331.06006  0.929986358
  5333.7998  0.946222067
  5336.54004  0.939615607
  5339.27979  0.932214439
  5342.02002  0.9345119
  5344.75977  0.938328266
  5347.5  0.937095702
  5350.24023  0.93787092
  5352.97998  0.941454291
  5355.72021  0.943914294
  5358.45996  0.946962118
  5361.2002  0.946158886
  5363.93994  0.93021214
  5366.68018  0.926981091
  5369.41992  0.925733685
  5372.16016  0.925358713
  5374.8999  0.93570745
  5377.64014  0.941907287
  5380.37988  0.937016308
  5383.12012  0.932463408
  5385.85986  0.934683323
  5388.6001  0.938030541
  5391.33984  0.933192968
  5394.08008  0.925038695
  5396.81982  0.907046437
  5399.56006  0.918173671
  5402.2998  0.922996461
  5405.04004  0.908457518
  5407.77979  0.915731132
  5410.52002  0.922112584
  5413.25977  0.925733685
  5416.  0.92963326
  5418.74023  0.927491784
  5421.47998  0.926292121
  5424.22021  0.92672503
  5426.95996  0.921929002
  5429.7002  0.917082667
  5432.43994  0.919038177
  5435.18018  0.921334445
  5437.91992  0.923157036
  5440.66016  0.919483602
  5443.3999  0.919176817
  5446.14014  0.918071508
  5448.87988  0.921659291
  5451.62012  0.926816583
  5454.35986  0.9144575
  5457.1001  0.915358424
  5459.83984  0.925801992
  5462.58008  0.92488724
  5465.31982  0.927751362
  5468.06006  0.930743515
  5470.7998  0.932435453
  5473.54004  0.927312493
  5476.27979  0.916707218
  5479.02002  0.921645999
  5481.75977  0.926287234
  5484.5  0.928317428
  5487.24023  0.92760402
  5489.97998  0.926667392
  5492.72021  0.929857135
  5495.45996  0.925950944
  5498.2002  0.918400466
  5500.93994  0.920551896
  5503.68018  0.920541525
  5506.41992  0.914454997
  5509.16016  0.912978709
  5511.8999  0.914260268
  5514.64014  0.915035903
  5517.37988  0.918477356
  5520.12012  0.920394838
  5522.85986  0.91793716
  5525.6001  0.912156641
  5528.33984  0.90809387
  5531.08008  0.913820624
  5533.81982  0.919149816
  5536.56006  0.922812402
  5539.2998  0.921865702
  5542.04004  0.93001157
  5544.77979  0.931533277
  5547.52002  0.922316313
  5550.25977  0.921523094
  5553.  0.921088159
  5555.74023  0.922648787
  5558.47998  0.923548937
  5561.22021  0.918333352
  5563.95996  0.915124655
  5566.7002  0.916712224
  5569.43994  0.914159536
  5572.18018  0.91058296
  5574.91992  0.909607887
  5577.66016  0.913600504
  5580.3999  0.914165854
  5583.14014  0.907895088
  5585.87988  0.89831537
  5588.62012  0.893757463
  5591.35986  0.900171638
  5594.1001  0.908723593
  5596.83984  0.907900155
  5599.58008  0.901581585
  5602.31982  0.900282085
  5605.06006  0.907211244
  5607.7998  0.913415134
  5610.54004  0.911514461
  5613.27979  0.90749979
  5616.02002  0.905011654
  5618.75977  0.911340296
  5621.5  0.917938709
  5624.24023  0.916045427
  5626.97998  0.916135073
  5629.72021  0.917605758
  5632.45996  0.907899678
  5635.2002  0.902598441
  5637.93994  0.907995522
  5640.68018  0.910282195
  5643.41992  0.913325012
  5646.16016  0.917037487
  5648.8999  0.929460526
  5651.64014  0.927934706
  5654.37988  0.89595896
  5657.12012  0.89269942
  5659.85986  0.900341332
  5662.6001  0.90115428
  5665.33984  0.900944173
  5668.08008  0.901590049
  5670.81982  0.897788405
  5673.56006  0.884829164
  5676.2998  0.88613826
  5679.04004  0.895463407
  5681.77979  0.894170046
  5684.52002  0.890924394
  5687.25977  0.891664326
  5690.  0.894760609
  5692.74023  0.904264688
  5695.47998  0.902016282
  5698.22021  0.887391388
  5700.95996  0.884650171
  5703.7002  0.886560678
  5706.43994  0.887135088
  5709.18018  0.886498809
  5711.91992  0.880372405
  5714.66016  0.881159842
  5717.3999  0.89435333
  5720.14014  0.899259567
  5722.87988  0.899762392
  5725.62012  0.897048771
  5728.35986  0.892154932
  5731.1001  0.886640668
  5733.83984  0.882348597
  5736.58008  0.880247176
  5739.31982  0.880201519
  5742.06006  0.882825613
  5744.7998  0.882143199
  5747.54004  0.880527139
  5750.27979  0.883502126
  5753.02002  0.886517406
  5755.75977  0.886237264
  5758.5  0.885274947
  5761.24023  0.882833898
  5763.97998  0.883757532
  5766.72021  0.887163222
  5769.45996  0.891698062
  5772.2002  0.895503104
  5774.93994  0.893261433
  5777.68018  0.8896119
  5780.41992  0.885130167
  5783.16016  0.88337642
  5785.8999  0.884503603
  5788.64014  0.887672424
  5791.37988  0.891609728
  5794.12012  0.885737896
  5796.85986  0.881021857
  5799.6001  0.891565084
  5802.33984  0.894537091
  5805.08008  0.880267203
  5807.81982  0.877077281
  5810.56006  0.881363511
  5813.2998  0.884154916
  5816.04004  0.886451364
  5818.77979  0.884938538
  5821.52002  0.883467615
  5824.26025  0.884202063
  5827.  0.884730339
  5829.74023  0.886422992
  5832.47998  0.879485309
  5835.22021  0.868063807
  5837.95996  0.867562473
  5840.7002  0.870969713
  5843.43994  0.875302196
  5846.18018  0.878837526
  5848.91992  0.881528854
  5851.66016  0.880332172
  5854.3999  0.875332773
  5857.14014  0.873748779
  5859.87988  0.87261641
  5862.62012  0.863788605
  5865.35986  0.86369127
  5868.1001  0.893672705
  5870.83984  0.902396202
  5873.58008  0.877884448
  5876.31982  0.874426842
  5879.06006  0.879054189
  5881.7998  0.867068887
  5884.54004  0.851280391
  5887.27979  0.839987755
  5890.02002  0.833951533
  5892.76025  0.83559376
  5895.5  0.83889401
  5898.24023  0.844704628
  5900.97998  0.84847039
  5903.72021  0.851718783
  5906.45996  0.85731703
  5909.2002  0.860105753
  5911.93994  0.853559613
  5914.68018  0.851275921
  5917.41992  0.856672883
  5920.16016  0.858185112
  5922.8999  0.857856452
  5925.64014  0.852233946
  5928.37988  0.846765816
  5931.12012  0.851084054
  5933.85986  0.85511893
  5936.6001  0.854635954
  5939.33984  0.856975555
  5942.08008  0.862619519
  5944.81982  0.862985313
  5947.56006  0.860354304
  5950.2998  0.855039895
  5953.04004  0.850591123
  5955.77979  0.850389302
  5958.52002  0.852816463
  5961.26025  0.859431744
  5964.  0.862457693
  5966.74023  0.86340183
  5969.47998  0.867316842
  5972.22021  0.868926585
  5974.95996  0.856253207
  5977.7002  0.846950829
  5980.43994  0.849830866
  5983.18018  0.853508711
  5985.91992  0.860172689
  5988.66016  0.852987766
  5991.3999  0.840016961
  5994.14014  0.84476006
  5996.87988  0.852831542
  5999.62012  0.855408549
  6002.35986  0.857094347
  6005.1001  0.859520793
  6007.83984  0.855871201
  6010.58008  0.847118914
  6013.31982  0.843974948
  6016.06006  0.844369292
  6018.7998  0.85245502
  6021.54004  0.857214928
  6024.27979  0.850554049
  6027.02002  0.845650315
  6029.76025  0.842091441
  6032.5  0.842566371
  6035.24023  0.845655382
  6037.97998  0.847629726
  6040.72021  0.847919881
  6043.45996  0.842416167
  6046.2002  0.840418339
  6048.93994  0.846438527
  6051.68018  0.848112762
  6054.41992  0.846862853
  6057.16016  0.843584239
  6059.8999  0.83986944
  6062.64014  0.842090368
  6065.37988  0.842453063
  6068.12012  0.834610939
  6070.85986  0.830295086
  6073.6001  0.830043912
  6076.33984  0.832899034
  6079.08008  0.838300765
  6081.81982  0.841902375
  6084.56006  0.842555702
  6087.2998  0.834272385
  6090.04004  0.828998804
  6092.77979  0.831384778
  6095.52002  0.833368182
  6098.26025  0.835888982
  6101.  0.834089696
  6103.74023  0.83122462
  6106.47998  0.835833371
  6109.22021  0.838639796
  6111.95996  0.832221746
  6114.7002  0.827807128
  6117.43994  0.826158881
  6120.18018  0.826543689
  6122.91992  0.828767955
  6125.66016  0.831118643
  6128.3999  0.832328379
  6131.14014  0.829270184
  6133.87988  0.824654996
  6136.62012  0.818528652
  6139.35986  0.812994778
  6142.1001  0.807226956
  6144.83984  0.809771121
  6147.58008  0.815425456
  6150.31982  0.809867024
  6153.06006  0.804811835
  6155.7998  0.809248507
  6158.54004  0.811433494
  6161.27979  0.808291972
  6164.02002  0.81036061
  6166.76025  0.815541267
  6169.5  0.818146765
  6172.24023  0.818857729
  6174.97998  0.814512312
  6177.72021  0.812291384
  6180.45996  0.816995323
  6183.2002  0.818736196
  6185.93994  0.817870855
  6188.68018  0.814213514
  6191.41992  0.809301198
  6194.16016  0.809424222
  6196.8999  0.81267184
  6199.64014  0.819953442
  6202.37988  0.826960087
  6205.12012  0.836737037
  6207.85986  0.830244958
  6210.6001  0.811034203
  6213.33984  0.815543234
  6216.08008  0.826025307
  6218.81982  0.822773874
  6221.56006  0.816155732
  6224.2998  0.806095362
  6227.04004  0.802172124
  6229.77979  0.8060323
  6232.52002  0.804072261
  6235.26025  0.800481915
  6238.  0.804163933
  6240.74023  0.808674335
  6243.47998  0.809771895
  6246.22021  0.807841063
  6248.95996  0.801440001
  6251.7002  0.795618713
  6254.43994  0.789447069
  6257.18018  0.795102775
  6259.91992  0.804555535
  6262.66016  0.80391115
  6265.3999  0.802740335
  6268.14014  0.80614233
  6270.87988  0.805522382
  6273.62012  0.798736095
  6276.35986  0.798300982
  6279.1001  0.801051915
  6281.83984  0.803085923
  6284.58008  0.804680288
  6287.31982  0.805599689
  6290.06006  0.80358988
  6292.7998  0.796099365
  6295.54004  0.791734636
  6298.27979  0.789392352
  6301.02002  0.792582691
  6303.76025  0.798383355
  6306.5  0.801875949
  6309.24023  0.802028596
  6311.97998  0.793654144
  6314.72021  0.791690767
  6317.45996  0.800290227
  6320.2002  0.800774753
  6322.93994  0.797518671
  6325.68018  0.798879266
  6328.41992  0.798774123
  6331.16016  0.788126826
  6333.8999  0.781001151
  6336.64014  0.783452153
  6339.37988  0.783998787
  6342.12012  0.783099711
  6344.85986  0.786393344
  6347.6001  0.791605115
  6350.33984  0.796065092
  6353.08008  0.79799664
  6355.81982  0.793032885
  6358.56006  0.79131937
  6361.2998  0.795407236
  6364.04004  0.797237337
  6366.77979  0.797994316
  6369.52002  0.790429413
  6372.26025  0.782470584
  6375.  0.78770107
  6377.74023  0.790665984
  6380.47998  0.78372252
  6383.22021  0.781926751
  6385.95996  0.78537631
  6388.7002  0.785420656
  6391.43994  0.784342647
  6394.18018  0.784177005
  6396.91992  0.783823848
  6399.66016  0.783474147
  6402.3999  0.780594051
  6405.14014  0.772182047
  6407.87988  0.771229506
  6410.62012  0.775287092
  6413.35986  0.776703238
  6416.1001  0.776882291
  6418.83984  0.773212612
  6421.58008  0.772200048
  6424.31982  0.780342102
  6427.06006  0.780394793
  6429.7998  0.770581305
  6432.54004  0.768342912
  6435.27979  0.769577503
  6438.02002  0.772878706
  6440.76025  0.776664138
  6443.5  0.779468238
  6446.24023  0.779801488
  6448.97998  0.77571249
  6451.72021  0.774520814
  6454.45996  0.775140464
  6457.2002  0.778405011
  6459.93994  0.781155705
  6462.68018  0.77363652
  6465.41992  0.768970907
  6468.16016  0.775494218
  6470.8999  0.780535221
  6473.64014  0.785362959
  6476.37988  0.780671775
  6479.12012  0.770709634
  6481.85986  0.770347536
  6484.6001  0.771859944
  6487.33984  0.771099806
  6490.08008  0.76789391
  6492.81982  0.75834614
  6495.56006  0.75922209
  6498.2998  0.769042909
  6501.04004  0.770323992
  6503.77979  0.769318163
  6506.52002  0.772568107
  6509.26025  0.775790751
  6512.  0.778853774
  6514.74023  0.776306629
  6517.47998  0.764780343
  6520.22021  0.761995375
  6522.95996  0.763818264
  6525.7002  0.767795742
  6528.43994  0.770849288
  6531.18018  0.766237795
  6533.91992  0.76187861
  6536.66016  0.759185195
  6539.3999  0.759502769
  6542.14014  0.763147295
  6544.87988  0.763498485
  6547.62012  0.759410441
  6550.35986  0.739310682
  6553.1001  0.716611207
  6555.83984  0.70407927
  6558.58008  0.678307652
  6561.31982  0.619705796
  6564.06006  0.619668722
  6566.7998  0.656579912
  6569.54004  0.698052645
  6572.27979  0.73823446
  6575.02002  0.752721786
  6577.76025  0.757879555
  6580.5  0.75418514
  6583.24023  0.752583981
  6585.97998  0.751709878
  6588.72021  0.757448018
  6591.45996  0.765643656
  6594.2002  0.764215946
  6596.93994  0.762675285
  6599.68018  0.768433452
  6602.41992  0.771455526
  6605.16016  0.770449579
  6607.8999  0.766963124
  6610.64014  0.761129141
  6613.37988  0.760720491
  6616.12012  0.762671888
  6618.85986  0.765166283
  6621.6001  0.767960429
  6624.33984  0.772243857
  6627.08008  0.771402419
  6629.81982  0.764790416
  6632.56006  0.759671986
  6635.2998  0.75540179
  6638.04004  0.75486511
  6640.77979  0.760833263
  6643.52002  0.786506653
  6646.26025  0.793076575
  6649.  0.762209535
  6651.74023  0.754609406
  6654.47998  0.760827959
  6657.22021  0.760029018
  6659.95996  0.758312583
  6662.7002  0.758332074
  6665.43994  0.759030104
  6668.18018  0.761344433
  6670.91992  0.760757446
  6673.66016  0.757066369
  6676.3999  0.751170933
  6679.14014  0.744368017
  6681.87988  0.746216774
  6684.62012  0.750658929
  6687.35986  0.754477203
  6690.1001  0.756078839
  6692.83984  0.753606677
  6695.58008  0.753246546
  6698.31982  0.754301131
  6701.06006  0.751075685
  6703.7998  0.747336507
  6706.54004  0.751730382
  6709.27979  0.753187418
  6712.02002  0.742724121
  6714.76025  0.737744153
  6717.5  0.739201248
  6720.24023  0.744188666
  6722.97998  0.751568258
  6725.72021  0.747193873
  6728.45996  0.740991592
  6731.2002  0.742351294
  6733.93994  0.743699074
  6736.68018  0.743650317
  6739.41992  0.742937565
  6742.16016  0.741390586
  6744.8999  0.742287278
  6747.64014  0.744158447
  6750.37988  0.745098054
  6753.12012  0.745367587
  6755.85986  0.744600713
  6758.6001  0.743583918
  6761.33984  0.742723823
  6764.08008  0.73946631
  6766.81982  0.734991133
  6769.56006  0.739088297
  6772.2998  0.742648661
  6775.04004  0.730990887
  6777.77979  0.725272894
  6780.52002  0.736338198
  6783.26025  0.739481807
  6786.  0.736036897
  6788.74023  0.732121944
  6791.47998  0.728226304
  6794.22021  0.732922554
  6796.95996  0.73560822
  6799.7002  0.725036919
  6802.43994  0.721793115
  6805.18018  0.732366979
  6807.91992  0.732777297
  6810.66016  0.727917373
  6813.3999  0.725245714
  6816.14014  0.72493571
  6818.87988  0.733509064
  6821.62012  0.738665819
  6824.35986  0.73408705
  6827.1001  0.729948282
  6829.83984  0.724942625
  6832.58008  0.728047073
  6835.31982  0.734226465
  6838.06006  0.729155719
  6840.7998  0.7232458
  6843.54004  0.723407984
  6846.27979  0.724217772
  6849.02002  0.725740552
  6851.76025  0.725935876
  6854.5  0.725164056
  6857.24023  0.718404412
  6859.97998  0.71151042
  6862.72021  0.716279864
  6865.45996  0.72013557
  6868.2002  0.716243446
  6870.93994  0.71643275
  6873.68018  0.720862865
  6876.41992  0.727080047
  6879.16016  0.734104991
  6881.8999  0.73442471
  6884.64014  0.730815589
  6887.37988  0.722795486
  6890.12012  0.715137362
  6892.85986  0.706625342
  6895.6001  0.7074458
  6898.33984  0.716134191
  6901.08008  0.718975425
  6903.81982  0.720764339
  6906.56006  0.726378798
  6909.2998  0.730056822
  6912.04004  0.728568077
  6914.77979  0.725901008
  6917.52002  0.721519649
  6920.26025  0.718776345
  6923.  0.716858923
  6925.74023  0.715385973
  6928.47998  0.714778781
  6931.22021  0.716100454
  6933.95996  0.716690123
  6936.7002  0.716046274
  6939.43994  0.713709474
  6942.18018  0.709549963
  6944.91992  0.70915854
  6947.66016  0.710631669
  6950.3999  0.714031935
  6953.14014  0.714345515
  6955.87988  0.704229057
  6958.62012  0.70148927
  6961.35986  0.709685683
  6964.1001  0.712534845
  6966.83984  0.713443577
  6969.58008  0.714304626
  6972.31982  0.714288473
  6975.06006  0.712333798
  6977.7998  0.710738659
  6980.54004  0.709306479
  6983.27979  0.711950481
  6986.02002  0.719200313
  6988.76025  0.71664238
  6991.5  0.709979117
  6994.24023  0.706750154
  6996.97998  0.704763472
  6999.72021  0.703819394
  7002.45996  0.704419672
  7005.2002  0.707283258
  7007.93994  0.709552646
  7010.68018  0.711484075
  7013.41992  0.706121027
  7016.16016  0.700529218
  7018.8999  0.706410587
  7021.64014  0.709298491
  7024.37988  0.702850997
  7027.12012  0.697453022
  7029.85986  0.690703511
  7032.6001  0.704257011
  7035.33984  0.726351619
  7038.08008  0.730385184
  7040.81982  0.726878822
  7043.56006  0.715952516
  7046.2998  0.7074278
  7049.04004  0.702516615
  7051.77979  0.701523304
  7054.52002  0.703939378
  7057.26025  0.701384783
  7060.  0.698106885
  7062.74023  0.699159741
  7065.47998  0.699553907
  7068.22021  0.696602166
  7070.95996  0.695770979
  7073.7002  0.697710037
  7076.43994  0.694709241
  7079.18018  0.689938486
  7081.91992  0.691268206
  7084.66016  0.694063306
  7087.3999  0.696964025
  7090.14014  0.696329176
  7092.87988  0.688780904
  7095.62012  0.687065184
  7098.35986  0.689184368
  7101.1001  0.690493286
  7103.83984  0.692206442
  7106.58008  0.695840418
  7109.31982  0.697024524
  7112.06006  0.692721725
  7114.7998  0.687513828
  7117.54004  0.68003422
  7120.27979  0.679972351
  7123.02002  0.683739066
  7125.76025  0.682150126
  7128.5  0.679887772
  7131.24023  0.679149687
  7133.97998  0.680577993
  7136.72021  0.686562419
  7139.45996  0.687325776
  7142.2002  0.684027493
  7144.93994  0.682076275
  7147.68018  0.680224359
  7150.41992  0.678277135
  7153.16016  0.676801085
  7155.8999  0.67622149
  7158.64014  0.675957024
  7161.37988  0.675736308
  7164.12012  0.677331805
  7166.85986  0.680029809
  7169.6001  0.681265473
  7172.33984  0.681368232
  7175.08008  0.67907542
  7177.81982  0.677633762
  7180.56006  0.678835928
  7183.2998  0.677250862
  7186.04004  0.672379971
  7188.77979  0.68738395
  7191.52002  0.705973983
  7194.26025  0.689406753
  7197.  0.670167625
  7199.74023  0.664232433
  7202.47998  0.663952291
  7205.22021  0.672625363
  7207.95996  0.672119319
  7210.7002  0.667302728
  7213.43994  0.670335054
  7216.18018  0.676699162
  7218.91992  0.688118398
  7221.66016  0.691097975
  7224.3999  0.674041092
  7227.14014  0.670169532
  7229.87988  0.678908646
  7232.62012  0.674898088
  7235.35986  0.667184234
  7238.1001  0.669300973
  7240.83984  0.673344254
  7243.58008  0.67668432
  7246.31982  0.677326918
  7249.06006  0.673777699
  7251.7998  0.671646714
  7254.54004  0.669940591
  7257.27979  0.670195282
  7260.02002  0.670955122
  7262.76025  0.670035899
  7265.5  0.669270277
  7268.24023  0.66968435
  7270.97998  0.668732941
  7273.72021  0.666212678
  7276.45996  0.665022552
  7279.2002  0.664589763
  7281.93994  0.665051877
  7284.68018  0.66666162
  7287.41992  0.671441495
  7290.16016  0.672482252
  7292.8999  0.666519046
  7295.64014  0.664911509
  7298.37988  0.665736198
  7301.12012  0.663523018
  7303.85986  0.661163151
  7306.6001  0.662356496
  7309.33984  0.664172113
  7312.08008  0.666570246
  7314.81982  0.666078866
  7317.56006  0.661854148
  7320.2998  0.661095202
  7323.04004  0.661578238
  7325.77979  0.658915341
  7328.52002  0.656507432
  7331.26025  0.657225609
  7334.  0.658477187
  7336.74023  0.660295129
  7339.47998  0.661251605
  7342.22021  0.661627531
  7344.95996  0.657928586
  7347.7002  0.653645873
  7350.43994  0.655833066
  7353.18018  0.659340858
  7355.91992  0.664054096
  7358.66016  0.663499773
  7361.3999  0.655634999
  7364.14014  0.652632535
  7366.87988  0.651980281
  7369.62012  0.654563844
  7372.35986  0.658352911
  7375.1001  0.662551403
  7377.83984  0.662603736
  7380.58008  0.653727591
  7383.31982  0.652993262
  7386.06006  0.659184754
  7388.7998  0.652569532
  7391.54004  0.642497599
  7394.27979  0.643436551
  7397.02002  0.646531165
  7399.76025  0.649508119
  7402.5  0.649716556
  7405.24023  0.645217478
  7407.97998  0.646342218
  7410.72021  0.65006125
  7413.45996  0.646197677
  7416.2002  0.641528368
  7418.93994  0.642876565
  7421.68018  0.644845366
  7424.41992  0.646580875
  7427.16016  0.647515833
  7429.8999  0.647607446
  7432.64014  0.649909496
  7435.37988  0.651587546
  7438.12012  0.642076612
  7440.85986  0.635536373
  7443.6001  0.64557308
  7446.33984  0.649324298
  7449.08008  0.641690433
  7451.81982  0.640197814
  7454.56006  0.64149797
  7457.2998  0.64617455
  7460.04004  0.64994818
  7462.77979  0.643587768
  7465.52002  0.638540268
  7468.26025  0.639939845
  7471.  0.638576269
  7473.74023  0.634064794
  7476.47998  0.6367172
  7479.22021  0.641813993
  7481.95996  0.638369381
  7484.7002  0.633861423
  7487.43994  0.63242203
  7490.18018  0.632049561
  7492.91992  0.6331743
  7495.66016  0.63325876
  7498.3999  0.632864058
  7501.14014  0.635636806
  7503.87988  0.638332903
  7506.62012  0.635459661
  7509.35986  0.632373393
  7512.1001  0.630569816
  7514.83984  0.630398333
  7517.58008  0.632118285
  7520.31982  0.633590519
  7523.06006  0.634928823
  7525.7998  0.63436383
  7528.54004  0.632636786
  7531.27979  0.628258407
  7534.02002  0.627929091
  7536.76025  0.636437893
  7539.5  0.63599056
  7542.24023  0.629295349
  7544.97998  0.625869393
  7547.72021  0.623765826
  7550.45996  0.625822186
  7553.2002  0.624161065
  7555.93994  0.608983874
  7558.68018  0.607134998
  7561.41992  0.622816861
  7564.16016  0.626022756
  7566.8999  0.624542415
  7569.64014  0.629398644
  7572.37988  0.633409262
  7575.12012  0.630290806
  7577.85986  0.626676083
  7580.6001  0.623042107
  7583.33984  0.621759534
  7586.08008  0.622446835
  7588.81982  0.625803173
  7591.56006  0.628595948
  7594.2998  0.619740307
  7597.04004  0.613150716
  7599.77979  0.618772626
  7602.52002  0.620971739
  7605.26025  0.61817795
  7608.  0.617574573
  7610.74023  0.617795944
  7613.47998  0.619182765
  7616.22021  0.62028569
  7618.95996  0.618694723
  7621.7002  0.617276073
  7624.43994  0.616199791
  7627.18018  0.617481291
  7629.91992  0.621221006
  7632.66016  0.621262193
  7635.3999  0.619933724
  7638.14014  0.620889008
  7640.87988  0.62016952
  7643.62012  0.613673151
  7646.35986  0.610132277
  7649.1001  0.611581087
  7651.83984  0.609807909
  7654.58008  0.60673362
  7657.31982  0.607389212
  7660.06006  0.607753038
  7662.7998  0.601170897
  7665.54004  0.598041713
  7668.27979  0.603625715
  7671.02002  0.606934249
  7673.76025  0.608715475
  7676.5  0.609138191
  7679.24023  0.608676255
  7681.97998  0.608870208
  7684.72021  0.609206259
  7687.45996  0.60962528
  7690.2002  0.610081613
  7692.93994  0.61142832
  7695.68018  0.609021544
  7698.41992  0.604115129
  7701.16016  0.605542064
  7703.8999  0.608019888
  7706.64014  0.605472386
  7709.37988  0.602029145
  7712.12012  0.596823156
  7714.85986  0.597752035
  7717.6001  0.60585928
  7720.33984  0.608320355
  7723.08008  0.608086705
  7725.81982  0.605186105
  7728.56006  0.601452112
  7731.2998  0.598855376
  7734.04004  0.595935106
  7736.77979  0.59112227
  7739.52002  0.591736436
  7742.26025  0.596430063
  7745.  0.595350444
  7747.74023  0.593048811
  7750.47998  0.594815016
  7753.22021  0.596091926
  7755.95996  0.594309092
  7758.7002  0.594497144
  7761.43994  0.596768081
  7764.18018  0.600479543
  7766.91992  0.604380012
  7769.66016  0.598709106
  7772.3999  0.593004882
  7775.14014  0.597928166
  7777.87988  0.599147618
  7780.62012  0.591859639
  7783.35986  0.588382602
  7786.1001  0.587140381
  7788.83984  0.587607265
  7791.58008  0.588569522
  7794.31982  0.58562398
  7797.06006  0.584434867
  7799.7998  0.58934772
  7802.54004  0.592133522
  7805.27979  0.592702031
  7808.02002  0.59054786
  7810.76025  0.58681339
  7813.5  0.589196146
  7816.24023  0.592808902
  7818.97998  0.593705475
  7821.72021  0.594362497
  7824.45996  0.595976472
  7827.2002  0.59437418
  7829.93994  0.589863479
  7832.68018  0.585432827
  7835.41992  0.581616819
  7838.16016  0.583019376
  7840.8999  0.584377706
  7843.64014  0.581541777
  7846.37988  0.581417799
  7849.12012  0.585035563
  7851.85986  0.5889377
  7854.6001  0.593070805
  7857.33984  0.589062572
  7860.08008  0.582685351
  7862.81982  0.578808904
  7865.56006  0.576917887
  7868.2998  0.578617275
  7871.04004  0.578044295
  7873.77979  0.575443745
  7876.52002  0.574353039
  7879.26025  0.574435532
  7882.  0.577864289
  7884.74023  0.581756055
  7887.47998  0.583966136
  7890.22021  0.586569071
  7892.95996  0.592037201
  7895.7002  0.588061929
  7898.43994  0.577947736
  7901.18018  0.575881243
  7903.91992  0.575502336
  7906.66016  0.57118088
  7909.3999  0.568031073
  7912.14014  0.567302823
  7914.87988  0.569158018
  7917.62012  0.574361503
  7920.35986  0.57446301
  7923.1001  0.572597504
  7925.83984  0.574090183
  7928.58008  0.576032341
  7931.31982  0.577223837
  7934.06006  0.577671051
  7936.7998  0.577421188
  7939.54004  0.5764274
  7942.27979  0.574552
  7945.02002  0.562168181
  7947.76025  0.551243365
  7950.5  0.566488087
  7953.24023  0.578858614
  7955.97998  0.571789026
  7958.72021  0.577140629
  7961.45996  0.599654734
  7964.2002  0.591010153
  7966.93994  0.568717957
  7969.68018  0.570708096
  7972.41992  0.577159107
  7975.16016  0.578012168
  7977.8999  0.576928616
  7980.64014  0.570733547
  7983.37988  0.575874865
  7986.12012  0.589892745
  7988.85986  0.582323015
  7991.6001  0.568978429
  7994.33984  0.571710408
  7997.08008  0.573696434
  7999.81982  0.566566885
  8002.56006  0.563422978
  8005.2998  0.565102994
  8008.04004  0.566109896
  8010.77979  0.567052424
  8013.52002  0.563825846
  8016.26025  0.561090648
  8019.  0.565223634
  8021.74023  0.566599429
  8024.47998  0.560882151
  8027.22021  0.560183167
  8029.95996  0.563154995
  8032.7002  0.567329824
  8035.43994  0.571457982
  8038.18018  0.570213258
  8040.91992  0.56766808
  8043.66016  0.564293861
  8046.3999  0.564318061
  8049.14014  0.569727242
  8051.87988  0.569811285
  8054.62012  0.567263782
  8057.35986  0.56595099
  8060.1001  0.565198481
  8062.83984  0.56596607
  8065.58008  0.566114724
  8068.31982  0.564724743
  8071.06006  0.563636363
  8073.7998  0.562704682
  8076.54004  0.561519504
  8079.27979  0.560350001
  8082.02002  0.560248435
  8084.76025  0.559420049
  8087.5  0.554952979
  8090.24023  0.55453825
  8092.97998  0.561602592
  8095.72021  0.56087631
  8098.45996  0.556001425
  8101.2002  0.553775907
  8103.93994  0.553144395
  8106.68018  0.556967854
  8109.41992  0.55815959
  8112.16016  0.551385283
  8114.8999  0.551227748
  8117.64014  0.55774802
  8120.37988  0.558273077
  8123.12012  0.55655086
  8125.85986  0.556167781
  8128.6001  0.555905282
  8131.33984  0.554322481
  8134.08008  0.556376338
  8136.81982  0.565766573
  8139.56006  0.566820443
  8142.2998  0.562752545
  8145.04004  0.559952378
  8147.77979  0.557848394
  8150.52002  0.559731364
  8153.26025  0.559527218
  8156.  0.551089108
  8158.74023  0.552624404
  8161.47998  0.565979004
  8164.22021  0.567989588
  8166.95996  0.564432621
  8169.7002  0.557015121
  8172.43994  0.550028503
  8175.18018  0.549058557
  8177.91992  0.548602402
  8180.66016  0.547757566
  8183.3999  0.548479259
  8186.14014  0.550465703
  8188.87988  0.548562467
  8191.62012  0.545007229
  8194.36035  0.539974093
  8197.09961  0.539291859
  8199.83984  0.550320029
  8202.58008  0.553387165
  8205.32031  0.546553016
  8208.05957  0.546223879
  8210.7998  0.548435688
  8213.54004  0.5501827
  8216.28027  0.551650643
  8219.01953  0.552912354
  8221.75977  0.551387429
  8224.5  0.543801427
  8227.24023  0.543282092
  8229.98047  0.548225522
  8232.71973  0.547499776
  8235.45996  0.544964135
  8238.2002  0.54377532
  8240.94043  0.542502046
  8243.67969  0.539958894
  8246.41992  0.539921999
  8249.16016  0.543481231
  8251.90039  0.544337392
  8254.63965  0.543955147
  8257.37988  0.543376088
  8260.12012  0.542578101
  8262.86035  0.541824818
  8265.59961  0.541188896
  8268.33984  0.540211439
  8271.08008  0.541551411
  8273.82031  0.545368433
  8276.55957  0.54064858
  8279.2998  0.533780217
  8282.04004  0.537951112
  8284.78027  0.541574538
  8287.51953  0.537275076
  8290.25977  0.534926176
  8293.  0.535368741
  8295.74023  0.536488891
  8298.48047  0.538161218
  8301.21973  0.53478384
  8303.95996  0.530244887
  8306.7002  0.52776897
  8309.44043  0.527436197
  8312.17969  0.529679716
  8314.91992  0.534487724
  8317.66016  0.542736471
  8320.40039  0.542460144
  8323.13965  0.538167655
  8325.87988  0.534824908
  8328.62012  0.533564866
  8331.36035  0.538959861
  8334.09961  0.539982915
  8336.83984  0.534009695
  8339.58008  0.528886139
  8342.32031  0.523672163
  8345.05957  0.52898556
  8347.7998  0.535681129
  8350.54004  0.530802906
  8353.28027  0.525651515
  8356.01953  0.522953868
  8358.75977  0.522795856
  8361.5  0.5256446
  8364.24023  0.526385128
  8366.98047  0.526042223
  8369.71973  0.523099124
  8372.45996  0.520983577
  8375.2002  0.523570001
  8377.94043  0.525455475
  8380.67969  0.525606453
  8383.41992  0.526476383
  8386.16016  0.527663767
  8388.90039  0.526849091
  8391.63965  0.525879204
  8394.37988  0.527831554
  8397.12012  0.529740214
  8399.86035  0.530771017
  8402.59961  0.530712068
  8405.33984  0.529793203
  8408.08008  0.525712609
  8410.82031  0.520178497
  8413.55957  0.519514322
  8416.2998  0.520963728
  8419.04004  0.524106085
  8421.78027  0.526623785
  8424.51953  0.52836293
  8427.25977  0.527955472
  8430.  0.525650859
  8432.74023  0.521975338
  8435.48047  0.518491626
  8438.21973  0.519425929
  8440.95996  0.521913528
  8443.7002  0.525508702
  8446.44043  0.528658748
  8449.17969  0.531900704
  8451.91992  0.531324685
  8454.66016  0.528600335
  8457.40039  0.530463159
  8460.13965  0.530631304
  8462.87988  0.520905137
  8465.62012  0.513735175
  8468.36035  0.512437761
  8471.09961  0.512377977
  8473.83984  0.514163971
  8476.58008  0.51221621
  8479.32031  0.509704471
  8482.05957  0.51304394
  8484.7998  0.51520884
  8487.54004  0.511435449
  8490.28027  0.50870645
  8493.01953  0.508227408
  8495.75977  0.503080666
  8498.5  0.496081173
  8501.24023  0.501792431
  8503.98047  0.511147201
  8506.71973  0.517197907
  8509.45996  0.521200359
  8512.2002  0.523117661
  8514.94043  0.521675289
  8517.67969  0.516554058
  8520.41992  0.515346169
  8523.16016  0.51487273
  8525.90039  0.509777844
  8528.63965  0.504585266
  8531.37988  0.503957033
  8534.12012  0.497431427
  8536.86035  0.482115448
  8539.59961  0.467221379
  8542.33984  0.452546716
  8545.08008  0.4636136
  8547.82031  0.482708514
  8550.55957  0.491803586
  8553.2998  0.49808833
  8556.04004  0.502343655
  8558.78027  0.503438413
  8561.51953  0.500827312
  8564.25977  0.500678539
  8567.  0.501971841
  8569.74023  0.507602215
  8572.48047  0.512367725
  8575.21973  0.511271238
  8577.95996  0.51047343
  8580.7002  0.510769904
  8583.44043  0.510712504
  8586.17969  0.510501206
  8588.91992  0.510837555
  8591.66016  0.51063472
  8594.40039  0.506928086
  8597.13965  0.504953206
  8599.87988  0.507098794
  8602.62012  0.510891855
  8605.36035  0.517477512
  8608.09961  0.51726371
  8610.83984  0.513852239
  8613.58008  0.514812708
  8616.32031  0.514926612
  8619.05957  0.509528458
  8621.7998  0.505665243
  8624.54004  0.504318595
  8627.28027  0.505287647
  8630.02051  0.508463919
  8632.75977  0.507622123
  8635.5  0.505240142
  8638.24023  0.502863109
  8640.98047  0.501497328
  8643.71973  0.50340426
  8646.45996  0.501876831
  8649.2002  0.495942503
  8651.94043  0.493636996
  8654.67969  0.49222669
  8657.41992  0.484354258
  8660.16016  0.475785732
  8662.90039  0.468088269
  8665.63965  0.470128149
  8668.37988  0.490232646
  8671.12012  0.498926818
  8673.86035  0.499990791
  8676.59961  0.501646698
  8679.33984  0.50244379
  8682.08008  0.503942251
  8684.82031  0.503589153
  8687.55957  0.499160111
  8690.2998  0.494954586
  8693.04004  0.489781201
  8695.78027  0.491911024
  8698.52051  0.49819392
  8701.25977  0.497584492
  8704.  0.495996535
  8706.74023  0.497840315
  8709.48047  0.500000715
  8712.21973  0.503560185
  8714.95996  0.501283765
  8717.7002  0.493477732
  8720.44043  0.48931548
  8723.17969  0.488696337
  8725.91992  0.502213359
  8728.66016  0.511807323
  8731.40039  0.501213789
  8734.13965  0.497438759
  8736.87988  0.505367637
  8739.62012  0.505259693
  8742.36035  0.501325667
  8745.09961  0.498496622
  8747.83984  0.494319648
  8750.58008  0.48511678
  8753.32031  0.478468806
  8756.05957  0.476481438
  8758.7998  0.478997648
  8761.54004  0.486487567
  8764.28027  0.493048996
  8767.02051  0.498652726
  8769.75977  0.498151749
  8772.5  0.494445503
  8775.24023  0.48612389
  8777.98047  0.483102918
  8780.71973  0.489643186
  8783.45996  0.488424987
  8786.2002  0.483581901
  8788.94043  0.493349642
  8791.67969  0.506604373
  8794.41992  0.514122665
  8797.16016  0.512693584
  8799.90039  0.493836194
  8802.63965  0.484665364
  8805.37988  0.484972179
  8808.12012  0.481735528
  8810.86035  0.478811502
  8813.59961  0.483026296
  8816.33984  0.486758024
  8819.08008  0.481750965
  8821.82031  0.481346428
  8824.55957  0.491133511
  8827.2998  0.490776032
  8830.04004  0.483957142
  8832.78027  0.486723602
  8835.52051  0.4903813
  8838.25977  0.482944489
  8841.  0.476626933
  8843.74023  0.47644645
  8846.48047  0.477478504
  8849.21973  0.480447888
  8851.95996  0.480375737
  8854.7002  0.479019225
  8857.44043  0.480165988
  8860.17969  0.480968803
  8862.91992  0.478201926
  8865.66016  0.477448225
  8868.40039  0.480571926
  8871.13965  0.483323395
  8873.87988  0.486357599
  8876.62012  0.479009271
  8879.36035  0.469530344
  8882.09961  0.473322779
  8884.83984  0.47748062
  8887.58008  0.476194173
  8890.32031  0.47555232
  8893.05957  0.476228416
  8895.7998  0.472906291
  8898.54004  0.468218088
  8901.28027  0.474651545
  8904.02051  0.482528418
  8906.75977  0.482690752
  8909.5  0.483085632
  8912.24023  0.485969216
  8914.98047  0.486307949
  8917.71973  0.484545022
  8920.45996  0.483800799
  8923.2002  0.482230484
  8925.94043  0.475086361
  8928.67969  0.469185293
  8931.41992  0.470728844
  8934.16016  0.467577547
  8936.90039  0.454994857
  8939.63965  0.458286077
  8942.37988  0.470386893
  8945.12012  0.473957866
  8947.86035  0.475170761
  8950.59961  0.475815296
  8953.33984  0.477409571
  8956.08008  0.48178795
  8958.82031  0.483554661
  8961.55957  0.48330301
  8964.2998  0.479210585
  8967.04004  0.473030031
  8969.78027  0.468386561
  8972.52051  0.465413272
  8975.25977  0.46563074
  8978.  0.466066122
  8980.74023  0.464411348
  8983.48047  0.472531855
  8986.21973  0.48663336
  8988.95996  0.485714763
  8991.7002  0.479855299
  8994.44043  0.47649771
  8997.17969  0.473785222
  8999.91992  0.473311961
  9002.66016  0.468342483
  9005.40039  0.458017886
  9008.13965  0.457537949
  9010.87988  0.46078375
  9013.62012  0.455142528
  9016.36035  0.451208144
  9019.09961  0.457716078
  9021.83984  0.462522268
  9024.58008  0.463478774
  9027.32031  0.466040373
  9030.05957  0.469207466
  9032.7998  0.467771798
  9035.54004  0.464836687
  9038.28027  0.463043094
  9041.02051  0.463760555
  9043.75977  0.469223142
  9046.5  0.473995864
  9049.24023  0.479785323
  9051.98047  0.472150534
  9054.71973  0.458625227
  9057.45996  0.461843252
  9060.2002  0.46688816
  9062.94043  0.462282568
  9065.67969  0.461441129
  9068.41992  0.469331414
  9071.16016  0.469628125
  9073.90039  0.464840651
  9076.63965  0.463369459
  9079.37988  0.463376611
  9082.12012  0.467492193
  9084.86035  0.467527986
  9087.59961  0.455497205
  9090.33984  0.449996591
  9093.08008  0.451978356
  9095.82031  0.453258842
  9098.55957  0.455715328
  9101.2998  0.463090181
  9104.04004  0.468936324
  9106.78027  0.463974148
  9109.52051  0.462011874
  9112.25977  0.467876941
  9115.  0.469553679
  9117.74023  0.468293428
  9120.48047  0.473887593
  9123.21973  0.47946021
  9125.95996  0.470016658
  9128.7002  0.461644411
  9131.44043  0.464644402
  9134.17969  0.463687569
  9136.91992  0.457149059
  9139.66016  0.452759087
  9142.40039  0.449466854
  9145.13965  0.452123433
  9147.87988  0.455466419
  9150.62012  0.452576756
  9153.36035  0.451592356
  9156.09961  0.455145448
  9158.83984  0.458765775
  9161.58008  0.463237643
  9164.32031  0.460646003
  9167.05957  0.45564428
  9169.7998  0.457403332
  9172.54004  0.459750563
  9175.28027  0.459893733
  9178.02051  0.459702551
  9180.75977  0.459034413
  9183.5  0.458491027
  9186.24023  0.458273053
  9188.98047  0.464455664
  9191.71973  0.469908208
  9194.45996  0.464498281
  9197.2002  0.457659215
  9199.94043  0.450849891
  9202.67969  0.446591169
  9205.41992  0.444905996
  9208.16016  0.441699088
  9210.90039  0.438356251
  9213.63965  0.436331809
  9216.37988  0.435753584
  9219.12012  0.437911719
  9221.86035  0.439234257
  9224.59961  0.439502895
  9227.33984  0.43747142
  9230.08008  0.433998555
  9232.82031  0.442644119
  9235.55957  0.453049868
  9238.2998  0.450499326
  9241.04004  0.448802322
  9243.78027  0.454555929
  9246.52051  0.454385638
  9249.25977  0.447406888
  9252.  0.448354274
  9254.74023  0.452374578
  9257.48047  0.45226267
  9260.21973  0.450829297
  9262.95996  0.44790706
  9265.7002  0.447042644
  9268.44043  0.451056421
  9271.17969  0.448503256
  9273.91992  0.441474974
  9276.66016  0.438955992
  9279.40039  0.439040512
  9282.13965  0.444625378
  9284.87988  0.447152644
  9287.62012  0.440763295
  9290.36035  0.435461372
  9293.09961  0.430074453
  9295.83984  0.432636231
  9298.58008  0.439222962
  9301.32031  0.437884867
  9304.05957  0.435405254
  9306.7998  0.435779482
  9309.54004  0.437203139
  9312.28027  0.440109044
  9315.02051  0.442282647
  9317.75977  0.444106072
  9320.5  0.441244096
  9323.24023  0.438202232
  9325.98047  0.444890022
  9328.71973  0.451997221
  9331.45996  0.457159102
  9334.2002  0.45605582
  9336.94043  0.446920455
  9339.67969  0.439706266
  9342.41992  0.433333695
  9345.16016  0.436832428
  9347.90039  0.441864461
  9350.63965  0.440196306
  9353.37988  0.437780738
  9356.12012  0.434361041
  9358.86035  0.435132623
  9361.59961  0.439863086
  9364.33984  0.43674612
  9367.08008  0.430926621
  9369.82031  0.429535091
  9372.55957  0.428259015
  9375.2998  0.424273491
  9378.04004  0.423459321
  9380.78027  0.427454114
  9383.52051  0.42837441
  9386.25977  0.427991807
  9389.  0.427388996
  9391.74023  0.427756906
  9394.48047  0.433661073
  9397.21973  0.435139656
  9399.95996  0.424990624
  9402.7002  0.424554259
  9405.44043  0.433070123
  9408.17969  0.4331429
  9410.91992  0.430699289
  9413.66016  0.433876961
  9416.40039  0.435524791
  9419.13965  0.429481536
  9421.87988  0.426745594
  9424.62012  0.429962844
  9427.36035  0.429649085
  9430.09961  0.427696377
  9432.83984  0.425199091
  9435.58008  0.422310203
  9438.32031  0.418882191
  9441.05957  0.417687714
  9443.7998  0.42100051
  9446.54004  0.423193455
  9449.28027  0.42478019
  9452.02051  0.423726618
  9454.75977  0.421559393
  9457.5  0.423067629
  9460.24023  0.424250215
  9462.98047  0.421939015
  9465.71973  0.420104086
  9468.45996  0.418790042
  9471.2002  0.419652224
  9473.94043  0.42221579
  9476.67969  0.423088253
  9479.41992  0.42300877
  9482.16016  0.420861393
  9484.90039  0.420060664
  9487.63965  0.424726069
  9490.37988  0.422315419
  9493.12012  0.41067034
  9495.86035  0.412527323
  9498.59961  0.419994861
  9501.33984  0.417450398
  9504.08008  0.414116621
  9506.82031  0.416206211
  9509.55957  0.417590737
  9512.2998  0.41607818
  9515.04004  0.419217378
  9517.78027  0.425870031
  9520.52051  0.427483231
  9523.25977  0.425812483
  9526.  0.41720441
  9528.74023  0.412410766
  9531.48047  0.420916826
  9534.21973  0.4227736
  9536.95996  0.417274982
  9539.7002  0.409616232
  9542.44043  0.40002802
  9545.17969  0.395835906
  9547.91992  0.393700391
  9550.66016  0.390883833
  9553.40039  0.392107308
  9556.13965  0.400224566
  9558.87988  0.406130701
  9561.62012  0.411022723
  9564.36035  0.41453141
  9567.09961  0.415582925
  9569.83984  0.408368945
  9572.58008  0.403329104
  9575.32031  0.40862447
  9578.05957  0.411125034
  9580.7998  0.409810454
  9583.54004  0.409168541
  9586.28027  0.408421338
  9589.02051  0.406777292
  9591.75977  0.407007277
  9594.5  0.416079372
  9597.24023  0.419486791
  9599.98047  0.409126818
  9602.71973  0.406588465
  9605.45996  0.410029501
  9608.2002  0.414038867
  9610.94043  0.41943574
  9613.67969  0.428215951
  9616.41992  0.431057423
  9619.16016  0.416274726
  9621.90039  0.407908469
  9624.63965  0.409733742
  9627.37988  0.408770382
  9630.12012  0.407444805
  9632.86035  0.406912953
  9635.59961  0.405625343
  9638.33984  0.400033712
  9641.08008  0.396792263
  9643.82031  0.399244189
  9646.55957  0.400758803
  9649.2998  0.401989281
  9652.04004  0.40016976
  9654.78027  0.397438616
  9657.52051  0.399771571
  9660.25977  0.402863026
  9663.  0.405070245
  9665.74023  0.404967368
  9668.48047  0.400957048
  9671.21973  0.399904609
  9673.95996  0.40033406
  9676.7002  0.397453249
  9679.44043  0.395536602
  9682.17969  0.402185321
  9684.91992  0.407628864
  9687.66016  0.407970637
  9690.40039  0.407188445
  9693.13965  0.40387243
  9695.87988  0.410938323
  9698.62012  0.422092944
  9701.36035  0.422393978
  9704.09961  0.417643726
  9706.83984  0.406629145
  9709.58008  0.400069833
  9712.32031  0.401797533
  9715.05957  0.400819838
  9717.7998  0.398860037
  9720.54004  0.398601323
  9723.28027  0.398478389
  9726.02051  0.395454228
  9728.75977  0.394196451
  9731.5  0.398649067
  9734.24023  0.399185419
  9736.98047  0.394243032
  9739.71973  0.398066998
  9742.45996  0.405209303
  9745.2002  0.400770932
  9747.94043  0.394369632
  9750.67969  0.393178016
  9753.41992  0.391173631
  9756.16016  0.385063469
  9758.90039  0.387660176
  9761.63965  0.397448868
  9764.37988  0.394425362
  9767.12012  0.388432652
  9769.86035  0.393710762
  9772.59961  0.398479015
  9775.33984  0.396617711
  9778.08008  0.396613538
  9780.82031  0.399056792
  9783.55957  0.400198191
  9786.2998  0.401331931
  9789.04004  0.408394784
  9791.78027  0.414693505
  9794.52051  0.412623048
  9797.25977  0.408992589
  9800.  0.404010952
  9802.74023  0.401587754
  9805.48047  0.401278913
  9808.21973  0.40113759
  9810.95996  0.40073064
  9813.7002  0.397167385
  9816.44043  0.392975539
  9819.17969  0.387669742
  9821.91992  0.387577534
  9824.66016  0.396074712
  9827.40039  0.395718515
  9830.13965  0.391218364
  9832.87988  0.395187974
  9835.62012  0.399709076
  9838.36035  0.396850169
  9841.09961  0.393469095
  9843.83984  0.389619797
  9846.58008  0.391420484
  9849.32031  0.399402857
  9852.05957  0.396173537
  9854.7998  0.389337152
  9857.54004  0.39219746
  9860.28027  0.396308541
  9863.02051  0.398111612
  9865.75977  0.39835611
  9868.5  0.3964836
  9871.24023  0.394769758
  9873.98047  0.39289099
  9876.71973  0.394100457
  9879.45996  0.394770533
  9882.2002  0.388550639
  9884.94043  0.383369714
  9887.67969  0.381628841
  9890.41992  0.382324278
  9893.16016  0.385800987
  9895.90039  0.389587045
  9898.63965  0.392595589
  9901.37988  0.385797769
  9904.12012  0.37931788
  9906.86035  0.382475555
  9909.59961  0.383074075
  9912.33984  0.377021521
  9915.08008  0.379241288
  9917.82031  0.386769652
  9920.55957  0.38261354
  9923.2998  0.377959549
  9926.04004  0.391057312
  9928.78027  0.399790049
  9931.52051  0.392711133
  9934.25977  0.388328791
  9937.  0.38595444
  9939.74023  0.386888087
  9942.48047  0.389770478
  9945.21973  0.389484137
  9947.95996  0.389772981
  9950.7002  0.396331489
  9953.44043  0.395720124
  9956.17969  0.381168514
  9958.91992  0.374642313
  9961.66016  0.37286815
  9964.40039  0.379504681
  9967.13965  0.388363749
  9969.87988  0.385751843
  9972.62012  0.38339749
  9975.36035  0.387987316
  9978.09961  0.387483537
  9980.83984  0.380313396
  9983.58008  0.376997292
  9986.32031  0.375673771
  9989.05957  0.379427016
  9991.7998  0.384111762
  9994.54004  0.385442615
  9997.28027  0.386258572
  10000.0205  0.386648893
  10002.7598  0.388077676
  10005.5  0.390599608
  10008.2402  0.384925216
  10010.9805  0.375791878
  10013.7197  0.369600028
  10016.46  0.364518374
  10019.2002  0.360483706
  10021.9404  0.357702196
  10024.6797  0.355826557
  10027.4199  0.357266337
  10030.1602  0.3609761
  10032.9004  0.361495525
  10035.6396  0.363146663
  10038.3799  0.374689758
  10041.1201  0.376741171
  10043.8604  0.356459856
  10046.5996  0.351370245
  10049.3398  0.358774334
  10052.0801  0.362088054
  10054.8203  0.363967627
  10057.5596  0.358213872
  10060.2998  0.35674423
  10063.04  0.373517394
  10065.7803  0.379460156
  10068.5205  0.36616993
  10071.2598  0.368917614
  10074.  0.379516572
  10076.7402  0.383264333
  10079.4805  0.383138806
  10082.2197  0.375670224
  10084.96  0.369861454
  10087.7002  0.36959821
  10090.4404  0.369170845
  10093.1797  0.368439317
  10095.9199  0.374796003
  10098.6602  0.382870644
  10101.4004  0.376640946
  10104.1396  0.368810415
  10106.8799  0.366567999
  10109.6201  0.366506964
  10112.3604  0.369910777
  10115.0996  0.370269626
  10117.8398  0.368882984
  10120.5801  0.3654477
  10123.3203  0.361883789
  10126.0596  0.362951458
  10128.7998  0.362116337
  10131.54  0.355128646
  10134.2803  0.351647645
  10137.0205  0.351570427
  10139.7598  0.351899743
  10142.5  0.353234351
  10145.2402  0.355143964
  10147.9805  0.359216064
  10150.7197  0.371075362
  10153.46  0.373864979
  10156.2002  0.358604699
  10158.9404  0.35807842
  10161.6797  0.366735995
  10164.4199  0.357293844
  10167.1602  0.345263183
  10169.9004  0.354078889
  10172.6396  0.35953486
  10175.3799  0.347768158
  10178.1201  0.343588412
  10180.8604  0.347846955
  10183.5996  0.351245701
  10186.3398  0.355575114
  10189.0801  0.360959858
  10191.8203  0.367092699
  10194.5596  0.413057029
  10197.2998  0.348833263
  10200.04  0.0567294434
  10202.7803 -0.0411843248
#
