#*HD142703
#*
#*  Heap-Lindler STIS
#set .z.units = "Ergs/s/cm**2/A"
#set .z.label = "Flux"
#set .table.bandwidth = 2.74
#*
     2950.00    9.47564E-12
     2952.74    9.67659E-12
     2955.48    9.91057E-12
     2958.22    1.00522E-11
     2960.96    1.00057E-11
     2963.70    9.61344E-12
     2966.44    9.23181E-12
     2969.18    9.28989E-12
     2971.92    9.43715E-12
     2974.66    9.98556E-12
     2977.40    1.00580E-11
     2980.14    9.69747E-12
     2982.88    9.48800E-12
     2985.62    9.05323E-12
     2988.36    9.88090E-12
     2991.10    1.02791E-11
     2993.84    1.00873E-11
     2996.58    9.95519E-12
     2999.32    9.63593E-12
     3002.06    9.38710E-12
     3004.80    9.64318E-12
     3007.54    9.83985E-12
     3010.28    9.96968E-12
     3013.02    1.00862E-11
     3015.76    9.81671E-12
     3018.50    9.59026E-12
     3021.24    9.68187E-12
     3023.98    9.87964E-12
     3026.72    1.00529E-11
     3029.46    1.00524E-11
     3032.20    1.01127E-11
     3034.94    1.01443E-11
     3037.68    1.00489E-11
     3040.42    1.00592E-11
     3043.16    1.01220E-11
     3045.90    1.00694E-11
     3048.64    9.97983E-12
     3051.38    1.00387E-11
     3054.12    9.97588E-12
     3056.86    9.59618E-12
     3059.60    9.64559E-12
     3062.34    9.94967E-12
     3065.08    9.78531E-12
     3067.82    9.80315E-12
     3070.56    9.89713E-12
     3073.30    9.67961E-12
     3076.04    9.69170E-12
     3078.78    9.90869E-12
     3081.52    1.00606E-11
     3084.26    1.01790E-11
     3087.00    1.00034E-11
     3089.74    9.79208E-12
     3092.48    9.73824E-12
     3095.22    9.79551E-12
     3097.96    9.72542E-12
     3100.70    9.56039E-12
     3103.44    9.71767E-12
     3106.18    1.00658E-11
     3108.92    1.03145E-11
     3111.66    1.02231E-11
     3114.40    1.01553E-11
     3117.14    9.98201E-12
     3119.88    9.65608E-12
     3122.62    9.77525E-12
     3125.36    9.88568E-12
     3128.10    9.90593E-12
     3130.84    9.85177E-12
     3133.58    9.81256E-12
     3136.32    1.00454E-11
     3139.06    1.01356E-11
     3141.80    1.00945E-11
     3144.54    1.00561E-11
     3147.28    1.00110E-11
     3150.02    1.01445E-11
     3152.76    1.01223E-11
     3155.50    9.91735E-12
     3158.24    9.69254E-12
     3160.98    9.46063E-12
     3163.72    9.69073E-12
     3166.46    9.98788E-12
     3169.20    1.00817E-11
     3171.94    1.03025E-11
     3174.68    1.03498E-11
     3177.42    1.00043E-11
     3180.16    9.56738E-12
     3182.90    9.61017E-12
     3185.64    9.86022E-12
     3188.38    9.88762E-12
     3191.12    9.74248E-12
     3193.86    9.60806E-12
     3196.60    9.76263E-12
     3199.34    1.00789E-11
     3202.08    1.02678E-11
     3204.82    1.03126E-11
     3207.56    1.01433E-11
     3210.30    9.81297E-12
     3213.04    9.66795E-12
     3215.78    9.62655E-12
     3218.52    9.74712E-12
     3221.26    9.93607E-12
     3224.00    9.94919E-12
     3226.74    9.67839E-12
     3229.48    9.47576E-12
     3232.22    9.57040E-12
     3234.96    9.55676E-12
     3237.70    9.53941E-12
     3240.44    9.73157E-12
     3243.18    9.99511E-12
     3245.92    1.01670E-11
     3248.66    1.00460E-11
     3251.40    9.80062E-12
     3254.14    9.84624E-12
     3256.88    1.01096E-11
     3259.62    1.02471E-11
     3262.36    1.03094E-11
     3265.10    1.03579E-11
     3267.84    1.03617E-11
     3270.58    1.02376E-11
     3273.32    1.01522E-11
     3276.06    1.00683E-11
     3278.80    1.00036E-11
     3281.54    1.01765E-11
     3284.28    1.02801E-11
     3287.02    1.02902E-11
     3289.76    1.03061E-11
     3292.50    1.04112E-11
     3295.24    1.04539E-11
     3297.98    1.05066E-11
     3300.72    1.05348E-11
     3303.46    1.04096E-11
     3306.20    1.03425E-11
     3308.94    1.03127E-11
     3311.68    1.03974E-11
     3314.42    1.04126E-11
     3317.16    1.02848E-11
     3319.90    1.01649E-11
     3322.64    1.00842E-11
     3325.38    9.98041E-12
     3328.12    1.00870E-11
     3330.86    1.02329E-11
     3333.60    1.02284E-11
     3336.34    1.00785E-11
     3339.08    9.92445E-12
     3341.82    9.84400E-12
     3344.56    1.00696E-11
     3347.30    9.92139E-12
     3350.04    9.72118E-12
     3352.78    1.01155E-11
     3355.52    1.04076E-11
     3358.26    1.02897E-11
     3361.00    9.95470E-12
     3363.74    1.01416E-11
     3366.48    1.02291E-11
     3369.22    1.00408E-11
     3371.96    9.88613E-12
     3374.70    1.00265E-11
     3377.44    1.02430E-11
     3380.18    9.91733E-12
     3382.92    9.88836E-12
     3385.66    1.01428E-11
     3388.40    1.01868E-11
     3391.14    9.98469E-12
     3393.88    9.94681E-12
     3396.62    1.02426E-11
     3399.36    1.05283E-11
     3402.10    1.04200E-11
     3404.84    1.02773E-11
     3407.58    1.02782E-11
     3410.32    1.02359E-11
     3413.06    1.02594E-11
     3415.80    1.03359E-11
     3418.54    1.03561E-11
     3421.28    1.02395E-11
     3424.02    1.02471E-11
     3426.76    1.03853E-11
     3429.50    1.04816E-11
     3432.24    1.05106E-11
     3434.98    1.04212E-11
     3437.72    1.02903E-11
     3440.46    9.99568E-12
     3443.20    9.81167E-12
     3445.94    1.00208E-11
     3448.68    1.03629E-11
     3451.42    1.04060E-11
     3454.16    1.03539E-11
     3456.90    1.03595E-11
     3459.64    1.01223E-11
     3462.38    1.00034E-11
     3465.12    1.02438E-11
     3467.86    1.04114E-11
     3470.60    1.03609E-11
     3473.34    1.01451E-11
     3476.08    9.93722E-12
     3478.82    1.01318E-11
     3481.56    1.03155E-11
     3484.30    1.03294E-11
     3487.04    1.03076E-11
     3489.78    1.01096E-11
     3492.52    9.94976E-12
     3495.26    1.00387E-11
     3498.00    1.01263E-11
     3500.74    1.02986E-11
     3503.48    1.03078E-11
     3506.22    1.02446E-11
     3508.96    1.02770E-11
     3511.70    1.01639E-11
     3514.44    1.01626E-11
     3517.18    1.01754E-11
     3519.92    1.02952E-11
     3522.66    1.02263E-11
     3525.40    1.01023E-11
     3528.14    1.01993E-11
     3530.88    1.03651E-11
     3533.62    1.03735E-11
     3536.36    1.04474E-11
     3539.10    1.04323E-11
     3541.84    1.04564E-11
     3544.58    1.05241E-11
     3547.32    1.05388E-11
     3550.06    1.05886E-11
     3552.80    1.05682E-11
     3555.54    1.04258E-11
     3558.28    1.03376E-11
     3561.02    1.04451E-11
     3563.76    1.04812E-11
     3566.50    1.02094E-11
     3569.24    1.00706E-11
     3571.98    1.00042E-11
     3574.72    1.01857E-11
     3577.46    1.02196E-11
     3580.20    1.02018E-11
     3582.94    1.01441E-11
     3585.68    1.00490E-11
     3588.42    9.96537E-12
     3591.16    1.02594E-11
     3593.90    1.03994E-11
     3596.64    1.03624E-11
     3599.38    1.04142E-11
     3602.12    1.04306E-11
     3604.86    1.03016E-11
     3607.60    1.02214E-11
     3610.34    1.01381E-11
     3613.08    1.01997E-11
     3615.82    1.02421E-11
     3618.56    1.01976E-11
     3621.30    1.02218E-11
     3624.04    1.04476E-11
     3626.78    1.05090E-11
     3629.52    1.03306E-11
     3632.26    1.00921E-11
     3635.00    1.03784E-11
     3637.74    1.04348E-11
     3640.48    1.04141E-11
     3643.22    1.04113E-11
     3645.96    1.03824E-11
     3648.70    1.03131E-11
     3651.44    1.03733E-11
     3654.18    1.05052E-11
     3656.92    1.05999E-11
     3659.66    1.05321E-11
     3662.40    1.05626E-11
     3665.14    1.05829E-11
     3667.88    1.05585E-11
     3670.62    1.05724E-11
     3673.36    1.05649E-11
     3676.10    1.04918E-11
     3678.84    1.03598E-11
     3681.58    1.02815E-11
     3684.32    1.02529E-11
     3687.06    1.01705E-11
     3689.80    1.03656E-11
     3692.54    1.05107E-11
     3695.28    1.06145E-11
     3698.02    1.06181E-11
     3700.76    1.08528E-11
     3703.50    1.04009E-11
     3706.24    1.02409E-11
     3708.98    1.08623E-11
     3711.72    1.03917E-11
     3714.46    1.08212E-11
     3717.20    1.21251E-11
     3719.94    1.13104E-11
     3722.68    1.02681E-11
     3725.42    1.16708E-11
     3728.16    1.30358E-11
     3730.90    1.25337E-11
     3733.64    1.05380E-11
     3736.38    1.01341E-11
     3739.12    1.24644E-11
     3741.86    1.40859E-11
     3744.60    1.37286E-11
     3747.34    1.17498E-11
     3750.08    1.00080E-11
     3752.82    1.10923E-11
     3755.56    1.36313E-11
     3758.30    1.47373E-11
     3761.04    1.49799E-11
     3763.78    1.47843E-11
     3766.52    1.34597E-11
     3769.26    1.12313E-11
     3772.00    1.04457E-11
     3774.74    1.28305E-11
     3777.48    1.54316E-11
     3780.22    1.71991E-11
     3782.96    1.79429E-11
     3785.70    1.77175E-11
     3788.44    1.70724E-11
     3791.18    1.60822E-11
     3793.92    1.38951E-11
     3796.66    1.11114E-11
     3799.40    1.04563E-11
     3802.14    1.30304E-11
     3804.88    1.55409E-11
     3807.62    1.71396E-11
     3810.36    1.82426E-11
     3813.10    1.86423E-11
     3815.84    1.87693E-11
     3818.58    1.89282E-11
     3821.32    1.84883E-11
     3824.06    1.77320E-11
     3826.80    1.62572E-11
     3829.54    1.48171E-11
     3832.28    1.25511E-11
     3835.02    1.01858E-11
     3837.76    1.05962E-11
     3840.50    1.31759E-11
     3843.24    1.58136E-11
     3845.98    1.76033E-11
     3848.72    1.86477E-11
     3851.46    1.93782E-11
     3854.20    1.98646E-11
     3856.94    1.98023E-11
     3859.68    1.99116E-11
     3862.42    2.02776E-11
     3865.16    2.05041E-11
     3867.90    2.05500E-11
     3870.64    2.02472E-11
     3873.38    1.94722E-11
     3876.12    1.87973E-11
     3878.86    1.75276E-11
     3881.60    1.64860E-11
     3884.34    1.46518E-11
     3887.08    1.16993E-11
     3889.82    1.02284E-11
     3892.56    1.21482E-11
     3895.30    1.46069E-11
     3898.04    1.62356E-11
     3900.78    1.71845E-11
     3903.52    1.82162E-11
     3906.26    1.90134E-11
     3909.00    2.00108E-11
     3911.74    2.06795E-11
     3914.48    2.07148E-11
     3917.22    2.10096E-11
     3919.96    2.10768E-11
     3922.70    2.10687E-11
     3925.44    2.12075E-11
     3928.18    2.06754E-11
     3930.92    1.88638E-11
     3933.66    1.62246E-11
     3936.40    1.80759E-11
     3939.14    2.05418E-11
     3941.88    2.11006E-11
     3944.62    2.07552E-11
     3947.36    2.05849E-11
     3950.10    2.01504E-11
     3952.84    1.97551E-11
     3955.58    1.91118E-11
     3958.32    1.81689E-11
     3961.06    1.70522E-11
     3963.80    1.53943E-11
     3966.54    1.26216E-11
     3969.28    9.62593E-12
     3972.02    1.07626E-11
     3974.76    1.33650E-11
     3977.50    1.57347E-11
     3980.24    1.73819E-11
     3982.98    1.83309E-11
     3985.72    1.92745E-11
     3988.46    1.98940E-11
     3991.20    2.04455E-11
     3993.94    2.08589E-11
     3996.68    2.11033E-11
     3999.42    2.13288E-11
     4002.16    2.15344E-11
     4004.90    2.13580E-11
     4007.64    2.15042E-11
     4010.38    2.19424E-11
     4013.12    2.19286E-11
     4015.86    2.20896E-11
     4018.60    2.22196E-11
     4021.34    2.22460E-11
     4024.08    2.21148E-11
     4026.82    2.21009E-11
     4029.56    2.18744E-11
     4032.30    2.17623E-11
     4035.04    2.20080E-11
     4037.78    2.20778E-11
     4040.52    2.22970E-11
     4043.26    2.20728E-11
     4046.00    2.15398E-11
     4048.74    2.18590E-11
     4051.48    2.22074E-11
     4054.22    2.18864E-11
     4056.96    2.16667E-11
     4059.70    2.16697E-11
     4062.44    2.13500E-11
     4065.18    2.10091E-11
     4067.92    2.09036E-11
     4070.66    2.06904E-11
     4073.40    1.98372E-11
     4076.14    1.97555E-11
     4078.88    1.96526E-11
     4081.62    1.96472E-11
     4084.36    1.93136E-11
     4087.10    1.88012E-11
     4089.84    1.79703E-11
     4092.58    1.70292E-11
     4095.32    1.55056E-11
     4098.06    1.33638E-11
     4100.80    1.08421E-11
     4103.54    1.07670E-11
     4106.28    1.32842E-11
     4109.02    1.52384E-11
     4111.76    1.66427E-11
     4114.50    1.77694E-11
     4117.24    1.85180E-11
     4119.98    1.90296E-11
     4122.72    1.95006E-11
     4125.46    1.99711E-11
     4128.20    2.00885E-11
     4130.94    2.00776E-11
     4133.68    2.03194E-11
     4136.42    2.06376E-11
     4139.16    2.09109E-11
     4141.90    2.08718E-11
     4144.64    2.06900E-11
     4147.38    2.09207E-11
     4150.12    2.10494E-11
     4152.86    2.10199E-11
     4155.60    2.09602E-11
     4158.34    2.09373E-11
     4161.08    2.10302E-11
     4163.82    2.11021E-11
     4166.56    2.10912E-11
     4169.30    2.10534E-11
     4172.04    2.08479E-11
     4174.78    2.07154E-11
     4177.52    2.07636E-11
     4180.26    2.08408E-11
     4183.00    2.08471E-11
     4185.74    2.07835E-11
     4188.48    2.08737E-11
     4191.22    2.09393E-11
     4193.96    2.09246E-11
     4196.70    2.07899E-11
     4199.44    2.05770E-11
     4202.18    2.05168E-11
     4204.92    2.08341E-11
     4207.66    2.10318E-11
     4210.40    2.08664E-11
     4213.14    2.06621E-11
     4215.88    2.03891E-11
     4218.62    2.06387E-11
     4221.36    2.05904E-11
     4224.10    2.04076E-11
     4226.84    2.00303E-11
     4229.58    2.02940E-11
     4232.32    2.02604E-11
     4235.06    2.02354E-11
     4237.80    2.04043E-11
     4240.54    2.05871E-11
     4243.28    2.05017E-11
     4246.02    2.02612E-11
     4248.76    2.00399E-11
     4251.50    2.01013E-11
     4254.24    2.01920E-11
     4256.98    2.00640E-11
     4259.72    2.01358E-11
     4262.46    2.03186E-11
     4265.20    2.03522E-11
     4267.94    2.02703E-11
     4270.68    1.97020E-11
     4273.42    1.96625E-11
     4276.16    2.00198E-11
     4278.90    2.02362E-11
     4281.64    2.00281E-11
     4284.38    1.99542E-11
     4287.12    1.97000E-11
     4289.86    1.93929E-11
     4292.60    1.93010E-11
     4295.34    1.93151E-11
     4298.08    1.88806E-11
     4300.82    1.86360E-11
     4303.56    1.86819E-11
     4306.30    1.87288E-11
     4309.04    1.85946E-11
     4311.78    1.85893E-11
     4314.52    1.83626E-11
     4317.26    1.83622E-11
     4320.00    1.80526E-11
     4322.74    1.76811E-11
     4325.48    1.69298E-11
     4328.22    1.65286E-11
     4330.96    1.58463E-11
     4333.70    1.46494E-11
     4336.44    1.26905E-11
     4339.18    1.04050E-11
     4341.92    1.02629E-11
     4344.66    1.24543E-11
     4347.40    1.43145E-11
     4350.14    1.55007E-11
     4352.88    1.63094E-11
     4355.62    1.70934E-11
     4358.36    1.75850E-11
     4361.10    1.81382E-11
     4363.84    1.84812E-11
     4366.58    1.84138E-11
     4369.32    1.85227E-11
     4372.06    1.86744E-11
     4374.80    1.88692E-11
     4377.54    1.90981E-11
     4380.28    1.91479E-11
     4383.02    1.87947E-11
     4385.76    1.89056E-11
     4388.50    1.93065E-11
     4391.24    1.93712E-11
     4393.98    1.91810E-11
     4396.72    1.91575E-11
     4399.46    1.91931E-11
     4402.20    1.91960E-11
     4404.94    1.90145E-11
     4407.68    1.96184E-11
     4410.42    1.94448E-11
     4413.16    1.92420E-11
     4415.90    1.89963E-11
     4418.64    1.90809E-11
     4421.38    1.92784E-11
     4424.12    1.93092E-11
     4426.86    1.92515E-11
     4429.60    1.93307E-11
     4432.34    1.92865E-11
     4435.08    1.92916E-11
     4437.82    1.93373E-11
     4440.56    1.92053E-11
     4443.30    1.89395E-11
     4446.04    1.91425E-11
     4448.78    1.91025E-11
     4451.52    1.91283E-11
     4454.26    1.91354E-11
     4457.00    1.92115E-11
     4459.74    1.92168E-11
     4462.48    1.91562E-11
     4465.22    1.88898E-11
     4467.96    1.87288E-11
     4470.70    1.88962E-11
     4473.44    1.90585E-11
     4476.18    1.90047E-11
     4478.92    1.88103E-11
     4481.66    1.87038E-11
     4484.40    1.89832E-11
     4487.14    1.89835E-11
     4489.88    1.89567E-11
     4492.62    1.88223E-11
     4495.36    1.87875E-11
     4498.10    1.87992E-11
     4500.84    1.86054E-11
     4503.58    1.87358E-11
     4506.32    1.87703E-11
     4509.06    1.88554E-11
     4511.80    1.89247E-11
     4514.54    1.87945E-11
     4517.28    1.86182E-11
     4520.02    1.84407E-11
     4522.76    1.84016E-11
     4525.50    1.85152E-11
     4528.24    1.84900E-11
     4530.98    1.83789E-11
     4533.72    1.83074E-11
     4536.46    1.85720E-11
     4539.20    1.86383E-11
     4541.94    1.85938E-11
     4544.68    1.85380E-11
     4547.42    1.82247E-11
     4550.16    1.80210E-11
     4552.90    1.80232E-11
     4555.64    1.80999E-11
     4558.38    1.82405E-11
     4561.12    1.82847E-11
     4563.86    1.83165E-11
     4566.60    1.83839E-11
     4569.34    1.82606E-11
     4572.08    1.81550E-11
     4574.82    1.82982E-11
     4577.56    1.84034E-11
     4580.30    1.83161E-11
     4583.04    1.80904E-11
     4585.78    1.80718E-11
     4588.52    1.81133E-11
     4591.26    1.81401E-11
     4594.00    1.80928E-11
     4596.74    1.82295E-11
     4599.48    1.83296E-11
     4602.22    1.83136E-11
     4604.96    1.82767E-11
     4607.70    1.82497E-11
     4610.44    1.82302E-11
     4613.18    1.81825E-11
     4615.92    1.81729E-11
     4618.66    1.79930E-11
     4621.40    1.79392E-11
     4624.14    1.80229E-11
     4626.88    1.80386E-11
     4629.62    1.80105E-11
     4632.36    1.79724E-11
     4635.10    1.80269E-11
     4637.84    1.80399E-11
     4640.58    1.79872E-11
     4643.32    1.80098E-11
     4646.06    1.79884E-11
     4648.80    1.80120E-11
     4651.54    1.79129E-11
     4654.28    1.79138E-11
     4657.02    1.79264E-11
     4659.76    1.78994E-11
     4662.50    1.78539E-11
     4665.24    1.77799E-11
     4667.98    1.77478E-11
     4670.72    1.77508E-11
     4673.46    1.77629E-11
     4676.20    1.77802E-11
     4678.94    1.77994E-11
     4681.68    1.77088E-11
     4684.42    1.77351E-11
     4687.16    1.77069E-11
     4689.90    1.77051E-11
     4692.64    1.76383E-11
     4695.38    1.76729E-11
     4698.12    1.76208E-11
     4700.86    1.75145E-11
     4703.60    1.74946E-11
     4706.34    1.76312E-11
     4709.08    1.72282E-11
     4711.82    1.73796E-11
     4714.56    1.75663E-11
     4717.30    1.75661E-11
     4720.04    1.76146E-11
     4722.78    1.76511E-11
     4725.52    1.76047E-11
     4728.26    1.76342E-11
     4731.00    1.75628E-11
     4733.74    1.74521E-11
     4736.48    1.72674E-11
     4739.22    1.72680E-11
     4741.96    1.73336E-11
     4744.70    1.73300E-11
     4747.44    1.73038E-11
     4750.18    1.73317E-11
     4752.92    1.72595E-11
     4755.66    1.71785E-11
     4758.40    1.71577E-11
     4761.14    1.69469E-11
     4763.88    1.69019E-11
     4766.62    1.69513E-11
     4769.36    1.69371E-11
     4772.10    1.68171E-11
     4774.84    1.68649E-11
     4777.58    1.69544E-11
     4780.32    1.69596E-11
     4783.06    1.69640E-11
     4785.80    1.69119E-11
     4788.54    1.69147E-11
     4791.28    1.68956E-11
     4794.02    1.68707E-11
     4796.76    1.68331E-11
     4799.50    1.67027E-11
     4802.24    1.66338E-11
     4804.98    1.66123E-11
     4807.72    1.65983E-11
     4810.46    1.66212E-11
     4813.20    1.65309E-11
     4815.94    1.65161E-11
     4818.68    1.64696E-11
     4821.42    1.63196E-11
     4824.16    1.61836E-11
     4826.90    1.60954E-11
     4829.64    1.60640E-11
     4832.38    1.59499E-11
     4835.12    1.56861E-11
     4837.86    1.55283E-11
     4840.60    1.53666E-11
     4843.34    1.49953E-11
     4846.08    1.46154E-11
     4848.82    1.41887E-11
     4851.56    1.35787E-11
     4854.30    1.26050E-11
     4857.04    1.11309E-11
     4859.78    9.45226E-12
     4862.52    9.36436E-12
     4865.26    1.08505E-11
     4868.00    1.22963E-11
     4870.74    1.32176E-11
     4873.48    1.39008E-11
     4876.22    1.44138E-11
     4878.96    1.47699E-11
     4881.70    1.50447E-11
     4884.44    1.52479E-11
     4887.18    1.54021E-11
     4889.92    1.54131E-11
     4892.66    1.54900E-11
     4895.40    1.57213E-11
     4898.14    1.58662E-11
     4900.88    1.58766E-11
     4903.62    1.59232E-11
     4906.36    1.60654E-11
     4909.10    1.60516E-11
     4911.84    1.61872E-11
     4914.58    1.61664E-11
     4917.32    1.58957E-11
     4920.06    1.57523E-11
     4922.80    1.56873E-11
     4925.54    1.58225E-11
     4928.28    1.59850E-11
     4931.02    1.59518E-11
     4933.76    1.59526E-11
     4936.50    1.59944E-11
     4939.24    1.60190E-11
     4941.98    1.60726E-11
     4944.72    1.60819E-11
     4947.46    1.60878E-11
     4950.20    1.60833E-11
     4952.94    1.59983E-11
     4955.68    1.58643E-11
     4958.42    1.57839E-11
     4961.16    1.58517E-11
     4963.90    1.59353E-11
     4966.64    1.59395E-11
     4969.38    1.59266E-11
     4972.12    1.59490E-11
     4974.86    1.58957E-11
     4977.60    1.58841E-11
     4980.34    1.58438E-11
     4983.08    1.57233E-11
     4985.82    1.57447E-11
     4988.56    1.58105E-11
     4991.30    1.58326E-11
     4994.04    1.58385E-11
     4996.78    1.57945E-11
     4999.52    1.56676E-11
     5002.26    1.56375E-11
     5005.00    1.56115E-11
     5007.74    1.55580E-11
     5010.48    1.55455E-11
     5013.22    1.55222E-11
     5015.96    1.53933E-11
     5018.70    1.52957E-11
     5021.44    1.54516E-11
     5024.18    1.55848E-11
     5026.92    1.55664E-11
     5029.66    1.55507E-11
     5032.40    1.55780E-11
     5035.14    1.55181E-11
     5037.88    1.53534E-11
     5040.62    1.51762E-11
     5043.36    1.52502E-11
     5046.10    1.54211E-11
     5048.84    1.53629E-11
     5051.58    1.52858E-11
     5054.32    1.53154E-11
     5057.06    1.53662E-11
     5059.80    1.53642E-11
     5062.54    1.54266E-11
     5065.28    1.53409E-11
     5068.02    1.52421E-11
     5070.76    1.52970E-11
     5073.50    1.52807E-11
     5076.24    1.52441E-11
     5078.98    1.52352E-11
     5081.72    1.52862E-11
     5084.46    1.52674E-11
     5087.20    1.52343E-11
     5089.94    1.52507E-11
     5092.68    1.52885E-11
     5095.42    1.52689E-11
     5098.16    1.51826E-11
     5100.90    1.52531E-11
     5103.64    1.52665E-11
     5106.38    1.51531E-11
     5109.12    1.51260E-11
     5111.86    1.50892E-11
     5114.60    1.51019E-11
     5117.34    1.51741E-11
     5120.08    1.51288E-11
     5122.82    1.50795E-11
     5125.56    1.50636E-11
     5128.30    1.50434E-11
     5131.04    1.50065E-11
     5133.78    1.49244E-11
     5136.52    1.48878E-11
     5139.26    1.48275E-11
     5142.00    1.48971E-11
     5144.74    1.49898E-11
     5147.48    1.50072E-11
     5150.22    1.49571E-11
     5152.96    1.49171E-11
     5155.70    1.49388E-11
     5158.44    1.49112E-11
     5161.18    1.48200E-11
     5163.92    1.46275E-11
     5166.66    1.42580E-11
     5169.40    1.40556E-11
     5172.14    1.41815E-11
     5174.88    1.44141E-11
     5177.62    1.46879E-11
     5180.36    1.46222E-11
     5183.10    1.43936E-11
     5185.84    1.43885E-11
     5188.58    1.45235E-11
     5191.32    1.45371E-11
     5194.06    1.45462E-11
     5196.80    1.45994E-11
     5199.54    1.46343E-11
     5202.28    1.46262E-11
     5205.02    1.45334E-11
     5207.76    1.44877E-11
     5210.50    1.45389E-11
     5213.24    1.45692E-11
     5215.98    1.45723E-11
     5218.72    1.46035E-11
     5221.46    1.45618E-11
     5224.20    1.43997E-11
     5226.94    1.43322E-11
     5229.68    1.43979E-11
     5232.42    1.43552E-11
     5235.16    1.42532E-11
     5237.90    1.43976E-11
     5240.64    1.45085E-11
     5243.38    1.44900E-11
     5246.12    1.44681E-11
     5248.86    1.44818E-11
     5251.60    1.44134E-11
     5254.34    1.44064E-11
     5257.08    1.44581E-11
     5259.82    1.43936E-11
     5262.56    1.42347E-11
     5265.30    1.41542E-11
     5268.04    1.40140E-11
     5270.78    1.39317E-11
     5273.52    1.41022E-11
     5276.26    1.41186E-11
     5279.00    1.41589E-11
     5281.74    1.42036E-11
     5284.48    1.42090E-11
     5287.22    1.42485E-11
     5289.96    1.43147E-11
     5292.70    1.42974E-11
     5295.44    1.42284E-11
     5298.18    1.42498E-11
     5300.92    1.42135E-11
     5303.66    1.41789E-11
     5306.40    1.41868E-11
     5309.14    1.41802E-11
     5311.88    1.41144E-11
     5314.62    1.40265E-11
     5317.36    1.40203E-11
     5320.10    1.40633E-11
     5322.84    1.39620E-11
     5325.58    1.38661E-11
     5328.32    1.37984E-11
     5331.06    1.39501E-11
     5333.80    1.41167E-11
     5336.54    1.39952E-11
     5339.28    1.39258E-11
     5342.02    1.39881E-11
     5344.76    1.40063E-11
     5347.50    1.39090E-11
     5350.24    1.38588E-11
     5352.98    1.38752E-11
     5355.72    1.38829E-11
     5358.46    1.38666E-11
     5361.20    1.38452E-11
     5363.94    1.37199E-11
     5366.68    1.37288E-11
     5369.42    1.36981E-11
     5372.16    1.36220E-11
     5374.90    1.37213E-11
     5377.64    1.37286E-11
     5380.38    1.36578E-11
     5383.12    1.36360E-11
     5385.86    1.36802E-11
     5388.60    1.37098E-11
     5391.34    1.36968E-11
     5394.08    1.36240E-11
     5396.82    1.35500E-11
     5399.56    1.35541E-11
     5402.30    1.35407E-11
     5405.04    1.35071E-11
     5407.78    1.35460E-11
     5410.52    1.35483E-11
     5413.26    1.35118E-11
     5416.00    1.35275E-11
     5418.74    1.35487E-11
     5421.48    1.34579E-11
     5424.22    1.33766E-11
     5426.96    1.34182E-11
     5429.70    1.34342E-11
     5432.44    1.33542E-11
     5435.18    1.33304E-11
     5437.92    1.34082E-11
     5440.66    1.34507E-11
     5443.40    1.33983E-11
     5446.14    1.33517E-11
     5448.88    1.33435E-11
     5451.62    1.33567E-11
     5454.36    1.33520E-11
     5457.10    1.33194E-11
     5459.84    1.33415E-11
     5462.58    1.33430E-11
     5465.32    1.33728E-11
     5468.06    1.33142E-11
     5470.80    1.33329E-11
     5473.54    1.33148E-11
     5476.28    1.32755E-11
     5479.02    1.32815E-11
     5481.76    1.32995E-11
     5484.50    1.32896E-11
     5487.24    1.32508E-11
     5489.98    1.32496E-11
     5492.72    1.32345E-11
     5495.46    1.32546E-11
     5498.20    1.31862E-11
     5500.94    1.30909E-11
     5503.68    1.31021E-11
     5506.42    1.31187E-11
     5509.16    1.30786E-11
     5511.90    1.30763E-11
     5514.64    1.30522E-11
     5517.38    1.30502E-11
     5520.12    1.30688E-11
     5522.86    1.30720E-11
     5525.60    1.30333E-11
     5528.34    1.29296E-11
     5531.08    1.29339E-11
     5533.82    1.30296E-11
     5536.56    1.30793E-11
     5539.30    1.29835E-11
     5542.04    1.29629E-11
     5544.78    1.29910E-11
     5547.52    1.29850E-11
     5550.26    1.30098E-11
     5553.00    1.29904E-11
     5555.74    1.29892E-11
     5558.48    1.29253E-11
     5561.22    1.28953E-11
     5563.96    1.29353E-11
     5566.70    1.29035E-11
     5569.44    1.28507E-11
     5572.18    1.28262E-11
     5574.92    1.27935E-11
     5577.66    1.28648E-11
     5580.40    1.28222E-11
     5583.14    1.28170E-11
     5585.88    1.27540E-11
     5588.62    1.27467E-11
     5591.36    1.27427E-11
     5594.10    1.27516E-11
     5596.84    1.27533E-11
     5599.58    1.27366E-11
     5602.32    1.27160E-11
     5605.06    1.27104E-11
     5607.80    1.26907E-11
     5610.54    1.27264E-11
     5613.28    1.26655E-11
     5616.02    1.26414E-11
     5618.76    1.26632E-11
     5621.50    1.26245E-11
     5624.24    1.26623E-11
     5626.98    1.26371E-11
     5629.72    1.28198E-11
     5632.46    1.29020E-11
     5635.20    1.26357E-11
     5637.94    1.26622E-11
     5640.68    1.26512E-11
     5643.42    1.25370E-11
     5646.16    1.24797E-11
     5648.90    1.26475E-11
     5651.64    1.24887E-11
     5654.38    1.24175E-11
     5657.12    1.23867E-11
     5659.86    1.24063E-11
     5662.60    1.23883E-11
     5665.34    1.23493E-11
     5668.08    1.23285E-11
     5670.82    1.23241E-11
     5673.56    1.23754E-11
     5676.30    1.23906E-11
     5679.04    1.22959E-11
     5681.78    1.22566E-11
     5684.52    1.22761E-11
     5687.26    1.22983E-11
     5690.00    1.23209E-11
     5692.74    1.22647E-11
     5695.48    1.21919E-11
     5698.22    1.21479E-11
     5700.96    1.21064E-11
     5703.70    1.20630E-11
     5706.44    1.20262E-11
     5709.18    1.19944E-11
     5711.92    1.20167E-11
     5714.66    1.20572E-11
     5717.40    1.20635E-11
     5720.14    1.20511E-11
     5722.88    1.20005E-11
     5725.62    1.19953E-11
     5728.36    1.20556E-11
     5731.10    1.20369E-11
     5733.84    1.19862E-11
     5736.58    1.20225E-11
     5739.32    1.20732E-11
     5742.06    1.20921E-11
     5744.80    1.20869E-11
     5747.54    1.20497E-11
     5750.28    1.20056E-11
     5753.02    1.19491E-11
     5755.76    1.19457E-11
     5758.50    1.19706E-11
     5761.24    1.20204E-11
     5763.98    1.20335E-11
     5766.72    1.19292E-11
     5769.46    1.18930E-11
     5772.20    1.19518E-11
     5774.94    1.19834E-11
     5777.68    1.20052E-11
     5780.42    1.19421E-11
     5783.16    1.18767E-11
     5785.90    1.19263E-11
     5788.64    1.19389E-11
     5791.38    1.18534E-11
     5794.12    1.18027E-11
     5796.86    1.17736E-11
     5799.60    1.17793E-11
     5802.34    1.18074E-11
     5805.08    1.18448E-11
     5807.82    1.18590E-11
     5810.56    1.18068E-11
     5813.30    1.17666E-11
     5816.04    1.17416E-11
     5818.78    1.17383E-11
     5821.52    1.17503E-11
     5824.26    1.17233E-11
     5827.00    1.16928E-11
     5829.74    1.16946E-11
     5832.48    1.17058E-11
     5835.22    1.17423E-11
     5837.96    1.17134E-11
     5840.70    1.16160E-11
     5843.44    1.15787E-11
     5846.18    1.15662E-11
     5848.92    1.15611E-11
     5851.66    1.15519E-11
     5854.40    1.15141E-11
     5857.14    1.14971E-11
     5859.88    1.15568E-11
     5862.62    1.14116E-11
     5865.36    1.11392E-11
     5868.10    1.12502E-11
     5870.84    1.14562E-11
     5873.58    1.14546E-11
     5876.32    1.14280E-11
     5879.06    1.14379E-11
     5881.80    1.13635E-11
     5884.54    1.11908E-11
     5887.28    1.10965E-11
     5890.02    1.10459E-11
     5892.76    1.10599E-11
     5895.50    1.11199E-11
     5898.24    1.12313E-11
     5900.98    1.13301E-11
     5903.72    1.14318E-11
     5906.46    1.14117E-11
     5909.20    1.12971E-11
     5911.94    1.13041E-11
     5914.68    1.13396E-11
     5917.42    1.13219E-11
     5920.16    1.12848E-11
     5922.90    1.12170E-11
     5925.64    1.11851E-11
     5928.38    1.11935E-11
     5931.12    1.11934E-11
     5933.86    1.11950E-11
     5936.60    1.12015E-11
     5939.34    1.12058E-11
     5942.08    1.11999E-11
     5944.82    1.11917E-11
     5947.56    1.11851E-11
     5950.30    1.11628E-11
     5953.04    1.11267E-11
     5955.78    1.11451E-11
     5958.52    1.11706E-11
     5961.26    1.11138E-11
     5964.00    1.10652E-11
     5966.74    1.10701E-11
     5969.48    1.10772E-11
     5972.22    1.10912E-11
     5974.96    1.10738E-11
     5977.70    1.10457E-11
     5980.44    1.11053E-11
     5983.18    1.11641E-11
     5985.92    1.11357E-11
     5988.66    1.10889E-11
     5991.40    1.10081E-11
     5994.14    1.10155E-11
     5996.88    1.11019E-11
     5999.62    1.10414E-11
     6002.36    1.09475E-11
     6005.10    1.10221E-11
     6007.84    1.10648E-11
     6010.58    1.09365E-11
     6013.32    1.08646E-11
     6016.06    1.08746E-11
     6018.80    1.08481E-11
     6021.54    1.08140E-11
     6024.28    1.08398E-11
     6027.02    1.08780E-11
     6029.76    1.08902E-11
     6032.50    1.08822E-11
     6035.24    1.08351E-11
     6037.98    1.08273E-11
     6040.72    1.08550E-11
     6043.46    1.08457E-11
     6046.20    1.08215E-11
     6048.94    1.08022E-11
     6051.68    1.07752E-11
     6054.42    1.07138E-11
     6057.16    1.07076E-11
     6059.90    1.07982E-11
     6062.64    1.07996E-11
     6065.38    1.07551E-11
     6068.12    1.07228E-11
     6070.86    1.07092E-11
     6073.60    1.07782E-11
     6076.34    1.08026E-11
     6079.08    1.07030E-11
     6081.82    1.06748E-11
     6084.56    1.07117E-11
     6087.30    1.07226E-11
     6090.04    1.07245E-11
     6092.78    1.07076E-11
     6095.52    1.06808E-11
     6098.26    1.06413E-11
     6101.00    1.06187E-11
     6103.74    1.06229E-11
     6106.48    1.06245E-11
     6109.22    1.06268E-11
     6111.96    1.05770E-11
     6114.70    1.05249E-11
     6117.44    1.05538E-11
     6120.18    1.05732E-11
     6122.92    1.05442E-11
     6125.66    1.05254E-11
     6128.40    1.05187E-11
     6131.14    1.04745E-11
     6133.88    1.04191E-11
     6136.62    1.04341E-11
     6139.36    1.04555E-11
     6142.10    1.04398E-11
     6144.84    1.04174E-11
     6147.58    1.03796E-11
     6150.32    1.03829E-11
     6153.06    1.04156E-11
     6155.80    1.03772E-11
     6158.54    1.03209E-11
     6161.28    1.03121E-11
     6164.02    1.03042E-11
     6166.76    1.02758E-11
     6169.50    1.02650E-11
     6172.24    1.02668E-11
     6174.98    1.03242E-11
     6177.72    1.04058E-11
     6180.46    1.03787E-11
     6183.20    1.03338E-11
     6185.94    1.03422E-11
     6188.68    1.03377E-11
     6191.42    1.03037E-11
     6194.16    1.02798E-11
     6196.90    1.02608E-11
     6199.64    1.02638E-11
     6202.38    1.02728E-11
     6205.12    1.02521E-11
     6207.86    1.02393E-11
     6210.60    1.02629E-11
     6213.34    1.02624E-11
     6216.08    1.02351E-11
     6218.82    1.01918E-11
     6221.56    1.01379E-11
     6224.30    1.01241E-11
     6227.04    1.01265E-11
     6229.78    1.01405E-11
     6232.52    1.01400E-11
     6235.26    1.01079E-11
     6238.00    1.00942E-11
     6240.74    1.00950E-11
     6243.48    1.00493E-11
     6246.22    1.00002E-11
     6248.96    1.00491E-11
     6251.70    1.00869E-11
     6254.44    1.00382E-11
     6257.18    1.00168E-11
     6259.92    1.00425E-11
     6262.66    1.00179E-11
     6265.40    9.96903E-12
     6268.14    9.95680E-12
     6270.88    9.96079E-12
     6273.62    9.97739E-12
     6276.36    9.99753E-12
     6279.10    1.00205E-11
     6281.84    1.00397E-11
     6284.58    1.00603E-11
     6287.32    1.00059E-11
     6290.06    9.92163E-12
     6292.80    9.89508E-12
     6295.54    9.88810E-12
     6298.28    9.90272E-12
     6301.02    9.89316E-12
     6303.76    9.83967E-12
     6306.50    9.82544E-12
     6309.24    9.83225E-12
     6311.98    9.84237E-12
     6314.72    9.85227E-12
     6317.46    9.85105E-12
     6320.20    9.83775E-12
     6322.94    9.80251E-12
     6325.68    9.78234E-12
     6328.42    9.77587E-12
     6331.16    9.76972E-12
     6333.90    9.76153E-12
     6336.64    9.72545E-12
     6339.38    9.69068E-12
     6342.12    9.67247E-12
     6344.86    9.67764E-12
     6347.60    9.72455E-12
     6350.34    9.73148E-12
     6353.08    9.71478E-12
     6355.82    9.68832E-12
     6358.56    9.66170E-12
     6361.30    9.66735E-12
     6364.04    9.66330E-12
     6366.78    9.62040E-12
     6369.52    9.61088E-12
     6372.26    9.63999E-12
     6375.00    9.62885E-12
     6377.74    9.60282E-12
     6380.48    9.60279E-12
     6383.22    9.60412E-12
     6385.96    9.58878E-12
     6388.70    9.58069E-12
     6391.44    9.58789E-12
     6394.18    9.58543E-12
     6396.92    9.57719E-12
     6399.66    9.55652E-12
     6402.40    9.53475E-12
     6405.14    9.53920E-12
     6407.88    9.53597E-12
     6410.62    9.49905E-12
     6413.36    9.48890E-12
     6416.10    9.50980E-12
     6418.84    9.52275E-12
     6421.58    9.53385E-12
     6424.32    9.53484E-12
     6427.06    9.52362E-12
     6429.80    9.48616E-12
     6432.54    9.46007E-12
     6435.28    9.45833E-12
     6438.02    9.44939E-12
     6440.76    9.43703E-12
     6443.50    9.44294E-12
     6446.24    9.45114E-12
     6448.98    9.43304E-12
     6451.72    9.40816E-12
     6454.46    9.37381E-12
     6457.20    9.36619E-12
     6459.94    9.39288E-12
     6462.68    9.41295E-12
     6465.42    9.42872E-12
     6468.16    9.38382E-12
     6470.90    9.33408E-12
     6473.64    9.34427E-12
     6476.38    9.34313E-12
     6479.12    9.30551E-12
     6481.86    9.29185E-12
     6484.60    9.29687E-12
     6487.34    9.29059E-12
     6490.08    9.27671E-12
     6492.82    9.23942E-12
     6495.56    9.20695E-12
     6498.30    9.19698E-12
     6501.04    9.19597E-12
     6503.78    9.20920E-12
     6506.52    9.20899E-12
     6509.26    9.19913E-12
     6512.00    9.15128E-12
     6514.74    9.09315E-12
     6517.48    9.04433E-12
     6520.22    9.02766E-12
     6522.96    9.08763E-12
     6525.70    9.05955E-12
     6528.44    8.95032E-12
     6531.18    8.89939E-12
     6533.92    8.85951E-12
     6536.66    8.77092E-12
     6539.40    8.67975E-12
     6542.14    8.63591E-12
     6544.88    8.52043E-12
     6547.62    8.31623E-12
     6550.36    8.07489E-12
     6553.10    7.78383E-12
     6555.84    7.34875E-12
     6558.58    6.90365E-12
     6561.32    6.55083E-12
     6564.06    6.48923E-12
     6566.80    6.92183E-12
     6569.54    7.31371E-12
     6572.28    7.71241E-12
     6575.02    8.01216E-12
     6577.76    8.24194E-12
     6580.50    8.39150E-12
     6583.24    8.49636E-12
     6585.98    8.57916E-12
     6588.72    8.65090E-12
     6591.46    8.72071E-12
     6594.20    8.75145E-12
     6596.94    8.75191E-12
     6599.68    8.77622E-12
     6602.42    8.80702E-12
     6605.16    8.84415E-12
     6607.90    8.86478E-12
     6610.64    8.84517E-12
     6613.38    8.84914E-12
     6616.12    8.88096E-12
     6618.86    8.87422E-12
     6621.60    8.85434E-12
     6624.34    8.88395E-12
     6627.08    8.90821E-12
     6629.82    8.87771E-12
     6632.56    8.85407E-12
     6635.30    8.86893E-12
     6638.04    8.78964E-12
     6640.78    8.64034E-12
     6643.52    8.73513E-12
     6646.26    8.89121E-12
     6649.00    8.86497E-12
     6651.74    8.81536E-12
     6654.48    8.78072E-12
     6657.22    8.77160E-12
     6659.96    8.79357E-12
     6662.70    8.80434E-12
     6665.44    8.81159E-12
     6668.18    8.80959E-12
     6670.92    8.79585E-12
     6673.66    8.75651E-12
     6676.40    8.72911E-12
     6679.14    8.72484E-12
     6681.88    8.72265E-12
     6684.62    8.72513E-12
     6687.36    8.72582E-12
     6690.10    8.72454E-12
     6692.84    8.71539E-12
     6695.58    8.70542E-12
     6698.32    8.70054E-12
     6701.06    8.68794E-12
     6703.80    8.66533E-12
     6706.54    8.64539E-12
     6709.28    8.62634E-12
     6712.02    8.59267E-12
     6714.76    8.60588E-12
     6717.50    8.81842E-12
     6720.24    8.90113E-12
     6722.98    8.69541E-12
     6725.72    8.60936E-12
     6728.46    8.60122E-12
     6731.20    8.60830E-12
     6733.94    8.62748E-12
     6736.68    8.61032E-12
     6739.42    8.59048E-12
     6742.16    8.58382E-12
     6744.90    8.57564E-12
     6747.64    8.56909E-12
     6750.38    8.54090E-12
     6753.12    8.50117E-12
     6755.86    8.50243E-12
     6758.60    8.51877E-12
     6761.34    8.53914E-12
     6764.08    8.54533E-12
     6766.82    8.52566E-12
     6769.56    8.50259E-12
     6772.30    8.47246E-12
     6775.04    8.46454E-12
     6777.78    8.46238E-12
     6780.52    8.42689E-12
     6783.26    8.39607E-12
     6786.00    8.39478E-12
     6788.74    8.39896E-12
     6791.48    8.41316E-12
     6794.22    8.40889E-12
     6796.96    8.39347E-12
     6799.70    8.38067E-12
     6802.44    8.37107E-12
     6805.18    8.37351E-12
     6807.92    8.37696E-12
     6810.66    8.38349E-12
     6813.40    8.37015E-12
     6816.14    8.33466E-12
     6818.88    8.31929E-12
     6821.62    8.31275E-12
     6824.36    8.31180E-12
     6827.10    8.30605E-12
     6829.84    8.27607E-12
     6832.58    8.26337E-12
     6835.32    8.28661E-12
     6838.06    8.27411E-12
     6840.80    8.24015E-12
     6843.54    8.22715E-12
     6846.28    8.22013E-12
     6849.02    8.21097E-12
     6851.76    8.20132E-12
     6854.50    8.19220E-12
     6857.24    8.17693E-12
     6859.98    8.15110E-12
     6862.72    8.15731E-12
     6865.46    8.17907E-12
     6868.20    8.18486E-12
     6870.94    8.18215E-12
     6873.68    8.16616E-12
     6876.42    8.15223E-12
     6879.16    8.13898E-12
     6881.90    8.13713E-12
     6884.64    8.14515E-12
     6887.38    8.29212E-12
     6890.12    8.43760E-12
     6892.86    8.29151E-12
     6895.60    8.14946E-12
     6898.34    8.15622E-12
     6901.08    8.11838E-12
     6903.82    8.01508E-12
     6906.56    8.02167E-12
     6909.30    8.08124E-12
     6912.04    8.07276E-12
     6914.78    8.04887E-12
     6917.52    8.02565E-12
     6920.26    8.02210E-12
     6923.00    8.06336E-12
     6925.74    8.05259E-12
     6928.48    8.00125E-12
     6931.22    8.00777E-12
     6933.96    8.02611E-12
     6936.70    7.98646E-12
     6939.44    7.95724E-12
     6942.18    7.98348E-12
     6944.92    7.98700E-12
     6947.66    7.95696E-12
     6950.40    7.95666E-12
     6953.14    7.96926E-12
     6955.88    7.96306E-12
     6958.62    7.95167E-12
     6961.36    7.94033E-12
     6964.10    7.93274E-12
     6966.84    7.93623E-12
     6969.58    7.92143E-12
     6972.32    7.88914E-12
     6975.06    7.89859E-12
     6977.80    7.92226E-12
     6980.54    7.91936E-12
     6983.28    7.91049E-12
     6986.02    7.90166E-12
     6988.76    7.89134E-12
     6991.50    7.87814E-12
     6994.24    7.87024E-12
     6996.98    7.86512E-12
     6999.72    7.85477E-12
     7002.46    7.84194E-12
     7005.20    7.82531E-12
     7007.94    7.81322E-12
     7010.68    7.80501E-12
     7013.42    7.81680E-12
     7016.16    7.85230E-12
     7018.90    7.83349E-12
     7021.64    7.79293E-12
     7024.38    7.77870E-12
     7027.12    7.77456E-12
     7029.86    7.78938E-12
     7032.60    7.77941E-12
     7035.34    7.72197E-12
     7038.08    7.71074E-12
     7040.82    7.72607E-12
     7043.56    7.76190E-12
     7046.30    7.79495E-12
     7049.04    7.77386E-12
     7051.78    7.75319E-12
     7054.52    7.75161E-12
     7057.26    7.74829E-12
     7060.00    7.74482E-12
     7062.74    7.73713E-12
     7065.48    7.72244E-12
     7068.22    7.67112E-12
     7070.96    7.63499E-12
     7073.70    7.67218E-12
     7076.44    7.69156E-12
     7079.18    7.67824E-12
     7081.92    7.66012E-12
     7084.66    7.63438E-12
     7087.40    7.63653E-12
     7090.14    7.64219E-12
     7092.88    7.61569E-12
     7095.62    7.59111E-12
     7098.36    7.58114E-12
     7101.10    7.57374E-12
     7103.84    7.57268E-12
     7106.58    7.54869E-12
     7109.32    7.51134E-12
     7112.06    7.46371E-12
     7114.80    7.43505E-12
     7117.54    7.47489E-12
     7120.28    7.49675E-12
     7123.02    7.47200E-12
     7125.76    7.48363E-12
     7128.50    7.51927E-12
     7131.24    7.53202E-12
     7133.98    7.53511E-12
     7136.72    7.52774E-12
     7139.46    7.52678E-12
     7142.20    7.55676E-12
     7144.94    7.54681E-12
     7147.68    7.48446E-12
     7150.42    7.46417E-12
     7153.16    7.46074E-12
     7155.90    7.43800E-12
     7158.64    7.42088E-12
     7161.38    7.44935E-12
     7164.12    7.43150E-12
     7166.86    7.29957E-12
     7169.60    7.29631E-12
     7172.34    7.39338E-12
     7175.08    7.41379E-12
     7177.82    7.41029E-12
     7180.56    7.39899E-12
     7183.30    7.41300E-12
     7186.04    7.52375E-12
     7188.78    7.51906E-12
     7191.52    7.34211E-12
     7194.26    7.32250E-12
     7197.00    7.37413E-12
     7199.74    7.35462E-12
     7202.48    7.32420E-12
     7205.22    7.31016E-12
     7207.96    7.31226E-12
     7210.70    7.34936E-12
     7213.44    7.34305E-12
     7216.18    7.29789E-12
     7218.92    7.30589E-12
     7221.66    7.33082E-12
     7224.40    7.32770E-12
     7227.14    7.31753E-12
     7229.88    7.30294E-12
     7232.62    7.29470E-12
     7235.36    7.29406E-12
     7238.10    7.29985E-12
     7240.84    7.30978E-12
     7243.58    7.29782E-12
     7246.32    7.27573E-12
     7249.06    7.24302E-12
     7251.80    7.22638E-12
     7254.54    7.24164E-12
     7257.28    7.25578E-12
     7260.02    7.27316E-12
     7262.76    7.27138E-12
     7265.50    7.25760E-12
     7268.24    7.23090E-12
     7270.98    7.21162E-12
     7273.72    7.22036E-12
     7276.46    7.23214E-12
     7279.20    7.25105E-12
     7281.94    7.25102E-12
     7284.68    7.23740E-12
     7287.42    7.19872E-12
     7290.16    7.15281E-12
     7292.90    7.11944E-12
     7295.64    7.10762E-12
     7298.38    7.13320E-12
     7301.12    7.15123E-12
     7303.86    7.16476E-12
     7306.60    7.17301E-12
     7309.34    7.17473E-12
     7312.08    7.15762E-12
     7314.82    7.13990E-12
     7317.56    7.13817E-12
     7320.30    7.13468E-12
     7323.04    7.12236E-12
     7325.78    7.13158E-12
     7328.52    7.15523E-12
     7331.26    7.12305E-12
     7334.00    7.07946E-12
     7336.74    7.08397E-12
     7339.48    7.08907E-12
     7342.22    7.07979E-12
     7344.96    7.06633E-12
     7347.70    7.04816E-12
     7350.44    7.02236E-12
     7353.18    6.99869E-12
     7355.92    7.03267E-12
     7358.66    7.07498E-12
     7361.40    7.09447E-12
     7364.14    7.08924E-12
     7366.88    7.03940E-12
     7369.62    7.03048E-12
     7372.36    7.04892E-12
     7375.10    7.03184E-12
     7377.84    7.01169E-12
     7380.58    7.04426E-12
     7383.32    7.05390E-12
     7386.06    6.98757E-12
     7388.80    6.94659E-12
     7391.54    6.93346E-12
     7394.28    6.92498E-12
     7397.02    6.92392E-12
     7399.76    6.92342E-12
     7402.50    6.92550E-12
     7405.24    6.93487E-12
     7407.98    6.93464E-12
     7410.72    6.91543E-12
     7413.46    6.90605E-12
     7416.20    6.90332E-12
     7418.94    6.88210E-12
     7421.68    6.86252E-12
     7424.42    6.89139E-12
     7427.16    6.91818E-12
     7429.90    6.91990E-12
     7432.64    6.90544E-12
     7435.38    6.86647E-12
     7438.12    6.85211E-12
     7440.86    6.85040E-12
     7443.60    6.85356E-12
     7446.34    6.85626E-12
     7449.08    6.84743E-12
     7451.82    6.83633E-12
     7454.56    6.82137E-12
     7457.30    6.81746E-12
     7460.04    6.82438E-12
     7462.78    6.81052E-12
     7465.52    6.79004E-12
     7468.26    6.78618E-12
     7471.00    6.78107E-12
     7473.74    6.76170E-12
     7476.48    6.75158E-12
     7479.22    6.75507E-12
     7481.96    6.75491E-12
     7484.70    6.75433E-12
     7487.44    6.75508E-12
     7490.18    6.74948E-12
     7492.92    6.71316E-12
     7495.66    6.70025E-12
     7498.40    6.74980E-12
     7501.14    6.75213E-12
     7503.88    6.71187E-12
     7506.62    6.68015E-12
     7509.36    6.65472E-12
     7512.10    6.67636E-12
     7514.84    6.69854E-12
     7517.58    6.68467E-12
     7520.32    6.67884E-12
     7523.06    6.67532E-12
     7525.80    6.72710E-12
     7528.54    6.81374E-12
     7531.28    6.75389E-12
     7534.02    6.65678E-12
     7536.76    6.63355E-12
     7539.50    6.63199E-12
     7542.24    6.66578E-12
     7544.98    6.64239E-12
     7547.72    6.55260E-12
     7550.46    6.55090E-12
     7553.20    6.58536E-12
     7555.94    6.57723E-12
     7558.68    6.57026E-12
     7561.42    6.60056E-12
     7564.16    6.59900E-12
     7566.90    6.53399E-12
     7569.64    6.52380E-12
     7572.38    6.54633E-12
     7575.12    6.52359E-12
     7577.86    6.49903E-12
     7580.60    6.53016E-12
     7583.34    6.56304E-12
     7586.08    6.58881E-12
     7588.82    6.57588E-12
     7591.56    6.51220E-12
     7594.30    6.50950E-12
     7597.04    6.53013E-12
     7599.78    6.50208E-12
     7602.52    6.46764E-12
     7605.26    6.45101E-12
     7608.00    6.44182E-12
     7610.74    6.44360E-12
     7613.48    6.43715E-12
     7616.22    6.42550E-12
     7618.96    6.43226E-12
     7621.70    6.44533E-12
     7624.44    6.45070E-12
     7627.18    6.45256E-12
     7629.92    6.45391E-12
     7632.66    6.44155E-12
     7635.40    6.40691E-12
     7638.14    6.41119E-12
     7640.88    6.43439E-12
     7643.62    6.43270E-12
     7646.36    6.42510E-12
     7649.10    6.42509E-12
     7651.84    6.41175E-12
     7654.58    6.37011E-12
     7657.32    6.35380E-12
     7660.06    6.35713E-12
     7662.80    6.33034E-12
     7665.54    6.30281E-12
     7668.28    6.33228E-12
     7671.02    6.35983E-12
     7673.76    6.35275E-12
     7676.50    6.34657E-12
     7679.24    6.34023E-12
     7681.98    6.34444E-12
     7684.72    6.35438E-12
     7687.46    6.35343E-12
     7690.20    6.34444E-12
     7692.94    6.32434E-12
     7695.68    6.29833E-12
     7698.42    6.26171E-12
     7701.16    6.24040E-12
     7703.90    6.23178E-12
     7706.64    6.22974E-12
     7709.38    6.23562E-12
     7712.12    6.25276E-12
     7714.86    6.27083E-12
     7717.60    6.28419E-12
     7720.34    6.29130E-12
     7723.08    6.30154E-12
     7725.82    6.25650E-12
     7728.56    6.17814E-12
     7731.30    6.19043E-12
     7734.04    6.21886E-12
     7736.78    6.19089E-12
     7739.52    6.15923E-12
     7742.26    6.12643E-12
     7745.00    6.12541E-12
     7747.74    6.15789E-12
     7750.48    6.16341E-12
     7753.22    6.15684E-12
     7755.96    6.13462E-12
     7758.70    6.12154E-12
     7761.44    6.15512E-12
     7764.18    6.15575E-12
     7766.92    6.11621E-12
     7769.66    6.02825E-12
     7772.40    5.90383E-12
     7775.14    5.92691E-12
     7777.88    6.00104E-12
     7780.62    6.04220E-12
     7783.36    6.07348E-12
     7786.10    6.10016E-12
     7788.84    6.09383E-12
     7791.58    6.04851E-12
     7794.32    6.03594E-12
     7797.06    6.03941E-12
     7799.80    6.06504E-12
     7802.54    6.08452E-12
     7805.28    6.05835E-12
     7808.02    6.05441E-12
     7810.76    6.09119E-12
     7813.50    6.11693E-12
     7816.24    6.13954E-12
     7818.98    6.14838E-12
     7821.72    6.14487E-12
     7824.46    6.12095E-12
     7827.20    6.09720E-12
     7829.94    6.08552E-12
     7832.68    6.06888E-12
     7835.42    6.04752E-12
     7838.16    6.02017E-12
     7840.90    5.99204E-12
     7843.64    5.99600E-12
     7846.38    5.99698E-12
     7849.12    5.95325E-12
     7851.86    5.93005E-12
     7854.60    5.94403E-12
     7857.34    5.96353E-12
     7860.08    5.99284E-12
     7862.82    5.96703E-12
     7865.56    5.92343E-12
     7868.30    5.91404E-12
     7871.04    5.90814E-12
     7873.78    5.89079E-12
     7876.52    5.89181E-12
     7879.26    5.91405E-12
     7882.00    5.94041E-12
     7884.74    5.97111E-12
     7887.48    5.98891E-12
     7890.22    5.99121E-12
     7892.96    5.95902E-12
     7895.70    5.93562E-12
     7898.44    5.93975E-12
     7901.18    5.92204E-12
     7903.92    5.88721E-12
     7906.66    5.87310E-12
     7909.40    5.86479E-12
     7912.14    5.84139E-12
     7914.88    5.82548E-12
     7917.62    5.83100E-12
     7920.36    5.84014E-12
     7923.10    5.85475E-12
     7925.84    5.86206E-12
     7928.58    5.86591E-12
     7931.32    5.87805E-12
     7934.06    5.88332E-12
     7936.80    5.84654E-12
     7939.54    5.84423E-12
     7942.28    5.93799E-12
     7945.02    5.92472E-12
     7947.76    5.81404E-12
     7950.50    5.80893E-12
     7953.24    5.83366E-12
     7955.98    5.78151E-12
     7958.72    5.74166E-12
     7961.46    5.77555E-12
     7964.20    5.79198E-12
     7966.94    5.77816E-12
     7969.68    5.77856E-12
     7972.42    5.78413E-12
     7975.16    5.79024E-12
     7977.90    5.78091E-12
     7980.64    5.69717E-12
     7983.38    5.66901E-12
     7986.12    5.78316E-12
     7988.86    5.81450E-12
     7991.60    5.77074E-12
     7994.34    5.76864E-12
     7997.08    5.77430E-12
     7999.82    5.75047E-12
     8002.56    5.72660E-12
     8005.30    5.72200E-12
     8008.04    5.71680E-12
     8010.78    5.70418E-12
     8013.52    5.71535E-12
     8016.26    5.74120E-12
     8019.00    5.70565E-12
     8021.74    5.66328E-12
     8024.48    5.69332E-12
     8027.22    5.71010E-12
     8029.96    5.66563E-12
     8032.70    5.66893E-12
     8035.44    5.72830E-12
     8038.18    5.70698E-12
     8040.92    5.65460E-12
     8043.66    5.66050E-12
     8046.40    5.67824E-12
     8049.14    5.69109E-12
     8051.88    5.69067E-12
     8054.62    5.66829E-12
     8057.36    5.65437E-12
     8060.10    5.64413E-12
     8062.84    5.66101E-12
     8065.58    5.67795E-12
     8068.32    5.64240E-12
     8071.06    5.60699E-12
     8073.80    5.59493E-12
     8076.54    5.57694E-12
     8079.28    5.55150E-12
     8082.02    5.53417E-12
     8084.76    5.52294E-12
     8087.50    5.52692E-12
     8090.24    5.53469E-12
     8092.98    5.53837E-12
     8095.72    5.53520E-12
     8098.46    5.52053E-12
     8101.20    5.51046E-12
     8103.94    5.50252E-12
     8106.68    5.51165E-12
     8109.42    5.52632E-12
     8112.16    5.52533E-12
     8114.90    5.52677E-12
     8117.64    5.54178E-12
     8120.38    5.54924E-12
     8123.12    5.54878E-12
     8125.86    5.54000E-12
     8128.60    5.52769E-12
     8131.34    5.54955E-12
     8134.08    5.57032E-12
     8136.82    5.55151E-12
     8139.56    5.53499E-12
     8142.30    5.53291E-12
     8145.04    5.51949E-12
     8147.78    5.49684E-12
     8150.52    5.48238E-12
     8153.26    5.47631E-12
     8156.00    5.49660E-12
     8158.74    5.51567E-12
     8161.48    5.51756E-12
     8164.22    5.51398E-12
     8166.96    5.50386E-12
     8169.70    5.49565E-12
     8172.44    5.48546E-12
     8175.18    5.45152E-12
     8177.92    5.41289E-12
     8180.66    5.38591E-12
     8183.40    5.37086E-12
     8186.14    5.36939E-12
     8188.88    5.38334E-12
     8191.62    5.41603E-12
     8194.36    5.40380E-12
     8197.10    5.37559E-12
     8199.84    5.37962E-12
     8202.58    5.38373E-12
     8205.32    5.36904E-12
     8208.06    5.36158E-12
     8210.80    5.37102E-12
     8213.54    5.35154E-12
     8216.28    5.31613E-12
     8219.02    5.31233E-12
     8221.76    5.32285E-12
     8224.50    5.34759E-12
     8227.24    5.35999E-12
     8229.98    5.34375E-12
     8232.72    5.33172E-12
     8235.46    5.32138E-12
     8238.20    5.31534E-12
     8240.94    5.31217E-12
     8243.68    5.31266E-12
     8246.42    5.30806E-12
     8249.16    5.28221E-12
     8251.90    5.27372E-12
     8254.64    5.29972E-12
     8257.38    5.29167E-12
     8260.12    5.26445E-12
     8262.86    5.26466E-12
     8265.60    5.27423E-12
     8268.34    5.28748E-12
     8271.08    5.28770E-12
     8273.82    5.25432E-12
     8276.56    5.24671E-12
     8279.30    5.26849E-12
     8282.04    5.25576E-12
     8284.78    5.23071E-12
     8287.52    5.23693E-12
     8290.26    5.23895E-12
     8293.00    5.20147E-12
     8295.74    5.18297E-12
     8298.48    5.20051E-12
     8301.22    5.20529E-12
     8303.96    5.20493E-12
     8306.70    5.19953E-12
     8309.44    5.19401E-12
     8312.18    5.20163E-12
     8314.92    5.20623E-12
     8317.66    5.20197E-12
     8320.40    5.19021E-12
     8323.14    5.16984E-12
     8325.88    5.14816E-12
     8328.62    5.12518E-12
     8331.36    5.10575E-12
     8334.10    5.09861E-12
     8336.84    5.12148E-12
     8339.58    5.14340E-12
     8342.32    5.16143E-12
     8345.06    5.16917E-12
     8347.80    5.16833E-12
     8350.54    5.12585E-12
     8353.28    5.07717E-12
     8356.02    5.10052E-12
     8358.76    5.12089E-12
     8361.50    5.09923E-12
     8364.24    5.08552E-12
     8366.98    5.08135E-12
     8369.72    5.07484E-12
     8372.46    5.07077E-12
     8375.20    5.09477E-12
     8377.94    5.11926E-12
     8380.68    5.11256E-12
     8383.42    5.10801E-12
     8386.16    5.11653E-12
     8388.90    5.11193E-12
     8391.64    5.09628E-12
     8394.38    5.09029E-12
     8397.12    5.09126E-12
     8399.86    5.11602E-12
     8402.60    5.12409E-12
     8405.34    5.07845E-12
     8408.08    5.04421E-12
     8410.82    5.02270E-12
     8413.56    5.01609E-12
     8416.30    5.02259E-12
     8419.04    5.04626E-12
     8421.78    5.06544E-12
     8424.52    5.04419E-12
     8427.26    5.02126E-12
     8430.00    5.00709E-12
     8432.74    4.98904E-12
     8435.48    4.96711E-12
     8438.22    4.95437E-12
     8440.96    4.94823E-12
     8443.70    4.94351E-12
     8446.44    4.96067E-12
     8449.18    5.03464E-12
     8451.92    5.07640E-12
     8454.66    5.07379E-12
     8457.40    5.06099E-12
     8460.14    5.03243E-12
     8462.88    4.97990E-12
     8465.62    4.93151E-12
     8468.36    4.93920E-12
     8471.10    4.94676E-12
     8473.84    4.91155E-12
     8476.58    4.97126E-12
     8479.32    5.14440E-12
     8482.06    5.08725E-12
     8484.80    4.93525E-12
     8487.54    4.91689E-12
     8490.28    4.90770E-12
     8493.02    4.84243E-12
     8495.76    4.79178E-12
     8498.50    4.75160E-12
     8501.24    4.76947E-12
     8503.98    4.83275E-12
     8506.72    4.88935E-12
     8509.46    4.94404E-12
     8512.20    4.98735E-12
     8514.94    5.00740E-12
     8517.68    4.99273E-12
     8520.42    4.96634E-12
     8523.16    4.92173E-12
     8525.90    4.91111E-12
     8528.64    4.91272E-12
     8531.38    4.88899E-12
     8534.12    4.83659E-12
     8536.86    4.72033E-12
     8539.60    4.63210E-12
     8542.34    4.56936E-12
     8545.08    4.60710E-12
     8547.82    4.72892E-12
     8550.56    4.79762E-12
     8553.30    4.84622E-12
     8556.04    4.86641E-12
     8558.78    4.88632E-12
     8561.52    4.93210E-12
     8564.26    4.94126E-12
     8567.00    4.90475E-12
     8569.74    4.90058E-12
     8572.48    4.90769E-12
     8575.22    4.90364E-12
     8577.96    4.89028E-12
     8580.70    4.86000E-12
     8583.44    4.82678E-12
     8586.18    4.79630E-12
     8588.92    4.74908E-12
     8591.66    4.68692E-12
     8594.40    4.67438E-12
     8597.14    4.68457E-12
     8599.88    4.68231E-12
     8602.62    4.70587E-12
     8605.36    4.79098E-12
     8608.10    4.85032E-12
     8610.84    4.87994E-12
     8613.58    4.90102E-12
     8616.32    4.91224E-12
     8619.06    4.93133E-12
     8621.80    4.94483E-12
     8624.54    4.94181E-12
     8627.28    4.92646E-12
     8630.02    4.89208E-12
     8632.76    4.87007E-12
     8635.50    4.85706E-12
     8638.24    4.83697E-12
     8640.98    4.81838E-12
     8643.72    4.82562E-12
     8646.46    4.81719E-12
     8649.20    4.77243E-12
     8651.94    4.69065E-12
     8654.68    4.55766E-12
     8657.42    4.44052E-12
     8660.16    4.33398E-12
     8662.90    4.32634E-12
     8665.64    4.37783E-12
     8668.38    4.48027E-12
     8671.12    4.58393E-12
     8673.86    4.67772E-12
     8676.60    4.74408E-12
     8679.34    4.78449E-12
     8682.08    4.81802E-12
     8684.82    4.83438E-12
     8687.56    4.79966E-12
     8690.30    4.76915E-12
     8693.04    4.79370E-12
     8695.78    4.79461E-12
     8698.52    4.74492E-12
     8701.26    4.76264E-12
     8704.00    4.81711E-12
     8706.74    4.80069E-12
     8709.48    4.77227E-12
     8712.22    4.80078E-12
     8714.96    4.80048E-12
     8717.70    4.72023E-12
     8720.44    4.68834E-12
     8723.18    4.70090E-12
     8725.92    4.70488E-12
     8728.66    4.71005E-12
     8731.40    4.71916E-12
     8734.14    4.71000E-12
     8736.88    4.66484E-12
     8739.62    4.58825E-12
     8742.36    4.46787E-12
     8745.10    4.35551E-12
     8747.84    4.24417E-12
     8750.58    4.20349E-12
     8753.32    4.21737E-12
     8756.06    4.30256E-12
     8758.80    4.40605E-12
     8761.54    4.52129E-12
     8764.28    4.59330E-12
     8767.02    4.61828E-12
     8769.76    4.66087E-12
     8772.50    4.69713E-12
     8775.24    4.66446E-12
     8777.98    4.63177E-12
     8780.72    4.66028E-12
     8783.46    4.68951E-12
     8786.20    4.71312E-12
     8788.94    4.73287E-12
     8791.68    4.74925E-12
     8794.42    4.76273E-12
     8797.16    4.77151E-12
     8799.90    4.77805E-12
     8802.64    4.76280E-12
     8805.38    4.69333E-12
     8808.12    4.67150E-12
     8810.86    4.71041E-12
     8813.60    4.69837E-12
     8816.34    4.66534E-12
     8819.08    4.64579E-12
     8821.82    4.63297E-12
     8824.56    4.62757E-12
     8827.30    4.63575E-12
     8830.04    4.66967E-12
     8832.78    4.68005E-12
     8835.52    4.67412E-12
     8838.26    4.64405E-12
     8841.00    4.59561E-12
     8843.74    4.53719E-12
     8846.48    4.46676E-12
     8849.22    4.37973E-12
     8851.96    4.29617E-12
     8854.70    4.21837E-12
     8857.44    4.12194E-12
     8860.18    4.02671E-12
     8862.92    4.04952E-12
     8865.66    4.12302E-12
     8868.40    4.21391E-12
     8871.14    4.29106E-12
     8873.88    4.33920E-12
     8876.62    4.38212E-12
     8879.36    4.41801E-12
     8882.10    4.43613E-12
     8884.84    4.44372E-12
     8887.58    4.45053E-12
     8890.32    4.46352E-12
     8893.06    4.49059E-12
     8895.80    4.52384E-12
     8898.54    4.57160E-12
     8901.28    4.58410E-12
     8904.02    4.57675E-12
     8906.76    4.59854E-12
     8909.50    4.62533E-12
     8912.24    4.64005E-12
     8914.98    4.65106E-12
     8917.72    4.66791E-12
     8920.46    4.64986E-12
     8923.20    4.59612E-12
     8925.94    4.57711E-12
     8928.68    4.56814E-12
     8931.42    4.53291E-12
     8934.16    4.50888E-12
     8936.90    4.52848E-12
     8939.64    4.53758E-12
     8942.38    4.52215E-12
     8945.12    4.53561E-12
     8947.86    4.56642E-12
     8950.60    4.60443E-12
     8953.34    4.63659E-12
     8956.08    4.63696E-12
     8958.82    4.61838E-12
     8961.56    4.57326E-12
     8964.30    4.54207E-12
     8967.04    4.52284E-12
     8969.78    4.50517E-12
     8972.52    4.48985E-12
     8975.26    4.47001E-12
     8978.00    4.45444E-12
     8980.74    4.44962E-12
     8983.48    4.45148E-12
     8986.22    4.46029E-12
     8988.96    4.47950E-12
     8991.70    4.50564E-12
     8994.44    4.45566E-12
     8997.18    4.36923E-12
     8999.92    4.27476E-12
     9002.66    4.18292E-12
     9005.40    4.11290E-12
     9008.14    4.01219E-12
     9010.88    3.86606E-12
     9013.62    3.81889E-12
     9016.36    3.83197E-12
     9019.10    3.87742E-12
     9021.84    3.95383E-12
     9024.58    4.06526E-12
     9027.32    4.16561E-12
     9030.06    4.25339E-12
     9032.80    4.30120E-12
     9035.54    4.31479E-12
     9038.28    4.32683E-12
     9041.02    4.33713E-12
     9043.76    4.36729E-12
     9046.50    4.39154E-12
     9049.24    4.39949E-12
     9051.98    4.39757E-12
     9054.72    4.39358E-12
     9057.46    4.31658E-12
     9060.20    4.20760E-12
     9062.94    4.22240E-12
     9065.68    4.27932E-12
     9068.42    4.34683E-12
     9071.16    4.38935E-12
     9073.90    4.39067E-12
     9076.64    4.38152E-12
     9079.38    4.35779E-12
     9082.12    4.35104E-12
     9084.86    4.33969E-12
     9087.60    4.27001E-12
     9090.34    4.22333E-12
     9093.08    4.25689E-12
     9095.82    4.28040E-12
     9098.56    4.28585E-12
     9101.30    4.32501E-12
     9104.04    4.37732E-12
     9106.78    4.35544E-12
     9109.52    4.31628E-12
     9112.26    4.29422E-12
     9115.00    4.30645E-12
     9117.74    4.38241E-12
     9120.48    4.41970E-12
     9123.22    4.42832E-12
     9125.96    4.44698E-12
     9128.70    4.46759E-12
     9131.44    4.50208E-12
     9134.18    4.51393E-12
     9136.92    4.46755E-12
     9139.66    4.42491E-12
     9142.40    4.39233E-12
     9145.14    4.34252E-12
     9147.88    4.28583E-12
     9150.62    4.28311E-12
     9153.36    4.29906E-12
     9156.10    4.30367E-12
     9158.84    4.31379E-12
     9161.58    4.34361E-12
     9164.32    4.33826E-12
     9167.06    4.29853E-12
     9169.80    4.28286E-12
     9172.54    4.27914E-12
     9175.28    4.29431E-12
     9178.02    4.31488E-12
     9180.76    4.33779E-12
     9183.50    4.34294E-12
     9186.24    4.31265E-12
     9188.98    4.33066E-12
     9191.72    4.37407E-12
     9194.46    4.34750E-12
     9197.20    4.29391E-12
     9199.94    4.24597E-12
     9202.68    4.18639E-12
     9205.42    4.10627E-12
     9208.16    4.03273E-12
     9210.90    3.96340E-12
     9213.64    3.90662E-12
     9216.38    3.85443E-12
     9219.12    3.78350E-12
     9221.86    3.70398E-12
     9224.60    3.60935E-12
     9227.34    3.53725E-12
     9230.08    3.47172E-12
     9232.82    3.51568E-12
     9235.56    3.64512E-12
     9238.30    3.74123E-12
     9241.04    3.84073E-12
     9243.78    3.97486E-12
     9246.52    4.07780E-12
     9249.26    4.10859E-12
     9252.00    4.14363E-12
     9254.74    4.18401E-12
     9257.48    4.19565E-12
     9260.22    4.18813E-12
     9262.96    4.16730E-12
     9265.70    4.14973E-12
     9268.44    4.16299E-12
     9271.18    4.16344E-12
     9273.92    4.13780E-12
     9276.66    4.12193E-12
     9279.40    4.11060E-12
     9282.14    4.10744E-12
     9284.88    4.10876E-12
     9287.62    4.11174E-12
     9290.36    4.10834E-12
     9293.10    4.08739E-12
     9295.84    4.07785E-12
     9298.58    4.07838E-12
     9301.32    4.09799E-12
     9304.06    4.12960E-12
     9306.80    4.14481E-12
     9309.54    4.15521E-12
     9312.28    4.16760E-12
     9315.02    4.17223E-12
     9317.76    4.16079E-12
     9320.50    4.16482E-12
     9323.24    4.18029E-12
     9325.98    4.19266E-12
     9328.72    4.20706E-12
     9331.46    4.23354E-12
     9334.20    4.25145E-12
     9336.94    4.25237E-12
     9339.68    4.23022E-12
     9342.42    4.17251E-12
     9345.16    4.15494E-12
     9347.90    4.15755E-12
     9350.64    4.15182E-12
     9353.38    4.14850E-12
     9356.12    4.15757E-12
     9358.86    4.15623E-12
     9361.60    4.13799E-12
     9364.34    4.10761E-12
     9367.08    4.06259E-12
     9369.82    4.05187E-12
     9372.56    4.05511E-12
     9375.30    4.04514E-12
     9378.04    4.03772E-12
     9380.78    4.04248E-12
     9383.52    4.04078E-12
     9386.26    4.02631E-12
     9389.00    4.03072E-12
     9391.74    4.04506E-12
     9394.48    4.04371E-12
     9397.22    4.03354E-12
     9399.96    4.00841E-12
     9402.70    3.99258E-12
     9405.44    3.99179E-12
     9408.18    4.01214E-12
     9410.92    4.05610E-12
     9413.66    4.07991E-12
     9416.40    4.09409E-12
     9419.14    4.10109E-12
     9421.88    4.09791E-12
     9424.62    4.07904E-12
     9427.36    4.05997E-12
     9430.10    4.03993E-12
     9432.84    4.02860E-12
     9435.58    4.02322E-12
     9438.32    4.01531E-12
     9441.06    4.00866E-12
     9443.80    4.00816E-12
     9446.54    4.00512E-12
     9449.28    3.99615E-12
     9452.02    3.98396E-12
     9454.76    3.96622E-12
     9457.50    3.96949E-12
     9460.24    3.97902E-12
     9462.98    3.95205E-12
     9465.72    3.92736E-12
     9468.46    3.93447E-12
     9471.20    3.94321E-12
     9473.94    3.95181E-12
     9476.68    3.95746E-12
     9479.42    3.96098E-12
     9482.16    3.96019E-12
     9484.90    3.95364E-12
     9487.64    3.93438E-12
     9490.38    3.91530E-12
     9493.12    3.90303E-12
     9495.86    3.88779E-12
     9498.60    3.86548E-12
     9501.34    3.87780E-12
     9504.08    3.90432E-12
     9506.82    3.88122E-12
     9509.56    3.85802E-12
     9512.30    3.88393E-12
     9515.04    3.88297E-12
     9517.78    3.82701E-12
     9520.52    3.80373E-12
     9523.26    3.79997E-12
     9526.00    3.76789E-12
     9528.74    3.72258E-12
     9531.48    3.67781E-12
     9534.22    3.61103E-12
     9536.96    3.50340E-12
     9539.70    3.39507E-12
     9542.44    3.27479E-12
     9545.18    3.21154E-12
     9547.92    3.19340E-12
     9550.66    3.25753E-12
     9553.40    3.35111E-12
     9556.14    3.42587E-12
     9558.88    3.49696E-12
     9561.62    3.56589E-12
     9564.36    3.62636E-12
     9567.10    3.67977E-12
     9569.84    3.70360E-12
     9572.58    3.71157E-12
     9575.32    3.72798E-12
     9578.06    3.73298E-12
     9580.80    3.70240E-12
     9583.54    3.70736E-12
     9586.28    3.76657E-12
     9589.02    3.77158E-12
     9591.76    3.75230E-12
     9594.50    3.77424E-12
     9597.24    3.79757E-12
     9599.98    3.78199E-12
     9602.72    3.77823E-12
     9605.46    3.78477E-12
     9608.20    3.86380E-12
     9610.94    4.02159E-12
     9613.68    3.96680E-12
     9616.42    3.82904E-12
     9619.16    3.78706E-12
     9621.90    3.77472E-12
     9624.64    3.79089E-12
     9627.38    3.79919E-12
     9630.12    3.80107E-12
     9632.86    3.77443E-12
     9635.60    3.72975E-12
     9638.34    3.72884E-12
     9641.08    3.73603E-12
     9643.82    3.71887E-12
     9646.56    3.69947E-12
     9649.30    3.68443E-12
     9652.04    3.65886E-12
     9654.78    3.61958E-12
     9657.52    3.62645E-12
     9660.26    3.65603E-12
     9663.00    3.67656E-12
     9665.74    3.69560E-12
     9668.48    3.71659E-12
     9671.22    3.72257E-12
     9673.96    3.70370E-12
     9676.70    3.70242E-12
     9679.44    3.70878E-12
     9682.18    3.68743E-12
     9684.92    3.66852E-12
     9687.66    3.69650E-12
     9690.40    3.72635E-12
     9693.14    3.73664E-12
     9695.88    3.77446E-12
     9698.62    3.85068E-12
     9701.36    3.81941E-12
     9704.10    3.74293E-12
     9706.84    3.75177E-12
     9709.58    3.76887E-12
     9712.32    3.74942E-12
     9715.06    3.73572E-12
     9717.80    3.73815E-12
     9720.54    3.72114E-12
     9723.28    3.69181E-12
     9726.02    3.69663E-12
     9728.76    3.70880E-12
     9731.50    3.69024E-12
     9734.24    3.68218E-12
     9736.98    3.71348E-12
     9739.72    3.71450E-12
     9742.46    3.68221E-12
     9745.20    3.65713E-12
     9747.94    3.63485E-12
     9750.68    3.63991E-12
     9753.42    3.64873E-12
     9756.16    3.63768E-12
     9758.90    3.63729E-12
     9761.64    3.66411E-12
     9764.38    3.65578E-12
     9767.12    3.62178E-12
     9769.86    3.62640E-12
     9772.60    3.64515E-12
     9775.34    3.65960E-12
     9778.08    3.67167E-12
     9780.82    3.68106E-12
     9783.56    3.68179E-12
     9786.30    3.67172E-12
     9789.04    3.66131E-12
     9791.78    3.65407E-12
     9794.52    3.69674E-12
     9797.26    3.74264E-12
     9800.00    3.74990E-12
     9802.74    3.74116E-12
     9805.48    3.71622E-12
     9808.22    3.68296E-12
     9810.96    3.63927E-12
     9813.70    3.61615E-12
     9816.44    3.60221E-12
     9819.18    3.58346E-12
     9821.92    3.57723E-12
     9824.66    3.59990E-12
     9827.40    3.61495E-12
     9830.14    3.62142E-12
     9832.88    3.62032E-12
     9835.62    3.61345E-12
     9838.36    3.61583E-12
     9841.10    3.61486E-12
     9843.84    3.59455E-12
     9846.58    3.57595E-12
     9849.32    3.56104E-12
     9852.06    3.56098E-12
     9854.80    3.57583E-12
     9857.54    3.57547E-12
     9860.28    3.57052E-12
     9863.02    3.57142E-12
     9865.76    3.57539E-12
     9868.50    3.58545E-12
     9871.24    3.58966E-12
     9873.98    3.58311E-12
     9876.72    3.59000E-12
     9879.46    3.60325E-12
     9882.20    3.59987E-12
     9884.94    3.58418E-12
     9887.68    3.54458E-12
     9890.42    3.51632E-12
     9893.16    3.51969E-12
     9895.90    3.50708E-12
     9898.64    3.47742E-12
     9901.38    3.49919E-12
     9904.12    3.53756E-12
     9906.86    3.51434E-12
     9909.60    3.49019E-12
     9912.34    3.50985E-12
     9915.08    3.50865E-12
     9917.82    3.46773E-12
     9920.56    3.45617E-12
     9923.30    3.46054E-12
     9926.04    3.47475E-12
     9928.78    3.49590E-12
     9931.52    3.52457E-12
     9934.26    3.53480E-12
     9937.00    3.50049E-12
     9939.74    3.49433E-12
     9942.48    3.51727E-12
     9945.22    3.51750E-12
     9947.96    3.51143E-12
     9950.70    3.52970E-12
     9953.44    3.53712E-12
     9956.18    3.49037E-12
     9958.92    3.47214E-12
     9961.66    3.51045E-12
     9964.40    3.51433E-12
     9967.14    3.49932E-12
     9969.88    3.48401E-12
     9972.62    3.46746E-12
     9975.36    3.45889E-12
     9978.10    3.44669E-12
     9980.84    3.42100E-12
     9983.58    3.40766E-12
     9986.32    3.40760E-12
     9989.06    3.40792E-12
     9991.80    3.40993E-12
     9994.54    3.40498E-12
     9997.28    3.40224E-12
    10000.02    3.41438E-12
    10002.76    3.41734E-12
    10005.50    3.39933E-12
    10008.24    3.40119E-12
    10010.98    3.41700E-12
    10013.72    3.40683E-12
    10016.46    3.38415E-12
    10019.20    3.35578E-12
    10021.94    3.32541E-12
    10024.68    3.29746E-12
    10027.42    3.26489E-12
    10030.16    3.22506E-12
    10032.90    3.20090E-12
    10035.64    3.17973E-12
    10038.38    3.10234E-12
    10041.12    3.01647E-12
    10043.86    2.96676E-12
    10046.60    2.91317E-12
    10049.34    2.82067E-12
    10052.08    2.82815E-12
    10054.82    2.92105E-12
    10057.56    2.98360E-12
    10060.30    3.04389E-12
    10063.04    3.10913E-12
    10065.78    3.16559E-12
    10068.52    3.21786E-12
    10071.26    3.21779E-12
    10074.00    3.12321E-12
    10076.74    3.18622E-12
    10079.48    3.32937E-12
    10082.22    3.34398E-12
    10084.96    3.32532E-12
    10087.70    3.32023E-12
    10090.44    3.33996E-12
    10093.18    3.42243E-12
    10095.92    3.42392E-12
    10098.66    3.35172E-12
    10101.40    3.35542E-12
    10104.14    3.37890E-12
    10106.88    3.36326E-12
    10109.62    3.30876E-12
    10112.36    3.13549E-12
    10115.10    3.12520E-12
    10117.84    3.39943E-12
    10120.58    3.39533E-12
    10123.32    3.25013E-12
    10126.06    3.23780E-12
    10128.80    3.25808E-12
    10131.54    3.26283E-12
    10134.28    3.27397E-12
    10137.02    3.30482E-12
    10139.76    3.30452E-12
    10142.50    3.27128E-12
    10145.24    3.28502E-12
    10147.98    3.31148E-12
    10150.72    3.27734E-12
    10153.46    3.25536E-12
    10156.20    3.30884E-12
    10158.94    3.34042E-12
    10161.68    3.33738E-12
    10164.42    3.31915E-12
    10167.16    3.28818E-12
    10169.90    3.36429E-12
    10172.64    3.44368E-12
    10175.38    3.36219E-12
    10178.12    3.30107E-12
    10180.86    3.33604E-12
    10183.60    3.35423E-12
    10186.34    3.36173E-12
    10189.08    3.51465E-12
    10191.82    3.48997E-12
