#*HD161770                                                                      
#*
#*  Heap-LindlerSTIS
#set .z.units = "Ergs/s/cm**2/A"
#set .z.label = "Flux"
#set .table.bandwidth = 2.74
#*
  2950.  1.75866225E-13
  2952.73999  1.83523349E-13
  2955.47998  1.88648698E-13
  2958.21997  1.92592714E-13
  2960.95996  1.94239142E-13
  2963.69995  1.89148651E-13
  2966.43994  1.67876956E-13
  2969.17993  1.68021752E-13
  2971.91992  1.76130811E-13
  2974.65991  1.96087667E-13
  2977.3999  2.0210774E-13
  2980.13989  1.87911169E-13
  2982.87988  1.70131148E-13
  2985.62012  1.64542804E-13
  2988.36011  1.86357968E-13
  2991.1001  2.03478239E-13
  2993.84009  1.98937438E-13
  2996.58008  1.99495422E-13
  2999.32007  1.91225928E-13
  3002.06006  1.75691831E-13
  3004.80005  1.87040691E-13
  3007.54004  1.92726287E-13
  3010.28003  1.99346358E-13
  3013.02002  2.02766677E-13
  3015.76001  1.93173656E-13
  3018.5  1.81946621E-13
  3021.23999  1.75032487E-13
  3023.97998  1.95951464E-13
  3026.71997  2.05560056E-13
  3029.45996  2.08260506E-13
  3032.19995  2.09433152E-13
  3034.93994  2.12014041E-13
  3037.67993  2.07530553E-13
  3040.41992  2.07304158E-13
  3043.15991  2.04181873E-13
  3045.8999  2.06242589E-13
  3048.63989  2.06116008E-13
  3051.37988  2.18148958E-13
  3054.12012  2.11090843E-13
  3056.86011  1.99715583E-13
  3059.6001  1.89346179E-13
  3062.34009  1.96965491E-13
  3065.08008  1.78644087E-13
  3067.82007  1.73304608E-13
  3070.56006  1.78721146E-13
  3073.30005  1.86168735E-13
  3076.04004  1.97214058E-13
  3078.78003  1.97407818E-13
  3081.52002  2.03040899E-13
  3084.26001  1.98606973E-13
  3087.  2.03024663E-13
  3089.73999  1.92170688E-13
  3092.47998  1.75886947E-13
  3095.21997  1.71329612E-13
  3097.95996  1.83143187E-13
  3100.69995  1.77119848E-13
  3103.43994  1.83096878E-13
  3106.17993  2.00374697E-13
  3108.91992  2.13884805E-13
  3111.65991  2.15858039E-13
  3114.3999  2.15355958E-13
  3117.13989  2.11122135E-13
  3119.87988  1.95348159E-13
  3122.62012  1.94634239E-13
  3125.36011  1.92963701E-13
  3128.1001  1.89921118E-13
  3130.84009  1.96045992E-13
  3133.58008  1.99710216E-13
  3136.32007  2.124101E-13
  3139.06006  2.18572759E-13
  3141.80005  2.07613345E-13
  3144.54004  1.95063421E-13
  3147.28003  1.92577535E-13
  3150.02002  2.05381204E-13
  3152.76001  2.0897879E-13
  3155.5  2.11377682E-13
  3158.23999  1.94283297E-13
  3160.97998  1.91040231E-13
  3163.71997  1.91706961E-13
  3166.45996  2.04485287E-13
  3169.19995  2.12773809E-13
  3171.93994  2.19225706E-13
  3174.67993  2.24027204E-13
  3177.41992  2.21739781E-13
  3180.15991  2.03604603E-13
  3182.8999  1.94206183E-13
  3185.63989  1.99332833E-13
  3188.37988  2.05597068E-13
  3191.12012  2.11176156E-13
  3193.86011  2.04433855E-13
  3196.6001  2.10258419E-13
  3199.34009  2.30003245E-13
  3202.08008  2.36181083E-13
  3204.82007  2.33257126E-13
  3207.56006  2.39012803E-13
  3210.30005  2.2478433E-13
  3213.04004  2.18356095E-13
  3215.78003  2.07123516E-13
  3218.52002  2.29614342E-13
  3221.26001  2.36075347E-13
  3224.  2.31710593E-13
  3226.73999  2.19805538E-13
  3229.47998  2.10488311E-13
  3232.21997  2.1084397E-13
  3234.95996  2.15102865E-13
  3237.69995  2.20322661E-13
  3240.43994  2.25214365E-13
  3243.17993  2.30770671E-13
  3245.91992  2.33427074E-13
  3248.65991  2.33261056E-13
  3251.3999  2.35573713E-13
  3254.13989  2.46203963E-13
  3256.87988  2.45453126E-13
  3259.62012  2.57711414E-13
  3262.36011  2.56095682E-13
  3265.1001  2.5759844E-13
  3267.84009  2.67447089E-13
  3270.58008  2.59985176E-13
  3273.32007  2.47780529E-13
  3276.06006  2.47657607E-13
  3278.80005  2.46718607E-13
  3281.54004  2.57260494E-13
  3284.28003  2.61115999E-13
  3287.02002  2.64248177E-13
  3289.76001  2.61517424E-13
  3292.5  2.71551499E-13
  3295.23999  2.81359978E-13
  3297.97998  2.81031898E-13
  3300.71997  2.73138364E-13
  3303.45996  2.70837172E-13
  3306.19995  2.63014979E-13
  3308.93994  2.65689949E-13
  3311.67993  2.70891382E-13
  3314.41992  2.65062467E-13
  3317.15991  2.646972E-13
  3319.8999  2.65005384E-13
  3322.63989  2.61797122E-13
  3325.37988  2.61899091E-13
  3328.12012  2.6786513E-13
  3330.86011  2.6027604E-13
  3333.6001  2.57769771E-13
  3336.34009  2.57392442E-13
  3339.08008  2.57449959E-13
  3341.82007  2.5900007E-13
  3344.56006  2.60179709E-13
  3347.30005  2.63024438E-13
  3350.04004  2.45798309E-13
  3352.78003  2.57013784E-13
  3355.52002  2.73742617E-13
  3358.26001  2.71549466E-13
  3361.  2.58546141E-13
  3363.73999  2.54578585E-13
  3366.47998  2.66216059E-13
  3369.21997  2.61031973E-13
  3371.95996  2.50977326E-13
  3374.69995  2.55715045E-13
  3377.43994  2.66627188E-13
  3380.17993  2.60910651E-13
  3382.91992  2.5935211E-13
  3385.65991  2.64119564E-13
  3388.3999  2.71581775E-13
  3391.13989  2.8455523E-13
  3393.87988  2.60710344E-13
  3396.62012  2.78434719E-13
  3399.36011  2.88210889E-13
  3402.1001  2.82336762E-13
  3404.84009  2.77664881E-13
  3407.58008  2.64081671E-13
  3410.32007  2.66881894E-13
  3413.06006  2.70851999E-13
  3415.80005  2.66863192E-13
  3418.54004  2.7134035E-13
  3421.28003  2.81291917E-13
  3424.02002  2.77362334E-13
  3426.76001  2.69847296E-13
  3429.5  2.82731141E-13
  3432.23999  2.93762329E-13
  3434.97998  2.78933425E-13
  3437.71997  2.73322191E-13
  3440.45996  2.69920723E-13
  3443.19995  2.49869434E-13
  3445.93994  2.6334791E-13
  3448.67993  2.71327882E-13
  3451.41992  2.82283935E-13
  3454.15991  2.79779617E-13
  3456.8999  2.799764E-13
  3459.63989  2.79837866E-13
  3462.37988  2.74880894E-13
  3465.12012  2.87523423E-13
  3467.86011  2.84073085E-13
  3470.6001  2.91371202E-13
  3473.34009  2.78154697E-13
  3476.08008  2.71270853E-13
  3478.82007  2.7155673E-13
  3481.56006  2.80831266E-13
  3484.30005  2.8437921E-13
  3487.04004  2.84499095E-13
  3489.78003  2.75563155E-13
  3492.52002  2.72900165E-13
  3495.26001  2.75870066E-13
  3498.  2.72911115E-13
  3500.73999  2.85715895E-13
  3503.47998  2.905706E-13
  3506.21997  2.98993306E-13
  3508.95996  2.86633266E-13
  3511.69995  2.81537705E-13
  3514.43994  2.85092317E-13
  3517.17993  2.81224181E-13
  3519.91992  2.81892348E-13
  3522.65991  2.74371644E-13
  3525.3999  2.66702947E-13
  3528.13989  2.68629222E-13
  3530.87988  2.82844278E-13
  3533.62012  2.87081421E-13
  3536.36011  3.02466467E-13
  3539.1001  2.99315938E-13
  3541.84009  3.01335291E-13
  3544.58008  3.06001752E-13
  3547.32007  3.06332162E-13
  3550.06006  3.0301697E-13
  3552.80005  3.01030956E-13
  3555.54004  2.94940071E-13
  3558.28003  2.96519428E-13
  3561.02002  2.99602547E-13
  3563.76001  2.96331481E-13
  3566.5  2.8475597E-13
  3569.23999  2.76560567E-13
  3571.97998  2.68472121E-13
  3574.71997  2.74734283E-13
  3577.45996  2.83634715E-13
  3580.19995  2.78473181E-13
  3582.93994  2.68218607E-13
  3585.67993  2.64300951E-13
  3588.41992  2.63326877E-13
  3591.15991  2.74851946E-13
  3593.8999  2.95290512E-13
  3596.63989  2.98721253E-13
  3599.37988  3.04785223E-13
  3602.12012  2.99296666E-13
  3604.86011  2.90663977E-13
  3607.6001  2.90579409E-13
  3610.34009  2.86177711E-13
  3613.08008  2.88015353E-13
  3615.82007  2.89653257E-13
  3618.56006  2.87054478E-13
  3621.30005  2.83311027E-13
  3624.04004  2.92907707E-13
  3626.78003  3.06993986E-13
  3629.52002  3.03355648E-13
  3632.26001  2.90915756E-13
  3635.  2.91624065E-13
  3637.73999  2.96912261E-13
  3640.47998  3.04729684E-13
  3643.21997  3.03772063E-13
  3645.95996  2.96754998E-13
  3648.69995  2.9253821E-13
  3651.43994  2.99954235E-13
  3654.17993  3.11352181E-13
  3656.91992  3.20428525E-13
  3659.65991  3.25850702E-13
  3662.3999  3.23043702E-13
  3665.13989  3.16758094E-13
  3667.87988  3.14921998E-13
  3670.62012  3.06952218E-13
  3673.36011  3.17909707E-13
  3676.1001  3.1565275E-13
  3678.84009  3.06387782E-13
  3681.58008  3.04397051E-13
  3684.32007  3.03781062E-13
  3687.06006  3.04931075E-13
  3689.80005  3.09535302E-13
  3692.54004  3.13223568E-13
  3695.28003  3.25039095E-13
  3698.02002  3.25825115E-13
  3700.76001  3.27585859E-13
  3703.5  3.18818539E-13
  3706.23999  3.00205146E-13
  3708.97998  2.97411645E-13
  3711.71997  3.07250482E-13
  3714.45996  3.26430614E-13
  3717.19995  3.40584196E-13
  3719.93994  3.20073558E-13
  3722.67993  3.0109636E-13
  3725.41992  3.13905829E-13
  3728.15991  3.36129291E-13
  3730.8999  3.30896118E-13
  3733.63989  3.41170777E-13
  3736.37988  2.90285564E-13
  3739.12012  3.05952448E-13
  3741.86011  3.4099725E-13
  3744.6001  3.37965956E-13
  3747.34009  3.0516987E-13
  3750.08008  2.82703629E-13
  3752.82007  3.02311534E-13
  3755.56006  3.43146708E-13
  3758.30005  3.57239439E-13
  3761.04004  3.55676561E-13
  3763.78003  3.57149857E-13
  3766.52002  3.54370342E-13
  3769.26001  3.29021966E-13
  3772.  3.14177043E-13
  3774.73999  3.41890416E-13
  3777.47998  3.79973532E-13
  3780.21997  4.06274434E-13
  3782.95996  4.15235229E-13
  3785.69995  4.03998964E-13
  3788.43994  3.86836044E-13
  3791.17993  3.7324641E-13
  3793.91992  3.60650149E-13
  3796.65991  3.25858047E-13
  3799.3999  3.09546713E-13
  3802.13989  3.48494074E-13
  3804.87988  3.86522682E-13
  3807.62012  4.00728143E-13
  3810.36011  4.08989845E-13
  3813.1001  4.03574906E-13
  3815.84009  3.86471942E-13
  3818.58008  3.91186188E-13
  3821.32007  3.81965022E-13
  3824.06006  3.76741065E-13
  3826.80005  3.60729079E-13
  3829.54004  3.38029897E-13
  3832.28003  3.11738482E-13
  3835.02002  2.76349446E-13
  3837.76001  2.81042577E-13
  3840.5  3.19286101E-13
  3843.23999  3.72294697E-13
  3845.97998  4.02580503E-13
  3848.71997  4.12480868E-13
  3851.45996  4.14117769E-13
  3854.19995  4.20787591E-13
  3856.93994  4.1319907E-13
  3859.67993  4.03954078E-13
  3862.41992  4.13629173E-13
  3865.15991  4.26302711E-13
  3867.8999  4.25901529E-13
  3870.63989  4.21774215E-13
  3873.37988  4.03744936E-13
  3876.12012  3.97651503E-13
  3878.86011  3.97302606E-13
  3881.6001  3.97744202E-13
  3884.34009  3.75986595E-13
  3887.08008  3.3172762E-13
  3889.82007  3.05063131E-13
  3892.56006  3.34133654E-13
  3895.30005  3.62515167E-13
  3898.04004  3.81217871E-13
  3900.78003  3.89290108E-13
  3903.52002  3.9005336E-13
  3906.26001  3.90493735E-13
  3909.  4.07014429E-13
  3911.73999  4.17217584E-13
  3914.47998  4.17459172E-13
  3917.21997  4.09073898E-13
  3919.95996  3.97602036E-13
  3922.69995  3.89124063E-13
  3925.43994  3.7151231E-13
  3928.17993  3.23251625E-13
  3930.91992  2.36631244E-13
  3933.65991  1.63358991E-13
  3936.3999  1.84234708E-13
  3939.13989  2.77436928E-13
  3941.87988  3.52369365E-13
  3944.62012  3.78934893E-13
  3947.36011  4.37256514E-13
  3950.1001  4.31472241E-13
  3952.84009  4.07404687E-13
  3955.58008  3.99840615E-13
  3958.32007  3.97262491E-13
  3961.06006  3.81021522E-13
  3963.80005  3.31499747E-13
  3966.54004  2.47750822E-13
  3969.28003  1.85004328E-13
  3972.02002  2.32027803E-13
  3974.76001  3.2172786E-13
  3977.5  3.9013931E-13
  3980.23999  4.18495669E-13
  3982.97998  4.24968464E-13
  3985.71997  4.30097662E-13
  3988.45996  4.31157795E-13
  3991.19995  4.44183264E-13
  3993.93994  4.49834126E-13
  3996.67993  4.43394887E-13
  3999.41992  4.3706339E-13
  4002.15991  4.46264418E-13
  4004.8999  4.51256898E-13
  4007.63989  4.42872708E-13
  4010.37988  4.48556611E-13
  4013.12012  4.54597704E-13
  4015.86011  4.55014065E-13
  4018.6001  4.60122554E-13
  4021.34009  4.65063101E-13
  4024.08008  4.63606042E-13
  4026.82007  4.62162264E-13
  4029.56006  4.54446756E-13
  4032.30005  4.47343524E-13
  4035.04004  4.51592838E-13
  4037.78003  4.6292874E-13
  4040.52002  4.65502907E-13
  4043.26001  4.59942035E-13
  4046.  4.50969123E-13
  4048.73999  4.55528248E-13
  4051.47998  4.66087184E-13
  4054.21997  4.60538508E-13
  4056.95996  4.569762E-13
  4059.69995  4.53837543E-13
  4062.43994  4.54531513E-13
  4065.17993  4.53002409E-13
  4067.91992  4.54867806E-13
  4070.65991  4.56706287E-13
  4073.3999  4.51739069E-13
  4076.13989  4.51231121E-13
  4078.87988  4.47755196E-13
  4081.62012  4.55073642E-13
  4084.36011  4.58397209E-13
  4087.1001  4.59874435E-13
  4089.84009  4.60995716E-13
  4092.58008  4.53881561E-13
  4095.32007  4.38187925E-13
  4098.06006  4.07532596E-13
  4100.7998  3.60797709E-13
  4103.54004  3.55704886E-13
  4106.27979  3.97880649E-13
  4109.02002  4.30659604E-13
  4111.75977  4.51709633E-13
  4114.5  4.64001613E-13
  4117.24023  4.63801361E-13
  4119.97998  4.59429803E-13
  4122.72021  4.59607558E-13
  4125.45996  4.62540054E-13
  4128.2002  4.58329284E-13
  4130.93994  4.57347593E-13
  4133.68018  4.56292664E-13
  4136.41992  4.63010923E-13
  4139.16016  4.72226099E-13
  4141.8999  4.69218143E-13
  4144.64014  4.6168348E-13
  4147.37988  4.63240665E-13
  4150.12012  4.65333338E-13
  4152.85986  4.66289767E-13
  4155.6001  4.59794691E-13
  4158.33984  4.65779704E-13
  4161.08008  4.7435222E-13
  4163.81982  4.73195701E-13
  4166.56006  4.71687359E-13
  4169.2998  4.68099192E-13
  4172.04004  4.5413643E-13
  4174.77979  4.47335989E-13
  4177.52002  4.52502998E-13
  4180.25977  4.59287664E-13
  4183.  4.62072383E-13
  4185.74023  4.58676174E-13
  4188.47998  4.60796386E-13
  4191.22021  4.6468672E-13
  4193.95996  4.64545123E-13
  4196.7002  4.58706478E-13
  4199.43994  4.55135116E-13
  4202.18018  4.59015855E-13
  4204.91992  4.63803204E-13
  4207.66016  4.6609087E-13
  4210.3999  4.6595567E-13
  4213.14014  4.63613848E-13
  4215.87988  4.6135887E-13
  4218.62012  4.62706533E-13
  4221.35986  4.5779049E-13
  4224.1001  4.46336517E-13
  4226.83984  4.33020048E-13
  4229.58008  4.42980423E-13
  4232.31982  4.60245611E-13
  4235.06006  4.58993574E-13
  4237.7998  4.60432148E-13
  4240.54004  4.64605025E-13
  4243.27979  4.63494531E-13
  4246.02002  4.57434112E-13
  4248.75977  4.53696976E-13
  4251.5  4.56836608E-13
  4254.24023  4.62785246E-13
  4256.97998  4.64068942E-13
  4259.72021  4.61265032E-13
  4262.45996  4.66600987E-13
  4265.2002  4.71150625E-13
  4267.93994  4.63474474E-13
  4270.68018  4.49671984E-13
  4273.41992  4.47596902E-13
  4276.16016  4.56794975E-13
  4278.8999  4.63529931E-13
  4281.64014  4.54609657E-13
  4284.37988  4.46552951E-13
  4287.12012  4.44200937E-13
  4289.85986  4.33413532E-13
  4292.6001  4.37520734E-13
  4295.33984  4.34143796E-13
  4298.08008  4.11493756E-13
  4300.81982  3.96438524E-13
  4303.56006  3.95118969E-13
  4306.2998  3.93770438E-13
  4309.04004  3.94550034E-13
  4311.77979  4.10454819E-13
  4314.52002  4.32930791E-13
  4317.25977  4.5536334E-13
  4320.  4.63076517E-13
  4322.74023  4.49713075E-13
  4325.47998  4.37960459E-13
  4328.22021  4.49522662E-13
  4330.95996  4.58845418E-13
  4333.7002  4.46686037E-13
  4336.43994  4.16970169E-13
  4339.18018  3.67197646E-13
  4341.91992  3.58977334E-13
  4344.66016  4.09456594E-13
  4347.3999  4.46123851E-13
  4350.14014  4.54793375E-13
  4352.87988  4.56535038E-13
  4355.62012  4.64061135E-13
  4358.35986  4.71554002E-13
  4361.1001  4.74227103E-13
  4363.83984  4.78764381E-13
  4366.58008  4.79793234E-13
  4369.31982  4.74941375E-13
  4372.06006  4.71407147E-13
  4374.7998  4.6766871E-13
  4377.54004  4.65518086E-13
  4380.27979  4.73597073E-13
  4383.02002  4.61370471E-13
  4385.75977  4.54174973E-13
  4388.5  4.65719856E-13
  4391.24023  4.73830014E-13
  4393.97998  4.72959942E-13
  4396.72021  4.71227603E-13
  4399.45996  4.70535178E-13
  4402.2002  4.65422568E-13
  4404.93994  4.66162373E-13
  4407.68018  4.71105251E-13
  4410.41992  4.82262559E-13
  4413.16016  4.78358835E-13
  4415.8999  4.68876565E-13
  4418.64014  4.767302E-13
  4421.37988  4.77401972E-13
  4424.12012  4.71069744E-13
  4426.85986  4.76854179E-13
  4429.6001  4.76619937E-13
  4432.33984  4.70243094E-13
  4435.08008  4.71229555E-13
  4437.81982  4.79297645E-13
  4440.56006  4.83803373E-13
  4443.2998  4.76087323E-13
  4446.04004  4.78533066E-13
  4448.77979  4.80289961E-13
  4451.52002  4.77310628E-13
  4454.25977  4.74523144E-13
  4457.  4.7282382E-13
  4459.74023  4.75867284E-13
  4462.47998  4.822985E-13
  4465.22021  4.83762173E-13
  4467.95996  4.77423114E-13
  4470.7002  4.8063528E-13
  4473.43994  4.87125368E-13
  4476.18018  4.88940377E-13
  4478.91992  4.87561326E-13
  4481.66016  4.8206003E-13
  4484.3999  4.83707204E-13
  4487.14014  4.88230658E-13
  4489.87988  4.87093439E-13
  4492.62012  4.89083871E-13
  4495.35986  4.88022979E-13
  4498.1001  4.87734202E-13
  4500.83984  4.83512427E-13
  4503.58008  4.87536986E-13
  4506.31982  4.90885165E-13
  4509.06006  4.92698547E-13
  4511.7998  4.95967091E-13
  4514.54004  4.90117441E-13
  4517.27979  4.87022369E-13
  4520.02002  4.86822388E-13
  4522.75977  4.86613462E-13
  4525.5  4.80306224E-13
  4528.24023  4.73879616E-13
  4530.97998  4.73462524E-13
  4533.72021  4.71411592E-13
  4536.45996  4.76718274E-13
  4539.2002  4.86376835E-13
  4541.93994  4.94286361E-13
  4544.68018  4.89026842E-13
  4547.41992  4.77657519E-13
  4550.16016  4.74570741E-13
  4552.8999  4.78008366E-13
  4555.64014  4.80033493E-13
  4558.37988  4.85584121E-13
  4561.12012  4.87596942E-13
  4563.85986  4.87219911E-13
  4566.6001  4.93093901E-13
  4569.33984  4.93577401E-13
  4572.08008  4.85075576E-13
  4574.81982  4.92228166E-13
  4577.56006  4.92111289E-13
  4580.2998  4.8627015E-13
  4583.04004  4.86399658E-13
  4585.77979  4.86061658E-13
  4588.52002  4.91670723E-13
  4591.25977  4.90650055E-13
  4594.  4.95545228E-13
  4596.74023  4.97266399E-13
  4599.47998  4.91164238E-13
  4602.22021  4.89892686E-13
  4604.95996  4.93441605E-13
  4607.7002  4.97794026E-13
  4610.43994  4.99248917E-13
  4613.18018  4.91850321E-13
  4615.91992  4.93262657E-13
  4618.66016  4.97262116E-13
  4621.3999  5.01904182E-13
  4624.14014  4.99020638E-13
  4626.87988  4.9453589E-13
  4629.62012  4.95527935E-13
  4632.35986  4.95505655E-13
  4635.1001  4.8937937E-13
  4637.83984  4.97587052E-13
  4640.58008  4.96711342E-13
  4643.31982  4.95898407E-13
  4646.06006  4.95922422E-13
  4648.7998  4.96481382E-13
  4651.54004  4.96598964E-13
  4654.27979  4.95898136E-13
  4657.02002  4.95239646E-13
  4659.75977  4.9509523E-13
  4662.5  5.00485178E-13
  4665.24023  4.95885397E-13
  4667.97998  4.90445195E-13
  4670.72021  4.93972972E-13
  4673.45996  4.99123421E-13
  4676.2002  4.99258133E-13
  4678.93994  5.00375945E-13
  4681.68018  4.94828299E-13
  4684.41992  4.95741143E-13
  4687.16016  4.99612613E-13
  4689.8999  4.98992449E-13
  4692.64014  5.01432988E-13
  4695.37988  5.00416548E-13
  4698.12012  4.96897716E-13
  4700.85986  4.87486191E-13
  4703.6001  4.85127997E-13
  4706.33984  4.89265638E-13
  4709.08008  4.92892456E-13
  4711.81982  4.96412319E-13
  4714.56006  4.93818907E-13
  4717.2998  4.9517004E-13
  4720.04004  5.00198895E-13
  4722.77979  4.95636572E-13
  4725.52002  4.94856977E-13
  4728.25977  4.94754682E-13
  4731.  4.92548222E-13
  4733.74023  4.95402981E-13
  4736.47998  4.96231365E-13
  4739.22021  4.89769249E-13
  4741.95996  4.92267468E-13
  4744.7002  4.94933847E-13
  4747.43994  4.93583418E-13
  4750.18018  4.89863738E-13
  4752.91992  4.93791314E-13
  4755.66016  4.91194704E-13
  4758.3999  4.90795176E-13
  4761.14014  4.89364679E-13
  4763.87988  4.90510735E-13
  4766.62012  4.88359516E-13
  4769.35986  4.91209016E-13
  4772.1001  4.96232287E-13
  4774.83984  4.9316161E-13
  4777.58008  4.85477001E-13
  4780.31982  4.90724486E-13
  4783.06006  4.94629619E-13
  4785.7998  4.96055833E-13
  4788.54004  4.90865649E-13
  4791.27979  4.9447073E-13
  4794.02002  4.97228615E-13
  4796.75977  4.98400095E-13
  4799.5  5.00411778E-13
  4802.24023  4.93309495E-13
  4804.97998  4.88144681E-13
  4807.72021  4.94234645E-13
  4810.45996  4.92648674E-13
  4813.2002  4.933424E-13
  4815.93994  4.97366417E-13
  4818.68018  4.95220293E-13
  4821.41992  4.90374505E-13
  4824.16016  4.92391663E-13
  4826.8999  4.93387341E-13
  4829.64014  4.94168833E-13
  4832.37988  4.92015174E-13
  4835.12012  4.88703045E-13
  4837.85986  4.92072854E-13
  4840.6001  4.88243885E-13
  4843.33984  4.85042453E-13
  4846.08008  4.82934818E-13
  4848.81982  4.7912092E-13
  4851.56006  4.72161373E-13
  4854.2998  4.55293301E-13
  4857.04004  4.25392685E-13
  4859.77979  3.88097296E-13
  4862.52002  3.77998143E-13
  4865.25977  4.28656595E-13
  4868.  4.55770946E-13
  4870.74023  4.63266686E-13
  4873.47998  4.66841192E-13
  4876.22021  4.73757914E-13
  4878.95996  4.77179114E-13
  4881.7002  4.86272264E-13
  4884.43994  4.8665992E-13
  4887.18018  4.81725499E-13
  4889.91992  4.75055217E-13
  4892.66016  4.81458731E-13
  4895.3999  4.89088479E-13
  4898.14014  4.93557072E-13
  4900.87988  4.87884256E-13
  4903.62012  4.90384805E-13
  4906.35986  4.85233598E-13
  4909.1001  4.88682391E-13
  4911.83984  4.90613301E-13
  4914.58008  4.92346344E-13
  4917.31982  4.82934547E-13
  4920.06006  4.81662941E-13
  4922.7998  4.79605938E-13
  4925.54004  4.86672009E-13
  4928.27979  4.93854577E-13
  4931.02002  4.91990997E-13
  4933.75977  4.84508429E-13
  4936.5  4.84270664E-13
  4939.24023  4.8619019E-13
  4941.97998  4.96928128E-13
  4944.72021  4.93496953E-13
  4947.45996  4.94124652E-13
  4950.2002  4.93715312E-13
  4952.93994  4.87517741E-13
  4955.68018  4.89627544E-13
  4958.41992  4.81396065E-13
  4961.16016  4.89065928E-13
  4963.8999  4.95138652E-13
  4966.64014  4.8791315E-13
  4969.37988  4.93047389E-13
  4972.12012  4.92606064E-13
  4974.85986  4.91228152E-13
  4977.6001  4.87362592E-13
  4980.33984  4.81773258E-13
  4983.08008  4.78462918E-13
  4985.81982  4.78608093E-13
  4988.56006  4.8370162E-13
  4991.2998  4.88666182E-13
  4994.04004  4.81125285E-13
  4996.77979  4.90123838E-13
  4999.52002  4.84171568E-13
  5002.25977  4.83254875E-13
  5005.  4.81331121E-13
  5007.74023  4.80143594E-13
  5010.47998  4.78421881E-13
  5013.22021  4.76128251E-13
  5015.95996  4.7212245E-13
  5018.7002  4.85268076E-13
  5021.43994  4.77570891E-13
  5024.18018  4.82572749E-13
  5026.91992  4.83138432E-13
  5029.66016  4.86441616E-13
  5032.3999  4.84763109E-13
  5035.14014  4.89477491E-13
  5037.87988  4.78683553E-13
  5040.62012  4.77641852E-13
  5043.35986  4.78482054E-13
  5046.1001  4.88812712E-13
  5048.83984  4.81312039E-13
  5051.58008  4.84455683E-13
  5054.31982  4.93371511E-13
  5057.06006  4.97331072E-13
  5059.7998  4.91092193E-13
  5062.54004  4.945328E-13
  5065.27979  4.85792613E-13
  5068.02002  4.85007217E-13
  5070.75977  4.88352143E-13
  5073.5  4.72107217E-13
  5076.24023  4.81810501E-13
  5078.97998  4.82040135E-13
  5081.72021  4.80660975E-13
  5084.45996  4.88381525E-13
  5087.2002  4.90881478E-13
  5089.93994  4.86897252E-13
  5092.68018  4.94698195E-13
  5095.41992  4.89063542E-13
  5098.16016  4.87982972E-13
  5100.8999  4.86808564E-13
  5103.64014  4.87933207E-13
  5106.37988  4.80314952E-13
  5109.12012  4.75796702E-13
  5111.85986  4.81903471E-13
  5114.6001  4.88217377E-13
  5117.33984  4.87806301E-13
  5120.08008  4.79328545E-13
  5122.81982  4.81566176E-13
  5125.56006  4.82623544E-13
  5128.2998  4.79570756E-13
  5131.04004  4.85216034E-13
  5133.77979  4.86674123E-13
  5136.52002  4.82648372E-13
  5139.25977  4.73758185E-13
  5142.  4.81650798E-13
  5144.74023  4.77565578E-13
  5147.47998  4.87576938E-13
  5150.22021  4.79161524E-13
  5152.95996  4.83655325E-13
  5155.7002  4.81584336E-13
  5158.43994  4.87275801E-13
  5161.18018  4.84042494E-13
  5163.91992  4.75596071E-13
  5166.66016  4.54704552E-13
  5169.3999  4.41141617E-13
  5172.14014  4.46829341E-13
  5174.87988  4.65373671E-13
  5177.62012  4.84378867E-13
  5180.35986  4.79358578E-13
  5183.1001  4.55523152E-13
  5185.83984  4.64960047E-13
  5188.58008  4.73084679E-13
  5191.31982  4.75267178E-13
  5194.06006  4.71759947E-13
  5196.7998  4.7920023E-13
  5199.54004  4.85656979E-13
  5202.27979  4.79912388E-13
  5205.02002  4.75369906E-13
  5207.75977  4.80103424E-13
  5210.5  4.83466999E-13
  5213.24023  4.8844945E-13
  5215.97998  4.82833337E-13
  5218.72021  4.88799973E-13
  5221.45996  4.93580491E-13
  5224.2002  4.82874862E-13
  5226.93994  4.70703175E-13
  5229.68018  4.81065058E-13
  5232.41992  4.78119551E-13
  5235.16016  4.83317162E-13
  5237.8999  4.89905534E-13
  5240.64014  4.91725421E-13
  5243.37988  4.90859306E-13
  5246.12012  4.92208867E-13
  5248.85986  4.95159469E-13
  5251.6001  4.889896E-13
  5254.33984  4.8757477E-13
  5257.08008  4.91755616E-13
  5259.81982  4.8806651E-13
  5262.56006  4.79326052E-13
  5265.2998  4.72065583E-13
  5268.04004  4.6975775E-13
  5270.77979  4.65484042E-13
  5273.52002  4.8227416E-13
  5276.25977  4.89006784E-13
  5279.  4.89595669E-13
  5281.74023  4.92290941E-13
  5284.47998  4.86455928E-13
  5287.22021  4.93626732E-13
  5289.95996  4.99499422E-13
  5292.7002  4.95355547E-13
  5295.43994  4.95366281E-13
  5298.18018  4.91064275E-13
  5300.91992  4.9210847E-13
  5303.66016  4.98460485E-13
  5306.3999  4.92705919E-13
  5309.14014  4.96038594E-13
  5311.87988  4.91819584E-13
  5314.62012  4.93099647E-13
  5317.35986  4.91361455E-13
  5320.1001  5.01913723E-13
  5322.83984  4.86779779E-13
  5325.58008  4.81420242E-13
  5328.31982  4.75335645E-13
  5331.06006  4.88237705E-13
  5333.7998  4.91281874E-13
  5336.54004  4.86475552E-13
  5339.27979  4.88257872E-13
  5342.02002  4.874979E-13
  5344.75977  4.8986222E-13
  5347.5  4.86953305E-13
  5350.24023  4.90142107E-13
  5352.97998  4.95033593E-13
  5355.72021  4.93345761E-13
  5358.45996  4.94816373E-13
  5361.2002  4.8934061E-13
  5363.93994  4.89257127E-13
  5366.68018  4.83651639E-13
  5369.41992  4.76392634E-13
  5372.16016  4.8744781E-13
  5374.8999  4.91402871E-13
  5377.64014  4.94745304E-13
  5380.37988  4.8892059E-13
  5383.12012  4.87842676E-13
  5385.85986  4.94255244E-13
  5388.6001  4.95903449E-13
  5391.33984  4.88724133E-13
  5394.08008  4.88926824E-13
  5396.81982  4.84981087E-13
  5399.56006  4.89667443E-13
  5402.2998  4.81075249E-13
  5405.04004  4.79122709E-13
  5407.77979  4.83652181E-13
  5410.52002  4.80156334E-13
  5413.25977  4.85836631E-13
  5416.  4.82494903E-13
  5418.74023  4.85919302E-13
  5421.47998  4.84235861E-13
  5424.22021  4.84378759E-13
  5426.95996  4.82743999E-13
  5429.7002  4.79768081E-13
  5432.43994  4.83109754E-13
  5435.18018  4.9022044E-13
  5437.91992  4.91048825E-13
  5440.66016  4.86963172E-13
  5443.3999  4.85350258E-13
  5446.14014  4.77144474E-13
  5448.87988  4.84779046E-13
  5451.62012  4.89491639E-13
  5454.35986  4.8581923E-13
  5457.1001  4.83338087E-13
  5459.83984  4.88145386E-13
  5462.58008  4.85631012E-13
  5465.31982  4.89214626E-13
  5468.06006  4.88055343E-13
  5470.7998  4.91927354E-13
  5473.54004  4.90981333E-13
  5476.27979  4.81383108E-13
  5479.02002  4.88156336E-13
  5481.75977  4.88889257E-13
  5484.5  4.92163168E-13
  5487.24023  4.8666648E-13
  5489.97998  4.92536459E-13
  5492.72021  4.94224724E-13
  5495.45996  4.84749068E-13
  5498.2002  4.90538545E-13
  5500.93994  4.86474684E-13
  5503.68018  4.89270788E-13
  5506.41992  4.91328549E-13
  5509.16016  4.8971878E-13
  5511.8999  4.88164468E-13
  5514.64014  4.87743201E-13
  5517.37988  4.91341559E-13
  5520.12012  4.9321235E-13
  5522.85986  4.86632056E-13
  5525.6001  4.83341557E-13
  5528.33984  4.84286493E-13
  5531.08008  4.88953008E-13
  5533.81982  4.93876587E-13
  5536.56006  4.92911809E-13
  5539.2998  4.91582849E-13
  5542.04004  4.98297584E-13
  5544.77979  4.98071582E-13
  5547.52002  5.02859581E-13
  5550.25977  4.98753708E-13
  5553.  4.94158588E-13
  5555.74023  4.94900562E-13
  5558.47998  4.92767665E-13
  5561.22021  4.9459422E-13
  5563.95996  4.95434965E-13
  5566.7002  4.9249076E-13
  5569.43994  4.87213405E-13
  5572.18018  4.86515288E-13
  5574.91992  4.88377134E-13
  5577.66016  4.86704752E-13
  5580.3999  4.87784997E-13
  5583.14014  4.88245349E-13
  5585.87988  4.83279324E-13
  5588.62012  4.81183452E-13
  5591.35986  4.85061427E-13
  5594.1001  4.89180582E-13
  5596.83984  4.88823717E-13
  5599.58008  4.88480621E-13
  5602.31982  4.88539547E-13
  5605.06006  4.94754357E-13
  5607.7998  4.99694307E-13
  5610.54004  4.9742621E-13
  5613.27979  4.91642534E-13
  5616.02002  4.92314089E-13
  5618.75977  4.93150713E-13
  5621.5  4.91177899E-13
  5624.24023  4.9249347E-13
  5626.97998  4.93965112E-13
  5629.72021  4.93384684E-13
  5632.45996  4.93798524E-13
  5635.2002  5.02748179E-13
  5637.93994  4.9151617E-13
  5640.68018  4.92592512E-13
  5643.41992  4.944652E-13
  5646.16016  4.90678461E-13
  5648.8999  4.96364993E-13
  5651.64014  4.9317874E-13
  5654.37988  4.93918274E-13
  5657.12012  4.97187794E-13
  5659.85986  4.9011923E-13
  5662.6001  4.84776553E-13
  5665.33984  4.87383788E-13
  5668.08008  4.8610817E-13
  5670.81982  4.8023792E-13
  5673.56006  4.79858612E-13
  5676.2998  4.82850034E-13
  5679.04004  4.91882251E-13
  5681.77979  4.98985564E-13
  5684.52002  4.95412576E-13
  5687.25977  4.90298991E-13
  5690.  4.82469696E-13
  5692.74023  4.82377322E-13
  5695.47998  4.88062444E-13
  5698.22021  4.90390714E-13
  5700.95996  4.88948454E-13
  5703.7002  4.72829946E-13
  5706.43994  4.63183907E-13
  5709.18018  4.74221248E-13
  5711.91992  4.81637299E-13
  5714.66016  4.86111422E-13
  5717.3999  4.8448474E-13
  5720.14014  4.79659769E-13
  5722.87988  4.84117412E-13
  5725.62012  4.90137065E-13
  5728.35986  4.93640339E-13
  5731.1001  4.93107833E-13
  5733.83984  4.84805663E-13
  5736.58008  4.83387961E-13
  5739.31982  4.86945879E-13
  5742.06006  4.90198865E-13
  5744.7998  4.92896739E-13
  5747.54004  4.90807265E-13
  5750.27979  4.87687527E-13
  5753.02002  4.83164127E-13
  5755.75977  4.84716434E-13
  5758.5  4.95923832E-13
  5761.24023  4.95082762E-13
  5763.97998  4.88328291E-13
  5766.72021  4.87911577E-13
  5769.45996  4.88631867E-13
  5772.2002  4.87134476E-13
  5774.93994  4.87158328E-13
  5777.68018  4.91305347E-13
  5780.41992  4.90754572E-13
  5783.16016  4.8623269E-13
  5785.8999  4.81983106E-13
  5788.64014  4.7877983E-13
  5791.37988  4.84498563E-13
  5794.12012  4.87446617E-13
  5796.85986  4.75522724E-13
  5799.6001  4.73687658E-13
  5802.33984  4.86219897E-13
  5805.08008  4.97545581E-13
  5807.81982  5.09272366E-13
  5810.56006  5.03906812E-13
  5813.2998  4.94990713E-13
  5816.04004  4.98858333E-13
  5818.77979  4.99631857E-13
  5821.52002  4.90402749E-13
  5824.26025  4.87117616E-13
  5827.  4.89067283E-13
  5829.74023  4.88790974E-13
  5832.47998  4.88311811E-13
  5835.22021  4.89849155E-13
  5837.95996  4.90339648E-13
  5840.7002  4.85534789E-13
  5843.43994  4.85294151E-13
  5846.18018  4.95086611E-13
  5848.91992  4.90887712E-13
  5851.66016  4.78524826E-13
  5854.3999  4.79345296E-13
  5857.14014  4.83227065E-13
  5859.87988  4.80749175E-13
  5862.62012  4.79574822E-13
  5865.35986  4.82317853E-13
  5868.1001  4.85421599E-13
  5870.83984  4.89263144E-13
  5873.58008  4.92353391E-13
  5876.31982  4.94282675E-13
  5879.06006  4.91401407E-13
  5881.7998  4.86270258E-13
  5884.54004  4.81178953E-13
  5887.27979  4.72268925E-13
  5890.02002  4.54574068E-13
  5892.76025  4.49635717E-13
  5895.5  4.53545052E-13
  5898.24023  4.63311789E-13
  5900.97998  4.75941118E-13
  5903.72021  4.86249496E-13
  5906.45996  4.8994283E-13
  5909.2002  4.79603987E-13
  5911.93994  4.76145544E-13
  5914.68018  4.80494117E-13
  5917.41992  4.79806949E-13
  5920.16016  4.78038019E-13
  5922.8999  4.83897807E-13
  5925.64014  4.89232515E-13
  5928.37988  4.87142499E-13
  5931.12012  4.82911779E-13
  5933.85986  4.74275513E-13
  5936.6001  4.74960999E-13
  5939.33984  4.82905599E-13
  5942.08008  4.8114106E-13
  5944.81982  4.76812437E-13
  5947.56006  4.77183234E-13
  5950.2998  4.78912699E-13
  5953.04004  4.82645716E-13
  5955.77979  4.8299548E-13
  5958.52002  4.78922024E-13
  5961.26025  4.76819593E-13
  5964.  4.75780439E-13
  5966.74023  4.80165495E-13
  5969.47998  4.84120177E-13
  5972.22021  4.81150872E-13
  5974.95996  4.76535207E-13
  5977.7002  4.69275335E-13
  5980.43994  4.67273193E-13
  5983.18018  4.6958623E-13
  5985.91992  4.73379582E-13
  5988.66016  4.77439973E-13
  5991.3999  4.75796052E-13
  5994.14014  4.73999854E-13
  5996.87988  4.74910909E-13
  5999.62012  4.76112585E-13
  6002.35986  4.77864005E-13
  6005.1001  4.78416406E-13
  6007.83984  4.78280501E-13
  6010.58008  4.78798208E-13
  6013.31982  4.78677428E-13
  6016.06006  4.76440122E-13
  6018.7998  4.73221072E-13
  6021.54004  4.67549393E-13
  6024.27979  4.67104328E-13
  6027.02002  4.71654562E-13
  6029.76025  4.72015764E-13
  6032.5  4.71476482E-13
  6035.24023  4.73942988E-13
  6037.97998  4.7766809E-13
  6040.72021  4.84175579E-13
  6043.45996  4.85550402E-13
  6046.2002  4.80178885E-13
  6048.93994  4.72011427E-13
  6051.68018  4.61576144E-13
  6054.41992  4.68902207E-13
  6057.16016  4.79192857E-13
  6059.8999  4.74462158E-13
  6062.64014  4.69873597E-13
  6065.37988  4.68630126E-13
  6068.12012  4.71454039E-13
  6070.85986  4.79394953E-13
  6073.6001  4.78578115E-13
  6076.33984  4.73823075E-13
  6079.08008  4.70145515E-13
  6081.81982  4.69405331E-13
  6084.56006  4.77563898E-13
  6087.2998  4.80957342E-13
  6090.04004  4.76428304E-13
  6092.77979  4.72660051E-13
  6095.52002  4.68304974E-13
  6098.26025  4.64908548E-13
  6101.  4.62978776E-13
  6103.74023  4.65363859E-13
  6106.47998  4.67126988E-13
  6109.22021  4.65985215E-13
  6111.95996  4.64642105E-13
  6114.7002  4.62834144E-13
  6117.43994  4.61953175E-13
  6120.18018  4.61683155E-13
  6122.91992  4.62363275E-13
  6125.66016  4.63155068E-13
  6128.3999  4.63526461E-13
  6131.14014  4.62974765E-13
  6133.87988  4.61494558E-13
  6136.62012  4.57884707E-13
  6139.35986  4.52437512E-13
  6142.1001  4.58033459E-13
  6144.83984  4.67478161E-13
  6147.58008  4.73088257E-13
  6150.31982  4.74967505E-13
  6153.06006  4.69657679E-13
  6155.7998  4.6766009E-13
  6158.54004  4.70674335E-13
  6161.27979  4.64061623E-13
  6164.02002  4.53572482E-13
  6166.76025  4.56723851E-13
  6169.5  4.61972691E-13
  6172.24023  4.5970801E-13
  6174.97998  4.59725357E-13
  6177.72021  4.65787294E-13
  6180.45996  4.66529267E-13
  6183.2002  4.63259964E-13
  6185.93994  4.64833684E-13
  6188.68018  4.66400302E-13
  6191.41992  4.57651929E-13
  6194.16016  4.52958065E-13
  6196.8999  4.63606313E-13
  6199.64014  4.68797147E-13
  6202.37988  4.67643231E-13
  6205.12012  4.62987829E-13
  6207.85986  4.55741022E-13
  6210.6001  4.56913478E-13
  6213.33984  4.59362257E-13
  6216.08008  4.56313969E-13
  6218.81982  4.54456974E-13
  6221.56006  4.55195885E-13
  6224.2998  4.57772492E-13
  6227.04004  4.62616165E-13
  6229.77979  4.60953812E-13
  6232.52002  4.56847776E-13
  6235.26025  4.5589487E-13
  6238.  4.5661142E-13
  6240.74023  4.61687437E-13
  6243.47998  4.60361404E-13
  6246.22021  4.48027357E-13
  6248.95996  4.46489932E-13
  6251.7002  4.50611092E-13
  6254.43994  4.53505506E-13
  6257.18018  4.55728933E-13
  6259.91992  4.54472479E-13
  6262.66016  4.54281822E-13
  6265.3999  4.57773468E-13
  6268.14014  4.58246126E-13
  6270.87988  4.55744708E-13
  6273.62012  4.57181493E-13
  6276.35986  4.59591078E-13
  6279.1001  4.57371554E-13
  6281.83984  4.54585263E-13
  6284.58008  4.5366239E-13
  6287.31982  4.52215847E-13
  6290.06006  4.48858019E-13
  6292.7998  4.50146349E-13
  6295.54004  4.54349666E-13
  6298.27979  4.52744748E-13
  6301.02002  4.4991948E-13
  6303.76025  4.50064167E-13
  6306.5  4.51349597E-13
  6309.24023  4.53891509E-13
  6311.97998  4.56449386E-13
  6314.72021  4.59646535E-13
  6317.45996  4.57573215E-13
  6320.2002  4.53259961E-13
  6322.93994  4.54260056E-13
  6325.68018  4.5633652E-13
  6328.41992  4.58362027E-13
  6331.16016  4.57599453E-13
  6333.8999  4.5373907E-13
  6336.64014  4.44786948E-13
  6339.37988  4.31641593E-13
  6342.12012  4.39133701E-13
  6344.85986  4.52389536E-13
  6347.6001  4.52265504E-13
  6350.33984  4.51867032E-13
  6353.08008  4.56895752E-13
  6355.81982  4.56765268E-13
  6358.56006  4.50265801E-13
  6361.2998  4.49160186E-13
  6364.04004  4.50119434E-13
  6366.77979  4.48671726E-13
  6369.52002  4.46939469E-13
  6372.26025  4.45016745E-13
  6375.  4.4596431E-13
  6377.74023  4.52683138E-13
  6380.47998  4.54057961E-13
  6383.22021  4.5168429E-13
  6385.95996  4.52552492E-13
  6388.7002  4.53840714E-13
  6391.43994  4.52542328E-13
  6394.18018  4.50732198E-13
  6396.91992  4.48593474E-13
  6399.66016  4.47971413E-13
  6402.3999  4.49472328E-13
  6405.14014  4.49007422E-13
  6407.87988  4.47784225E-13
  6410.62012  4.48178278E-13
  6413.35986  4.49181111E-13
  6416.1001  4.50854225E-13
  6418.83984  4.51365968E-13
  6421.58008  4.50138543E-13
  6424.31982  4.47649621E-13
  6427.06006  4.43674123E-13
  6429.7998  4.43536213E-13
  6432.54004  4.45210194E-13
  6435.27979  4.47230198E-13
  6438.02002  4.48407641E-13
  6440.76025  4.46629739E-13
  6443.5  4.46712898E-13
  6446.24023  4.49987243E-13
  6448.97998  4.49386676E-13
  6451.72021  4.4695435E-13
  6454.45996  4.48991972E-13
  6457.2002  4.51284707E-13
  6459.93994  4.49682907E-13
  6462.68018  4.47577007E-13
  6465.41992  4.4505415E-13
  6468.16016  4.44466241E-13
  6470.8999  4.45760779E-13
  6473.64014  4.45214232E-13
  6476.37988  4.44575502E-13
  6479.12012  4.47680115E-13
  6481.85986  4.50243927E-13
  6484.6001  4.49908286E-13
  6487.33984  4.47360438E-13
  6490.08008  4.41190107E-13
  6492.81982  4.38169873E-13
  6495.56006  4.36876311E-13
  6498.2998  4.3758565E-13
  6501.04004  4.3946422E-13
  6503.77979  4.40995005E-13
  6506.52002  4.43742482E-13
  6509.26025  4.50208772E-13
  6512.  4.50828638E-13
  6514.74023  4.45323195E-13
  6517.47998  4.44483507E-13
  6520.22021  4.45118145E-13
  6522.95996  4.43672714E-13
  6525.7002  4.42750464E-13
  6528.43994  4.44366901E-13
  6531.18018  4.45598745E-13
  6533.91992  4.46377744E-13
  6536.66016  4.45834694E-13
  6539.3999  4.44192561E-13
  6542.14014  4.42430435E-13
  6544.87988  4.38767132E-13
  6547.62012  4.28132925E-13
  6550.35986  4.19604076E-13
  6553.1001  4.21485871E-13
  6555.83984  4.10711992E-13
  6558.58008  3.8499927E-13
  6561.31982  3.69579584E-13
  6564.06006  3.62233762E-13
  6566.7998  3.83702971E-13
  6569.54004  4.10361578E-13
  6572.27979  4.23482511E-13
  6575.02002  4.33238243E-13
  6577.76025  4.40475889E-13
  6580.5  4.43711745E-13
  6583.24023  4.43150399E-13
  6585.97998  4.44976385E-13
  6588.72021  4.46349826E-13
  6591.45996  4.43226537E-13
  6594.2002  4.4085311E-13
  6596.93994  4.41390847E-13
  6599.68018  4.44006539E-13
  6602.41992  4.49998762E-13
  6605.16016  4.50130791E-13
  6607.8999  4.47069546E-13
  6610.64014  4.43663904E-13
  6613.37988  4.41279039E-13
  6616.12012  4.43967806E-13
  6618.85986  4.44484347E-13
  6621.6001  4.38650554E-13
  6624.33984  4.40816898E-13
  6627.08008  4.49470566E-13
  6629.81982  4.46149275E-13
  6632.56006  4.40030282E-13
  6635.2998  4.45520926E-13
  6638.04004  4.49790731E-13
  6640.77979  4.45710417E-13
  6643.52002  4.42869347E-13
  6646.26025  4.40924126E-13
  6649.  4.43348347E-13
  6651.74023  4.48188904E-13
  6654.47998  4.45626852E-13
  6657.22021  4.42454287E-13
  6659.95996  4.45746765E-13
  6662.7002  4.47593595E-13
  6665.43994  4.4625363E-13
  6668.18018  4.42722302E-13
  6670.91992  4.36621659E-13
  6673.66016  4.34456453E-13
  6676.3999  4.34901193E-13
  6679.14014  4.40467595E-13
  6681.87988  4.44495E-13
  6684.62012  4.403051E-13
  6687.35986  4.39678865E-13
  6690.1001  4.45763896E-13
  6692.83984  4.44102681E-13
  6695.58008  4.38409861E-13
  6698.31982  4.38465263E-13
  6701.06006  4.39414211E-13
  6703.7998  4.36892357E-13
  6706.54004  4.35281965E-13
  6709.27979  4.36168029E-13
  6712.02002  4.36794345E-13
  6714.76025  4.37452077E-13
  6717.5  4.3674065E-13
  6720.24023  4.35620561E-13
  6722.97998  4.37392391E-13
  6725.72021  4.37507073E-13
  6728.45996  4.29828753E-13
  6731.2002  4.28194454E-13
  6733.93994  4.37064935E-13
  6736.68018  4.40359283E-13
  6739.41992  4.41077974E-13
  6742.16016  4.38581083E-13
  6744.8999  4.34540208E-13
  6747.64014  4.30177703E-13
  6750.37988  4.2933704E-13
  6753.12012  4.36335999E-13
  6755.85986  4.39230005E-13
  6758.6001  4.38186515E-13
  6761.33984  4.38159789E-13
  6764.08008  4.37782975E-13
  6766.81982  4.34662343E-13
  6769.56006  4.32130812E-13
  6772.2998  4.33451967E-13
  6775.04004  4.34637352E-13
  6777.77979  4.34804048E-13
  6780.52002  4.36657383E-13
  6783.26025  4.3965317E-13
  6786.  4.37483166E-13
  6788.74023  4.33521464E-13
  6791.47998  4.30592356E-13
  6794.22021  4.30132302E-13
  6796.95996  4.35372062E-13
  6799.7002  4.3681462E-13
  6802.43994  4.34336838E-13
  6805.18018  4.30386981E-13
  6807.91992  4.25525365E-13
  6810.66016  4.25078294E-13
  6813.3999  4.26837873E-13
  6816.14014  4.31475114E-13
  6818.87988  4.33492082E-13
  6821.62012  4.30005532E-13
  6824.35986  4.30159651E-13
  6827.1001  4.3270693E-13
  6829.83984  4.31883452E-13
  6832.58008  4.29872717E-13
  6835.31982  4.28152116E-13
  6838.06006  4.27485846E-13
  6840.7998  4.29277545E-13
  6843.54004  4.30221044E-13
  6846.27979  4.30208522E-13
  6849.02002  4.29902777E-13
  6851.76025  4.29261553E-13
  6854.5  4.2895513E-13
  6857.24023  4.28050173E-13
  6859.97998  4.25188883E-13
  6862.72021  4.22370364E-13
  6865.45996  4.19555937E-13
  6868.2002  4.1841289E-13
  6870.93994  4.18609917E-13
  6873.68018  4.23818505E-13
  6876.41992  4.30010763E-13
  6879.16016  4.26621249E-13
  6881.8999  4.23953136E-13
  6884.64014  4.28242728E-13
  6887.37988  4.31755922E-13
  6890.12012  4.35227023E-13
  6892.85986  4.32452034E-13
  6895.6001  4.26238688E-13
  6898.33984  4.31857133E-13
  6901.08008  4.37923379E-13
  6903.81982  4.31489181E-13
  6906.56006  4.25941346E-13
  6909.2998  4.24341768E-13
  6912.04004  4.25136217E-13
  6914.77979  4.28775884E-13
  6917.52002  4.2838755E-13
  6920.26025  4.26565738E-13
  6923.  4.26705302E-13
  6925.74023  4.26895146E-13
  6928.47998  4.25839241E-13
  6931.22021  4.26090532E-13
  6933.95996  4.30084137E-13
  6936.7002  4.25561225E-13
  6939.43994  4.16085921E-13
  6942.18018  4.17442339E-13
  6944.91992  4.21498882E-13
  6947.66016  4.20990201E-13
  6950.3999  4.20651253E-13
  6953.14014  4.21608901E-13
  6955.87988  4.22786047E-13
  6958.62012  4.24442111E-13
  6961.35986  4.24005151E-13
  6964.1001  4.22785179E-13
  6966.83984  4.24241154E-13
  6969.58008  4.25060486E-13
  6972.31982  4.22577527E-13
  6975.06006  4.19994958E-13
  6977.7998  4.17087534E-13
  6980.54004  4.16164905E-13
  6983.27979  4.16718851E-13
  6986.02002  4.18106251E-13
  6988.76025  4.20375188E-13
  6991.5  4.24102837E-13
  6994.24023  4.26617644E-13
  6996.97998  4.26680989E-13
  6999.72021  4.25096996E-13
  7002.45996  4.21126431E-13
  7005.2002  4.20876062E-13
  7007.93994  4.22613496E-13
  7010.68018  4.25797581E-13
  7013.41992  4.27443888E-13
  7016.16016  4.23169963E-13
  7018.8999  4.19122771E-13
  7021.64014  4.14418771E-13
  7024.37988  4.17505765E-13
  7027.12012  4.26817842E-13
  7029.85986  4.25646904E-13
  7032.6001  4.21501863E-13
  7035.33984  4.22389554E-13
  7038.08008  4.23481264E-13
  7040.81982  4.23564341E-13
  7043.56006  4.22678738E-13
  7046.2998  4.20214536E-13
  7049.04004  4.20527708E-13
  7051.77979  4.22391777E-13
  7054.52002  4.25163051E-13
  7057.26025  4.26424439E-13
  7060.  4.20932251E-13
  7062.74023  4.18588206E-13
  7065.47998  4.23433641E-13
  7068.22021  4.24774961E-13
  7070.95996  4.23952133E-13
  7073.7002  4.20691666E-13
  7076.43994  4.16721291E-13
  7079.18018  4.16654802E-13
  7081.91992  4.16916095E-13
  7084.66016  4.1614024E-13
  7087.3999  4.14744248E-13
  7090.14014  4.11630636E-13
  7092.87988  4.13929633E-13
  7095.62012  4.19124045E-13
  7098.35986  4.19183622E-13
  7101.1001  4.17706288E-13
  7103.83984  4.16471762E-13
  7106.58008  4.15509234E-13
  7109.31982  4.14682449E-13
  7112.06006  4.15559948E-13
  7114.7998  4.18289562E-13
  7117.54004  4.15839265E-13
  7120.27979  4.11748733E-13
  7123.02002  4.12041928E-13
  7125.76025  4.13115885E-13
  7128.5  4.14322385E-13
  7131.24023  4.13324567E-13
  7133.97998  4.0887698E-13
  7136.72021  4.06566138E-13
  7139.45996  4.05324483E-13
  7142.2002  4.06186071E-13
  7144.93994  4.08207647E-13
  7147.68018  4.10658785E-13
  7150.41992  4.1288167E-13
  7153.16016  4.15529888E-13
  7155.8999  4.14261697E-13
  7158.64014  4.08850932E-13
  7161.37988  4.06577983E-13
  7164.12012  4.06176205E-13
  7166.85986  4.1057213E-13
  7169.6001  4.13970073E-13
  7172.33984  4.09728458E-13
  7175.08008  4.09730653E-13
  7177.81982  4.18909129E-13
  7180.56006  4.17188907E-13
  7183.2998  4.0900806E-13
  7186.04004  4.05781853E-13
  7188.77979  4.03922392E-13
  7191.52002  4.02345366E-13
  7194.26025  4.00727872E-13
  7197.  3.96893428E-13
  7199.74023  3.99634454E-13
  7202.47998  4.10271399E-13
  7205.22021  4.1100085E-13
  7207.95996  4.07629524E-13
  7210.7002  4.08886439E-13
  7213.43994  4.09336383E-13
  7216.18018  4.0333321E-13
  7218.91992  4.02830736E-13
  7221.66016  4.13892797E-13
  7224.3999  4.13583528E-13
  7227.14014  4.06080443E-13
  7229.87988  4.07911687E-13
  7232.62012  4.12125331E-13
  7235.35986  4.12759562E-13
  7238.1001  4.12354097E-13
  7240.83984  4.111383E-13
  7243.58008  4.09507389E-13
  7246.31982  4.06895275E-13
  7249.06006  4.07834086E-13
  7251.7998  4.10522175E-13
  7254.54004  4.11102332E-13
  7257.27979  4.10135576E-13
  7260.02002  4.05804296E-13
  7262.76025  4.0339753E-13
  7265.5  4.04923084E-13
  7268.24023  4.04768856E-13
  7270.97998  4.03640879E-13
  7273.72021  4.08450265E-13
  7276.45996  4.14447502E-13
  7279.2002  4.14395948E-13
  7281.93994  4.11290224E-13
  7284.68018  4.03733714E-13
  7287.41992  3.99420243E-13
  7290.16016  3.98107545E-13
  7292.8999  4.02498456E-13
  7295.64014  4.10201387E-13
  7298.37988  4.0834732E-13
  7301.12012  4.04952276E-13
  7303.85986  4.07089239E-13
  7306.6001  4.07363298E-13
  7309.33984  4.02593486E-13
  7312.08008  4.01993244E-13
  7314.81982  4.04698817E-13
  7317.56006  4.05354027E-13
  7320.2998  4.05189608E-13
  7323.04004  4.03689099E-13
  7325.77979  4.02725379E-13
  7328.52002  4.04200653E-13
  7331.26025  4.04491924E-13
  7334.  4.0220404E-13
  7336.74023  4.0547291E-13
  7339.47998  4.11335571E-13
  7342.22021  4.0660704E-13
  7344.95996  3.99006918E-13
  7347.7002  3.93203455E-13
  7350.43994  3.92058727E-13
  7353.18018  4.00150155E-13
  7355.91992  4.02493251E-13
  7358.66016  4.00096568E-13
  7361.3999  3.99337058E-13
  7364.14014  3.98791487E-13
  7366.87988  3.98207698E-13
  7369.62012  3.97923665E-13
  7372.35986  3.98290423E-13
  7375.1001  3.98636555E-13
  7377.83984  3.99163558E-13
  7380.58008  3.98612106E-13
  7383.31982  3.97340825E-13
  7386.06006  3.9613923E-13
  7388.7998  3.95764747E-13
  7391.54004  3.99222864E-13
  7394.27979  4.00574729E-13
  7397.02002  3.96245699E-13
  7399.76025  3.94236916E-13
  7402.5  3.94032788E-13
  7405.24023  3.96515069E-13
  7407.97998  3.99511397E-13
  7410.72021  3.93583657E-13
  7413.45996  3.88253801E-13
  7416.2002  3.91653778E-13
  7418.93994  3.93236062E-13
  7421.68018  3.90391549E-13
  7424.41992  3.91706497E-13
  7427.16016  3.95478328E-13
  7429.8999  3.93836873E-13
  7432.64014  3.9216899E-13
  7435.37988  3.99791555E-13
  7438.12012  4.03840562E-13
  7440.85986  3.96703449E-13
  7443.6001  3.93422681E-13
  7446.33984  3.94099846E-13
  7449.08008  3.92671979E-13
  7451.81982  3.90995911E-13
  7454.56006  3.92735649E-13
  7457.2998  3.94857974E-13
  7460.04004  3.94871202E-13
  7462.77979  3.95284174E-13
  7465.52002  3.97060016E-13
  7468.26025  3.96971301E-13
  7471.  3.95517549E-13
  7473.74023  3.91957625E-13
  7476.47998  3.88874425E-13
  7479.22021  3.93418967E-13
  7481.95996  3.9654849E-13
  7484.7002  3.92651515E-13
  7487.43994  3.91384787E-13
  7490.18018  3.93264089E-13
  7492.91992  3.94108276E-13
  7495.66016  3.94501164E-13
  7498.3999  3.9254529E-13
  7501.14014  3.90326768E-13
  7503.87988  3.90512221E-13
  7506.62012  3.89154908E-13
  7509.35986  3.829546E-13
  7512.1001  3.84741636E-13
  7514.83984  3.93154747E-13
  7517.58008  3.93294745E-13
  7520.31982  3.90079299E-13
  7523.06006  3.85751923E-13
  7525.7998  3.83485507E-13
  7528.54004  3.87405087E-13
  7531.27979  3.89206029E-13
  7534.02002  3.88210785E-13
  7536.76025  3.87685354E-13
  7539.5  3.87001656E-13
  7542.24023  3.85210933E-13
  7544.97998  3.84419303E-13
  7547.72021  3.88645767E-13
  7550.45996  3.91030416E-13
  7553.2002  3.88902479E-13
  7555.93994  3.87833727E-13
  7558.68018  3.87434008E-13
  7561.41992  3.84014435E-13
  7564.16016  3.80409951E-13
  7566.8999  3.83826841E-13
  7569.64014  3.87646431E-13
  7572.37988  3.8844912E-13
  7575.12012  3.88166767E-13
  7577.85986  3.86828373E-13
  7580.6001  3.84109546E-13
  7583.33984  3.80420982E-13
  7586.08008  3.79955534E-13
  7588.81982  3.80972543E-13
  7591.56006  3.83347867E-13
  7594.2998  3.8419696E-13
  7597.04004  3.81937646E-13
  7599.77979  3.79207733E-13
  7602.52002  3.7526533E-13
  7605.26025  3.77884139E-13
  7608.  3.82950805E-13
  7610.74023  3.81709719E-13
  7613.47998  3.79348598E-13
  7616.22021  3.77048084E-13
  7618.95996  3.78239567E-13
  7621.7002  3.85767996E-13
  7624.43994  3.87803505E-13
  7627.18018  3.86684527E-13
  7629.91992  3.81415033E-13
  7632.66016  3.77059983E-13
  7635.3999  3.85529472E-13
  7638.14014  3.90612916E-13
  7640.87988  3.84391954E-13
  7643.62012  3.80620286E-13
  7646.35986  3.79116253E-13
  7649.1001  3.74589872E-13
  7651.83984  3.6943159E-13
  7654.58008  3.69752623E-13
  7657.31982  3.71860827E-13
  7660.06006  3.74274911E-13
  7662.7998  3.76063086E-13
  7665.54004  3.76827665E-13
  7668.27979  3.77451353E-13
  7671.02002  3.77822095E-13
  7673.76025  3.79003279E-13
  7676.5  3.80007332E-13
  7679.24023  3.78834334E-13
  7681.97998  3.77991123E-13
  7684.72021  3.79147722E-13
  7687.45996  3.7881517E-13
  7690.2002  3.76936384E-13
  7692.93994  3.74227504E-13
  7695.68018  3.71201713E-13
  7698.41992  3.71882782E-13
  7701.16016  3.73039788E-13
  7703.8999  3.71669167E-13
  7706.64014  3.71304062E-13
  7709.37988  3.72095069E-13
  7712.12012  3.76037472E-13
  7714.85986  3.82888599E-13
  7717.6001  3.82435294E-13
  7720.33984  3.79094813E-13
  7723.08008  3.76987151E-13
  7725.81982  3.75908153E-13
  7728.56006  3.77875357E-13
  7731.2998  3.76435211E-13
  7734.04004  3.69405678E-13
  7736.77979  3.71928671E-13
  7739.52002  3.78581769E-13
  7742.26025  3.71478591E-13
  7745.  3.64029418E-13
  7747.74023  3.7006658E-13
  7750.47998  3.73743462E-13
  7753.22021  3.70324485E-13
  7755.95996  3.69269448E-13
  7758.7002  3.69694211E-13
  7761.43994  3.68133584E-13
  7764.18018  3.66950529E-13
  7766.91992  3.72141798E-13
  7769.66016  3.76402062E-13
  7772.3999  3.74776599E-13
  7775.14014  3.73845811E-13
  7777.87988  3.74487713E-13
  7780.62012  3.7275551E-13
  7783.35986  3.69542098E-13
  7786.1001  3.65295603E-13
  7788.83984  3.61892103E-13
  7791.58008  3.62036627E-13
  7794.31982  3.64948414E-13
  7797.06006  3.73223452E-13
  7799.7998  3.75233075E-13
  7802.54004  3.71653744E-13
  7805.27979  3.69122457E-13
  7808.02002  3.66979776E-13
  7810.76025  3.68823678E-13
  7813.5  3.70219155E-13
  7816.24023  3.66616243E-13
  7818.97998  3.66790691E-13
  7821.72021  3.73785529E-13
  7824.45996  3.75370335E-13
  7827.2002  3.74093714E-13
  7829.93994  3.70819288E-13
  7832.68018  3.67459562E-13
  7835.41992  3.68208231E-13
  7838.16016  3.68945949E-13
  7840.8999  3.68076527E-13
  7843.64014  3.68341127E-13
  7846.37988  3.69794012E-13
  7849.12012  3.70294832E-13
  7851.85986  3.70116074E-13
  7854.6001  3.67859172E-13
  7857.33984  3.6588484E-13
  7860.08008  3.66515195E-13
  7862.81982  3.66738757E-13
  7865.56006  3.65773302E-13
  7868.2998  3.66561951E-13
  7871.04004  3.68372406E-13
  7873.77979  3.62926621E-13
  7876.52002  3.57358349E-13
  7879.26025  3.63918666E-13
  7882.  3.69019539E-13
  7884.74023  3.65855919E-13
  7887.47998  3.66320852E-13
  7890.22021  3.71113188E-13
  7892.95996  3.70100543E-13
  7895.7002  3.66911688E-13
  7898.43994  3.69984777E-13
  7901.18018  3.72259352E-13
  7903.91992  3.67122809E-13
  7906.66016  3.63416654E-13
  7909.3999  3.63416545E-13
  7912.14014  3.61293406E-13
  7914.87988  3.57886572E-13
  7917.62012  3.56586532E-13
  7920.35986  3.56871813E-13
  7923.1001  3.59783492E-13
  7925.83984  3.63573267E-13
  7928.58008  3.69295306E-13
  7931.31982  3.69441457E-13
  7934.06006  3.62322179E-13
  7936.7998  3.60252193E-13
  7939.54004  3.60303259E-13
  7942.27979  3.60423768E-13
  7945.02002  3.6163886E-13
  7947.76025  3.6439314E-13
  7950.5  3.68903096E-13
  7953.24023  3.78971865E-13
  7955.97998  3.76452233E-13
  7958.72021  3.63219437E-13
  7961.45996  3.65634823E-13
  7964.2002  3.71542586E-13
  7966.93994  3.62960665E-13
  7969.68018  3.55890366E-13
  7972.41992  3.59301022E-13
  7975.16016  3.61141618E-13
  7977.8999  3.60826684E-13
  7980.64014  3.60635024E-13
  7983.37988  3.60455806E-13
  7986.12012  3.63092667E-13
  7988.85986  3.65253943E-13
  7991.6001  3.61896223E-13
  7994.33984  3.60569674E-13
  7997.08008  3.65242911E-13
  7999.81982  3.64704957E-13
  8002.56006  3.59563643E-13
  8005.2998  3.60835331E-13
  8008.04004  3.63880367E-13
  8010.77979  3.61714565E-13
  8013.52002  3.59020918E-13
  8016.26025  3.57238436E-13
  8019.  3.57654932E-13
  8021.74023  3.62028522E-13
  8024.47998  3.61777882E-13
  8027.22021  3.58856066E-13
  8029.95996  3.53756629E-13
  8032.7002  3.49941701E-13
  8035.43994  3.54830884E-13
  8038.18018  3.58907701E-13
  8040.91992  3.59276628E-13
  8043.66016  3.58436561E-13
  8046.3999  3.5588939E-13
  8049.14014  3.56632069E-13
  8051.87988  3.5862616E-13
  8054.62012  3.58139842E-13
  8057.35986  3.58402869E-13
  8060.1001  3.63409254E-13
  8062.83984  3.63754925E-13
  8065.58008  3.55258303E-13
  8068.31982  3.54843894E-13
  8071.06006  3.58819989E-13
  8073.7998  3.57249603E-13
  8076.54004  3.54832998E-13
  8079.27979  3.55531332E-13
  8082.02002  3.57562504E-13
  8084.76025  3.62687555E-13
  8087.5  3.62065385E-13
  8090.24023  3.54923881E-13
  8092.97998  3.53010698E-13
  8095.72021  3.53664553E-13
  8098.45996  3.58340175E-13
  8101.2002  3.61228815E-13
  8103.93994  3.54653888E-13
  8106.68018  3.50752603E-13
  8109.41992  3.52785103E-13
  8112.16016  3.5142779E-13
  8114.8999  3.48206408E-13
  8117.64014  3.46388066E-13
  8120.37988  3.46584523E-13
  8123.12012  3.54873818E-13
  8125.85986  3.58573306E-13
  8128.6001  3.4722507E-13
  8131.33984  3.44973372E-13
  8134.08008  3.5410539E-13
  8136.81982  3.51725268E-13
  8139.56006  3.44880672E-13
  8142.2998  3.45831328E-13
  8145.04004  3.49265213E-13
  8147.77979  3.54243138E-13
  8150.52002  3.5670715E-13
  8153.26025  3.53919829E-13
  8156.  3.55344335E-13
  8158.74023  3.5976338E-13
  8161.47998  3.54674108E-13
  8164.22021  3.46955375E-13
  8166.95996  3.46328895E-13
  8169.7002  3.47136192E-13
  8172.43994  3.47521003E-13
  8175.18018  3.49186663E-13
  8177.91992  3.53662629E-13
  8180.66016  3.50251837E-13
  8183.3999  3.42978006E-13
  8186.14014  3.44331199E-13
  8188.87988  3.48150138E-13
  8191.62012  3.51622567E-13
  8194.36035  3.53230954E-13
  8197.09961  3.52609624E-13
  8199.83984  3.4837858E-13
  8202.58008  3.40352285E-13
  8205.32031  3.38334395E-13
  8208.05957  3.39315327E-13
  8210.7998  3.42964887E-13
  8213.54004  3.44656487E-13
  8216.28027  3.37867565E-13
  8219.01953  3.37795493E-13
  8221.75977  3.48292819E-13
  8224.5  3.50632636E-13
  8227.24023  3.49148526E-13
  8229.98047  3.4905664E-13
  8232.71973  3.4869701E-13
  8235.45996  3.46505133E-13
  8238.2002  3.46713164E-13
  8240.94043  3.54117262E-13
  8243.67969  3.51398137E-13
  8246.41992  3.38591324E-13
  8249.16016  3.40695625E-13
  8251.90039  3.48373159E-13
  8254.63965  3.50281165E-13
  8257.37988  3.49294866E-13
  8260.12012  3.42685515E-13
  8262.86035  3.40653883E-13
  8265.59961  3.46976571E-13
  8268.33984  3.46267692E-13
  8271.08008  3.42053507E-13
  8273.82031  3.41333109E-13
  8276.55957  3.41951158E-13
  8279.2998  3.44574467E-13
  8282.04004  3.4467958E-13
  8284.78027  3.37746839E-13
  8287.51953  3.37252199E-13
  8290.25977  3.43501811E-13
  8293.  3.43007849E-13
  8295.74023  3.40426716E-13
  8298.48047  3.43041025E-13
  8301.21973  3.46230992E-13
  8303.95996  3.48802692E-13
  8306.7002  3.47256729E-13
  8309.44043  3.37716346E-13
  8312.17969  3.37137328E-13
  8314.91992  3.41982004E-13
  8317.66016  3.38060851E-13
  8320.40039  3.33186658E-13
  8323.13965  3.36940979E-13
  8325.87988  3.40910649E-13
  8328.62012  3.42664048E-13
  8331.36035  3.42759431E-13
  8334.09961  3.40887827E-13
  8336.83984  3.39568814E-13
  8339.58008  3.38487024E-13
  8342.32031  3.39279901E-13
  8345.05957  3.40029925E-13
  8347.7998  3.3895895E-13
  8350.54004  3.37777413E-13
  8353.28027  3.36877092E-13
  8356.01953  3.3497513E-13
  8358.75977  3.3227235E-13
  8361.5  3.34399663E-13
  8364.24023  3.37792836E-13
  8366.98047  3.36648976E-13
  8369.71973  3.36437827E-13
  8372.45996  3.41290554E-13
  8375.2002  3.41329314E-13
  8377.94043  3.34940463E-13
  8380.67969  3.34435713E-13
  8383.41992  3.36273164E-13
  8386.16016  3.33645465E-13
  8388.90039  3.31743801E-13
  8391.63965  3.36176833E-13
  8394.37988  3.38993699E-13
  8397.12012  3.37758901E-13
  8399.86035  3.37677667E-13
  8402.59961  3.38135417E-13
  8405.33984  3.39893234E-13
  8408.08008  3.41514116E-13
  8410.82031  3.39269221E-13
  8413.55957  3.36470896E-13
  8416.2998  3.3441888E-13
  8419.04004  3.32942712E-13
  8421.78027  3.32323633E-13
  8424.51953  3.30813583E-13
  8427.25977  3.28991527E-13
  8430.  3.27742607E-13
  8432.74023  3.28795503E-13
  8435.48047  3.37529158E-13
  8438.21973  3.42483989E-13
  8440.95996  3.37959397E-13
  8443.7002  3.38389039E-13
  8446.44043  3.42854895E-13
  8449.17969  3.40638813E-13
  8451.91992  3.36509981E-13
  8454.66016  3.38981312E-13
  8457.40039  3.40269723E-13
  8460.13965  3.34465962E-13
  8462.87988  3.31437704E-13
  8465.62012  3.33010692E-13
  8468.36035  3.31632643E-13
  8471.09961  3.29214873E-13
  8473.83984  3.32090475E-13
  8476.58008  3.35562524E-13
  8479.32031  3.35360266E-13
  8482.05957  3.31837016E-13
  8484.7998  3.20996539E-13
  8487.54004  3.1976372E-13
  8490.28027  3.28616068E-13
  8493.01953  3.22447283E-13
  8495.75977  3.1181462E-13
  8498.5  3.15774831E-13
  8501.24023  3.22567792E-13
  8503.98047  3.25639011E-13
  8506.71973  3.31863795E-13
  8509.45996  3.45812029E-13
  8512.2002  3.46766317E-13
  8514.94043  3.39518615E-13
  8517.67969  3.40378306E-13
  8520.41992  3.41161344E-13
  8523.16016  3.32726929E-13
  8525.90039  3.2480629E-13
  8528.63965  3.20676943E-13
  8531.37988  3.17913149E-13
  8534.12012  3.17723929E-13
  8536.86035  3.07723329E-13
  8539.59961  2.94607817E-13
  8542.33984  2.95972421E-13
  8545.08008  3.02894455E-13
  8547.82031  3.13485267E-13
  8550.55957  3.21313532E-13
  8553.2998  3.25802915E-13
  8556.04004  3.24145523E-13
  8558.78027  3.17224898E-13
  8561.51953  3.20019239E-13
  8564.25977  3.25435263E-13
  8567.  3.25683518E-13
  8569.74023  3.26519085E-13
  8572.48047  3.31735724E-13
  8575.21973  3.31536556E-13
  8577.95996  3.24147962E-13
  8580.7002  3.25532326E-13
  8583.44043  3.30443247E-13
  8586.17969  3.28066187E-13
  8588.91992  3.25237287E-13
  8591.66016  3.2707829E-13
  8594.40039  3.28687354E-13
  8597.13965  3.29819261E-13
  8599.87988  3.28389849E-13
  8602.62012  3.24666211E-13
  8605.36035  3.27873091E-13
  8608.09961  3.33767871E-13
  8610.83984  3.39655468E-13
  8613.58008  3.40284441E-13
  8616.32031  3.28021437E-13
  8619.05957  3.21606457E-13
  8621.7998  3.22212065E-13
  8624.54004  3.22823067E-13
  8627.28027  3.24689115E-13
  8630.02051  3.29363381E-13
  8632.75977  3.31608872E-13
  8635.5  3.21892198E-13
  8638.24023  3.16024767E-13
  8640.98047  3.20223828E-13
  8643.71973  3.19721707E-13
  8646.45996  3.15853165E-13
  8649.2002  3.16878658E-13
  8651.94043  3.1801211E-13
  8654.67969  3.09095767E-13
  8657.41992  3.00542387E-13
  8660.16016  2.96603155E-13
  8662.90039  2.98524768E-13
  8665.63965  3.09184617E-13
  8668.37988  3.13075249E-13
  8671.12012  3.14138852E-13
  8673.86035  3.19460279E-13
  8676.59961  3.25075389E-13
  8679.33984  3.27493078E-13
  8682.08008  3.29548698E-13
  8684.82031  3.3349804E-13
  8687.55957  3.31036495E-13
  8690.2998  3.21923179E-13
  8693.04004  3.21774047E-13
  8695.78027  3.24813445E-13
  8698.52051  3.22741535E-13
  8701.25977  3.21921119E-13
  8704.  3.2752967E-13
  8706.74023  3.30092399E-13
  8709.48047  3.27626381E-13
  8712.21973  3.27049558E-13
  8714.95996  3.269194E-13
  8717.7002  3.24675345E-13
  8720.44043  3.22293001E-13
  8723.17969  3.22359652E-13
  8725.91992  3.22489594E-13
  8728.66016  3.21929061E-13
  8731.40039  3.21447838E-13
  8734.13965  3.20750831E-13
  8736.87988  3.23108023E-13
  8739.62012  3.26565272E-13
  8742.36035  3.26233859E-13
  8745.09961  3.24462408E-13
  8747.83984  3.21707667E-13
  8750.58008  3.1935465E-13
  8753.32031  3.18075021E-13
  8756.05957  3.15353212E-13
  8758.7998  3.11727803E-13
  8761.54004  3.09957219E-13
  8764.28027  3.09554303E-13
  8767.02051  3.1097599E-13
  8769.75977  3.13704141E-13
  8772.5  3.19467082E-13
  8775.24023  3.20014035E-13
  8777.98047  3.14487016E-13
  8780.71973  3.12810081E-13
  8783.45996  3.12572857E-13
  8786.2002  3.11570675E-13
  8788.94043  3.12922729E-13
  8791.67969  3.21305862E-13
  8794.41992  3.27496114E-13
  8797.16016  3.32302464E-13
  8799.90039  3.24567765E-13
  8802.63965  3.06323977E-13
  8805.37988  3.07087526E-13
  8808.12012  3.14389302E-13
  8810.86035  3.17057009E-13
  8813.59961  3.18048214E-13
  8816.33984  3.16078164E-13
  8819.08008  3.16042087E-13
  8821.82031  3.18940837E-13
  8824.55957  3.16397055E-13
  8827.2998  3.12075642E-13
  8830.04004  3.19964243E-13
  8832.78027  3.28402371E-13
  8835.52051  3.26727496E-13
  8838.25977  3.24061307E-13
  8841.  3.21898974E-13
  8843.74023  3.18533719E-13
  8846.48047  3.13939087E-13
  8849.21973  3.14706431E-13
  8851.95996  3.16936988E-13
  8854.7002  3.1437575E-13
  8857.44043  3.10511192E-13
  8860.17969  3.04294702E-13
  8862.91992  3.04100034E-13
  8865.66016  3.12736816E-13
  8868.40039  3.14242203E-13
  8871.13965  3.1290465E-13
  8873.87988  3.18565351E-13
  8876.62012  3.22862017E-13
  8879.36035  3.13935645E-13
  8882.09961  3.1032246E-13
  8884.83984  3.21089834E-13
  8887.58008  3.22708386E-13
  8890.32031  3.16976534E-13
  8893.05957  3.14461971E-13
  8895.7998  3.12660244E-13
  8898.54004  3.10632759E-13
  8901.28027  3.09913689E-13
  8904.02051  3.11746804E-13
  8906.75977  3.14456794E-13
  8909.5  3.19842948E-13
  8912.24023  3.17253927E-13
  8914.98047  3.10144298E-13
  8917.71973  3.13935455E-13
  8920.45996  3.19403493E-13
  8923.2002  3.17590735E-13
  8925.94043  3.14924736E-13
  8928.67969  3.12181162E-13
  8931.41992  3.11224326E-13
  8934.16016  3.12223012E-13
  8936.90039  3.10550929E-13
  8939.63965  3.07603904E-13
  8942.37988  3.02975527E-13
  8945.12012  3.0159672E-13
  8947.86035  3.10826939E-13
  8950.59961  3.1563337E-13
  8953.33984  3.12367076E-13
  8956.08008  3.1260026E-13
  8958.82031  3.14287008E-13
  8961.55957  3.19070698E-13
  8964.2998  3.22529601E-13
  8967.04004  3.15460033E-13
  8969.78027  3.08601831E-13
  8972.52051  3.04160316E-13
  8975.25977  3.06143132E-13
  8978.  3.16181841E-13
  8980.74023  3.15486596E-13
  8983.48047  3.10836697E-13
  8986.21973  3.14784738E-13
  8988.95996  3.18970219E-13
  8991.7002  3.18272779E-13
  8994.44043  3.16170728E-13
  8997.17969  3.12719604E-13
  8999.91992  3.0858817E-13
  9002.66016  3.03675731E-13
  9005.40039  3.00992521E-13
  9008.13965  2.99329707E-13
  9010.87988  2.97013418E-13
  9013.62012  2.9695422E-13
  9016.36035  3.01991993E-13
  9019.09961  3.0480032E-13
  9021.83984  3.06093746E-13
  9024.58008  3.00232929E-13
  9027.32031  2.91520497E-13
  9030.05957  2.9867531E-13
  9032.7998  3.07623068E-13
  9035.54004  3.06938692E-13
  9038.28027  3.06476958E-13
  9041.02051  3.07117369E-13
  9043.75977  3.10234477E-13
  9046.5  3.15556717E-13
  9049.24023  3.19622692E-13
  9051.98047  3.22409308E-13
  9054.71973  3.21976115E-13
  9057.45996  3.18980655E-13
  9060.2002  3.11578535E-13
  9062.94043  3.07700995E-13
  9065.67969  3.08398597E-13
  9068.41992  3.06920667E-13
  9071.16016  3.05171659E-13
  9073.90039  3.08099005E-13
  9076.63965  3.11031257E-13
  9079.37988  3.07457293E-13
  9082.12012  3.07765369E-13
  9084.86035  3.18800298E-13
  9087.59961  3.17875744E-13
  9090.33984  3.06983307E-13
  9093.08008  3.02323948E-13
  9095.82031  3.0034986E-13
  9098.55957  3.01790792E-13
  9101.2998  3.05346514E-13
  9104.04004  3.12337775E-13
  9106.78027  3.14644767E-13
  9109.52051  3.10049919E-13
  9112.25977  3.08953899E-13
  9115.  3.09171878E-13
  9117.74023  3.10327393E-13
  9120.48047  3.11128293E-13
  9123.21973  3.07730919E-13
  9125.95996  3.07842591E-13
  9128.7002  3.16696295E-13
  9131.44043  3.19438594E-13
  9134.17969  3.17191369E-13
  9136.91992  3.12662033E-13
  9139.66016  3.06898956E-13
  9142.40039  3.06096267E-13
  9145.13965  3.04716186E-13
  9147.87988  2.97966485E-13
  9150.62012  2.94426294E-13
  9153.36035  2.94392467E-13
  9156.09961  3.00180697E-13
  9158.83984  3.10171837E-13
  9161.58008  3.07824567E-13
  9164.32031  3.02281746E-13
  9167.05957  3.0227375E-13
  9169.7998  3.02423017E-13
  9172.54004  3.00987046E-13
  9175.28027  3.01486348E-13
  9178.02051  3.03964021E-13
  9180.75977  3.05428073E-13
  9183.5  3.07183451E-13
  9186.24023  3.13754068E-13
  9188.98047  3.17881328E-13
  9191.71973  3.12215179E-13
  9194.45996  3.06841683E-13
  9197.2002  3.02200837E-13
  9199.94043  3.00817368E-13
  9202.67969  3.01876905E-13
  9205.41992  2.98991734E-13
  9208.16016  2.95432786E-13
  9210.90039  2.94908439E-13
  9213.63965  2.94338094E-13
  9216.37988  2.93154905E-13
  9219.12012  2.90075337E-13
  9221.86035  2.84043351E-13
  9224.59961  2.84968609E-13
  9227.33984  2.89096573E-13
  9230.08008  2.87828761E-13
  9232.82031  2.87323361E-13
  9235.55957  2.92494815E-13
  9238.2998  2.97919377E-13
  9241.04004  3.04749254E-13
  9243.78027  3.04266188E-13
  9246.52051  2.9797955E-13
  9249.25977  2.94591771E-13
  9252.  2.93381096E-13
  9254.74023  2.98922589E-13
  9257.48047  3.04354171E-13
  9260.21973  3.06444838E-13
  9262.95996  3.07556579E-13
  9265.7002  3.07887586E-13
  9268.44043  3.06051002E-13
  9271.17969  3.0229004E-13
  9273.91992  2.94073766E-13
  9276.66016  2.88323076E-13
  9279.40039  2.95328242E-13
  9282.13965  3.0066417E-13
  9284.87988  3.01747912E-13
  9287.62012  2.99231424E-13
  9290.36035  2.92984739E-13
  9293.09961  2.91981988E-13
  9295.83984  2.92967961E-13
  9298.58008  2.92509913E-13
  9301.32031  2.93685405E-13
  9304.05957  3.00428004E-13
  9306.7998  3.01300028E-13
  9309.54004  2.9388563E-13
  9312.28027  2.90606271E-13
  9315.02051  2.89219793E-13
  9317.75977  2.93133519E-13
  9320.5  2.98111037E-13
  9323.24023  2.99116119E-13
  9325.98047  3.00076804E-13
  9328.71973  3.0189108E-13
  9331.45996  3.03289457E-13
  9334.2002  3.04361056E-13
  9336.94043  3.06035958E-13
  9339.67969  3.06689461E-13
  9342.41992  3.0060359E-13
  9345.16016  2.94376042E-13
  9347.90039  2.91780136E-13
  9350.63965  2.90607707E-13
  9353.37988  2.89378547E-13
  9356.12012  2.9712921E-13
  9358.86035  3.10225722E-13
  9361.59961  3.05536629E-13
  9364.33984  2.96957337E-13
  9367.08008  2.98256455E-13
  9369.82031  2.99017565E-13
  9372.55957  2.974204E-13
  9375.2998  2.92268298E-13
  9378.04004  2.82478603E-13
  9380.78027  2.84283204E-13
  9383.52051  2.91148616E-13
  9386.25977  2.9311281E-13
  9389.  2.936245E-13
  9391.74023  2.92295105E-13
  9394.48047  2.9278755E-13
  9397.21973  2.97418069E-13
  9399.95996  2.96400166E-13
  9402.7002  2.91893463E-13
  9405.44043  2.89497457E-13
  9408.17969  2.88356903E-13
  9410.91992  2.88884829E-13
  9413.66016  2.92516879E-13
  9416.40039  3.02714776E-13
  9419.13965  3.07238393E-13
  9421.87988  3.06908145E-13
  9424.62012  2.98975688E-13
  9427.36035  2.86972323E-13
  9430.09961  2.82465674E-13
  9432.83984  2.8261318E-13
  9435.58008  2.91597042E-13
  9438.32031  2.94003239E-13
  9441.05957  2.83059573E-13
  9443.7998  2.81528598E-13
  9446.54004  2.85600563E-13
  9449.28027  2.88698183E-13
  9452.02051  2.91684727E-13
  9454.75977  2.93094244E-13
  9457.5  2.93770813E-13
  9460.24023  2.94238971E-13
  9462.98047  2.92941859E-13
  9465.71973  2.89097007E-13
  9468.45996  2.89542072E-13
  9471.2002  2.91384267E-13
  9473.94043  2.85389171E-13
  9476.67969  2.79442295E-13
  9479.41992  2.80798822E-13
  9482.16016  2.81935852E-13
  9484.90039  2.8075258E-13
  9487.63965  2.82963296E-13
  9490.37988  2.87932005E-13
  9493.12012  2.8594393E-13
  9495.86035  2.81694617E-13
  9498.59961  2.81171083E-13
  9501.33984  2.8085867E-13
  9504.08008  2.78201832E-13
  9506.82031  2.80148599E-13
  9509.55957  2.89543996E-13
  9512.2998  2.87508434E-13
  9515.04004  2.80162558E-13
  9517.78027  2.8367624E-13
  9520.52051  2.88783293E-13
  9523.25977  2.89406032E-13
  9526.  2.87224156E-13
  9528.74023  2.80064681E-13
  9531.48047  2.77633222E-13
  9534.21973  2.7896427E-13
  9536.95996  2.78931067E-13
  9539.7002  2.77849954E-13
  9542.44043  2.70665163E-13
  9545.17969  2.67554289E-13
  9547.91992  2.77085646E-13
  9550.66016  2.85984913E-13
  9553.40039  2.97111944E-13
  9556.13965  2.90363328E-13
  9558.87988  2.73217077E-13
  9561.62012  2.77755358E-13
  9564.36035  2.85966915E-13
  9567.09961  2.81634986E-13
  9569.83984  2.78503864E-13
  9572.58008  2.79826889E-13
  9575.32031  2.82646248E-13
  9578.05957  2.8752795E-13
  9580.7998  2.89055699E-13
  9583.54004  2.88070593E-13
  9586.28027  2.81290534E-13
  9589.02051  2.75462297E-13
  9591.75977  2.7528934E-13
  9594.5  2.7815345E-13
  9597.24023  2.86337983E-13
  9599.98047  2.88498934E-13
  9602.71973  2.87128746E-13
  9605.45996  2.82030828E-13
  9608.2002  2.77519381E-13
  9610.94043  2.82918654E-13
  9613.67969  2.86917869E-13
  9616.41992  2.83782194E-13
  9619.16016  2.86076935E-13
  9621.90039  2.94831135E-13
  9624.63965  2.8960257E-13
  9627.37988  2.78979991E-13
  9630.12012  2.79652576E-13
  9632.86035  2.83066078E-13
  9635.59961  2.87843507E-13
  9638.33984  2.86814626E-13
  9641.08008  2.75713127E-13
  9643.82031  2.69980625E-13
  9646.55957  2.67016959E-13
  9649.2998  2.72497601E-13
  9652.04004  2.79956261E-13
  9654.78027  2.78683028E-13
  9657.52051  2.76776269E-13
  9660.25977  2.75512387E-13
  9663.  2.78542543E-13
  9665.74023  2.87899723E-13
  9668.48047  2.84457923E-13
  9671.21973  2.74825681E-13
  9673.95996  2.69498074E-13
  9676.7002  2.67475441E-13
  9679.44043  2.72145885E-13
  9682.17969  2.76717831E-13
  9684.91992  2.80882414E-13
  9687.66016  2.81690686E-13
  9690.40039  2.79732563E-13
  9693.13965  2.75280721E-13
  9695.87988  2.72111625E-13
  9698.62012  2.82658391E-13
  9701.36035  2.89427607E-13
  9704.09961  2.81212689E-13
  9706.83984  2.76790065E-13
  9709.58008  2.76344323E-13
  9712.32031  2.78111762E-13
  9715.05957  2.81095622E-13
  9717.7998  2.76526252E-13
  9720.54004  2.71661301E-13
  9723.28027  2.74387609E-13
  9726.02051  2.74352833E-13
  9728.75977  2.67021783E-13
  9731.5  2.65486147E-13
  9734.24023  2.68139921E-13
  9736.98047  2.75554183E-13
  9739.71973  2.82780418E-13
  9742.45996  2.74741249E-13
  9745.2002  2.66391266E-13
  9747.94043  2.64590135E-13
  9750.67969  2.65894999E-13
  9753.41992  2.72684246E-13
  9756.16016  2.69729795E-13
  9758.90039  2.62262244E-13
  9761.63965  2.68749514E-13
  9764.37988  2.7610897E-13
  9767.12012  2.69874888E-13
  9769.86035  2.67040703E-13
  9772.59961  2.74374653E-13
  9775.33984  2.76140683E-13
  9778.08008  2.73523473E-13
  9780.82031  2.72655569E-13
  9783.55957  2.72443553E-13
  9786.2998  2.73792192E-13
  9789.04004  2.75831116E-13
  9791.78027  2.78680643E-13
  9794.52051  2.80233356E-13
  9797.25977  2.79776555E-13
  9800.  2.80573037E-13
  9802.74023  2.81707735E-13
  9805.48047  2.79251204E-13
  9808.21973  2.76463314E-13
  9810.95996  2.77997406E-13
  9813.7002  2.78115855E-13
  9816.44043  2.73660082E-13
  9819.17969  2.72742305E-13
  9821.91992  2.75595031E-13
  9824.66016  2.70212455E-13
  9827.40039  2.63233717E-13
  9830.13965  2.7260388E-13
  9832.87988  2.80557505E-13
  9835.62012  2.72507277E-13
  9838.36035  2.68401946E-13
  9841.09961  2.71494334E-13
  9843.83984  2.73166716E-13
  9846.58008  2.74876096E-13
  9849.32031  2.77763001E-13
  9852.05957  2.81186831E-13
  9854.7998  2.86609034E-13
  9857.54004  2.86762286E-13
  9860.28027  2.75257058E-13
  9863.02051  2.68179061E-13
  9865.75977  2.64269726E-13
  9868.5  2.68873872E-13
  9871.24023  2.77594652E-13
  9873.98047  2.76400132E-13
  9876.71973  2.72792205E-13
  9879.45996  2.69193223E-13
  9882.2002  2.68539287E-13
  9884.94043  2.73819812E-13
  9887.67969  2.72893985E-13
  9890.41992  2.67978944E-13
  9893.16016  2.71304843E-13
  9895.90039  2.76433038E-13
  9898.63965  2.75119662E-13
  9901.37988  2.74295642E-13
  9904.12012  2.78670289E-13
  9906.86035  2.7658572E-13
  9909.59961  2.66040797E-13
  9912.33984  2.64372942E-13
  9915.08008  2.666547E-13
  9917.82031  2.65680083E-13
  9920.55957  2.65644576E-13
  9923.2998  2.70381726E-13
  9926.04004  2.73767174E-13
  9928.78027  2.74009548E-13
  9931.52051  2.75582752E-13
  9934.25977  2.78028062E-13
  9937.  2.70805974E-13
  9939.74023  2.62365813E-13
  9942.48047  2.70679909E-13
  9945.21973  2.76563576E-13
  9947.95996  2.6769491E-13
  9950.7002  2.64995843E-13
  9953.44043  2.71330647E-13
  9956.17969  2.68272763E-13
  9958.91992  2.61257297E-13
  9961.66016  2.63009775E-13
  9964.40039  2.6677548E-13
  9967.13965  2.69191516E-13
  9969.87988  2.68454394E-13
  9972.62012  2.62829065E-13
  9975.36035  2.56251156E-13
  9978.09961  2.47613616E-13
  9980.83984  2.550729E-13
  9983.58008  2.67553693E-13
  9986.32031  2.63562474E-13
  9989.05957  2.59801295E-13
  9991.7998  2.65870984E-13
  9994.54004  2.68812777E-13
  9997.28027  2.66492449E-13
  10000.0205  2.68827631E-13
  10002.7598  2.73326338E-13
  10005.5  2.7459003E-13
  10008.2402  2.74728401E-13
  10010.9805  2.74619818E-13
  10013.7197  2.74476785E-13
  10016.46  2.76483589E-13
  10019.2002  2.70798737E-13
  10021.9404  2.56831774E-13
  10024.6797  2.58604526E-13
  10027.4199  2.64910408E-13
  10030.1602  2.539398E-13
  10032.9004  2.43030395E-13
  10035.6396  2.41144615E-13
  10038.3799  2.43868294E-13
  10041.1201  2.55589983E-13
  10043.8604  2.53290227E-13
  10046.5996  2.43121766E-13
  10049.3398  2.47125345E-13
  10052.0801  2.53714177E-13
  10054.8203  2.5127128E-13
  10057.5596  2.4978717E-13
  10060.2998  2.51488717E-13
  10063.04  2.57149038E-13
  10065.7803  2.68436965E-13
  10068.5205  2.65116406E-13
  10071.2598  2.55888572E-13
  10074.  2.58030142E-13
  10076.7402  2.62043452E-13
  10079.4805  2.6541112E-13
  10082.2197  2.62964103E-13
  10084.96  2.45807308E-13
  10087.7002  2.55464649E-13
  10090.4404  2.82886751E-13
  10093.1797  2.79693884E-13
  10095.9199  2.67355365E-13
  10098.6602  2.63758254E-13
  10101.4004  2.62836085E-13
  10104.1396  2.64456453E-13
  10106.8799  2.6818974E-13
  10109.6201  2.75738118E-13
  10112.3604  2.73071523E-13
  10115.0996  2.64597887E-13
  10117.8398  2.55195577E-13
  10120.5801  2.4653638E-13
  10123.3203  2.40292947E-13
  10126.0596  2.40439125E-13
  10128.7998  2.49983682E-13
  10131.54  2.59438629E-13
  10134.2803  2.70244303E-13
  10137.0205  2.65445923E-13
  10139.7598  2.55963192E-13
  10142.5  2.59232712E-13
  10145.2402  2.6042688E-13
  10147.9805  2.50789325E-13
  10150.7197  2.47208287E-13
  10153.46  2.50686353E-13
  10156.2002  2.5550677E-13
  10158.9404  2.59653518E-13
  10161.6797  2.35122252E-13
  10164.4199  2.16003729E-13
  10167.1602  2.47358205E-13
  10169.9004  2.63962084E-13
  10172.6396  2.43345003E-13
  10175.3799  2.39238805E-13
  10178.1201  2.45727456E-13
  10180.8604  2.44110586E-13
  10183.5996  2.42735302E-13
  10186.3398  2.56174151E-13
  10189.0801  2.66727124E-13
  10191.8203  2.62778379E-13
  10194.5596  2.62120458E-13
  10197.2998  2.89875789E-13
  10200.04  1.83300789E-13
  10202.7803  3.49422436E-15
  10205.5205 -2.09994613E-14
