#*HD16031
#*
#*  heap-Lindler STIS
#set .z.units = "Ergs/s/cm**2/A"
#set .z.label = "Flux"
#set .table.bandwidth = 2.74
#*
  2950.  3.13373324E-13
  2952.73999  3.24873537E-13
  2955.47998  3.24039488E-13
  2958.21997  3.32830334E-13
  2960.95996  3.32817975E-13
  2963.69995  3.33545881E-13
  2966.43994  3.06183139E-13
  2969.17993  3.0805252E-13
  2971.91992  3.13199472E-13
  2974.65991  3.31449576E-13
  2977.3999  3.39653734E-13
  2980.13989  3.30260748E-13
  2982.87988  3.13835546E-13
  2985.62012  2.96619825E-13
  2988.36011  3.23191967E-13
  2991.1001  3.38519604E-13
  2993.84009  3.37584859E-13
  2996.58008  3.37779772E-13
  2999.32007  3.28491683E-13
  3002.06006  3.1231189E-13
  3004.80005  3.25297298E-13
  3007.54004  3.29629797E-13
  3010.28003  3.37741635E-13
  3013.02002  3.36672611E-13
  3015.76001  3.2857213E-13
  3018.5  3.15599706E-13
  3021.23999  3.06713043E-13
  3023.97998  3.39333813E-13
  3026.71997  3.40462006E-13
  3029.45996  3.40929569E-13
  3032.19995  3.37945736E-13
  3034.93994  3.54915343E-13
  3037.67993  3.44967138E-13
  3040.41992  3.39866834E-13
  3043.15991  3.36762817E-13
  3045.8999  3.43494954E-13
  3048.63989  3.42917074E-13
  3051.37988  3.47241387E-13
  3054.12012  3.46014667E-13
  3056.86011  3.32584356E-13
  3059.6001  3.14586465E-13
  3062.34009  3.24634904E-13
  3065.08008  3.14563886E-13
  3067.82007  3.10038236E-13
  3070.56006  3.25374439E-13
  3073.30005  3.28892377E-13
  3076.04004  3.32924796E-13
  3078.78003  3.31951995E-13
  3081.52002  3.36185994E-13
  3084.26001  3.4638335E-13
  3087.  3.33507121E-13
  3089.73999  3.07570619E-13
  3092.47998  3.03922713E-13
  3095.21997  3.09001305E-13
  3097.95996  3.02676666E-13
  3100.69995  3.05410509E-13
  3103.43994  3.26697735E-13
  3106.17993  3.3952344E-13
  3108.91992  3.44819578E-13
  3111.65991  3.48254005E-13
  3114.3999  3.39070433E-13
  3117.13989  3.38263272E-13
  3119.87988  3.27528315E-13
  3122.62012  3.2518492E-13
  3125.36011  3.24746659E-13
  3128.1001  3.2730356E-13
  3130.84009  3.30889043E-13
  3133.58008  3.3680754E-13
  3136.32007  3.41283154E-13
  3139.06006  3.46861266E-13
  3141.80005  3.32949488E-13
  3144.54004  3.23617598E-13
  3147.28003  3.2456061E-13
  3150.02002  3.47724616E-13
  3152.76001  3.42996844E-13
  3155.5  3.31486276E-13
  3158.23999  3.19933587E-13
  3160.97998  3.16784224E-13
  3163.71997  3.30023498E-13
  3166.45996  3.39055905E-13
  3169.19995  3.43046582E-13
  3171.93994  3.55651218E-13
  3174.67993  3.61311539E-13
  3177.41992  3.42526056E-13
  3180.15991  3.20665749E-13
  3182.8999  3.25127593E-13
  3185.63989  3.33752936E-13
  3188.37988  3.36496862E-13
  3191.12012  3.31161693E-13
  3193.86011  3.26526376E-13
  3196.6001  3.3751173E-13
  3199.34009  3.54073297E-13
  3202.08008  3.68140793E-13
  3204.82007  3.67105462E-13
  3207.56006  3.6241504E-13
  3210.30005  3.39265698E-13
  3213.04004  3.20528435E-13
  3215.78003  3.31613778E-13
  3218.52002  3.40013418E-13
  3221.26001  3.48596531E-13
  3224.  3.48251267E-13
  3226.73999  3.39017768E-13
  3229.47998  3.32033527E-13
  3232.21997  3.27802564E-13
  3234.95996  3.29250082E-13
  3237.69995  3.38295879E-13
  3240.43994  3.46836898E-13
  3243.17993  3.58667414E-13
  3245.91992  3.61008207E-13
  3248.65991  3.49136573E-13
  3251.3999  3.55018667E-13
  3254.13989  3.53087432E-13
  3256.87988  3.67520088E-13
  3259.62012  3.730776E-13
  3262.36011  3.74137516E-13
  3265.1001  3.72981268E-13
  3267.84009  3.75133843E-13
  3270.58008  3.66789498E-13
  3273.32007  3.65846351E-13
  3276.06006  3.65035638E-13
  3278.80005  3.62682378E-13
  3281.54004  3.6617275E-13
  3284.28003  3.72873526E-13
  3287.02002  3.72485517E-13
  3289.76001  3.75343935E-13
  3292.5  3.85886229E-13
  3295.23999  3.91592412E-13
  3297.97998  3.8665837E-13
  3300.71997  3.90647719E-13
  3303.45996  3.78237155E-13
  3306.19995  3.76567999E-13
  3308.93994  3.74653569E-13
  3311.67993  3.75169107E-13
  3314.41992  3.81335751E-13
  3317.15991  3.73241585E-13
  3319.8999  3.7446096E-13
  3322.63989  3.70416344E-13
  3325.37988  3.70933346E-13
  3328.12012  3.71043989E-13
  3330.86011  3.71144142E-13
  3333.6001  3.73210279E-13
  3336.34009  3.67899206E-13
  3339.08008  3.64506033E-13
  3341.82007  3.59426925E-13
  3344.56006  3.82365146E-13
  3347.30005  3.68354679E-13
  3350.04004  3.61978053E-13
  3352.78003  3.8223179E-13
  3355.52002  3.80543578E-13
  3358.26001  3.77031034E-13
  3361.  3.77071665E-13
  3363.73999  3.57457851E-13
  3366.47998  3.66729054E-13
  3369.21997  3.5687924E-13
  3371.95996  3.54741274E-13
  3374.69995  3.6345479E-13
  3377.43994  3.71550176E-13
  3380.17993  3.56614423E-13
  3382.91992  3.60925997E-13
  3385.65991  3.7293565E-13
  3388.3999  3.767309E-13
  3391.13989  3.77357E-13
  3393.87988  3.71471625E-13
  3396.62012  3.85771493E-13
  3399.36011  3.92537484E-13
  3402.1001  3.82934976E-13
  3404.84009  3.78161153E-13
  3407.58008  3.73036075E-13
  3410.32007  3.69665886E-13
  3413.06006  3.72419191E-13
  3415.80005  3.68334486E-13
  3418.54004  3.82528454E-13
  3421.28003  3.86850057E-13
  3424.02002  3.75353177E-13
  3426.76001  3.86199238E-13
  3429.5  3.89067576E-13
  3432.23999  3.84997535E-13
  3434.97998  3.90668211E-13
  3437.71997  3.87473473E-13
  3440.45996  3.64933886E-13
  3443.19995  3.58650636E-13
  3445.93994  3.68399674E-13
  3448.67993  3.78736105E-13
  3451.41992  3.81572866E-13
  3454.15991  3.80796577E-13
  3456.8999  3.8550852E-13
  3459.63989  3.7979884E-13
  3462.37988  3.77377139E-13
  3465.12012  3.75975103E-13
  3467.86011  3.86593345E-13
  3470.6001  3.92797042E-13
  3473.34009  3.81275279E-13
  3476.08008  3.70268947E-13
  3478.82007  3.81480329E-13
  3481.56006  3.92327962E-13
  3484.30005  3.82745322E-13
  3487.04004  3.86810348E-13
  3489.78003  3.81517111E-13
  3492.52002  3.77117744E-13
  3495.26001  3.75878202E-13
  3498.  3.73912218E-13
  3500.73999  3.90639317E-13
  3503.47998  4.00521765E-13
  3506.21997  3.80262363E-13
  3508.95996  3.79565221E-13
  3511.69995  3.80102742E-13
  3514.43994  3.80422066E-13
  3517.17993  3.90792379E-13
  3519.91992  3.87028327E-13
  3522.65991  3.72566805E-13
  3525.3999  3.6248573E-13
  3528.13989  3.69367297E-13
  3530.87988  3.87043614E-13
  3533.62012  3.95331581E-13
  3536.36011  3.95506219E-13
  3539.1001  3.9658584E-13
  3541.84009  3.9278769E-13
  3544.58008  3.91554383E-13
  3547.32007  4.00143677E-13
  3550.06006  4.08574921E-13
  3552.80005  3.99292849E-13
  3555.54004  3.91392837E-13
  3558.28003  3.9569918E-13
  3561.02002  3.92631809E-13
  3563.76001  3.94437548E-13
  3566.5  3.75193149E-13
  3569.23999  3.76962404E-13
  3571.97998  3.63958484E-13
  3574.71997  3.65960842E-13
  3577.45996  3.81918374E-13
  3580.19995  3.76366635E-13
  3582.93994  3.68211158E-13
  3585.67993  3.63911998E-13
  3588.41992  3.64251896E-13
  3591.15991  3.82546506E-13
  3593.8999  3.94815582E-13
  3596.63989  3.99232649E-13
  3599.37988  4.03838367E-13
  3602.12012  3.91825895E-13
  3604.86011  3.85991749E-13
  3607.6001  3.79790031E-13
  3610.34009  3.83864842E-13
  3613.08008  3.80191809E-13
  3615.82007  3.92841494E-13
  3618.56006  3.78394392E-13
  3621.30005  3.83130241E-13
  3624.04004  3.94148635E-13
  3626.78003  3.97881462E-13
  3629.52002  3.98094968E-13
  3632.26001  3.81859312E-13
  3635.  3.84389406E-13
  3637.73999  3.99395848E-13
  3640.47998  4.05187602E-13
  3643.21997  3.88840002E-13
  3645.95996  3.89745284E-13
  3648.69995  3.88420443E-13
  3651.43994  3.96394235E-13
  3654.17993  4.0789247E-13
  3656.91992  4.13411682E-13
  3659.65991  4.10889855E-13
  3662.3999  4.05711191E-13
  3665.13989  4.12061444E-13
  3667.87988  4.09706123E-13
  3670.62012  4.05883199E-13
  3673.36011  4.10925688E-13
  3676.1001  4.01948792E-13
  3678.84009  3.9468106E-13
  3681.58008  3.88991871E-13
  3684.32007  3.94560063E-13
  3687.06006  3.88851494E-13
  3689.80005  3.94540412E-13
  3692.54004  4.06844832E-13
  3695.28003  4.11213625E-13
  3698.02002  4.08198621E-13
  3700.76001  4.17746485E-13
  3703.5  3.92593076E-13
  3706.23999  3.80144294E-13
  3708.97998  3.90075911E-13
  3711.71997  3.93235493E-13
  3714.45996  4.19186089E-13
  3717.19995  4.27794004E-13
  3719.93994  4.05345516E-13
  3722.67993  3.7611052E-13
  3725.41992  4.15875505E-13
  3728.15991  4.4519141E-13
  3730.8999  4.29003404E-13
  3733.63989  3.71549905E-13
  3736.37988  3.62998558E-13
  3739.12012  4.20437692E-13
  3741.86011  4.56704553E-13
  3744.6001  4.3180051E-13
  3747.34009  4.01321527E-13
  3750.08008  3.58110866E-13
  3752.82007  3.95886394E-13
  3755.56006  4.60314512E-13
  3758.30005  4.63636616E-13
  3761.04004  4.66909768E-13
  3763.78003  4.65814616E-13
  3766.52002  4.47163817E-13
  3769.26001  3.92791051E-13
  3772.  3.75136581E-13
  3774.73999  4.45768422E-13
  3777.47998  4.9306067E-13
  3780.21997  5.19213253E-13
  3782.95996  5.21308853E-13
  3785.69995  5.19822629E-13
  3788.43994  4.96561126E-13
  3791.17993  4.91461093E-13
  3793.91992  4.56109542E-13
  3796.65991  3.82436514E-13
  3799.3999  3.64475431E-13
  3802.13989  4.41561609E-13
  3804.87988  4.90723293E-13
  3807.62012  5.14660146E-13
  3810.36011  5.31891154E-13
  3813.1001  5.28915778E-13
  3815.84009  5.09191485E-13
  3818.58008  5.21365774E-13
  3821.32007  5.14569561E-13
  3824.06006  5.06552374E-13
  3826.80005  4.7617845E-13
  3829.54004  4.49368705E-13
  3832.28003  4.05947384E-13
  3835.02002  3.39824577E-13
  3837.76001  3.59461132E-13
  3840.5  4.29095968E-13
  3843.23999  4.88711664E-13
  3845.97998  5.14609731E-13
  3848.71997  5.34894015E-13
  3851.45996  5.40145186E-13
  3854.19995  5.55555602E-13
  3856.93994  5.39923683E-13
  3859.67993  5.26986007E-13
  3862.41992  5.46322427E-13
  3865.15991  5.48840053E-13
  3867.8999  5.50717946E-13
  3870.63989  5.504579E-13
  3873.37988  5.25478803E-13
  3876.12012  5.21792407E-13
  3878.86011  5.02155934E-13
  3881.6001  5.0362286E-13
  3884.34009  5.28117589E-13
  3887.08008  4.06635852E-13
  3889.82007  3.58034403E-13
  3892.56006  4.18491332E-13
  3895.30005  4.67547116E-13
  3898.04004  5.00195968E-13
  3900.78003  5.08264004E-13
  3903.52002  5.16288997E-13
  3906.26001  5.18649414E-13
  3909.  5.40822487E-13
  3911.73999  5.52135432E-13
  3914.47998  5.47100397E-13
  3917.21997  5.43749236E-13
  3919.95996  5.38420382E-13
  3922.69995  5.29754029E-13
  3925.43994  5.24578753E-13
  3928.17993  4.76074312E-13
  3930.91992  3.65831199E-13
  3933.65991  2.5982157E-13
  3936.3999  3.36569016E-13
  3939.13989  4.59211391E-13
  3941.87988  5.21179887E-13
  3944.62012  5.34718645E-13
  3947.36011  5.37493498E-13
  3950.1001  5.33433974E-13
  3952.84009  5.33788617E-13
  3955.58008  5.23734756E-13
  3958.32007  5.16776129E-13
  3961.06006  4.96554837E-13
  3963.80005  4.47861339E-13
  3966.54004  3.38262214E-13
  3969.28003  2.55167876E-13
  3972.02002  3.30741429E-13
  3974.76001  4.4540722E-13
  3977.5  4.99068885E-13
  3980.23999  5.27383204E-13
  3982.97998  5.34049476E-13
  3985.71997  5.40924456E-13
  3988.45996  5.59104737E-13
  3991.19995  5.57950713E-13
  3993.93994  5.63833756E-13
  3996.67993  5.60024303E-13
  3999.41992  5.63676872E-13
  4002.15991  5.74888498E-13
  4004.8999  5.65832049E-13
  4007.63989  5.62319451E-13
  4010.37988  5.63222266E-13
  4013.12012  5.77621718E-13
  4015.86011  5.7766102E-13
  4018.6001  5.80527271E-13
  4021.34009  5.82360061E-13
  4024.08008  5.75816792E-13
  4026.82007  5.76909885E-13
  4029.56006  5.70181326E-13
  4032.30005  5.65523648E-13
  4035.04004  5.71586832E-13
  4037.78003  5.81459956E-13
  4040.52002  5.78514396E-13
  4043.26001  5.7459636E-13
  4046.  5.6700765E-13
  4048.73999  5.76544455E-13
  4051.47998  5.80798755E-13
  4054.21997  5.82032903E-13
  4056.95996  5.72275896E-13
  4059.69995  5.68444326E-13
  4062.43994  5.63279458E-13
  4065.17993  5.62659836E-13
  4067.91992  5.70635119E-13
  4070.65991  5.61692782E-13
  4073.3999  5.61094953E-13
  4076.13989  5.56098245E-13
  4078.87988  5.55469136E-13
  4081.62012  5.58865888E-13
  4084.36011  5.54801702E-13
  4087.1001  5.54151072E-13
  4089.84009  5.48247428E-13
  4092.58008  5.36217501E-13
  4095.32007  5.11145542E-13
  4098.06006  4.62078292E-13
  4100.7998  3.9293937E-13
  4103.54004  4.02347833E-13
  4106.27979  4.6354164E-13
  4109.02002  5.07101468E-13
  4111.75977  5.35807997E-13
  4114.5  5.46563933E-13
  4117.24023  5.55873381E-13
  4119.97998  5.56617578E-13
  4122.72021  5.59380179E-13
  4125.45996  5.62861173E-13
  4128.2002  5.66352033E-13
  4130.93994  5.58783E-13
  4133.68018  5.54751666E-13
  4136.41992  5.63766319E-13
  4139.16016  5.71465401E-13
  4141.8999  5.67633993E-13
  4144.64014  5.58933054E-13
  4147.37988  5.67071292E-13
  4150.12012  5.67665327E-13
  4152.85986  5.6305492E-13
  4155.6001  5.62453079E-13
  4158.33984  5.6733329E-13
  4161.08008  5.72486557E-13
  4163.81982  5.74481923E-13
  4166.56006  5.68418739E-13
  4169.2998  5.65969472E-13
  4172.04004  5.58610666E-13
  4174.77979  5.57528687E-13
  4177.52002  5.57965458E-13
  4180.25977  5.63351883E-13
  4183.  5.63402677E-13
  4185.74023  5.57648545E-13
  4188.47998  5.59123331E-13
  4191.22021  5.62221114E-13
  4193.95996  5.65192261E-13
  4196.7002  5.58773188E-13
  4199.43994  5.54476332E-13
  4202.18018  5.59982941E-13
  4204.91992  5.637165E-13
  4207.66016  5.64855725E-13
  4210.3999  5.62820407E-13
  4213.14014  5.62258194E-13
  4215.87988  5.5270724E-13
  4218.62012  5.56608579E-13
  4221.35986  5.55894848E-13
  4224.1001  5.43361905E-13
  4226.83984  5.33238818E-13
  4229.58008  5.55319354E-13
  4232.31982  5.59616481E-13
  4235.06006  5.5371403E-13
  4237.7998  5.53592653E-13
  4240.54004  5.62494495E-13
  4243.27979  5.5837572E-13
  4246.02002  5.61768785E-13
  4248.75977  5.49415873E-13
  4251.5  5.48682464E-13
  4254.24023  5.54904159E-13
  4256.97998  5.58689922E-13
  4259.72021  5.53776697E-13
  4262.45996  5.56417651E-13
  4265.2002  5.63383866E-13
  4267.93994  5.56250846E-13
  4270.68018  5.46737623E-13
  4273.41992  5.48903316E-13
  4276.16016  5.5515011E-13
  4278.8999  5.57036513E-13
  4281.64014  5.51977355E-13
  4284.37988  5.49271132E-13
  4287.12012  5.41070932E-13
  4289.85986  5.32467625E-13
  4292.6001  5.3591799E-13
  4295.33984  5.34165106E-13
  4298.08008  5.21844937E-13
  4300.81982  5.06926207E-13
  4303.56006  5.08046621E-13
  4306.2998  5.13065068E-13
  4309.04004  5.18123576E-13
  4311.77979  5.22288918E-13
  4314.52002  5.29445032E-13
  4317.25977  5.39975942E-13
  4320.  5.4122787E-13
  4322.74023  5.29146713E-13
  4325.47998  5.24045813E-13
  4328.22021  5.27734594E-13
  4330.95996  5.18981451E-13
  4333.7002  4.99068831E-13
  4336.43994  4.54409297E-13
  4339.18018  3.88206421E-13
  4341.91992  3.94776334E-13
  4344.66016  4.5629196E-13
  4347.3999  5.01820645E-13
  4350.14014  5.10564681E-13
  4352.87988  5.22487056E-13
  4355.62012  5.38366552E-13
  4358.35986  5.4533125E-13
  4361.1001  5.48249868E-13
  4363.83984  5.53831828E-13
  4366.58008  5.5072895E-13
  4369.31982  5.46139685E-13
  4372.06006  5.44647443E-13
  4374.7998  5.42638796E-13
  4377.54004  5.57715874E-13
  4380.27979  5.55515649E-13
  4383.02002  5.40508339E-13
  4385.75977  5.44889871E-13
  4388.5  5.54098434E-13
  4391.24023  5.51423761E-13
  4393.97998  5.46331752E-13
  4396.72021  5.48499722E-13
  4399.45996  5.47493203E-13
  4402.2002  5.45602029E-13
  4404.93994  5.48838969E-13
  4407.68018  5.50650075E-13
  4410.41992  5.64852744E-13
  4413.16016  5.57215569E-13
  4415.8999  5.46740821E-13
  4418.64014  5.5194163E-13
  4421.37988  5.56271012E-13
  4424.12012  5.52685773E-13
  4426.85986  5.51270401E-13
  4429.6001  5.532604E-13
  4432.33984  5.59898807E-13
  4435.08008  5.55085112E-13
  4437.81982  5.53495672E-13
  4440.56006  5.53144824E-13
  4443.2998  5.48281147E-13
  4446.04004  5.49955047E-13
  4448.77979  5.52651783E-13
  4451.52002  5.50297655E-13
  4454.25977  5.42463698E-13
  4457.  5.42483593E-13
  4459.74023  5.51441325E-13
  4462.47998  5.48013783E-13
  4465.22021  5.44142097E-13
  4467.95996  5.42391923E-13
  4470.7002  5.51068035E-13
  4473.43994  5.516644E-13
  4476.18018  5.50665579E-13
  4478.91992  5.49984917E-13
  4481.66016  5.4514287E-13
  4484.3999  5.50274995E-13
  4487.14014  5.52583966E-13
  4489.87988  5.47463442E-13
  4492.62012  5.49022687E-13
  4495.35986  5.44969018E-13
  4498.1001  5.43220525E-13
  4500.83984  5.45363722E-13
  4503.58008  5.48538591E-13
  4506.31982  5.50722716E-13
  4509.06006  5.50846803E-13
  4511.7998  5.5421813E-13
  4514.54004  5.48891824E-13
  4517.27979  5.48153699E-13
  4520.02002  5.47043801E-13
  4522.75977  5.36964028E-13
  4525.5  5.36197931E-13
  4528.24023  5.32789362E-13
  4530.97998  5.30004155E-13
  4533.72021  5.27995779E-13
  4536.45996  5.33032277E-13
  4539.2002  5.43062286E-13
  4541.93994  5.45272378E-13
  4544.68018  5.45154416E-13
  4547.41992  5.35548223E-13
  4550.16016  5.31833366E-13
  4552.8999  5.33814909E-13
  4555.64014  5.35872182E-13
  4558.37988  5.41939269E-13
  4561.12012  5.45405301E-13
  4563.85986  5.41466503E-13
  4566.6001  5.43106087E-13
  4569.33984  5.39672148E-13
  4572.08008  5.36810993E-13
  4574.81982  5.39109393E-13
  4577.56006  5.43538955E-13
  4580.2998  5.43350304E-13
  4583.04004  5.36356495E-13
  4585.77979  5.39176288E-13
  4588.52002  5.39349761E-13
  4591.25977  5.40736401E-13
  4594.  5.45068331E-13
  4596.74023  5.3840271E-13
  4599.47998  5.35740885E-13
  4602.22021  5.39883188E-13
  4604.95996  5.43331005E-13
  4607.7002  5.4141419E-13
  4610.43994  5.40844496E-13
  4613.18018  5.42735236E-13
  4615.91992  5.40978178E-13
  4618.66016  5.43269585E-13
  4621.3999  5.45247712E-13
  4624.14014  5.4246386E-13
  4626.87988  5.41707955E-13
  4629.62012  5.42840512E-13
  4632.35986  5.42400001E-13
  4635.1001  5.42334949E-13
  4637.83984  5.40372163E-13
  4640.58008  5.42983085E-13
  4643.31982  5.42260627E-13
  4646.06006  5.37058462E-13
  4648.7998  5.39371119E-13
  4651.54004  5.37259256E-13
  4654.27979  5.35831796E-13
  4657.02002  5.3783925E-13
  4659.75977  5.40773698E-13
  4662.5  5.38021396E-13
  4665.24023  5.35832663E-13
  4667.97998  5.36589273E-13
  4670.72021  5.34819801E-13
  4673.45996  5.34675657E-13
  4676.2002  5.32732875E-13
  4678.93994  5.33150997E-13
  4681.68018  5.36935188E-13
  4684.41992  5.35608342E-13
  4687.16016  5.32796138E-13
  4689.8999  5.34379886E-13
  4692.64014  5.34310768E-13
  4695.37988  5.3343598E-13
  4698.12012  5.31714429E-13
  4700.85986  5.27127766E-13
  4703.6001  5.26545929E-13
  4706.33984  5.28992269E-13
  4709.08008  5.32912744E-13
  4711.81982  5.38181912E-13
  4714.56006  5.3591902E-13
  4717.2998  5.32857721E-13
  4720.04004  5.34612231E-13
  4722.77979  5.3414288E-13
  4725.52002  5.32429352E-13
  4728.25977  5.35354259E-13
  4731.  5.3415486E-13
  4733.74023  5.28098561E-13
  4736.47998  5.27823119E-13
  4739.22021  5.34631421E-13
  4741.95996  5.3943113E-13
  4744.7002  5.33082205E-13
  4747.43994  5.28339525E-13
  4750.18018  5.28048254E-13
  4752.91992  5.27793683E-13
  4755.66016  5.30835846E-13
  4758.3999  5.27812765E-13
  4761.14014  5.19207398E-13
  4763.87988  5.21657316E-13
  4766.62012  5.26968605E-13
  4769.35986  5.25433917E-13
  4772.1001  5.25290586E-13
  4774.83984  5.23593755E-13
  4777.58008  5.23940212E-13
  4780.31982  5.28684464E-13
  4783.06006  5.27025418E-13
  4785.7998  5.25844179E-13
  4788.54004  5.25166933E-13
  4791.27979  5.24419971E-13
  4794.02002  5.25382906E-13
  4796.75977  5.2173012E-13
  4799.5  5.23746573E-13
  4802.24023  5.23354634E-13
  4804.97998  5.15554613E-13
  4807.72021  5.18065029E-13
  4810.45996  5.22616184E-13
  4813.2002  5.20589268E-13
  4815.93994  5.2032971E-13
  4818.68018  5.1885216E-13
  4821.41992  5.20343209E-13
  4824.16016  5.19530924E-13
  4826.8999  5.18616779E-13
  4829.64014  5.15953653E-13
  4832.37988  5.17748279E-13
  4835.12012  5.16334859E-13
  4837.85986  5.09072548E-13
  4840.6001  5.09872743E-13
  4843.33984  5.08500143E-13
  4846.08008  5.02378195E-13
  4848.81982  4.93253875E-13
  4851.56006  4.82583103E-13
  4854.2998  4.68850436E-13
  4857.04004  4.27665417E-13
  4859.77979  3.72669208E-13
  4862.52002  3.69422131E-13
  4865.25977  4.23009446E-13
  4868.  4.58140578E-13
  4870.74023  4.7320096E-13
  4873.47998  4.85180472E-13
  4876.22021  4.94862777E-13
  4878.95996  4.99117457E-13
  4881.7002  5.02902787E-13
  4884.43994  5.05576158E-13
  4887.18018  5.01923806E-13
  4889.91992  4.99475244E-13
  4892.66016  5.04205672E-13
  4895.3999  5.07265399E-13
  4898.14014  5.09163078E-13
  4900.87988  5.11243771E-13
  4903.62012  5.09502867E-13
  4906.35986  5.11004271E-13
  4909.1001  5.11412798E-13
  4911.83984  5.11334573E-13
  4914.58008  5.0935341E-13
  4917.31982  5.07746785E-13
  4920.06006  5.01008469E-13
  4922.7998  4.98368328E-13
  4925.54004  5.06173174E-13
  4928.27979  5.10969197E-13
  4931.02002  5.08726579E-13
  4933.75977  5.03402116E-13
  4936.5  5.04203558E-13
  4939.24023  5.07084067E-13
  4941.97998  5.10888911E-13
  4944.72021  5.13958234E-13
  4947.45996  5.10071586E-13
  4950.2002  5.14330169E-13
  4952.93994  5.10625396E-13
  4955.68018  4.99264421E-13
  4958.41992  4.976469E-13
  4961.16016  5.06253839E-13
  4963.8999  5.03896946E-13
  4966.64014  5.10432029E-13
  4969.37988  5.19185877E-13
  4972.12012  5.09702849E-13
  4974.85986  5.0559974E-13
  4977.6001  5.0332427E-13
  4980.33984  4.99047635E-13
  4983.08008  4.9568818E-13
  4985.81982  5.0157323E-13
  4988.56006  5.04036374E-13
  4991.2998  4.9957678E-13
  4994.04004  4.9802404E-13
  4996.77979  4.98547004E-13
  4999.52002  4.97690376E-13
  5002.25977  4.93725557E-13
  5005.  4.94863157E-13
  5007.74023  4.93460741E-13
  5010.47998  4.94619916E-13
  5013.22021  4.89177438E-13
  5015.95996  4.88310076E-13
  5018.7002  4.92546542E-13
  5021.43994  4.94584408E-13
  5024.18018  4.98629133E-13
  5026.91992  4.94565109E-13
  5029.66016  4.94636775E-13
  5032.3999  4.95871193E-13
  5035.14014  4.93211591E-13
  5037.87988  4.90907065E-13
  5040.62012  4.89653511E-13
  5043.35986  4.89601307E-13
  5046.1001  4.92543831E-13
  5048.83984  4.96502579E-13
  5051.58008  4.93653892E-13
  5054.31982  4.9714963E-13
  5057.06006  5.02507541E-13
  5059.7998  4.99827881E-13
  5062.54004  4.96795801E-13
  5065.27979  4.92989709E-13
  5068.02002  4.93620932E-13
  5070.75977  4.90726166E-13
  5073.5  4.89089184E-13
  5076.24023  4.9311732E-13
  5078.97998  4.87505381E-13
  5081.72021  4.85995955E-13
  5084.45996  4.93056225E-13
  5087.2002  4.89054923E-13
  5089.93994  4.92398169E-13
  5092.68018  4.92892673E-13
  5095.41992  4.89380075E-13
  5098.16016  4.86630972E-13
  5100.8999  4.83720702E-13
  5103.64014  4.90963986E-13
  5106.37988  4.96485502E-13
  5109.12012  4.83213025E-13
  5111.85986  4.84955392E-13
  5114.6001  4.84740286E-13
  5117.33984  4.88248927E-13
  5120.08008  4.90378137E-13
  5122.81982  4.87799579E-13
  5125.56006  4.82879307E-13
  5128.2998  4.81992809E-13
  5131.04004  4.80214555E-13
  5133.77979  4.84688082E-13
  5136.52002  4.78897412E-13
  5139.25977  4.78846834E-13
  5142.  4.77803452E-13
  5144.74023  4.82364745E-13
  5147.47998  4.85622556E-13
  5150.22021  4.83241593E-13
  5152.95996  4.79187274E-13
  5155.7002  4.83406826E-13
  5158.43994  4.8400704E-13
  5161.18018  4.82543313E-13
  5163.91992  4.72270389E-13
  5166.66016  4.58167304E-13
  5169.3999  4.48054842E-13
  5172.14014  4.54198555E-13
  5174.87988  4.66258976E-13
  5177.62012  4.80516505E-13
  5180.35986  4.76331919E-13
  5183.1001  4.61767397E-13
  5185.83984  4.59909834E-13
  5188.58008  4.74274266E-13
  5191.31982  4.72477634E-13
  5194.06006  4.73384895E-13
  5196.7998  4.75812857E-13
  5199.54004  4.75956243E-13
  5202.27979  4.75037056E-13
  5205.02002  4.70412988E-13
  5207.75977  4.6996299E-13
  5210.5  4.73690857E-13
  5213.24023  4.75274388E-13
  5215.97998  4.76469829E-13
  5218.72021  4.75929138E-13
  5221.45996  4.78816422E-13
  5224.2002  4.73652801E-13
  5226.93994  4.67729533E-13
  5229.68018  4.69563407E-13
  5232.41992  4.7277991E-13
  5235.16016  4.68568001E-13
  5237.8999  4.71395763E-13
  5240.64014  4.77251593E-13
  5243.37988  4.76986668E-13
  5246.12012  4.77839393E-13
  5248.85986  4.74658236E-13
  5251.6001  4.69573002E-13
  5254.33984  4.74352708E-13
  5257.08008  4.73320493E-13
  5259.81982  4.72244314E-13
  5262.56006  4.66451747E-13
  5265.2998  4.61464851E-13
  5268.04004  4.57892676E-13
  5270.77979  4.5630394E-13
  5273.52002  4.65821283E-13
  5276.25977  4.71257311E-13
  5279.  4.69964291E-13
  5281.74023  4.68617387E-13
  5284.47998  4.69365052E-13
  5287.22021  4.75690017E-13
  5289.95996  4.72643517E-13
  5292.7002  4.70251442E-13
  5295.43994  4.71250534E-13
  5298.18018  4.71844731E-13
  5300.91992  4.70224879E-13
  5303.66016  4.66565859E-13
  5306.3999  4.72375665E-13
  5309.14014  4.69479598E-13
  5311.87988  4.72400981E-13
  5314.62012  4.65849473E-13
  5317.35986  4.62640722E-13
  5320.1001  4.65763604E-13
  5322.83984  4.65086736E-13
  5325.58008  4.61237439E-13
  5328.31982  4.56716045E-13
  5331.06006  4.5967093E-13
  5333.7998  4.63862997E-13
  5336.54004  4.64300744E-13
  5339.27979  4.6183825E-13
  5342.02002  4.6427017E-13
  5344.75977  4.64403635E-13
  5347.5  4.63764986E-13
  5350.24023  4.61344071E-13
  5352.97998  4.64266429E-13
  5355.72021  4.64837533E-13
  5358.45996  4.64510591E-13
  5361.2002  4.65750377E-13
  5363.93994  4.5351342E-13
  5366.68018  4.55414244E-13
  5369.41992  4.57733406E-13
  5372.16016  4.570805E-13
  5374.8999  4.63159513E-13
  5377.64014  4.60502296E-13
  5380.37988  4.60029963E-13
  5383.12012  4.62299849E-13
  5385.85986  4.60381841E-13
  5388.6001  4.57236245E-13
  5391.33984  4.58753478E-13
  5394.08008  4.59317697E-13
  5396.81982  4.5180938E-13
  5399.56006  4.45283675E-13
  5402.2998  4.54496521E-13
  5405.04004  4.47802684E-13
  5407.77979  4.47241907E-13
  5410.52002  4.52984492E-13
  5413.25977  4.53853887E-13
  5416.  4.558959E-13
  5418.74023  4.53679086E-13
  5421.47998  4.57088794E-13
  5424.22021  4.54042701E-13
  5426.95996  4.51619753E-13
  5429.7002  4.47048269E-13
  5432.43994  4.46235686E-13
  5435.18018  4.50938332E-13
  5437.91992  4.53376784E-13
  5440.66016  4.52802319E-13
  5443.3999  4.46608652E-13
  5446.14014  4.50321394E-13
  5448.87988  4.51667295E-13
  5451.62012  4.47439774E-13
  5454.35986  4.50169768E-13
  5457.1001  4.4501829E-13
  5459.83984  4.50428703E-13
  5462.58008  4.50394442E-13
  5465.31982  4.51866843E-13
  5468.06006  4.53811332E-13
  5470.7998  4.50111302E-13
  5473.54004  4.48925917E-13
  5476.27979  4.48029309E-13
  5479.02002  4.49917501E-13
  5481.75977  4.51008425E-13
  5484.5  4.53431915E-13
  5487.24023  4.4981976E-13
  5489.97998  4.51743623E-13
  5492.72021  4.49541961E-13
  5495.45996  4.50778114E-13
  5498.2002  4.55366756E-13
  5500.93994  4.48071078E-13
  5503.68018  4.48211834E-13
  5506.41992  4.46351886E-13
  5509.16016  4.46927976E-13
  5511.8999  4.45575217E-13
  5514.64014  4.46093656E-13
  5517.37988  4.41972929E-13
  5520.12012  4.39650649E-13
  5522.85986  4.41389004E-13
  5525.6001  4.43409659E-13
  5528.33984  4.37422668E-13
  5531.08008  4.38879808E-13
  5533.81982  4.41550252E-13
  5536.56006  4.45106761E-13
  5539.2998  4.47528028E-13
  5542.04004  4.46637871E-13
  5544.77979  4.43463707E-13
  5547.52002  4.44075332E-13
  5550.25977  4.4082652E-13
  5553.  4.42038685E-13
  5555.74023  4.4067999E-13
  5558.47998  4.42849181E-13
  5561.22021  4.40848557E-13
  5563.95996  4.37957098E-13
  5566.7002  4.39361221E-13
  5569.43994  4.38960663E-13
  5572.18018  4.36643126E-13
  5574.91992  4.36994218E-13
  5577.66016  4.38753092E-13
  5580.3999  4.38380804E-13
  5583.14014  4.36333017E-13
  5585.87988  4.3654281E-13
  5588.62012  4.34111351E-13
  5591.35986  4.36087012E-13
  5594.1001  4.36544925E-13
  5596.83984  4.37503305E-13
  5599.58008  4.3501975E-13
  5602.31982  4.39950593E-13
  5605.06006  4.40404576E-13
  5607.7998  4.44557612E-13
  5610.54004  4.39971356E-13
  5613.27979  4.37459612E-13
  5616.02002  4.36635835E-13
  5618.75977  4.36108994E-13
  5621.5  4.40413602E-13
  5624.24023  4.39547894E-13
  5626.97998  4.38315616E-13
  5629.72021  4.40209067E-13
  5632.45996  4.41122182E-13
  5635.2002  4.40868099E-13
  5637.93994  4.36312038E-13
  5640.68018  4.35809402E-13
  5643.41992  4.36832482E-13
  5646.16016  4.37300342E-13
  5648.8999  4.36053103E-13
  5651.64014  4.46193917E-13
  5654.37988  4.41094643E-13
  5657.12012  4.29030102E-13
  5659.85986  4.23248757E-13
  5662.6001  4.2148045E-13
  5665.33984  4.26761762E-13
  5668.08008  4.29634708E-13
  5670.81982  4.29557567E-13
  5673.56006  4.26312929E-13
  5676.2998  4.2100351E-13
  5679.04004  4.25151071E-13
  5681.77979  4.3035394E-13
  5684.52002  4.26889589E-13
  5687.25977  4.24078199E-13
  5690.  4.25061679E-13
  5692.74023  4.24401183E-13
  5695.47998  4.2233613E-13
  5698.22021  4.20841286E-13
  5700.95996  4.19902096E-13
  5703.7002  4.21478228E-13
  5706.43994  4.23115671E-13
  5709.18018  4.22641983E-13
  5711.91992  4.23289957E-13
  5714.66016  4.25951321E-13
  5717.3999  4.27340265E-13
  5720.14014  4.28101429E-13
  5722.87988  4.28866225E-13
  5725.62012  4.28593142E-13
  5728.35986  4.24326833E-13
  5731.1001  4.22010381E-13
  5733.83984  4.25596543E-13
  5736.58008  4.25545531E-13
  5739.31982  4.21570629E-13
  5742.06006  4.22760188E-13
  5744.7998  4.26198166E-13
  5747.54004  4.29174193E-13
  5750.27979  4.29814577E-13
  5753.02002  4.23975145E-13
  5755.75977  4.1972407E-13
  5758.5  4.17750009E-13
  5761.24023  4.19163727E-13
  5763.97998  4.23369022E-13
  5766.72021  4.21219185E-13
  5769.45996  4.17949583E-13
  5772.2002  4.20086031E-13
  5774.93994  4.22242672E-13
  5777.68018  4.22599455E-13
  5780.41992  4.22822476E-13
  5783.16016  4.22860911E-13
  5785.8999  4.23050267E-13
  5788.64014  4.22845922E-13
  5791.37988  4.19197934E-13
  5794.12012  4.15574042E-13
  5796.85986  4.13256831E-13
  5799.6001  4.16554107E-13
  5802.33984  4.32125527E-13
  5805.08008  4.31627444E-13
  5807.81982  4.19691327E-13
  5810.56006  4.15072816E-13
  5813.2998  4.12985103E-13
  5816.04004  4.13323726E-13
  5818.77979  4.14193582E-13
  5821.52002  4.15278489E-13
  5824.26025  4.13878946E-13
  5827.  4.08510167E-13
  5829.74023  4.10294303E-13
  5832.47998  4.15744126E-13
  5835.22021  4.19455974E-13
  5837.95996  4.20754767E-13
  5840.7002  4.15378452E-13
  5843.43994  4.11472532E-13
  5846.18018  4.11957767E-13
  5848.91992  4.09420517E-13
  5851.66016  4.04630864E-13
  5854.3999  4.04595221E-13
  5857.14014  4.07219424E-13
  5859.87988  4.13436267E-13
  5862.62012  4.16674589E-13
  5865.35986  4.08233777E-13
  5868.1001  4.10311813E-13
  5870.83984  4.29707512E-13
  5873.58008  4.2502094E-13
  5876.31982  4.08248955E-13
  5879.06006  4.04811872E-13
  5881.7998  4.05015892E-13
  5884.54004  4.06133677E-13
  5887.27979  4.04961438E-13
  5890.02002  3.97421055E-13
  5892.76025  3.97723087E-13
  5895.5  4.04783547E-13
  5898.24023  4.07300062E-13
  5900.97998  4.08354042E-13
  5903.72021  4.09802373E-13
  5906.45996  4.09740411E-13
  5909.2002  4.06051901E-13
  5911.93994  4.03849128E-13
  5914.68018  4.02837458E-13
  5917.41992  4.0666087E-13
  5920.16016  4.13304102E-13
  5922.8999  4.09490936E-13
  5925.64014  4.0343583E-13
  5928.37988  4.02325173E-13
  5931.12012  4.02628397E-13
  5933.85986  4.04769398E-13
  5936.6001  4.05154127E-13
  5939.33984  4.04055234E-13
  5942.08008  4.02161729E-13
  5944.81982  4.00494633E-13
  5947.56006  4.04177885E-13
  5950.2998  4.07375739E-13
  5953.04004  4.06032873E-13
  5955.77979  4.0403561E-13
  5958.52002  4.00572452E-13
  5961.26025  4.01088315E-13
  5964.  4.03859942E-13
  5966.74023  3.99635078E-13
  5969.47998  3.94122614E-13
  5972.22021  3.91931116E-13
  5974.95996  3.94195635E-13
  5977.7002  4.06585356E-13
  5980.43994  4.07740763E-13
  5983.18018  3.97162717E-13
  5985.91992  3.96122832E-13
  5988.66016  3.98478478E-13
  5991.3999  3.97708505E-13
  5994.14014  3.9827603E-13
  5996.87988  4.05151824E-13
  5999.62012  4.07109215E-13
  6002.35986  4.01129623E-13
  6005.1001  3.95777107E-13
  6007.83984  3.89864573E-13
  6010.58008  3.90612971E-13
  6013.31982  3.9402013E-13
  6016.06006  3.96457688E-13
  6018.7998  3.97937922E-13
  6021.54004  3.98027748E-13
  6024.27979  3.96544722E-13
  6027.02002  3.92661462E-13
  6029.76025  3.93913445E-13
  6032.5  3.97614857E-13
  6035.24023  3.99433145E-13
  6037.97998  4.00087461E-13
  6040.72021  3.99164263E-13
  6043.45996  3.96767959E-13
  6046.2002  3.91173584E-13
  6048.93994  3.90743969E-13
  6051.68018  3.94023708E-13
  6054.41992  3.94399411E-13
  6057.16016  3.93661042E-13
  6059.8999  3.93787704E-13
  6062.64014  3.89246767E-13
  6065.37988  3.70922775E-13
  6068.12012  3.67928127E-13
  6070.85986  3.83878937E-13
  6073.6001  3.89012498E-13
  6076.33984  3.90384556E-13
  6079.08008  3.93175862E-13
  6081.81982  3.94504796E-13
  6084.56006  3.91316482E-13
  6087.2998  3.89485427E-13
  6090.04004  3.90397214E-13
  6092.77979  3.92407921E-13
  6095.52002  3.9576762E-13
  6098.26025  3.94053171E-13
  6101.  3.91069691E-13
  6103.74023  3.93505541E-13
  6106.47998  3.9494303E-13
  6109.22021  3.91762388E-13
  6111.95996  3.89038194E-13
  6114.7002  3.86833333E-13
  6117.43994  3.84809697E-13
  6120.18018  3.83130566E-13
  6122.91992  3.83190658E-13
  6125.66016  3.83650956E-13
  6128.3999  3.83676164E-13
  6131.14014  3.82289469E-13
  6133.87988  3.77180194E-13
  6136.62012  3.77767181E-13
  6139.35986  3.83299349E-13
  6142.1001  3.84728328E-13
  6144.83984  3.84969319E-13
  6147.58008  3.86817992E-13
  6150.31982  3.87794994E-13
  6153.06006  3.86169531E-13
  6155.7998  3.84846885E-13
  6158.54004  3.84594646E-13
  6161.27979  3.81066408E-13
  6164.02002  3.75930271E-13
  6166.76025  3.77586444E-13
  6169.5  3.80909849E-13
  6172.24023  3.82183136E-13
  6174.97998  3.81234757E-13
  6177.72021  3.75261156E-13
  6180.45996  3.75362827E-13
  6183.2002  3.81213046E-13
  6185.93994  3.8107416E-13
  6188.68018  3.79324014E-13
  6191.41992  3.83138427E-13
  6194.16016  3.85152928E-13
  6196.8999  3.78866236E-13
  6199.64014  3.75597014E-13
  6202.37988  3.75742026E-13
  6205.12012  3.82056664E-13
  6207.85986  3.92478395E-13
  6210.6001  3.8573585E-13
  6213.33984  3.75969058E-13
  6216.08008  3.79910459E-13
  6218.81982  3.82259057E-13
  6221.56006  3.77598235E-13
  6224.2998  3.74346685E-13
  6227.04004  3.7186183E-13
  6229.77979  3.7161867E-13
  6232.52002  3.73087303E-13
  6235.26025  3.77328106E-13
  6238.  3.79515267E-13
  6240.74023  3.73355589E-13
  6243.47998  3.69881399E-13
  6246.22021  3.71403375E-13
  6248.95996  3.71472953E-13
  6251.7002  3.71197024E-13
  6254.43994  3.71544619E-13
  6257.18018  3.72566561E-13
  6259.91992  3.75623604E-13
  6262.66016  3.77482523E-13
  6265.3999  3.75943336E-13
  6268.14014  3.75663097E-13
  6270.87988  3.76579085E-13
  6273.62012  3.77498515E-13
  6276.35986  3.78510022E-13
  6279.1001  3.79258419E-13
  6281.83984  3.79176372E-13
  6284.58008  3.77177835E-13
  6287.31982  3.75247576E-13
  6290.06006  3.74158793E-13
  6292.7998  3.70997802E-13
  6295.54004  3.66316352E-13
  6298.27979  3.67769861E-13
  6301.02002  3.70632507E-13
  6303.76025  3.67987894E-13
  6306.5  3.65729609E-13
  6309.24023  3.66892741E-13
  6311.97998  3.65925552E-13
  6314.72021  3.61682879E-13
  6317.45996  3.64236094E-13
  6320.2002  3.69781273E-13
  6322.93994  3.68744613E-13
  6325.68018  3.66159278E-13
  6328.41992  3.64898948E-13
  6331.16016  3.63358107E-13
  6333.8999  3.6031158E-13
  6336.64014  3.61185122E-13
  6339.37988  3.65281075E-13
  6342.12012  3.65008235E-13
  6344.85986  3.63481651E-13
  6347.6001  3.64119189E-13
  6350.33984  3.64598217E-13
  6353.08008  3.63246678E-13
  6355.81982  3.64250324E-13
  6358.56006  3.69328916E-13
  6361.2998  3.66847286E-13
  6364.04004  3.60756889E-13
  6366.77979  3.61886383E-13
  6369.52002  3.64746156E-13
  6372.26025  3.66904396E-13
  6375.  3.66425586E-13
  6377.74023  3.60387149E-13
  6380.47998  3.59405241E-13
  6383.22021  3.62460333E-13
  6385.95996  3.62413306E-13
  6388.7002  3.61314629E-13
  6391.43994  3.59726002E-13
  6394.18018  3.59182329E-13
  6396.91992  3.61540496E-13
  6399.66016  3.6333317E-13
  6402.3999  3.64883416E-13
  6405.14014  3.63385862E-13
  6407.87988  3.60104551E-13
  6410.62012  3.61456145E-13
  6413.35986  3.63193064E-13
  6416.1001  3.60952723E-13
  6418.83984  3.5894993E-13
  6421.58008  3.57936147E-13
  6424.31982  3.58214841E-13
  6427.06006  3.59866976E-13
  6429.7998  3.59686104E-13
  6432.54004  3.60080536E-13
  6435.27979  3.70020529E-13
  6438.02002  3.75117878E-13
  6440.76025  3.60861352E-13
  6443.5  3.53562421E-13
  6446.24023  3.57800757E-13
  6448.97998  3.57798101E-13
  6451.72021  3.56614396E-13
  6454.45996  3.55969269E-13
  6457.2002  3.55582127E-13
  6459.93994  3.55522144E-13
  6462.68018  3.56303637E-13
  6465.41992  3.58742441E-13
  6468.16016  3.60035705E-13
  6470.8999  3.60325973E-13
  6473.64014  3.60611036E-13
  6476.37988  3.60378584E-13
  6479.12012  3.58268726E-13
  6481.85986  3.55449692E-13
  6484.6001  3.52122682E-13
  6487.33984  3.49875538E-13
  6490.08008  3.4897481E-13
  6492.81982  3.48979932E-13
  6495.56006  3.49933759E-13
  6498.2998  3.5186326E-13
  6501.04004  3.5417009E-13
  6503.77979  3.56645513E-13
  6506.52002  3.5670574E-13
  6509.26025  3.51371872E-13
  6512.  3.49105917E-13
  6514.74023  3.49802896E-13
  6517.47998  3.50828063E-13
  6520.22021  3.52092785E-13
  6522.95996  3.50307917E-13
  6525.7002  3.48572272E-13
  6528.43994  3.4956017E-13
  6531.18018  3.50206138E-13
  6533.91992  3.499198E-13
  6536.66016  3.5028458E-13
  6539.3999  3.51001753E-13
  6542.14014  3.48299758E-13
  6544.87988  3.43480534E-13
  6547.62012  3.37189424E-13
  6550.35986  3.29578866E-13
  6553.1001  3.21570353E-13
  6555.83984  3.09666707E-13
  6558.58008  2.92363844E-13
  6561.31982  2.79533232E-13
  6564.06006  2.719774E-13
  6566.7998  2.90046931E-13
  6569.54004  3.13621714E-13
  6572.27979  3.2753894E-13
  6575.02002  3.35793947E-13
  6577.76025  3.35853171E-13
  6580.5  3.38562511E-13
  6583.24023  3.42301247E-13
  6585.97998  3.4532983E-13
  6588.72021  3.47137385E-13
  6591.45996  3.44192719E-13
  6594.2002  3.42467835E-13
  6596.93994  3.46234814E-13
  6599.68018  3.48195485E-13
  6602.41992  3.47959102E-13
  6605.16016  3.48241509E-13
  6607.8999  3.4833551E-13
  6610.64014  3.46512559E-13
  6613.37988  3.44443685E-13
  6616.12012  3.43307631E-13
  6618.85986  3.43618797E-13
  6621.6001  3.47224067E-13
  6624.33984  3.46116256E-13
  6627.08008  3.40897937E-13
  6629.81982  3.44999772E-13
  6632.56006  3.51575702E-13
  6635.2998  3.49282913E-13
  6638.04004  3.47197965E-13
  6640.77979  3.51026825E-13
  6643.52002  3.51261934E-13
  6646.26025  3.46341364E-13
  6649.  3.4354873E-13
  6651.74023  3.41746732E-13
  6654.47998  3.44972586E-13
  6657.22021  3.48192043E-13
  6659.95996  3.44777158E-13
  6662.7002  3.41338774E-13
  6665.43994  3.38089122E-13
  6668.18018  3.40204129E-13
  6670.91992  3.47986397E-13
  6673.66016  3.4473482E-13
  6676.3999  3.37666527E-13
  6679.14014  3.37287842E-13
  6681.87988  3.38868067E-13
  6684.62012  3.42261023E-13
  6687.35986  3.43257459E-13
  6690.1001  3.39735076E-13
  6692.83984  3.41983982E-13
  6695.58008  3.46985678E-13
  6698.31982  3.41580497E-13
  6701.06006  3.34723324E-13
  6703.7998  3.36427013E-13
  6706.54004  3.38250668E-13
  6709.27979  3.38812691E-13
  6712.02002  3.3622386E-13
  6714.76025  3.29810615E-13
  6717.5  3.30857032E-13
  6720.24023  3.3526445E-13
  6722.97998  3.37916462E-13
  6725.72021  3.39736784E-13
  6728.45996  3.39669129E-13
  6731.2002  3.40502881E-13
  6733.93994  3.44462035E-13
  6736.68018  3.41153619E-13
  6739.41992  3.33232926E-13
  6742.16016  3.3449941E-13
  6744.8999  3.37508179E-13
  6747.64014  3.33716182E-13
  6750.37988  3.31487713E-13
  6753.12012  3.3441991E-13
  6755.85986  3.36432678E-13
  6758.6001  3.37857482E-13
  6761.33984  3.38722729E-13
  6764.08008  3.38544514E-13
  6766.81982  3.34143764E-13
  6769.56006  3.2932229E-13
  6772.2998  3.26048433E-13
  6775.04004  3.26241096E-13
  6777.77979  3.33008442E-13
  6780.52002  3.32945504E-13
  6783.26025  3.28570857E-13
  6786.  3.28642143E-13
  6788.74023  3.29290089E-13
  6791.47998  3.25648606E-13
  6794.22021  3.24040111E-13
  6796.95996  3.28548332E-13
  6799.7002  3.30774606E-13
  6802.43994  3.30277716E-13
  6805.18018  3.33015896E-13
  6807.91992  3.36564977E-13
  6810.66016  3.33672841E-13
  6813.3999  3.30153385E-13
  6816.14014  3.30668462E-13
  6818.87988  3.31351483E-13
  6821.62012  3.32067029E-13
  6824.35986  3.3156667E-13
  6827.1001  3.30089417E-13
  6829.83984  3.27300741E-13
  6832.58008  3.24760672E-13
  6835.31982  3.26982338E-13
  6838.06006  3.28487508E-13
  6840.7998  3.25773154E-13
  6843.54004  3.24805775E-13
  6846.27979  3.25914453E-13
  6849.02002  3.27172425E-13
  6851.76025  3.28307666E-13
  6854.5  3.23967659E-13
  6857.24023  3.19683733E-13
  6859.97998  3.21495326E-13
  6862.72021  3.23070401E-13
  6865.45996  3.22698275E-13
  6868.2002  3.24027182E-13
  6870.93994  3.26783224E-13
  6873.68018  3.2600417E-13
  6876.41992  3.24397247E-13
  6879.16016  3.27088102E-13
  6881.8999  3.28639053E-13
  6884.64014  3.2536525E-13
  6887.37988  3.23054056E-13
  6890.12012  3.20723889E-13
  6892.85986  3.26244809E-13
  6895.6001  3.35728895E-13
  6898.33984  3.29088184E-13
  6901.08008  3.19934319E-13
  6903.81982  3.21104498E-13
  6906.56006  3.22208921E-13
  6909.2998  3.2084326E-13
  6912.04004  3.20220331E-13
  6914.77979  3.20042549E-13
  6917.52002  3.21556258E-13
  6920.26025  3.23435181E-13
  6923.  3.22179268E-13
  6925.74023  3.20514774E-13
  6928.47998  3.18880556E-13
  6931.22021  3.2009348E-13
  6933.95996  3.26971577E-13
  6936.7002  3.25216471E-13
  6939.43994  3.18613598E-13
  6942.18018  3.16296495E-13
  6944.91992  3.15659906E-13
  6947.66016  3.1669971E-13
  6950.3999  3.17963022E-13
  6953.14014  3.19249998E-13
  6955.87988  3.19247152E-13
  6958.62012  3.17667713E-13
  6961.35986  3.20716462E-13
  6964.1001  3.24899694E-13
  6966.83984  3.22202524E-13
  6969.58008  3.17961017E-13
  6972.31982  3.14058512E-13
  6975.06006  3.12057183E-13
  6977.7998  3.12436166E-13
  6980.54004  3.14151537E-13
  6983.27979  3.17174726E-13
  6986.02002  3.17805488E-13
  6988.76025  3.17735665E-13
  6991.5  3.18655231E-13
  6994.24023  3.18673554E-13
  6996.97998  3.16411231E-13
  6999.72021  3.15647763E-13
  7002.45996  3.16241662E-13
  7005.2002  3.17653022E-13
  7007.93994  3.19496545E-13
  7010.68018  3.19511561E-13
  7013.41992  3.19439787E-13
  7016.16016  3.21530292E-13
  7018.8999  3.20603732E-13
  7021.64014  3.14119688E-13
  7024.37988  3.11494808E-13
  7027.12012  3.11033182E-13
  7029.85986  3.09782175E-13
  7032.6001  3.0911924E-13
  7035.33984  3.10766549E-13
  7038.08008  3.12699519E-13
  7040.81982  3.14704155E-13
  7043.56006  3.14861879E-13
  7046.2998  3.12691713E-13
  7049.04004  3.12815312E-13
  7051.77979  3.1383148E-13
  7054.52002  3.13378989E-13
  7057.26025  3.13408452E-13
  7060.  3.16346314E-13
  7062.74023  3.17537175E-13
  7065.47998  3.15616755E-13
  7068.22021  3.13808468E-13
  7070.95996  3.11669391E-13
  7073.7002  3.10490945E-13
  7076.43994  3.09900922E-13
  7079.18018  3.10063878E-13
  7081.91992  3.10067239E-13
  7084.66016  3.08993391E-13
  7087.3999  3.08944168E-13
  7090.14014  3.1016086E-13
  7092.87988  3.11281301E-13
  7095.62012  3.1201902E-13
  7098.35986  3.0749459E-13
  7101.1001  3.03309434E-13
  7103.83984  3.05814049E-13
  7106.58008  3.07902168E-13
  7109.31982  3.08513929E-13
  7112.06006  3.07486539E-13
  7114.7998  3.04851386E-13
  7117.54004  3.03659035E-13
  7120.27979  3.03195782E-13
  7123.02002  3.03511502E-13
  7125.76025  3.04491214E-13
  7128.5  3.07343858E-13
  7131.24023  3.06765491E-13
  7133.97998  3.00985311E-13
  7136.72021  2.99976949E-13
  7139.45996  3.0139869E-13
  7142.2002  3.04052681E-13
  7144.93994  3.06000695E-13
  7147.68018  3.03084543E-13
  7150.41992  3.01071071E-13
  7153.16016  3.0198687E-13
  7155.8999  3.01881512E-13
  7158.64014  3.01139024E-13
  7161.37988  2.98741311E-13
  7164.12012  2.97005964E-13
  7166.85986  3.05792121E-13
  7169.6001  3.09804943E-13
  7172.33984  2.93104137E-13
  7175.08008  2.88424558E-13
  7177.81982  3.03112272E-13
  7180.56006  3.05502016E-13
  7183.2998  3.02421201E-13
  7186.04004  2.98010233E-13
  7188.77979  2.96443669E-13
  7191.52002  3.10869413E-13
  7194.26025  3.18148828E-13
  7197.  3.07598321E-13
  7199.74023  3.00389894E-13
  7202.47998  2.94545936E-13
  7205.22021  2.9513726E-13
  7207.95996  2.98439062E-13
  7210.7002  2.95041796E-13
  7213.43994  2.92211893E-13
  7216.18018  2.94696559E-13
  7218.91992  2.96829266E-13
  7221.66016  2.98266294E-13
  7224.3999  2.99013364E-13
  7227.14014  2.99186592E-13
  7229.87988  2.99250398E-13
  7232.62012  2.99461465E-13
  7235.35986  3.00693715E-13
  7238.1001  3.01780167E-13
  7240.83984  3.02773052E-13
  7243.58008  3.0191412E-13
  7246.31982  2.98877215E-13
  7249.06006  2.98526286E-13
  7251.7998  2.99049116E-13
  7254.54004  2.97168431E-13
  7257.27979  2.95187513E-13
  7260.02002  2.94163592E-13
  7262.76025  2.94404854E-13
  7265.5  2.96977314E-13
  7268.24023  2.97122597E-13
  7270.97998  2.95776804E-13
  7273.72021  2.94875832E-13
  7276.45996  2.94390082E-13
  7279.2002  2.9563396E-13
  7281.93994  2.96541004E-13
  7284.68018  2.95948812E-13
  7287.41992  2.95915067E-13
  7290.16016  2.9670629E-13
  7292.8999  2.95171412E-13
  7295.64014  2.92710029E-13
  7298.37988  2.92813896E-13
  7301.12012  2.94020857E-13
  7303.85986  2.9660527E-13
  7306.6001  2.97647649E-13
  7309.33984  2.96264071E-13
  7312.08008  2.94180045E-13
  7314.81982  2.91183717E-13
  7317.56006  2.91759374E-13
  7320.2998  2.93362882E-13
  7323.04004  2.92475489E-13
  7325.77979  2.91721264E-13
  7328.52002  2.91806428E-13
  7331.26025  2.93051363E-13
  7334.  2.96197122E-13
  7336.74023  2.96117406E-13
  7339.47998  2.93987545E-13
  7342.22021  2.88887051E-13
  7344.95996  2.84499448E-13
  7347.7002  2.85585059E-13
  7350.43994  2.87321572E-13
  7353.18018  2.89637888E-13
  7355.91992  2.89503745E-13
  7358.66016  2.87266982E-13
  7361.3999  2.90113934E-13
  7364.14014  2.94254123E-13
  7366.87988  2.94311423E-13
  7369.62012  2.93115711E-13
  7372.35986  2.90958392E-13
  7375.1001  2.89550583E-13
  7377.83984  2.89232397E-13
  7380.58008  2.87686433E-13
  7383.31982  2.85951845E-13
  7386.06006  2.89793742E-13
  7388.7998  2.93285144E-13
  7391.54004  2.88869081E-13
  7394.27979  2.85870801E-13
  7397.02002  2.87406383E-13
  7399.76025  2.87111751E-13
  7402.5  2.85516863E-13
  7405.24023  2.84736617E-13
  7407.97998  2.84692896E-13
  7410.72021  2.87684779E-13
  7413.45996  2.89234375E-13
  7416.2002  2.84888107E-13
  7418.93994  2.8316287E-13
  7421.68018  2.85391936E-13
  7424.41992  2.86119679E-13
  7427.16016  2.86417781E-13
  7429.8999  2.86404255E-13
  7432.64014  2.86577321E-13
  7435.37988  2.8855477E-13
  7438.12012  2.88876507E-13
  7440.85986  2.85132269E-13
  7443.6001  2.84300226E-13
  7446.33984  2.86189258E-13
  7449.08008  2.84330664E-13
  7451.81982  2.81327939E-13
  7454.56006  2.81637344E-13
  7457.2998  2.816973E-13
  7460.04004  2.78413116E-13
  7462.77979  2.77660897E-13
  7465.52002  2.81393236E-13
  7468.26025  2.81859551E-13
  7471.  2.80748867E-13
  7473.74023  2.8029727E-13
  7476.47998  2.8034549E-13
  7479.22021  2.82349014E-13
  7481.95996  2.83132919E-13
  7484.7002  2.80976875E-13
  7487.43994  2.79081147E-13
  7490.18018  2.7689114E-13
  7492.91992  2.78825005E-13
  7495.66016  2.82385552E-13
  7498.3999  2.81456065E-13
  7501.14014  2.79580043E-13
  7503.87988  2.78722683E-13
  7506.62012  2.76973133E-13
  7509.35986  2.73070141E-13
  7512.1001  2.72483425E-13
  7514.83984  2.74097449E-13
  7517.58008  2.75174848E-13
  7520.31982  2.76085822E-13
  7523.06006  2.75738525E-13
  7525.7998  2.76294097E-13
  7528.54004  2.79544129E-13
  7531.27979  2.81027155E-13
  7534.02002  2.80958931E-13
  7536.76025  2.78630119E-13
  7539.5  2.7516219E-13
  7542.24023  2.74933938E-13
  7544.97998  2.75983012E-13
  7547.72021  2.77924005E-13
  7550.45996  2.79531525E-13
  7553.2002  2.81658404E-13
  7555.93994  2.78740762E-13
  7558.68018  2.718261E-13
  7561.41992  2.71746357E-13
  7564.16016  2.74085198E-13
  7566.8999  2.75795093E-13
  7569.64014  2.75784658E-13
  7572.37988  2.71012867E-13
  7575.12012  2.70551729E-13
  7577.85986  2.75586953E-13
  7580.6001  2.76296374E-13
  7583.33984  2.75190271E-13
  7586.08008  2.74772718E-13
  7588.81982  2.74315753E-13
  7591.56006  2.73295492E-13
  7594.2998  2.73442998E-13
  7597.04004  2.76447376E-13
  7599.77979  2.75819433E-13
  7602.52002  2.72411054E-13
  7605.26025  2.69133863E-13
  7608.  2.66752332E-13
  7610.74023  2.6978574E-13
  7613.47998  2.73157934E-13
  7616.22021  2.74649173E-13
  7618.95996  2.75133025E-13
  7621.7002  2.74524408E-13
  7624.43994  2.73129853E-13
  7627.18018  2.7115956E-13
  7629.91992  2.70646651E-13
  7632.66016  2.70786106E-13
  7635.3999  2.71827943E-13
  7638.14014  2.71660109E-13
  7640.87988  2.68888292E-13
  7643.62012  2.67691956E-13
  7646.35986  2.67703909E-13
  7649.1001  2.65781998E-13
  7651.83984  2.63920098E-13
  7654.58008  2.66596071E-13
  7657.31982  2.69238109E-13
  7660.06006  2.6922865E-13
  7662.7998  2.69109848E-13
  7665.54004  2.69286411E-13
  7668.27979  2.67539707E-13
  7671.02002  2.64726744E-13
  7673.76025  2.6513313E-13
  7676.5  2.66432547E-13
  7679.24023  2.6685216E-13
  7681.97998  2.67196015E-13
  7684.72021  2.6778021E-13
  7687.45996  2.67545128E-13
  7690.2002  2.66616427E-13
  7692.93994  2.64400535E-13
  7695.68018  2.61581555E-13
  7698.41992  2.59368698E-13
  7701.16016  2.58797324E-13
  7703.8999  2.62512912E-13
  7706.64014  2.63653221E-13
  7709.37988  2.59801024E-13
  7712.12012  2.61061734E-13
  7714.85986  2.65026201E-13
  7717.6001  2.6602448E-13
  7720.33984  2.66077091E-13
  7723.08008  2.66226684E-13
  7725.81982  2.65777634E-13
  7728.56006  2.6662239E-13
  7731.2998  2.58964589E-13
  7734.04004  2.40733974E-13
  7736.77979  2.44733351E-13
  7739.52002  2.58254139E-13
  7742.26025  2.61481537E-13
  7745.  2.61364823E-13
  7747.74023  2.57365852E-13
  7750.47998  2.56341525E-13
  7753.22021  2.60615558E-13
  7755.95996  2.62716254E-13
  7758.7002  2.63907657E-13
  7761.43994  2.62632662E-13
  7764.18018  2.60905718E-13
  7766.91992  2.62165832E-13
  7769.66016  2.63413667E-13
  7772.3999  2.64331146E-13
  7775.14014  2.62761384E-13
  7777.87988  2.57971975E-13
  7780.62012  2.57889386E-13
  7783.35986  2.59735999E-13
  7786.1001  2.58388336E-13
  7788.83984  2.57204793E-13
  7791.58008  2.58830744E-13
  7794.31982  2.59678807E-13
  7797.06006  2.58841885E-13
  7799.7998  2.58927374E-13
  7802.54004  2.59493924E-13
  7805.27979  2.55645223E-13
  7808.02002  2.51972325E-13
  7810.76025  2.57635086E-13
  7813.5  2.62237199E-13
  7816.24023  2.61402553E-13
  7818.97998  2.58586962E-13
  7821.72021  2.5223557E-13
  7824.45996  2.54041932E-13
  7827.2002  2.59922834E-13
  7829.93994  2.61888411E-13
  7832.68018  2.62627349E-13
  7835.41992  2.63713286E-13
  7838.16016  2.61306954E-13
  7840.8999  2.51494355E-13
  7843.64014  2.49889004E-13
  7846.37988  2.54363723E-13
  7849.12012  2.53603806E-13
  7851.85986  2.51618252E-13
  7854.6001  2.51656389E-13
  7857.33984  2.52275143E-13
  7860.08008  2.53429602E-13
  7862.81982  2.54253026E-13
  7865.56006  2.55187527E-13
  7868.2998  2.53603264E-13
  7871.04004  2.49938037E-13
  7873.77979  2.40048866E-13
  7876.52002  2.33629305E-13
  7879.26025  2.45741063E-13
  7882.  2.55229431E-13
  7884.74023  2.570127E-13
  7887.47998  2.56561591E-13
  7890.22021  2.53184084E-13
  7892.95996  2.54996572E-13
  7895.7002  2.57712661E-13
  7898.43994  2.53247293E-13
  7901.18018  2.49972325E-13
  7903.91992  2.54062261E-13
  7906.66016  2.54920976E-13
  7909.3999  2.50665374E-13
  7912.14014  2.50549527E-13
  7914.87988  2.52222559E-13
  7917.62012  2.50649545E-13
  7920.35986  2.48559094E-13
  7923.1001  2.47966117E-13
  7925.83984  2.47997261E-13
  7928.58008  2.48781545E-13
  7931.31982  2.49418162E-13
  7934.06006  2.4995186E-13
  7936.7998  2.51739601E-13
  7939.54004  2.53360999E-13
  7942.27979  2.50655372E-13
  7945.02002  2.47240135E-13
  7947.76025  2.4376917E-13
  7950.5  2.4425099E-13
  7953.24023  2.51668749E-13
  7955.97998  2.51839999E-13
  7958.72021  2.48466585E-13
  7961.45996  2.53426078E-13
  7964.2002  2.58879642E-13
  7966.93994  2.55997453E-13
  7969.68018  2.52362015E-13
  7972.41992  2.49380703E-13
  7975.16016  2.47965304E-13
  7977.8999  2.48082316E-13
  7980.64014  2.48684076E-13
  7983.37988  2.49734803E-13
  7986.12012  2.50712103E-13
  7988.85986  2.50588802E-13
  7991.6001  2.47358449E-13
  7994.33984  2.45471666E-13
  7997.08008  2.45724854E-13
  7999.81982  2.46447611E-13
  8002.56006  2.47713064E-13
  8005.2998  2.45051023E-13
  8008.04004  2.4138669E-13
  8010.77979  2.39240729E-13
  8013.52002  2.39801966E-13
  8016.26025  2.46441702E-13
  8019.  2.47613155E-13
  8021.74023  2.42665751E-13
  8024.47998  2.43484676E-13
  8027.22021  2.46414136E-13
  8029.95996  2.46664207E-13
  8032.7002  2.46098525E-13
  8035.43994  2.44526459E-13
  8038.18018  2.44602244E-13
  8040.91992  2.48856599E-13
  8043.66016  2.46321274E-13
  8046.3999  2.39105339E-13
  8049.14014  2.4178424E-13
  8051.87988  2.47127405E-13
  8054.62012  2.4824782E-13
  8057.35986  2.46189408E-13
  8060.1001  2.37547964E-13
  8062.83984  2.3502367E-13
  8065.58008  2.39434611E-13
  8068.31982  2.42330895E-13
  8071.06006  2.4487549E-13
  8073.7998  2.431589E-13
  8076.54004  2.41185679E-13
  8079.27979  2.43848426E-13
  8082.02002  2.43267239E-13
  8084.76025  2.35431141E-13
  8087.5  2.33936053E-13
  8090.24023  2.36883999E-13
  8092.97998  2.3677219E-13
  8095.72021  2.35508363E-13
  8098.45996  2.3227988E-13
  8101.2002  2.30991197E-13
  8103.93994  2.34954038E-13
  8106.68018  2.38217107E-13
  8109.41992  2.41470337E-13
  8112.16016  2.39789633E-13
  8114.8999  2.35272766E-13
  8117.64014  2.34740206E-13
  8120.37988  2.3437323E-13
  8123.12012  2.30164602E-13
  8125.85986  2.28943654E-13
  8128.6001  2.33393762E-13
  8131.33984  2.37179281E-13
  8134.08008  2.4113052E-13
  8136.81982  2.4232504E-13
  8139.56006  2.41962293E-13
  8142.2998  2.41450794E-13
  8145.04004  2.3977291E-13
  8147.77979  2.35397395E-13
  8150.52002  2.33148001E-13
  8153.26025  2.33577182E-13
  8156.  2.34382907E-13
  8158.74023  2.35832648E-13
  8161.47998  2.36672146E-13
  8164.22021  2.37114256E-13
  8166.95996  2.36738417E-13
  8169.7002  2.36622245E-13
  8172.43994  2.37425775E-13
  8175.18018  2.37409701E-13
  8177.91992  2.368132E-13
  8180.66016  2.33520451E-13
  8183.3999  2.30196314E-13
  8186.14014  2.35928518E-13
  8188.87988  2.39813377E-13
  8191.62012  2.31955595E-13
  8194.36035  2.30210219E-13
  8197.09961  2.39430383E-13
  8199.83984  2.38624929E-13
  8202.58008  2.3288042E-13
  8205.32031  2.3409703E-13
  8208.05957  2.36247708E-13
  8210.7998  2.33687418E-13
  8213.54004  2.31981101E-13
  8216.28027  2.33621472E-13
  8219.01953  2.3290598E-13
  8221.75977  2.29806164E-13
  8224.5  2.30098276E-13
  8227.24023  2.31631581E-13
  8229.98047  2.30813822E-13
  8232.71973  2.30446142E-13
  8235.45996  2.33629143E-13
  8238.2002  2.33389398E-13
  8240.94043  2.26369596E-13
  8243.67969  2.26183208E-13
  8246.41992  2.29981371E-13
  8249.16016  2.3323883E-13
  8251.90039  2.36461051E-13
  8254.63965  2.39612881E-13
  8257.37988  2.3947535E-13
  8260.12012  2.32183007E-13
  8262.86035  2.29421273E-13
  8265.59961  2.31578374E-13
  8268.33984  2.27614639E-13
  8271.08008  2.22311034E-13
  8273.82031  2.28381685E-13
  8276.55957  2.33779874E-13
  8279.2998  2.27431436E-13
  8282.04004  2.24600219E-13
  8284.78027  2.29632529E-13
  8287.51953  2.28743646E-13
  8290.25977  2.24384652E-13
  8293.  2.26975719E-13
  8295.74023  2.31480389E-13
  8298.48047  2.33069532E-13
  8301.21973  2.33306972E-13
  8303.95996  2.3165641E-13
  8306.7002  2.30720201E-13
  8309.44043  2.30893836E-13
  8312.17969  2.2797969E-13
  8314.91992  2.23721432E-13
  8317.66016  2.22261784E-13
  8320.40039  2.22492028E-13
  8323.13965  2.25151332E-13
  8325.87988  2.27354566E-13
  8328.62012  2.28073582E-13
  8331.36035  2.30199377E-13
  8334.09961  2.33347819E-13
  8336.83984  2.32859386E-13
  8339.58008  2.30398925E-13
  8342.32031  2.25816788E-13
  8345.05957  2.23415416E-13
  8347.7998  2.28024224E-13
  8350.54004  2.2817669E-13
  8353.28027  2.22534447E-13
  8356.01953  2.20259127E-13
  8358.75977  2.19617659E-13
  8361.5  2.23088231E-13
  8364.24023  2.25419482E-13
  8366.98047  2.17219607E-13
  8369.71973  2.15675825E-13
  8372.45996  2.30193956E-13
  8375.2002  2.31253737E-13
  8377.94043  2.22031351E-13
  8380.67969  2.20978157E-13
  8383.41992  2.22159015E-13
  8386.16016  2.20865738E-13
  8388.90039  2.19951458E-13
  8391.63965  2.19823685E-13
  8394.37988  2.22436097E-13
  8397.12012  2.29842621E-13
  8399.86035  2.3009589E-13
  8402.59961  2.26374366E-13
  8405.33984  2.23220043E-13
  8408.08008  2.20857647E-13
  8410.82031  2.22098923E-13
  8413.55957  2.2259481E-13
  8416.2998  2.20463323E-13
  8419.04004  2.20059986E-13
  8421.78027  2.20990638E-13
  8424.51953  2.22768161E-13
  8427.25977  2.25059094E-13
  8430.  2.2724185E-13
  8432.74023  2.27721162E-13
  8435.48047  2.23555549E-13
  8438.21973  2.22078717E-13
  8440.95996  2.24780413E-13
  8443.7002  2.25811028E-13
  8446.44043  2.26288565E-13
  8449.17969  2.26072646E-13
  8451.91992  2.25387634E-13
  8454.66016  2.24713721E-13
  8457.40039  2.23214866E-13
  8460.13965  2.19778771E-13
  8462.87988  2.18322796E-13
  8465.62012  2.1850379E-13
  8468.36035  2.21530639E-13
  8471.09961  2.2482271E-13
  8473.83984  2.1816514E-13
  8476.58008  2.12257146E-13
  8479.32031  2.15116187E-13
  8482.05957  2.17562703E-13
  8484.7998  2.19645333E-13
  8487.54004  2.18038031E-13
  8490.28027  2.13850747E-13
  8493.01953  2.12651335E-13
  8495.75977  2.12304133E-13
  8498.5  2.10617602E-13
  8501.24023  2.11409056E-13
  8503.98047  2.18511935E-13
  8506.71973  2.20059173E-13
  8509.45996  2.15691844E-13
  8512.2002  2.16399164E-13
  8514.94043  2.18710981E-13
  8517.67969  2.17552511E-13
  8520.41992  2.16542631E-13
  8523.16016  2.18693336E-13
  8525.90039  2.19392253E-13
  8528.63965  2.18481158E-13
  8531.37988  2.1398386E-13
  8534.12012  2.06568066E-13
  8536.86035  2.05457531E-13
  8539.59961  2.06117797E-13
  8542.33984  2.0257373E-13
  8545.08008  2.02231515E-13
  8547.82031  2.10920189E-13
  8550.55957  2.13756367E-13
  8553.2998  2.09819087E-13
  8556.04004  2.10845461E-13
  8558.78027  2.13827071E-13
  8561.51953  2.16729236E-13
  8564.25977  2.18461601E-13
  8567.  2.16154013E-13
  8569.74023  2.15111918E-13
  8572.48047  2.17679119E-13
  8575.21973  2.1584118E-13
  8577.95996  2.10809045E-13
  8580.7002  2.12826989E-13
  8583.44043  2.16138739E-13
  8586.17969  2.11969981E-13
  8588.91992  2.08572187E-13
  8591.66016  2.09612953E-13
  8594.40039  2.11345671E-13
  8597.13965  2.14175289E-13
  8599.87988  2.15663885E-13
  8602.62012  2.16342189E-13
  8605.36035  2.15395586E-13
  8608.09961  2.14672125E-13
  8610.83984  2.17056679E-13
  8613.58008  2.18001168E-13
  8616.32031  2.15189981E-13
  8619.05957  2.16097512E-13
  8621.7998  2.19952718E-13
  8624.54004  2.18508954E-13
  8627.28027  2.15282992E-13
  8630.02051  2.14450541E-13
  8632.75977  2.13781724E-13
  8635.5  2.12419532E-13
  8638.24023  2.11554556E-13
  8640.98047  2.11609105E-13
  8643.71973  2.09944583E-13
  8646.45996  2.07452138E-13
  8649.2002  2.07361187E-13
  8651.94043  2.06943607E-13
  8654.67969  2.03279125E-13
  8657.41992  1.99065618E-13
  8660.16016  1.92374626E-13
  8662.90039  1.9442511E-13
  8665.63965  2.04591322E-13
  8668.37988  2.0902022E-13
  8671.12012  2.11439305E-13
  8673.86035  2.13839376E-13
  8676.59961  2.14320383E-13
  8679.33984  2.10409164E-13
  8682.08008  2.08744236E-13
  8684.82031  2.10894006E-13
  8687.55957  2.09639028E-13
  8690.2998  2.06957715E-13
  8693.04004  2.09299009E-13
  8695.78027  2.12953773E-13
  8698.52051  2.15965307E-13
  8701.25977  2.15567473E-13
  8704.  2.07827638E-13
  8706.74023  2.05780461E-13
  8709.48047  2.08824359E-13
  8712.21973  2.09705557E-13
  8714.95996  2.09923211E-13
  8717.7002  2.08541409E-13
  8720.44043  2.07909116E-13
  8723.17969  2.10612479E-13
  8725.91992  2.12240829E-13
  8728.66016  2.11935409E-13
  8731.40039  2.12414911E-13
  8734.13965  2.1318937E-13
  8736.87988  2.15376667E-13
  8739.62012  2.15943067E-13
  8742.36035  2.08234742E-13
  8745.09961  2.01653703E-13
  8747.83984  1.99525035E-13
  8750.58008  1.98731128E-13
  8753.32031  1.99122904E-13
  8756.05957  2.05151529E-13
  8758.7998  2.12618023E-13
  8761.54004  2.05906445E-13
  8764.28027  1.99038716E-13
  8767.02051  2.02394891E-13
  8769.75977  2.05932236E-13
  8772.5  2.10099326E-13
  8775.24023  2.0856289E-13
  8777.98047  2.02910442E-13
  8780.71973  2.01627641E-13
  8783.45996  2.02331343E-13
  8786.2002  2.05435251E-13
  8788.94043  2.0763652E-13
  8791.67969  2.07144509E-13
  8794.41992  2.05910552E-13
  8797.16016  2.03434153E-13
  8799.90039  2.0359948E-13
  8802.63965  2.04953513E-13
  8805.37988  2.05209181E-13
  8808.12012  2.04054398E-13
  8810.86035  1.98308018E-13
  8813.59961  1.97075226E-13
  8816.33984  2.04904317E-13
  8819.08008  2.0634491E-13
  8821.82031  2.03819004E-13
  8824.55957  2.02922382E-13
  8827.2998  2.03012046E-13
  8830.04004  2.06971091E-13
  8832.78027  2.09142545E-13
  8835.52051  2.05355616E-13
  8838.25977  2.03553035E-13
  8841.  2.03949813E-13
  8843.74023  2.0459883E-13
  8846.48047  2.0532309E-13
  8849.21973  2.02823598E-13
  8851.95996  1.99022981E-13
  8854.7002  1.93540645E-13
  8857.44043  1.91893498E-13
  8860.17969  1.97584353E-13
  8862.91992  1.99386026E-13
  8865.66016  1.98698669E-13
  8868.40039  2.01449155E-13
  8871.13965  2.03674222E-13
  8873.87988  1.95958443E-13
  8876.62012  1.91284285E-13
  8879.36035  1.99332616E-13
  8882.09961  2.03028891E-13
  8884.83984  2.01251749E-13
  8887.58008  1.99349435E-13
  8890.32031  1.96985128E-13
  8893.05957  1.99542151E-13
  8895.7998  2.02889829E-13
  8898.54004  2.03342172E-13
  8901.28027  2.03054763E-13
  8904.02051  2.02029257E-13
  8906.75977  2.01311325E-13
  8909.5  2.00737986E-13
  8912.24023  2.00987122E-13
  8914.98047  2.01320135E-13
  8917.71973  1.99794296E-13
  8920.45996  1.98149941E-13
  8923.2002  1.96887564E-13
  8925.94043  1.96997895E-13
  8928.67969  2.00004279E-13
  8931.41992  1.97101233E-13
  8934.16016  1.91244956E-13
  8936.90039  1.94367011E-13
  8939.63965  2.00131903E-13
  8942.37988  2.05908587E-13
  8945.12012  2.05826458E-13
  8947.86035  1.91354772E-13
  8950.59961  1.92479672E-13
  8953.33984  2.08455106E-13
  8956.08008  2.10011289E-13
  8958.82031  2.05507229E-13
  8961.55957  1.99376228E-13
  8964.2998  1.9424638E-13
  8967.04004  1.94037101E-13
  8969.78027  1.93748622E-13
  8972.52051  1.92075183E-13
  8975.25977  1.94656872E-13
  8978.  1.99810356E-13
  8980.74023  1.97770579E-13
  8983.48047  1.94871788E-13
  8986.21973  1.98907351E-13
  8988.95996  2.01989914E-13
  8991.7002  2.01562793E-13
  8994.44043  2.00277579E-13
  8997.17969  1.97579312E-13
  8999.91992  1.98770958E-13
  9002.66016  2.00974952E-13
  9005.40039  1.96554931E-13
  9008.13965  1.91985384E-13
  9010.87988  1.92651084E-13
  9013.62012  1.90900315E-13
  9016.36035  1.85033778E-13
  9019.09961  1.79141139E-13
  9021.83984  1.72981055E-13
  9024.58008  1.79553177E-13
  9027.32031  1.90066292E-13
  9030.05957  1.94048865E-13
  9032.7998  1.96400499E-13
  9035.54004  1.98461256E-13
  9038.28027  1.97222013E-13
  9041.02051  1.91303936E-13
  9043.75977  1.94486422E-13
  9046.5  2.01562698E-13
  9049.24023  2.02426427E-13
  9051.98047  2.01491235E-13
  9054.71973  2.00628983E-13
  9057.45996  1.98425383E-13
  9060.2002  1.93626839E-13
  9062.94043  1.91323506E-13
  9065.67969  1.90694072E-13
  9068.41992  1.95588391E-13
  9071.16016  2.0107478E-13
  9073.90039  1.96935431E-13
  9076.63965  1.93117806E-13
  9079.37988  1.93939903E-13
  9082.12012  1.94836741E-13
  9084.86035  1.96206536E-13
  9087.59961  1.95578064E-13
  9090.33984  1.93805028E-13
  9093.08008  1.92218095E-13
  9095.82031  1.90827362E-13
  9098.55957  1.90253778E-13
  9101.2998  1.89485797E-13
  9104.04004  1.87755017E-13
  9106.78027  1.87869062E-13
  9109.52051  1.89438661E-13
  9112.25977  1.92743513E-13
  9115.  1.96007842E-13
  9117.74023  1.93419553E-13
  9120.48047  1.92639145E-13
  9123.21973  2.00287107E-13
  9125.95996  2.0193485E-13
  9128.7002  1.95852083E-13
  9131.44043  1.91752647E-13
  9134.17969  1.88285626E-13
  9136.91992  1.91219043E-13
  9139.66016  1.94086798E-13
  9142.40039  1.88552922E-13
  9145.13965  1.85144258E-13
  9147.87988  1.87542798E-13
  9150.62012  1.87443472E-13
  9153.36035  1.85558003E-13
  9156.09961  1.86581788E-13
  9158.83984  1.88359392E-13
  9161.58008  1.8713072E-13
  9164.32031  1.86621958E-13
  9167.05957  1.89912525E-13
  9169.7998  1.90942653E-13
  9172.54004  1.88538326E-13
  9175.28027  1.88217429E-13
  9178.02051  1.88692391E-13
  9180.75977  1.88274621E-13
  9183.5  1.87165387E-13
  9186.24023  1.83500337E-13
  9188.98047  1.83109916E-13
  9191.71973  1.90163139E-13
  9194.45996  1.92852854E-13
  9197.2002  1.92226172E-13
  9199.94043  1.88705537E-13
  9202.67969  1.83532931E-13
  9205.41992  1.80034413E-13
  9208.16016  1.78882842E-13
  9210.90039  1.8300201E-13
  9213.63965  1.84996021E-13
  9216.37988  1.83381549E-13
  9219.12012  1.83492517E-13
  9221.86035  1.84090454E-13
  9224.59961  1.81222835E-13
  9227.33984  1.77811054E-13
  9230.08008  1.77137859E-13
  9232.82031  1.77179221E-13
  9235.55957  1.77450543E-13
  9238.2998  1.78646662E-13
  9241.04004  1.80947922E-13
  9243.78027  1.81733467E-13
  9246.52051  1.82078758E-13
  9249.25977  1.84147538E-13
  9252.  1.86085197E-13
  9254.74023  1.86652031E-13
  9257.48047  1.86917308E-13
  9260.21973  1.86972996E-13
  9262.95996  1.86804009E-13
  9265.7002  1.86344213E-13
  9268.44043  1.83675923E-13
  9271.17969  1.80867691E-13
  9273.91992  1.81963887E-13
  9276.66016  1.81598646E-13
  9279.40039  1.75729101E-13
  9282.13965  1.74960537E-13
  9284.87988  1.79952814E-13
  9287.62012  1.79944492E-13
  9290.36035  1.78304745E-13
  9293.09961  1.80432763E-13
  9295.83984  1.82340688E-13
  9298.58008  1.81732206E-13
  9301.32031  1.79018082E-13
  9304.05957  1.71745837E-13
  9306.7998  1.71288331E-13
  9309.54004  1.75636347E-13
  9312.28027  1.82176675E-13
  9315.02051  1.88274879E-13
  9317.75977  1.86003407E-13
  9320.5  1.82610329E-13
  9323.24023  1.79116935E-13
  9325.98047  1.80836737E-13
  9328.71973  1.89350976E-13
  9331.45996  1.91934535E-13
  9334.2002  1.91538192E-13
  9336.94043  1.88193862E-13
  9339.67969  1.84899161E-13
  9342.41992  1.8617177E-13
  9345.16016  1.85870159E-13
  9347.90039  1.81551212E-13
  9350.63965  1.80618731E-13
  9353.37988  1.82089288E-13
  9356.12012  1.82756371E-13
  9358.86035  1.82584999E-13
  9361.59961  1.7830732E-13
  9364.33984  1.75677601E-13
  9367.08008  1.79327798E-13
  9369.82031  1.80230925E-13
  9372.55957  1.7708724E-13
  9375.2998  1.78782526E-13
  9378.04004  1.82398096E-13
  9380.78027  1.7971597E-13
  9383.52051  1.75626535E-13
  9386.25977  1.7206256E-13
  9389.  1.73077793E-13
  9391.74023  1.84368918E-13
  9394.48047  1.84370165E-13
  9397.21973  1.7512375E-13
  9399.95996  1.73541479E-13
  9402.7002  1.74716266E-13
  9405.44043  1.76175386E-13
  9408.17969  1.78007619E-13
  9410.91992  1.79910177E-13
  9413.66016  1.81686195E-13
  9416.40039  1.83989109E-13
  9419.13965  1.827355E-13
  9421.87988  1.79315059E-13
  9424.62012  1.78832792E-13
  9427.36035  1.7812245E-13
  9430.09961  1.72704502E-13
  9432.83984  1.70718908E-13
  9435.58008  1.77080505E-13
  9438.32031  1.77953274E-13
  9441.05957  1.74164665E-13
  9443.7998  1.74553243E-13
  9446.54004  1.75855925E-13
  9449.28027  1.72963559E-13
  9452.02051  1.71016399E-13
  9454.75977  1.74526788E-13
  9457.5  1.75260536E-13
  9460.24023  1.71095139E-13
  9462.98047  1.70680202E-13
  9465.71973  1.7207805E-13
  9468.45996  1.72392862E-13
  9471.2002  1.72188097E-13
  9473.94043  1.70667842E-13
  9476.67969  1.69904021E-13
  9479.41992  1.71470029E-13
  9482.16016  1.70931913E-13
  9484.90039  1.68148671E-13
  9487.63965  1.69258013E-13
  9490.37988  1.71445445E-13
  9493.12012  1.68845596E-13
  9495.86035  1.65456746E-13
  9498.59961  1.61156705E-13
  9501.33984  1.63544728E-13
  9504.08008  1.78718178E-13
  9506.82031  1.80567936E-13
  9509.55957  1.74635954E-13
  9512.2998  1.71605595E-13
  9515.04004  1.70186171E-13
  9517.78027  1.74890335E-13
  9520.52051  1.76985081E-13
  9523.25977  1.69902341E-13
  9526.  1.70263041E-13
  9528.74023  1.7926112E-13
  9531.48047  1.77523415E-13
  9534.21973  1.70880928E-13
  9536.95996  1.66156233E-13
  9539.7002  1.61252603E-13
  9542.44043  1.54081581E-13
  9545.17969  1.5191788E-13
  9547.91992  1.58378356E-13
  9550.66016  1.60607693E-13
  9553.40039  1.60814775E-13
  9556.13965  1.63601419E-13
  9558.87988  1.66294645E-13
  9561.62012  1.64615568E-13
  9564.36035  1.63784053E-13
  9567.09961  1.67064496E-13
  9569.83984  1.67926166E-13
  9572.58008  1.65818775E-13
  9575.32031  1.66509683E-13
  9578.05957  1.68224863E-13
  9580.7998  1.67640587E-13
  9583.54004  1.6700931E-13
  9586.28027  1.68527342E-13
  9589.02051  1.68770705E-13
  9591.75977  1.65422526E-13
  9594.5  1.67484136E-13
  9597.24023  1.73692603E-13
  9599.98047  1.73412784E-13
  9602.71973  1.7066566E-13
  9605.45996  1.67842072E-13
  9608.2002  1.67096534E-13
  9610.94043  1.71994824E-13
  9613.67969  1.73605501E-13
  9616.41992  1.71228754E-13
  9619.16016  1.69522762E-13
  9621.90039  1.67648935E-13
  9624.63965  1.65546003E-13
  9627.37988  1.64541219E-13
  9630.12012  1.67786669E-13
  9632.86035  1.68667475E-13
  9635.59961  1.64473117E-13
  9638.33984  1.61832651E-13
  9641.08008  1.59989521E-13
  9643.82031  1.58103836E-13
  9646.55957  1.56893677E-13
  9649.2998  1.58345735E-13
  9652.04004  1.60041116E-13
  9654.78027  1.60355521E-13
  9657.52051  1.61592758E-13
  9660.25977  1.64068398E-13
  9663.  1.66633065E-13
  9665.74023  1.69053627E-13
  9668.48047  1.66596947E-13
  9671.21973  1.63205617E-13
  9673.95996  1.62710476E-13
  9676.7002  1.63052474E-13
  9679.44043  1.6362729E-13
  9682.17969  1.66512651E-13
  9684.91992  1.72039656E-13
  9687.66016  1.69854379E-13
  9690.40039  1.64995689E-13
  9693.13965  1.66523384E-13
  9695.87988  1.6766963E-13
  9698.62012  1.63601378E-13
  9701.36035  1.6271366E-13
  9704.09961  1.67311843E-13
  9706.83984  1.67467806E-13
  9709.58008  1.65439589E-13
  9712.32031  1.6437623E-13
  9715.05957  1.63755552E-13
  9717.7998  1.64412443E-13
  9720.54004  1.64638079E-13
  9723.28027  1.64352676E-13
  9726.02051  1.614243E-13
  9728.75977  1.55009509E-13
  9731.5  1.59869961E-13
  9734.24023  1.67970387E-13
  9736.98047  1.58852451E-13
  9739.71973  1.51809053E-13
  9742.45996  1.62992165E-13
  9745.2002  1.68155556E-13
  9747.94043  1.62517731E-13
  9750.67969  1.60692694E-13
  9753.41992  1.60020177E-13
  9756.16016  1.58360318E-13
  9758.90039  1.56948185E-13
  9761.63965  1.564182E-13
  9764.37988  1.58395541E-13
  9767.12012  1.6638031E-13
  9769.86035  1.67945112E-13
  9772.59961  1.62777425E-13
  9775.33984  1.60436158E-13
  9778.08008  1.59329798E-13
  9780.82031  1.62162452E-13
  9783.55957  1.65604428E-13
  9786.2998  1.67891485E-13
  9789.04004  1.67504723E-13
  9791.78027  1.6161226E-13
  9794.52051  1.62875721E-13
  9797.25977  1.68793202E-13
  9800.  1.67922547E-13
  9802.74023  1.64553172E-13
  9805.48047  1.60884232E-13
  9808.21973  1.58418743E-13
  9810.95996  1.58171097E-13
  9813.7002  1.60021302E-13
  9816.44043  1.65384728E-13
  9819.17969  1.62049383E-13
  9821.91992  1.54916675E-13
  9824.66016  1.55543615E-13
  9827.40039  1.58251057E-13
  9830.13965  1.60643173E-13
  9832.87988  1.62579653E-13
  9835.62012  1.64411074E-13
  9838.36035  1.63601676E-13
  9841.09961  1.60562563E-13
  9843.83984  1.58145971E-13
  9846.58008  1.56293164E-13
  9849.32031  1.57302949E-13
  9852.05957  1.57423987E-13
  9854.7998  1.52934821E-13
  9857.54004  1.53186939E-13
  9860.28027  1.59682109E-13
  9863.02051  1.61802646E-13
  9865.75977  1.62170082E-13
  9868.5  1.64663056E-13
  9871.24023  1.64418338E-13
  9873.98047  1.52491775E-13
  9876.71973  1.47498075E-13
  9879.45996  1.57373301E-13
  9882.2002  1.6151437E-13
  9884.94043  1.62445144E-13
  9887.67969  1.59471665E-13
  9890.41992  1.54340109E-13
  9893.16016  1.49721639E-13
  9895.90039  1.47899596E-13
  9898.63965  1.53546108E-13
  9901.37988  1.54339608E-13
  9904.12012  1.47410879E-13
  9906.86035  1.48897062E-13
  9909.59961  1.5436155E-13
  9912.33984  1.53956383E-13
  9915.08008  1.52969475E-13
  9917.82031  1.55967673E-13
  9920.55957  1.58016354E-13
  9923.2998  1.57854619E-13
  9926.04004  1.57056564E-13
  9928.78027  1.55496587E-13
  9931.52051  1.52408861E-13
  9934.25977  1.49750248E-13
  9937.  1.54070482E-13
  9939.74023  1.58995714E-13
  9942.48047  1.61874474E-13
  9945.21973  1.61707697E-13
  9947.95996  1.57395784E-13
  9950.7002  1.53834248E-13
  9953.44043  1.50219775E-13
  9956.17969  1.48092151E-13
  9958.91992  1.48652629E-13
  9961.66016  1.57451905E-13
  9964.40039  1.61866316E-13
  9967.13965  1.55334255E-13
  9969.87988  1.51607419E-13
  9972.62012  1.49209421E-13
  9975.36035  1.55335217E-13
  9978.09961  1.63655886E-13
  9980.83984  1.55013345E-13
  9983.58008  1.46773978E-13
  9986.32031  1.50749435E-13
  9989.05957  1.54529438E-13
  9991.7998  1.57726778E-13
  9994.54004  1.5858571E-13
  9997.28027  1.57786815E-13
  10000.0205  1.57747879E-13
  10002.7598  1.58410584E-13
  10005.5  1.61422145E-13
  10008.2402  1.6376413E-13
  10010.9805  1.65211784E-13
  10013.7197  1.62604969E-13
  10016.46  1.55498729E-13
  10019.2002  1.49265095E-13
  10021.9404  1.4488382E-13
  10024.6797  1.55194515E-13
  10027.4199  1.63939961E-13
  10030.1602  1.56614481E-13
  10032.9004  1.49457297E-13
  10035.6396  1.42050705E-13
  10038.3799  1.44572342E-13
  10041.1201  1.54233831E-13
  10043.8604  1.44597631E-13
  10046.5996  1.30056827E-13
  10049.3398  1.23444806E-13
  10052.0801  1.26809303E-13
  10054.8203  1.51939496E-13
  10057.5596  1.58407887E-13
  10060.2998  1.43416122E-13
  10063.04  1.42223256E-13
  10065.7803  1.46360707E-13
  10068.5205  1.52322518E-13
  10071.2598  1.57036507E-13
  10074.  1.55340909E-13
  10076.7402  1.53086758E-13
  10079.4805  1.49676278E-13
  10082.2197  1.5167777E-13
  10084.96  1.57922137E-13
  10087.7002  1.55401232E-13
  10090.4404  1.51490772E-13
  10093.1797  1.58983978E-13
  10095.9199  1.61814504E-13
  10098.6602  1.47586248E-13
  10101.4004  1.43633721E-13
  10104.1396  1.52732536E-13
  10106.8799  1.53666156E-13
  10109.6201  1.51227948E-13
  10112.3604  1.48369489E-13
  10115.0996  1.43451454E-13
  10117.8398  1.2988944E-13
  10120.5801  1.29317862E-13
  10123.3203  1.58513705E-13
  10126.0596  1.57413416E-13
  10128.7998  1.3299946E-13
  10131.54  1.28974332E-13
  10134.2803  1.33376152E-13
  10137.0205  1.45587129E-13
  10139.7598  1.53900113E-13
  10142.5  1.48326691E-13
  10145.2402  1.43013111E-13
  10147.9805  1.36234801E-13
  10150.7197  1.41243476E-13
  10153.46  1.52093819E-13
  10156.2002  1.41417843E-13
  10158.9404  1.31794342E-13
  10161.6797  1.50601442E-13
  10164.4199  1.62320434E-13
  10167.1602  1.5607238E-13
  10169.9004  1.49615305E-13
  10172.6396  1.40582465E-13
  10175.3799  1.46036151E-13
  10178.1201  1.55975805E-13
  10180.8604  1.50424364E-13
  10183.5996  1.46184321E-13
  10186.3398  1.53684614E-13
  10189.0801  1.58976334E-13
  10191.8203  1.6292428E-13
  10194.5596  1.62706898E-13
  10197.2998  1.5478779E-13
  10200.04  7.60126893E-14
  10202.7803 -6.75624946E-15
  10205.5205 -7.52528295E-15
