#*HD165195
#*
#*  Heap-Lindler STIS
#set .z.units = "Ergs/s/cm**2/A"
#set .z.label = "Flux"
#set .table.bandwidth = 2.74
#*
  2950.  5.89772846E-14
  2952.73999  6.29269518E-14
  2955.47998  7.00983257E-14
  2958.21997  7.3605896E-14
  2960.95996  6.94724429E-14
  2963.69995  6.83128616E-14
  2966.43994  5.80927179E-14
  2969.17993  5.78306324E-14
  2971.91992  6.5711183E-14
  2974.65991  7.64211218E-14
  2977.3999  8.3181041E-14
  2980.13989  7.41664962E-14
  2982.87988  6.63342943E-14
  2985.62012  6.56242774E-14
  2988.36011  7.87650178E-14
  2991.1001  9.03349728E-14
  2993.84009  8.71290412E-14
  2996.58008  9.13726831E-14
  2999.32007  8.38520334E-14
  3002.06006  7.71230952E-14
  3004.80005  8.46025791E-14
  3007.54004  8.73371606E-14
  3010.28003  1.01640322E-13
  3013.02002  9.24413066E-14
  3015.76001  8.80417836E-14
  3018.5  7.78395767E-14
  3021.23999  7.30932445E-14
  3023.97998  9.32693389E-14
  3026.71997  9.87958155E-14
  3029.45996  9.78993362E-14
  3032.19995  9.57828313E-14
  3034.93994  1.06235455E-13
  3037.67993  1.02210802E-13
  3040.41992  1.00416772E-13
  3043.15991  1.01415018E-13
  3045.8999  1.09030752E-13
  3048.63989  1.0866356E-13
  3051.37988  1.17167222E-13
  3054.12012  1.07739935E-13
  3056.86011  9.97349582E-14
  3059.6001  9.26432528E-14
  3062.34009  9.26200916E-14
  3065.08008  7.53753681E-14
  3067.82007  6.88453811E-14
  3070.56006  8.20112275E-14
  3073.30005  9.85367454E-14
  3076.04004  1.06199121E-13
  3078.78003  1.04605371E-13
  3081.52002  1.0353094E-13
  3084.26001  9.93864076E-14
  3087.  1.01269999E-13
  3089.73999  8.62522063E-14
  3092.47998  6.90079978E-14
  3095.21997  8.22724525E-14
  3097.95996  8.81114571E-14
  3100.69995  8.31836295E-14
  3103.43994  9.76606152E-14
  3106.17993  1.18142489E-13
  3108.91992  1.17799881E-13
  3111.65991  1.25939447E-13
  3114.3999  1.27664182E-13
  3117.13989  1.12564655E-13
  3119.87988  1.02363329E-13
  3122.62012  9.59381026E-14
  3125.36011  9.42726732E-14
  3128.1001  9.41188655E-14
  3130.84009  1.01050556E-13
  3133.58008  1.17734097E-13
  3136.32007  1.26325098E-13
  3139.06006  1.24536706E-13
  3141.80005  1.19797144E-13
  3144.54004  1.12215846E-13
  3147.28003  1.11351134E-13
  3150.02002  1.24000921E-13
  3152.76001  1.27542711E-13
  3155.5  1.28890727E-13
  3158.23999  1.26225609E-13
  3160.97998  1.18768398E-13
  3163.71997  1.2794476E-13
  3166.45996  1.36532251E-13
  3169.19995  1.52561015E-13
  3171.93994  1.69338989E-13
  3174.67993  1.71296815E-13
  3177.41992  1.62488837E-13
  3180.15991  1.52577861E-13
  3182.8999  1.37117151E-13
  3185.63989  1.32088649E-13
  3188.37988  1.49473167E-13
  3191.12012  1.44904515E-13
  3193.86011  1.34355228E-13
  3196.6001  1.59279003E-13
  3199.34009  1.73757086E-13
  3202.08008  1.75027934E-13
  3204.82007  1.81995667E-13
  3207.56006  1.87964349E-13
  3210.30005  1.71149824E-13
  3213.04004  1.56330461E-13
  3215.78003  1.65237182E-13
  3218.52002  1.84124471E-13
  3221.26001  1.87840954E-13
  3224.  1.78417421E-13
  3226.73999  1.67387412E-13
  3229.47998  1.68849865E-13
  3232.21997  1.67342296E-13
  3234.95996  1.6414623E-13
  3237.69995  1.70490886E-13
  3240.43994  1.89953169E-13
  3243.17993  1.99029514E-13
  3245.91992  2.1558089E-13
  3248.65991  2.10639191E-13
  3251.3999  2.09081802E-13
  3254.13989  2.16745242E-13
  3256.87988  2.43952726E-13
  3259.62012  2.62292385E-13
  3262.36011  2.53122772E-13
  3265.1001  2.46318753E-13
  3267.84009  2.52143331E-13
  3270.58008  2.55863337E-13
  3273.32007  2.44277472E-13
  3276.06006  2.42851556E-13
  3278.80005  2.43319958E-13
  3281.54004  2.40516645E-13
  3284.28003  2.48740129E-13
  3287.02002  2.41127322E-13
  3289.76001  2.60253163E-13
  3292.5  2.98314677E-13
  3295.23999  3.05814646E-13
  3297.97998  2.91389715E-13
  3300.71997  2.89103593E-13
  3303.45996  2.84053786E-13
  3306.19995  2.75297878E-13
  3308.93994  2.61853229E-13
  3311.67993  2.6274485E-13
  3314.41992  2.70798493E-13
  3317.15991  2.62554925E-13
  3319.8999  2.65498073E-13
  3322.63989  2.67383446E-13
  3325.37988  2.57436677E-13
  3328.12012  2.59625465E-13
  3330.86011  2.58600921E-13
  3333.6001  2.63559953E-13
  3336.34009  2.43743963E-13
  3339.08008  2.51548158E-13
  3341.82007  2.67179535E-13
  3344.56006  2.70291276E-13
  3347.30005  2.65657315E-13
  3350.04004  2.58964996E-13
  3352.78003  2.81640922E-13
  3355.52002  2.85481735E-13
  3358.26001  2.26849342E-13
  3361.  1.78102311E-13
  3363.73999  2.15305828E-13
  3366.47998  2.49855692E-13
  3369.21997  2.19407608E-13
  3371.95996  2.01914277E-13
  3374.69995  2.36819082E-13
  3377.43994  2.77612026E-13
  3380.17993  2.6908128E-13
  3382.91992  2.59187962E-13
  3385.65991  2.65220138E-13
  3388.3999  2.63626387E-13
  3391.13989  2.78768843E-13
  3393.87988  2.86828748E-13
  3396.62012  3.15263847E-13
  3399.36011  3.54930956E-13
  3402.1001  3.51862311E-13
  3404.84009  3.25437377E-13
  3407.58008  3.1324593E-13
  3410.32007  3.16391715E-13
  3413.06006  3.1812156E-13
  3415.80005  3.19126344E-13
  3418.54004  3.52735609E-13
  3421.28003  3.73160785E-13
  3424.02002  3.67111452E-13
  3426.76001  3.69595061E-13
  3429.5  3.93954021E-13
  3432.23999  4.09100163E-13
  3434.97998  3.91428941E-13
  3437.71997  3.91537117E-13
  3440.45996  3.50128645E-13
  3443.19995  3.28683586E-13
  3445.93994  3.64512674E-13
  3448.67993  4.12548522E-13
  3451.41992  4.17936004E-13
  3454.15991  4.11122444E-13
  3456.8999  4.25192542E-13
  3459.63989  4.25667883E-13
  3462.37988  4.24789219E-13
  3465.12012  4.37412856E-13
  3467.86011  4.47281101E-13
  3470.6001  4.53354151E-13
  3473.34009  4.28458565E-13
  3476.08008  3.96170374E-13
  3478.82007  4.17510427E-13
  3481.56006  4.53410448E-13
  3484.30005  4.56920851E-13
  3487.04004  4.64373331E-13
  3489.78003  4.58588191E-13
  3492.52002  4.32354348E-13
  3495.26001  4.32938814E-13
  3498.  4.28836328E-13
  3500.73999  4.74571391E-13
  3503.47998  4.94609507E-13
  3506.21997  4.83951963E-13
  3508.95996  4.82134569E-13
  3511.69995  4.7636927E-13
  3514.43994  4.64757139E-13
  3517.17993  4.99133233E-13
  3519.91992  4.88751726E-13
  3522.65991  4.50121385E-13
  3525.3999  4.32109264E-13
  3528.13989  4.62110005E-13
  3530.87988  5.10544244E-13
  3533.62012  5.31023847E-13
  3536.36011  5.48529917E-13
  3539.1001  5.57679445E-13
  3541.84009  5.71647547E-13
  3544.58008  5.82328619E-13
  3547.32007  5.72756144E-13
  3550.06006  5.72058676E-13
  3552.80005  5.5279197E-13
  3555.54004  5.58804142E-13
  3558.28003  5.81428785E-13
  3561.02002  5.69220127E-13
  3563.76001  5.51962772E-13
  3566.5  5.15475791E-13
  3569.23999  5.12444742E-13
  3571.97998  5.07351322E-13
  3574.71997  5.16134119E-13
  3577.45996  5.3344319E-13
  3580.19995  5.48544825E-13
  3582.93994  5.16053292E-13
  3585.67993  4.93807198E-13
  3588.41992  4.72087213E-13
  3591.15991  5.32147406E-13
  3593.8999  5.8333362E-13
  3596.63989  6.08328275E-13
  3599.37988  6.31946698E-13
  3602.12012  6.25749073E-13
  3604.86011  5.98689447E-13
  3607.6001  5.93092199E-13
  3610.34009  5.6984891E-13
  3613.08008  5.64983553E-13
  3615.82007  5.82240527E-13
  3618.56006  5.95439442E-13
  3621.30005  5.84920729E-13
  3624.04004  6.3172037E-13
  3626.78003  6.57536471E-13
  3629.52002  6.57326949E-13
  3632.26001  5.93959452E-13
  3635.  6.04238285E-13
  3637.73999  6.35440539E-13
  3640.47998  6.8046095E-13
  3643.21997  6.49353889E-13
  3645.95996  6.22535985E-13
  3648.69995  6.21965045E-13
  3651.43994  6.42498153E-13
  3654.17993  6.82357925E-13
  3656.91992  7.23101483E-13
  3659.65991  7.28330048E-13
  3662.3999  7.22560087E-13
  3665.13989  7.22466574E-13
  3667.87988  7.14395719E-13
  3670.62012  7.04478468E-13
  3673.36011  7.3425028E-13
  3676.1001  7.29210258E-13
  3678.84009  7.05626963E-13
  3681.58008  7.20419655E-13
  3684.32007  7.32496366E-13
  3687.06006  7.08399376E-13
  3689.80005  7.38294625E-13
  3692.54004  7.88649257E-13
  3695.28003  7.95222612E-13
  3698.02002  8.24343035E-13
  3700.76001  8.56455098E-13
  3703.5  8.06499561E-13
  3706.23999  7.23754227E-13
  3708.97998  7.24551333E-13
  3711.71997  7.86353675E-13
  3714.45996  8.51004271E-13
  3717.19995  8.56394328E-13
  3719.93994  7.83377107E-13
  3722.67993  7.15129345E-13
  3725.41992  7.95036346E-13
  3728.15991  8.14355202E-13
  3730.8999  7.90701001E-13
  3733.63989  7.18805495E-13
  3736.37988  6.74992397E-13
  3739.12012  7.51202486E-13
  3741.86011  8.16612728E-13
  3744.6001  7.7590072E-13
  3747.34009  7.24663005E-13
  3750.08008  6.90776375E-13
  3752.82007  8.04454973E-13
  3755.56006  9.05431492E-13
  3758.30005  8.54390506E-13
  3761.04004  8.080304E-13
  3763.78003  8.79914034E-13
  3766.52002  9.03892195E-13
  3769.26001  9.08363554E-13
  3772.  9.05242136E-13
  3774.73999  9.37608173E-13
  3777.47998  9.33135839E-13
  3780.21997  9.97226715E-13
  3782.95996  1.02796428E-12
  3785.69995  9.82591612E-13
  3788.43994  9.07419051E-13
  3791.17993  9.21873038E-13
  3793.91992  9.196733E-13
  3796.65991  8.70046439E-13
  3799.3999  8.68870893E-13
  3802.13989  9.87985193E-13
  3804.87988  1.05946643E-12
  3807.62012  1.01996645E-12
  3810.36011  1.02462385E-12
  3813.1001  1.00346305E-12
  3815.84009  9.39656447E-13
  3818.58008  9.59181519E-13
  3821.32007  9.10726247E-13
  3824.06006  9.42167785E-13
  3826.80005  8.8693896E-13
  3829.54004  9.11031016E-13
  3832.28003  8.92130608E-13
  3835.02002  8.38281322E-13
  3837.76001  8.86022917E-13
  3840.5  9.16762868E-13
  3843.23999  9.93903094E-13
  3845.97998  1.04895942E-12
  3848.71997  1.05749741E-12
  3851.45996  1.03155906E-12
  3854.19995  1.06447544E-12
  3856.93994  1.03465207E-12
  3859.67993  9.81889158E-13
  3862.41992  1.04275529E-12
  3865.15991  1.11553659E-12
  3867.8999  1.11267733E-12
  3870.63989  1.07319665E-12
  3873.37988  9.76572339E-13
  3876.12012  1.00865616E-12
  3878.86011  1.00131459E-12
  3881.6001  1.04057843E-12
  3884.34009  1.02564983E-12
  3887.08008  9.72138169E-13
  3889.82007  9.63644746E-13
  3892.56006  1.0535856E-12
  3895.30005  1.03608474E-12
  3898.04004  1.06245557E-12
  3900.78003  1.06206211E-12
  3903.52002  1.07496737E-12
  3906.26001  1.04379049E-12
  3909.  1.09385266E-12
  3911.73999  1.15021328E-12
  3914.47998  1.12200635E-12
  3917.21997  1.08789746E-12
  3919.95996  1.04361756E-12
  3922.69995  1.00412918E-12
  3925.43994  9.42132657E-13
  3928.17993  7.49541217E-13
  3930.91992  4.768905E-13
  3933.65991  3.03291761E-13
  3936.3999  3.8299271E-13
  3939.13989  6.47393163E-13
  3941.87988  8.70471284E-13
  3944.62012  9.78247973E-13
  3947.36011  1.08604933E-12
  3950.1001  1.10248703E-12
  3952.84009  1.13316724E-12
  3955.58008  1.17917503E-12
  3958.32007  1.15290557E-12
  3961.06006  1.09899026E-12
  3963.80005  8.74302855E-13
  3966.54004  5.72514963E-13
  3969.28003  4.02167476E-13
  3972.02002  6.44202573E-13
  3974.76001  9.57268769E-13
  3977.5  1.16968598E-12
  3980.23999  1.27076908E-12
  3982.97998  1.29453306E-12
  3985.71997  1.37963729E-12
  3988.45996  1.39018484E-12
  3991.19995  1.40744935E-12
  3993.93994  1.42970716E-12
  3996.67993  1.36056574E-12
  3999.41992  1.36177267E-12
  4002.15991  1.45817549E-12
  4004.8999  1.42932216E-12
  4007.63989  1.42698407E-12
  4010.37988  1.49014232E-12
  4013.12012  1.50176085E-12
  4015.86011  1.52476577E-12
  4018.6001  1.53846619E-12
  4021.34009  1.53107225E-12
  4024.08008  1.5150652E-12
  4026.82007  1.53550425E-12
  4029.56006  1.53251804E-12
  4032.30005  1.46162357E-12
  4035.04004  1.51268418E-12
  4037.78003  1.61502062E-12
  4040.52002  1.61968778E-12
  4043.26001  1.57671836E-12
  4046.  1.51610278E-12
  4048.73999  1.59305566E-12
  4051.47998  1.63738229E-12
  4054.21997  1.61405015E-12
  4056.95996  1.61845082E-12
  4059.69995  1.61918666E-12
  4062.43994  1.59430704E-12
  4065.17993  1.58113919E-12
  4067.91992  1.60260184E-12
  4070.65991  1.6305774E-12
  4073.3999  1.63024845E-12
  4076.13989  1.5772108E-12
  4078.87988  1.55069057E-12
  4081.62012  1.66539634E-12
  4084.36011  1.67800008E-12
  4087.1001  1.71748011E-12
  4089.84009  1.76881014E-12
  4092.58008  1.75325433E-12
  4095.32007  1.72331734E-12
  4098.06006  1.66706341E-12
  4100.7998  1.52719135E-12
  4103.54004  1.52409541E-12
  4106.27979  1.66927615E-12
  4109.02002  1.69070454E-12
  4111.75977  1.71181634E-12
  4114.5  1.76319777E-12
  4117.24023  1.75982037E-12
  4119.97998  1.70865004E-12
  4122.72021  1.72693316E-12
  4125.45996  1.76350731E-12
  4128.2002  1.73621967E-12
  4130.93994  1.7057151E-12
  4133.68018  1.67040698E-12
  4136.41992  1.74973447E-12
  4139.16016  1.80864102E-12
  4141.8999  1.74731052E-12
  4144.64014  1.69300435E-12
  4147.37988  1.76561424E-12
  4150.12012  1.75737636E-12
  4152.85986  1.75637814E-12
  4155.6001  1.76963034E-12
  4158.33984  1.82671803E-12
  4161.08008  1.85925689E-12
  4163.81982  1.86855392E-12
  4166.56006  1.87735873E-12
  4169.2998  1.86127177E-12
  4172.04004  1.74735161E-12
  4174.77979  1.68061376E-12
  4177.52002  1.73759097E-12
  4180.25977  1.82409383E-12
  4183.  1.83436968E-12
  4185.74023  1.82287865E-12
  4188.47998  1.81292524E-12
  4191.22021  1.83854906E-12
  4193.95996  1.89101707E-12
  4196.7002  1.85286855E-12
  4199.43994  1.78250828E-12
  4202.18018  1.77314597E-12
  4204.91992  1.78090518E-12
  4207.66016  1.85426435E-12
  4210.3999  1.89322971E-12
  4213.14014  1.89906034E-12
  4215.87988  1.84534137E-12
  4218.62012  1.88716208E-12
  4221.35986  1.92258362E-12
  4224.1001  1.84008689E-12
  4226.83984  1.75129865E-12
  4229.58008  1.87338253E-12
  4232.31982  1.89462812E-12
  4235.06006  1.88064733E-12
  4237.7998  1.89013692E-12
  4240.54004  1.95086438E-12
  4243.27979  1.97208807E-12
  4246.02002  1.92974586E-12
  4248.75977  1.86600973E-12
  4251.5  1.89039301E-12
  4254.24023  1.93838283E-12
  4256.97998  1.95577452E-12
  4259.72021  1.93063404E-12
  4262.45996  1.99456489E-12
  4265.2002  2.05607016E-12
  4267.93994  2.01656248E-12
  4270.68018  1.93607348E-12
  4273.41992  1.89768253E-12
  4276.16016  1.97267506E-12
  4278.8999  2.01636711E-12
  4281.64014  1.97733973E-12
  4284.37988  1.94473582E-12
  4287.12012  1.86159508E-12
  4289.85986  1.86800814E-12
  4292.6001  1.82909655E-12
  4295.33984  1.83246647E-12
  4298.08008  1.7362857E-12
  4300.81982  1.63383651E-12
  4303.56006  1.63968589E-12
  4306.2998  1.66001869E-12
  4309.04004  1.64137681E-12
  4311.77979  1.70367832E-12
  4314.52002  1.85691805E-12
  4317.25977  2.07732572E-12
  4320.  2.13136648E-12
  4322.74023  2.05535892E-12
  4325.47998  2.01565175E-12
  4328.22021  2.12897516E-12
  4330.95996  2.19718362E-12
  4333.7002  2.22055534E-12
  4336.43994  2.09285042E-12
  4339.18018  1.87905659E-12
  4341.91992  1.94006811E-12
  4344.66016  2.1308929E-12
  4347.3999  2.23254032E-12
  4350.14014  2.1876266E-12
  4352.87988  2.13955416E-12
  4355.62012  2.22055859E-12
  4358.35986  2.23946968E-12
  4361.1001  2.26743169E-12
  4363.83984  2.30671602E-12
  4366.58008  2.2740271E-12
  4369.31982  2.21633345E-12
  4372.06006  2.21127695E-12
  4374.7998  2.13645486E-12
  4377.54004  2.21923088E-12
  4380.27979  2.26401428E-12
  4383.02002  2.15745759E-12
  4385.75977  2.14751264E-12
  4388.5  2.20523946E-12
  4391.24023  2.24471483E-12
  4393.97998  2.22804479E-12
  4396.72021  2.2447955E-12
  4399.45996  2.24547182E-12
  4402.2002  2.26528974E-12
  4404.93994  2.24623488E-12
  4407.68018  2.22875603E-12
  4410.41992  2.31180743E-12
  4413.16016  2.34584921E-12
  4415.8999  2.27867855E-12
  4418.64014  2.30463348E-12
  4421.37988  2.35987163E-12
  4424.12012  2.36495198E-12
  4426.85986  2.33032408E-12
  4429.6001  2.33588648E-12
  4432.33984  2.34171016E-12
  4435.08008  2.32675294E-12
  4437.81982  2.42883383E-12
  4440.56006  2.41607298E-12
  4443.2998  2.30953277E-12
  4446.04004  2.34997243E-12
  4448.77979  2.42332131E-12
  4451.52002  2.43224299E-12
  4454.25977  2.39723475E-12
  4457.  2.40517719E-12
  4459.74023  2.41094883E-12
  4462.47998  2.42044405E-12
  4465.22021  2.44459249E-12
  4467.95996  2.40992187E-12
  4470.7002  2.47435492E-12
  4473.43994  2.56568898E-12
  4476.18018  2.59778071E-12
  4478.91992  2.5988016E-12
  4481.66016  2.55597149E-12
  4484.3999  2.58797974E-12
  4487.14014  2.60262016E-12
  4489.87988  2.56019706E-12
  4492.62012  2.57117786E-12
  4495.35986  2.5596786E-12
  4498.1001  2.59900456E-12
  4500.83984  2.62377815E-12
  4503.58008  2.66891262E-12
  4506.31982  2.69154382E-12
  4509.06006  2.67824456E-12
  4511.7998  2.68290598E-12
  4514.54004  2.66389016E-12
  4517.27979  2.63475895E-12
  4520.02002  2.61967791E-12
  4522.75977  2.60253819E-12
  4525.5  2.58931635E-12
  4528.24023  2.54031149E-12
  4530.97998  2.54136859E-12
  4533.72021  2.50627492E-12
  4536.45996  2.57951386E-12
  4539.2002  2.70069384E-12
  4541.93994  2.69843089E-12
  4544.68018  2.65390704E-12
  4547.41992  2.59750121E-12
  4550.16016  2.57589566E-12
  4552.8999  2.59612926E-12
  4555.64014  2.64681397E-12
  4558.37988  2.74438111E-12
  4561.12012  2.76861954E-12
  4563.85986  2.73411046E-12
  4566.6001  2.76209502E-12
  4569.33984  2.72849256E-12
  4572.08008  2.71537697E-12
  4574.81982  2.77822535E-12
  4577.56006  2.79943798E-12
  4580.2998  2.75780267E-12
  4583.04004  2.74521269E-12
  4585.77979  2.78411495E-12
  4588.52002  2.79273479E-12
  4591.25977  2.77772033E-12
  4594.  2.7993558E-12
  4596.74023  2.83338999E-12
  4599.47998  2.82753378E-12
  4602.22021  2.80845312E-12
  4604.95996  2.85564714E-12
  4607.7002  2.89611651E-12
  4610.43994  2.90048649E-12
  4613.18018  2.89672756E-12
  4615.91992  2.89747653E-12
  4618.66016  2.90474979E-12
  4621.3999  2.93695255E-12
  4624.14014  2.93467464E-12
  4626.87988  2.91074998E-12
  4629.62012  2.90953611E-12
  4632.35986  2.92550142E-12
  4635.1001  2.93849905E-12
  4637.83984  2.95248288E-12
  4640.58008  2.98635639E-12
  4643.31982  2.98500222E-12
  4646.06006  2.93447775E-12
  4648.7998  2.93354772E-12
  4651.54004  2.94413062E-12
  4654.27979  2.90689044E-12
  4657.02002  2.92811522E-12
  4659.75977  3.01545811E-12
  4662.5  3.0272796E-12
  4665.24023  2.97481766E-12
  4667.97998  2.92702733E-12
  4670.72021  2.95349812E-12
  4673.45996  3.01653732E-12
  4676.2002  3.01960085E-12
  4678.93994  2.99401584E-12
  4681.68018  3.00285773E-12
  4684.41992  3.05826631E-12
  4687.16016  3.0810261E-12
  4689.8999  3.06865948E-12
  4692.64014  3.09192559E-12
  4695.37988  3.10153812E-12
  4698.12012  3.08556739E-12
  4700.85986  3.05832269E-12
  4703.6001  3.04053917E-12
  4706.33984  3.01857931E-12
  4709.08008  3.01755409E-12
  4711.81982  3.08110482E-12
  4714.56006  3.11362654E-12
  4717.2998  3.10956165E-12
  4720.04004  3.14598369E-12
  4722.77979  3.16464563E-12
  4725.52002  3.14678405E-12
  4728.25977  3.14421167E-12
  4731.  3.13011899E-12
  4733.74023  3.10508368E-12
  4736.47998  3.12606625E-12
  4739.22021  3.16967589E-12
  4741.95996  3.18365711E-12
  4744.7002  3.18456307E-12
  4747.43994  3.18988629E-12
  4750.18018  3.20240839E-12
  4752.91992  3.19221299E-12
  4755.66016  3.16462308E-12
  4758.3999  3.15981399E-12
  4761.14014  3.11790676E-12
  4763.87988  3.09638253E-12
  4766.62012  3.15814085E-12
  4769.35986  3.20181793E-12
  4772.1001  3.198986E-12
  4774.83984  3.20804407E-12
  4777.58008  3.21900991E-12
  4780.31982  3.21497516E-12
  4783.06006  3.20500159E-12
  4785.7998  3.19200222E-12
  4788.54004  3.19545041E-12
  4791.27979  3.22911251E-12
  4794.02002  3.25898293E-12
  4796.75977  3.24360829E-12
  4799.5  3.24269105E-12
  4802.24023  3.25429223E-12
  4804.97998  3.24979323E-12
  4807.72021  3.25791499E-12
  4810.45996  3.27963221E-12
  4813.2002  3.29656658E-12
  4815.93994  3.30107382E-12
  4818.68018  3.31458732E-12
  4821.41992  3.30451812E-12
  4824.16016  3.28364094E-12
  4826.8999  3.30581439E-12
  4829.64014  3.32379458E-12
  4832.37988  3.3340507E-12
  4835.12012  3.35347136E-12
  4837.85986  3.31316116E-12
  4840.6001  3.29505889E-12
  4843.33984  3.33965624E-12
  4846.08008  3.34453971E-12
  4848.81982  3.33565705E-12
  4851.56006  3.33383451E-12
  4854.2998  3.29810116E-12
  4857.04004  3.21017822E-12
  4859.77979  2.94420868E-12
  4862.52002  2.89397477E-12
  4865.25977  3.18385205E-12
  4868.  3.28115551E-12
  4870.74023  3.25750863E-12
  4873.47998  3.26278501E-12
  4876.22021  3.29560966E-12
  4878.95996  3.30730734E-12
  4881.7002  3.32715344E-12
  4884.43994  3.32295237E-12
  4887.18018  3.3095757E-12
  4889.91992  3.27600468E-12
  4892.66016  3.32426534E-12
  4895.3999  3.42379749E-12
  4898.14014  3.42603181E-12
  4900.87988  3.3961306E-12
  4903.62012  3.40397328E-12
  4906.35986  3.43969731E-12
  4909.1001  3.44332093E-12
  4911.83984  3.43921202E-12
  4914.58008  3.45943998E-12
  4917.31982  3.40236303E-12
  4920.06006  3.29756404E-12
  4922.7998  3.30897961E-12
  4925.54004  3.41582643E-12
  4928.27979  3.49891578E-12
  4931.02002  3.48368014E-12
  4933.75977  3.42412318E-12
  4936.5  3.40895693E-12
  4939.24023  3.42197191E-12
  4941.97998  3.49083306E-12
  4944.72021  3.55390413E-12
  4947.45996  3.55032041E-12
  4950.2002  3.57724158E-12
  4952.93994  3.56768846E-12
  4955.68018  3.4791536E-12
  4958.41992  3.43978969E-12
  4961.16016  3.53431694E-12
  4963.8999  3.55215033E-12
  4966.64014  3.50954725E-12
  4969.37988  3.5311361E-12
  4972.12012  3.59452507E-12
  4974.85986  3.58436197E-12
  4977.6001  3.56520195E-12
  4980.33984  3.49856971E-12
  4983.08008  3.44086977E-12
  4985.81982  3.49165879E-12
  4988.56006  3.54018746E-12
  4991.2998  3.50541926E-12
  4994.04004  3.51580006E-12
  4996.77979  3.54235152E-12
  4999.52002  3.53695415E-12
  5002.25977  3.50478977E-12
  5005.  3.47547924E-12
  5007.74023  3.48270761E-12
  5010.47998  3.50083547E-12
  5013.22021  3.45105325E-12
  5015.95996  3.48178734E-12
  5018.7002  3.503402E-12
  5021.43994  3.55595588E-12
  5024.18018  3.60543019E-12
  5026.91992  3.61732801E-12
  5029.66016  3.62891574E-12
  5032.3999  3.63719276E-12
  5035.14014  3.61043205E-12
  5037.87988  3.5394309E-12
  5040.62012  3.47850308E-12
  5043.35986  3.51140341E-12
  5046.1001  3.64018971E-12
  5048.83984  3.64254764E-12
  5051.58008  3.60546944E-12
  5054.31982  3.67105261E-12
  5057.06006  3.73066248E-12
  5059.7998  3.71838281E-12
  5062.54004  3.69240272E-12
  5065.27979  3.68184953E-12
  5068.02002  3.70665261E-12
  5070.75977  3.708141E-12
  5073.5  3.7129258E-12
  5076.24023  3.69684448E-12
  5078.97998  3.61622863E-12
  5081.72021  3.57223929E-12
  5084.45996  3.66241499E-12
  5087.2002  3.73900737E-12
  5089.93994  3.76907967E-12
  5092.68018  3.80821416E-12
  5095.41992  3.7892558E-12
  5098.16016  3.73795916E-12
  5100.8999  3.71709738E-12
  5103.64014  3.74600047E-12
  5106.37988  3.69000924E-12
  5109.12012  3.61697E-12
  5111.85986  3.70273864E-12
  5114.6001  3.78611855E-12
  5117.33984  3.81751965E-12
  5120.08008  3.82021931E-12
  5122.81982  3.74831676E-12
  5125.56006  3.68509737E-12
  5128.2998  3.70593964E-12
  5131.04004  3.74255878E-12
  5133.77979  3.77520324E-12
  5136.52002  3.73165865E-12
  5139.25977  3.6744531E-12
  5142.  3.66433186E-12
  5144.74023  3.72561877E-12
  5147.47998  3.79391006E-12
  5150.22021  3.74934632E-12
  5152.95996  3.71373592E-12
  5155.7002  3.80827054E-12
  5158.43994  3.88546226E-12
  5161.18018  3.89616811E-12
  5163.91992  3.76646761E-12
  5166.66016  3.53275742E-12
  5169.3999  3.41794019E-12
  5172.14014  3.53824999E-12
  5174.87988  3.6992384E-12
  5177.62012  3.90124608E-12
  5180.35986  3.86913461E-12
  5183.1001  3.74025897E-12
  5185.83984  3.71411278E-12
  5188.58008  3.79726415E-12
  5191.31982  3.74092337E-12
  5194.06006  3.72749097E-12
  5196.7998  3.79774814E-12
  5199.54004  3.84330979E-12
  5202.27979  3.81331858E-12
  5205.02002  3.72366547E-12
  5207.75977  3.72362167E-12
  5210.5  3.81833584E-12
  5213.24023  3.90635267E-12
  5215.97998  3.89986437E-12
  5218.72021  3.94329795E-12
  5221.45996  3.9972704E-12
  5224.2002  3.88381254E-12
  5226.93994  3.73307765E-12
  5229.68018  3.85654616E-12
  5232.41992  3.9310599E-12
  5235.16016  3.94537658E-12
  5237.8999  4.02286884E-12
  5240.64014  4.04887235E-12
  5243.37988  4.05302571E-12
  5246.12012  3.9943604E-12
  5248.85986  3.9111301E-12
  5251.6001  3.90856358E-12
  5254.33984  3.97575679E-12
  5257.08008  4.02695889E-12
  5259.81982  4.03378676E-12
  5262.56006  3.91987007E-12
  5265.2998  3.8412034E-12
  5268.04004  3.79243251E-12
  5270.77979  3.78736495E-12
  5273.52002  3.95726637E-12
  5276.25977  4.05259897E-12
  5279.  4.10574179E-12
  5281.74023  4.06172318E-12
  5284.47998  4.05902829E-12
  5287.22021  4.16216237E-12
  5289.95996  4.17000592E-12
  5292.7002  4.17734076E-12
  5295.43994  4.12986312E-12
  5298.18018  4.08833774E-12
  5300.91992  4.1202289E-12
  5303.66016  4.11688218E-12
  5306.3999  4.16573937E-12
  5309.14014  4.18022127E-12
  5311.87988  4.22428108E-12
  5314.62012  4.1783842E-12
  5317.35986  4.12321436E-12
  5320.1001  4.16907004E-12
  5322.83984  4.12295935E-12
  5325.58008  4.02242996E-12
  5328.31982  3.961006E-12
  5331.06006  4.06924668E-12
  5333.7998  4.13974844E-12
  5336.54004  4.14941562E-12
  5339.27979  4.10919042E-12
  5342.02002  4.12705981E-12
  5344.75977  4.18892178E-12
  5347.5  4.17098951E-12
  5350.24023  4.20480577E-12
  5352.97998  4.25444575E-12
  5355.72021  4.28285749E-12
  5358.45996  4.2750881E-12
  5361.2002  4.2453931E-12
  5363.93994  4.20181077E-12
  5366.68018  4.17052937E-12
  5369.41992  4.14475789E-12
  5372.16016  4.12941036E-12
  5374.8999  4.26181703E-12
  5377.64014  4.28550034E-12
  5380.37988  4.26802951E-12
  5383.12012  4.2609063E-12
  5385.85986  4.29369257E-12
  5388.6001  4.30440969E-12
  5391.33984  4.28242468E-12
  5394.08008  4.20645506E-12
  5396.81982  4.16958395E-12
  5399.56006  4.18205097E-12
  5402.2998  4.2573371E-12
  5405.04004  4.14793503E-12
  5407.77979  4.19054591E-12
  5410.52002  4.25407886E-12
  5413.25977  4.28994557E-12
  5416.  4.30481128E-12
  5418.74023  4.31347536E-12
  5421.47998  4.32229122E-12
  5424.22021  4.29844008E-12
  5426.95996  4.27623822E-12
  5429.7002  4.20548709E-12
  5432.43994  4.24908069E-12
  5435.18018  4.236788E-12
  5437.91992  4.33227239E-12
  5440.66016  4.36622656E-12
  5443.3999  4.33306255E-12
  5446.14014  4.25894736E-12
  5448.87988  4.30856826E-12
  5451.62012  4.35366803E-12
  5454.35986  4.28637941E-12
  5457.1001  4.31275285E-12
  5459.83984  4.40449456E-12
  5462.58008  4.40708321E-12
  5465.31982  4.42242163E-12
  5468.06006  4.46869321E-12
  5470.7998  4.44160594E-12
  5473.54004  4.42118217E-12
  5476.27979  4.36011774E-12
  5479.02002  4.38267218E-12
  5481.75977  4.45086849E-12
  5484.5  4.45895057E-12
  5487.24023  4.46079155E-12
  5489.97998  4.4476367E-12
  5492.72021  4.4712979E-12
  5495.45996  4.45388865E-12
  5498.2002  4.38790714E-12
  5500.93994  4.36552617E-12
  5503.68018  4.38853294E-12
  5506.41992  4.38402873E-12
  5509.16016  4.4293692E-12
  5511.8999  4.46864724E-12
  5514.64014  4.49087382E-12
  5517.37988  4.51568947E-12
  5520.12012  4.53097629E-12
  5522.85986  4.50312444E-12
  5525.6001  4.46581357E-12
  5528.33984  4.46220318E-12
  5531.08008  4.52236339E-12
  5533.81982  4.54863881E-12
  5536.56006  4.57323589E-12
  5539.2998  4.6232523E-12
  5542.04004  4.59177271E-12
  5544.77979  4.63525789E-12
  5547.52002  4.6269967E-12
  5550.25977  4.62768756E-12
  5553.  4.62106568E-12
  5555.74023  4.62091303E-12
  5558.47998  4.62887671E-12
  5561.22021  4.61340167E-12
  5563.95996  4.56295115E-12
  5566.7002  4.57313484E-12
  5569.43994  4.56353358E-12
  5572.18018  4.5473356E-12
  5574.91992  4.55735493E-12
  5577.66016  4.5834417E-12
  5580.3999  4.60405455E-12
  5583.14014  4.58749792E-12
  5585.87988  4.54532505E-12
  5588.62012  4.51379559E-12
  5591.35986  4.54588884E-12
  5594.1001  4.56407958E-12
  5596.83984  4.59490302E-12
  5599.58008  4.63135606E-12
  5602.31982  4.66856198E-12
  5605.06006  4.6614778E-12
  5607.7998  4.658779E-12
  5610.54004  4.65965287E-12
  5613.27979  4.66047123E-12
  5616.02002  4.59634284E-12
  5618.75977  4.64266516E-12
  5621.5  4.69310788E-12
  5624.24023  4.69551394E-12
  5626.97998  4.72403583E-12
  5629.72021  4.75678047E-12
  5632.45996  4.75617766E-12
  5635.2002  4.74460618E-12
  5637.93994  4.7408787E-12
  5640.68018  4.71969512E-12
  5643.41992  4.73175275E-12
  5646.16016  4.74128679E-12
  5648.8999  4.79072684E-12
  5651.64014  4.89362934E-12
  5654.37988  4.77479037E-12
  5657.12012  4.68534326E-12
  5659.85986  4.72078539E-12
  5662.6001  4.73386001E-12
  5665.33984  4.72939266E-12
  5668.08008  4.70891555E-12
  5670.81982  4.68174718E-12
  5673.56006  4.68799478E-12
  5676.2998  4.70986011E-12
  5679.04004  4.74911169E-12
  5681.77979  4.77447856E-12
  5684.52002  4.78234509E-12
  5687.25977  4.76350686E-12
  5690.  4.72043455E-12
  5692.74023  4.72110285E-12
  5695.47998  4.72520504E-12
  5698.22021  4.65789907E-12
  5700.95996  4.62290492E-12
  5703.7002  4.69232509E-12
  5706.43994  4.72540323E-12
  5709.18018  4.7152538E-12
  5711.91992  4.72264589E-12
  5714.66016  4.73673748E-12
  5717.3999  4.77005544E-12
  5720.14014  4.79940263E-12
  5722.87988  4.79566864E-12
  5725.62012  4.79259384E-12
  5728.35986  4.79414815E-12
  5731.1001  4.80586144E-12
  5733.83984  4.82700772E-12
  5736.58008  4.83712246E-12
  5739.31982  4.84140722E-12
  5742.06006  4.8426623E-12
  5744.7998  4.83412529E-12
  5747.54004  4.80157407E-12
  5750.27979  4.79014745E-12
  5753.02002  4.80254465E-12
  5755.75977  4.8277749E-12
  5758.5  4.86607803E-12
  5761.24023  4.9157462E-12
  5763.97998  4.9514867E-12
  5766.72021  4.92570004E-12
  5769.45996  4.90453424E-12
  5772.2002  4.91814315E-12
  5774.93994  4.88444354E-12
  5777.68018  4.80507344E-12
  5780.41992  4.81955231E-12
  5783.16016  4.8720793E-12
  5785.8999  4.90195731E-12
  5788.64014  4.90817803E-12
  5791.37988  4.85922327E-12
  5794.12012  4.8360543E-12
  5796.85986  4.82675662E-12
  5799.6001  4.93446473E-12
  5802.33984  5.11238144E-12
  5805.08008  5.0747774E-12
  5807.81982  4.969458E-12
  5810.56006  4.89287126E-12
  5813.2998  4.85983042E-12
  5816.04004  4.91076364E-12
  5818.77979  4.92845088E-12
  5821.52002  4.91966103E-12
  5824.26025  4.92022308E-12
  5827.  4.92446708E-12
  5829.74023  4.9435395E-12
  5832.47998  4.95766492E-12
  5835.22021  4.94790016E-12
  5837.95996  4.94116206E-12
  5840.7002  4.94057616E-12
  5843.43994  4.94240109E-12
  5846.18018  4.94540259E-12
  5848.91992  4.91634684E-12
  5851.66016  4.87492468E-12
  5854.3999  4.83354979E-12
  5857.14014  4.81027804E-12
  5859.87988  4.81077071E-12
  5862.62012  4.84772335E-12
  5865.35986  4.92807574E-12
  5868.1001  4.98443821E-12
  5870.83984  5.02250628E-12
  5873.58008  4.98459564E-12
  5876.31982  4.94294492E-12
  5879.06006  4.97537775E-12
  5881.7998  4.96257896E-12
  5884.54004  4.88595232E-12
  5887.27979  4.76166459E-12
  5890.02002  4.59246877E-12
  5892.76025  4.55419036E-12
  5895.5  4.60287884E-12
  5898.24023  4.78297436E-12
  5900.97998  4.93188173E-12
  5903.72021  4.95414603E-12
  5906.45996  4.97613365E-12
  5909.2002  4.99575338E-12
  5911.93994  5.00244681E-12
  5914.68018  5.00223777E-12
  5917.41992  5.02800102E-12
  5920.16016  5.04748196E-12
  5922.8999  5.02509579E-12
  5925.64014  5.0112167E-12
  5928.37988  5.01619666E-12
  5931.12012  5.0268175E-12
  5933.85986  5.04474587E-12
  5936.6001  5.02395998E-12
  5939.33984  4.99566751E-12
  5942.08008  5.01101764E-12
  5944.81982  5.03510731E-12
  5947.56006  5.06612113E-12
  5950.2998  5.06812474E-12
  5953.04004  5.03277454E-12
  5955.77979  5.01231435E-12
  5958.52002  4.99623693E-12
  5961.26025  4.98257989E-12
  5964.  4.98314541E-12
  5966.74023  5.0213644E-12
  5969.47998  5.05528432E-12
  5972.22021  5.07707027E-12
  5974.95996  5.08616456E-12
  5977.7002  5.08308283E-12
  5980.43994  5.06693515E-12
  5983.18018  5.04910827E-12
  5985.91992  5.071069E-12
  5988.66016  5.08259797E-12
  5991.3999  5.0302618E-12
  5994.14014  5.0405782E-12
  5996.87988  5.15550233E-12
  5999.62012  5.15844268E-12
  6002.35986  5.10336608E-12
  6005.1001  5.07394864E-12
  6007.83984  5.05157808E-12
  6010.58008  5.04234762E-12
  6013.31982  5.03622317E-12
  6016.06006  5.03282008E-12
  6018.7998  5.02183451E-12
  6021.54004  5.00144891E-12
  6024.27979  5.01919036E-12
  6027.02002  5.05569371E-12
  6029.76025  5.08666807E-12
  6032.5  5.11390713E-12
  6035.24023  5.136959E-12
  6037.97998  5.1441568E-12
  6040.72021  5.13165682E-12
  6043.45996  5.11141433E-12
  6046.2002  5.08323678E-12
  6048.93994  5.07718607E-12
  6051.68018  5.08241973E-12
  6054.41992  5.09854658E-12
  6057.16016  5.10986956E-12
  6059.8999  5.09533691E-12
  6062.64014  5.12804122E-12
  6065.37988  5.2180261E-12
  6068.12012  5.18960656E-12
  6070.85986  5.1141591E-12
  6073.6001  5.11805008E-12
  6076.33984  5.14289349E-12
  6079.08008  5.1785169E-12
  6081.81982  5.19104334E-12
  6084.56006  5.16538852E-12
  6087.2998  5.15262789E-12
  6090.04004  5.14376866E-12
  6092.77979  5.13703056E-12
  6095.52002  5.1318407E-12
  6098.26025  5.12883095E-12
  6101.  5.1202818E-12
  6103.74023  5.09586037E-12
  6106.47998  5.08730341E-12
  6109.22021  5.09693069E-12
  6111.95996  5.09333331E-12
  6114.7002  5.08503743E-12
  6117.43994  5.07696576E-12
  6120.18018  5.07744107E-12
  6122.91992  5.10241979E-12
  6125.66016  5.12346155E-12
  6128.3999  5.14153173E-12
  6131.14014  5.13306541E-12
  6133.87988  5.10259456E-12
  6136.62012  5.08609951E-12
  6139.35986  5.07645748E-12
  6142.1001  5.07679749E-12
  6144.83984  5.08614591E-12
  6147.58008  5.11194385E-12
  6150.31982  5.12309726E-12
  6153.06006  5.12108411E-12
  6155.7998  5.09401289E-12
  6158.54004  5.05294244E-12
  6161.27979  5.04586824E-12
  6164.02002  5.0552275E-12
  6166.76025  5.08867644E-12
  6169.5  5.09776466E-12
  6172.24023  5.05290037E-12
  6174.97998  5.0452034E-12
  6177.72021  5.062751E-12
  6180.45996  5.11887971E-12
  6183.2002  5.17813136E-12
  6185.93994  5.14645271E-12
  6188.68018  5.10490868E-12
  6191.41992  5.08039574E-12
  6194.16016  5.08606091E-12
  6196.8999  5.13435128E-12
  6199.64014  5.15736715E-12
  6202.37988  5.16687474E-12
  6205.12012  5.13298085E-12
  6207.85986  5.09196331E-12
  6210.6001  5.07204435E-12
  6213.33984  5.09226125E-12
  6216.08008  5.19728141E-12
  6218.81982  5.21547692E-12
  6221.56006  5.15985605E-12
  6224.2998  5.14550512E-12
  6227.04004  5.1421545E-12
  6229.77979  5.13270849E-12
  6232.52002  5.13560071E-12
  6235.26025  5.17796309E-12
  6238.  5.18492627E-12
  6240.74023  5.13560028E-12
  6243.47998  5.12280886E-12
  6246.22021  5.12427774E-12
  6248.95996  5.08765989E-12
  6251.7002  5.05447767E-12
  6254.43994  5.07496389E-12
  6257.18018  5.10344328E-12
  6259.91992  5.13770493E-12
  6262.66016  5.14449421E-12
  6265.3999  5.1233978E-12
  6268.14014  5.12051989E-12
  6270.87988  5.1242283E-12
  6273.62012  5.13911656E-12
  6276.35986  5.13668752E-12
  6279.1001  5.07105035E-12
  6281.83984  5.04538859E-12
  6284.58008  5.07708285E-12
  6287.31982  5.12897884E-12
  6290.06006  5.20206014E-12
  6292.7998  5.19758542E-12
  6295.54004  5.16990964E-12
  6298.27979  5.16789823E-12
  6301.02002  5.18000183E-12
  6303.76025  5.22285513E-12
  6306.5  5.22896483E-12
  6309.24023  5.19759756E-12
  6311.97998  5.16832323E-12
  6314.72021  5.13959795E-12
  6317.45996  5.14190903E-12
  6320.2002  5.15830824E-12
  6322.93994  5.186916E-12
  6325.68018  5.20651664E-12
  6328.41992  5.22834553E-12
  6331.16016  5.17390861E-12
  6333.8999  5.06124526E-12
  6336.64014  5.0872878E-12
  6339.37988  5.15833947E-12
  6342.12012  5.18157912E-12
  6344.85986  5.19914537E-12
  6347.6001  5.2219431E-12
  6350.33984  5.23089731E-12
  6353.08008  5.22315047E-12
  6355.81982  5.22395105E-12
  6358.56006  5.22710564E-12
  6361.2998  5.22935081E-12
  6364.04004  5.22953078E-12
  6366.77979  5.21580609E-12
  6369.52002  5.22615328E-12
  6372.26025  5.28593792E-12
  6375.  5.30585732E-12
  6377.74023  5.2985576E-12
  6380.47998  5.29389163E-12
  6383.22021  5.28789382E-12
  6385.95996  5.29168202E-12
  6388.7002  5.28707416E-12
  6391.43994  5.25635178E-12
  6394.18018  5.24129134E-12
  6396.91992  5.24445721E-12
  6399.66016  5.25152708E-12
  6402.3999  5.26259808E-12
  6405.14014  5.25695156E-12
  6407.87988  5.25171269E-12
  6410.62012  5.26464115E-12
  6413.35986  5.27722527E-12
  6416.1001  5.29146128E-12
  6418.83984  5.28251618E-12
  6421.58008  5.25168147E-12
  6424.31982  5.25530661E-12
  6427.06006  5.26942509E-12
  6429.7998  5.26168258E-12
  6432.54004  5.25379349E-12
  6435.27979  5.25601567E-12
  6438.02002  5.25685615E-12
  6440.76025  5.25240572E-12
  6443.5  5.2661985E-12
  6446.24023  5.28905131E-12
  6448.97998  5.27455727E-12
  6451.72021  5.25464091E-12
  6454.45996  5.26604498E-12
  6457.2002  5.26580602E-12
  6459.93994  5.22777958E-12
  6462.68018  5.23005771E-12
  6465.41992  5.26938259E-12
  6468.16016  5.2863265E-12
  6470.8999  5.29326149E-12
  6473.64014  5.28032739E-12
  6476.37988  5.27197209E-12
  6479.12012  5.29008348E-12
  6481.85986  5.30649743E-12
  6484.6001  5.32500172E-12
  6487.33984  5.32310914E-12
  6490.08008  5.30363644E-12
  6492.81982  5.20597324E-12
  6495.56006  5.11774E-12
  6498.2998  5.17786335E-12
  6501.04004  5.2587496E-12
  6503.77979  5.3411533E-12
  6506.52002  5.37973442E-12
  6509.26025  5.37323614E-12
  6512.  5.38432103E-12
  6514.74023  5.39220578E-12
  6517.47998  5.36117418E-12
  6520.22021  5.32877345E-12
  6522.95996  5.31958939E-12
  6525.7002  5.32273748E-12
  6528.43994  5.34284162E-12
  6531.18018  5.35714658E-12
  6533.91992  5.36991155E-12
  6536.66016  5.38166473E-12
  6539.3999  5.38582633E-12
  6542.14014  5.36273066E-12
  6544.87988  5.34430573E-12
  6547.62012  5.35027448E-12
  6550.35986  5.34278437E-12
  6553.1001  5.32739217E-12
  6555.83984  5.26918613E-12
  6558.58008  5.17993808E-12
  6561.31982  5.03453659E-12
  6564.06006  4.95829202E-12
  6566.7998  5.12345678E-12
  6569.54004  5.27493587E-12
  6572.27979  5.38926152E-12
  6575.02002  5.42479169E-12
  6577.76025  5.39262428E-12
  6580.5  5.37872351E-12
  6583.24023  5.37025069E-12
  6585.97998  5.39511361E-12
  6588.72021  5.40752599E-12
  6591.45996  5.3690572E-12
  6594.2002  5.36621919E-12
  6596.93994  5.40542914E-12
  6599.68018  5.43839453E-12
  6602.41992  5.46990318E-12
  6605.16016  5.46617916E-12
  6607.8999  5.45248655E-12
  6610.64014  5.44624285E-12
  6613.37988  5.44517252E-12
  6616.12012  5.4473071E-12
  6618.85986  5.4688038E-12
  6621.6001  5.50929267E-12
  6624.33984  5.48420771E-12
  6627.08008  5.4385281E-12
  6629.81982  5.43986297E-12
  6632.56006  5.4460542E-12
  6635.2998  5.44084482E-12
  6638.04004  5.43885336E-12
  6640.77979  5.43748033E-12
  6643.52002  5.45776315E-12
  6646.26025  5.48853627E-12
  6649.  5.46660373E-12
  6651.74023  5.44416769E-12
  6654.47998  5.48516701E-12
  6657.22021  5.50797429E-12
  6659.95996  5.48800762E-12
  6662.7002  5.46125428E-12
  6665.43994  5.42131054E-12
  6668.18018  5.43778434E-12
  6670.91992  5.47274812E-12
  6673.66016  5.45489261E-12
  6676.3999  5.43554394E-12
  6679.14014  5.43706226E-12
  6681.87988  5.45028692E-12
  6684.62012  5.48559939E-12
  6687.35986  5.48400431E-12
  6690.1001  5.46385853E-12
  6692.83984  5.50427065E-12
  6695.58008  5.54764654E-12
  6698.31982  5.52807973E-12
  6701.06006  5.50253029E-12
  6703.7998  5.48165593E-12
  6706.54004  5.4691438E-12
  6709.27979  5.46412394E-12
  6712.02002  5.46775342E-12
  6714.76025  5.47789375E-12
  6717.5  5.49207468E-12
  6720.24023  5.50030204E-12
  6722.97998  5.48663935E-12
  6725.72021  5.483287E-12
  6728.45996  5.49882405E-12
  6731.2002  5.50360972E-12
  6733.93994  5.50356462E-12
  6736.68018  5.51194593E-12
  6739.41992  5.51686388E-12
  6742.16016  5.49292643E-12
  6744.8999  5.48372589E-12
  6747.64014  5.51786178E-12
  6750.37988  5.52963361E-12
  6753.12012  5.51904963E-12
  6755.85986  5.51850579E-12
  6758.6001  5.52036281E-12
  6761.33984  5.52295622E-12
  6764.08008  5.52047384E-12
  6766.81982  5.49827284E-12
  6769.56006  5.492975E-12
  6772.2998  5.52410114E-12
  6775.04004  5.51780757E-12
  6777.77979  5.48743733E-12
  6780.52002  5.4839063E-12
  6783.26025  5.48481746E-12
  6786.  5.46219363E-12
  6788.74023  5.45126574E-12
  6791.47998  5.47970913E-12
  6794.22021  5.47950921E-12
  6796.95996  5.44215064E-12
  6799.7002  5.44660411E-12
  6802.43994  5.47220776E-12
  6805.18018  5.50541947E-12
  6807.91992  5.53179638E-12
  6810.66016  5.5325809E-12
  6813.3999  5.51342088E-12
  6816.14014  5.45324549E-12
  6818.87988  5.4517597E-12
  6821.62012  5.49459783E-12
  6824.35986  5.51338922E-12
  6827.1001  5.52338383E-12
  6829.83984  5.52333179E-12
  6832.58008  5.51227857E-12
  6835.31982  5.4842012E-12
  6838.06006  5.46084445E-12
  6840.7998  5.43788018E-12
  6843.54004  5.44367936E-12
  6846.27979  5.46965945E-12
  6849.02002  5.51268579E-12
  6851.76025  5.54409947E-12
  6854.5  5.51638119E-12
  6857.24023  5.4867829E-12
  6859.97998  5.45688017E-12
  6862.72021  5.46732408E-12
  6865.45996  5.51547523E-12
  6868.2002  5.51761891E-12
  6870.93994  5.50435392E-12
  6873.68018  5.50961013E-12
  6876.41992  5.50912224E-12
  6879.16016  5.47955605E-12
  6881.8999  5.4809152E-12
  6884.64014  5.53108124E-12
  6887.37988  5.53542455E-12
  6890.12012  5.52216129E-12
  6892.85986  5.60410269E-12
  6895.6001  5.66850299E-12
  6898.33984  5.55406545E-12
  6901.08008  5.4676077E-12
  6903.81982  5.4743471E-12
  6906.56006  5.48559288E-12
  6909.2998  5.50983781E-12
  6912.04004  5.51787782E-12
  6914.77979  5.51855697E-12
  6917.52002  5.51379645E-12
  6920.26025  5.51205045E-12
  6923.  5.52541953E-12
  6925.74023  5.53010979E-12
  6928.47998  5.51823214E-12
  6931.22021  5.52299135E-12
  6933.95996  5.53601436E-12
  6936.7002  5.53263945E-12
  6939.43994  5.51778892E-12
  6942.18018  5.47095355E-12
  6944.91992  5.45992938E-12
  6947.66016  5.53695718E-12
  6950.3999  5.56629916E-12
  6953.14014  5.55250594E-12
  6955.87988  5.54322343E-12
  6958.62012  5.52902992E-12
  6961.35986  5.5034536E-12
  6964.1001  5.49008712E-12
  6966.83984  5.52631422E-12
  6969.58008  5.53255705E-12
  6972.31982  5.47835258E-12
  6975.06006  5.47273771E-12
  6977.7998  5.49548601E-12
  6980.54004  5.51879506E-12
  6983.27979  5.5461755E-12
  6986.02002  5.58142378E-12
  6988.76025  5.59249825E-12
  6991.5  5.5439286E-12
  6994.24023  5.53421631E-12
  6996.97998  5.56615821E-12
  6999.72021  5.58545181E-12
  7002.45996  5.59992851E-12
  7005.2002  5.59184296E-12
  7007.93994  5.5735837E-12
  7010.68018  5.5427724E-12
  7013.41992  5.53519513E-12
  7016.16016  5.57348482E-12
  7018.8999  5.57655441E-12
  7021.64014  5.55718058E-12
  7024.37988  5.55735622E-12
  7027.12012  5.56529128E-12
  7029.85986  5.58100137E-12
  7032.6001  5.59193447E-12
  7035.33984  5.59166255E-12
  7038.08008  5.58097709E-12
  7040.81982  5.55171274E-12
  7043.56006  5.56447857E-12
  7046.2998  5.59748428E-12
  7049.04004  5.59706318E-12
  7051.77979  5.58929509E-12
  7054.52002  5.58934019E-12
  7057.26025  5.58655552E-12
  7060.  5.57506385E-12
  7062.74023  5.57794696E-12
  7065.47998  5.5930178E-12
  7068.22021  5.57789709E-12
  7070.95996  5.56110279E-12
  7073.7002  5.60666617E-12
  7076.43994  5.636856E-12
  7079.18018  5.6007486E-12
  7081.91992  5.57154886E-12
  7084.66016  5.54539661E-12
  7087.3999  5.55423893E-12
  7090.14014  5.58513652E-12
  7092.87988  5.59718721E-12
  7095.62012  5.60385592E-12
  7098.35986  5.61038802E-12
  7101.1001  5.6101573E-12
  7103.83984  5.59846917E-12
  7106.58008  5.59116078E-12
  7109.31982  5.58740033E-12
  7112.06006  5.5675564E-12
  7114.7998  5.54424345E-12
  7117.54004  5.54481894E-12
  7120.27979  5.54886952E-12
  7123.02002  5.54096959E-12
  7125.76025  5.55060078E-12
  7128.5  5.59044521E-12
  7131.24023  5.59977975E-12
  7133.97998  5.59395672E-12
  7136.72021  5.61138896E-12
  7139.45996  5.62744512E-12
  7142.2002  5.61606404E-12
  7144.93994  5.59923895E-12
  7147.68018  5.57501397E-12
  7150.41992  5.57318211E-12
  7153.16016  5.59556785E-12
  7155.8999  5.58119783E-12
  7158.64014  5.55585612E-12
  7161.37988  5.56714397E-12
  7164.12012  5.58221481E-12
  7166.85986  5.56481467E-12
  7169.6001  5.60102268E-12
  7172.33984  5.75785903E-12
  7175.08008  5.73363275E-12
  7177.81982  5.59854463E-12
  7180.56006  5.58255222E-12
  7183.2998  5.59551841E-12
  7186.04004  5.59307158E-12
  7188.77979  5.55035141E-12
  7191.52002  5.39345565E-12
  7194.26025  5.38631683E-12
  7197.  5.54730697E-12
  7199.74023  5.55781246E-12
  7202.47998  5.51589937E-12
  7205.22021  5.5577422E-12
  7207.95996  5.59626954E-12
  7210.7002  5.56785651E-12
  7213.43994  5.55494279E-12
  7216.18018  5.58196935E-12
  7218.91992  5.56879846E-12
  7221.66016  5.52983267E-12
  7224.3999  5.5497551E-12
  7227.14014  5.59061911E-12
  7229.87988  5.6250794E-12
  7232.62012  5.64020965E-12
  7235.35986  5.61357514E-12
  7238.1001  5.60069222E-12
  7240.83984  5.60123822E-12
  7243.58008  5.61095528E-12
  7246.31982  5.62275487E-12
  7249.06006  5.5818232E-12
  7251.7998  5.54954043E-12
  7254.54004  5.59428068E-12
  7257.27979  5.62694509E-12
  7260.02002  5.63091587E-12
  7262.76025  5.62472464E-12
  7265.5  5.60650571E-12
  7268.24023  5.60288404E-12
  7270.97998  5.60705302E-12
  7273.72021  5.62334337E-12
  7276.45996  5.63417238E-12
  7279.2002  5.62465135E-12
  7281.93994  5.62158523E-12
  7284.68018  5.62589905E-12
  7287.41992  5.63446902E-12
  7290.16016  5.64422727E-12
  7292.8999  5.62243134E-12
  7295.64014  5.6046257E-12
  7298.37988  5.64154756E-12
  7301.12012  5.6541165E-12
  7303.85986  5.61130309E-12
  7306.6001  5.58612748E-12
  7309.33984  5.57026213E-12
  7312.08008  5.56820562E-12
  7314.81982  5.5791669E-12
  7317.56006  5.61381323E-12
  7320.2998  5.64150462E-12
  7323.04004  5.63717779E-12
  7325.77979  5.63579782E-12
  7328.52002  5.6413498E-12
  7331.26025  5.63611484E-12
  7334.  5.62484217E-12
  7336.74023  5.62170015E-12
  7339.47998  5.61990515E-12
  7342.22021  5.61697607E-12
  7344.95996  5.6073592E-12
  7347.7002  5.57788885E-12
  7350.43994  5.58080795E-12
  7353.18018  5.61495642E-12
  7355.91992  5.62325056E-12
  7358.66016  5.62036615E-12
  7361.3999  5.61248444E-12
  7364.14014  5.59649202E-12
  7366.87988  5.55490593E-12
  7369.62012  5.5538729E-12
  7372.35986  5.6187212E-12
  7375.1001  5.65061799E-12
  7377.83984  5.66814781E-12
  7380.58008  5.64710561E-12
  7383.31982  5.61933659E-12
  7386.06006  5.63460129E-12
  7388.7998  5.64706571E-12
  7391.54004  5.64452695E-12
  7394.27979  5.63306953E-12
  7397.02002  5.61031907E-12
  7399.76025  5.60449343E-12
  7402.5  5.60064712E-12
  7405.24023  5.55220496E-12
  7407.97998  5.51504198E-12
  7410.72021  5.53923791E-12
  7413.45996  5.56179798E-12
  7416.2002  5.57584404E-12
  7418.93994  5.58937662E-12
  7421.68018  5.60155091E-12
  7424.41992  5.60018958E-12
  7427.16016  5.60072821E-12
  7429.8999  5.63383628E-12
  7432.64014  5.66375159E-12
  7435.37988  5.68375685E-12
  7438.12012  5.67424883E-12
  7440.85986  5.62773959E-12
  7443.6001  5.61558655E-12
  7446.33984  5.6182203E-12
  7449.08008  5.61721893E-12
  7451.81982  5.61920085E-12
  7454.56006  5.63162407E-12
  7457.2998  5.63163361E-12
  7460.04004  5.60690123E-12
  7462.77979  5.59999876E-12
  7465.52002  5.60430695E-12
  7468.26025  5.60843516E-12
  7471.  5.60884282E-12
  7473.74023  5.58262074E-12
  7476.47998  5.56842246E-12
  7479.22021  5.59863701E-12
  7481.95996  5.60074513E-12
  7484.7002  5.56463859E-12
  7487.43994  5.56838603E-12
  7490.18018  5.58972963E-12
  7492.91992  5.59508689E-12
  7495.66016  5.58992436E-12
  7498.3999  5.56218396E-12
  7501.14014  5.54469188E-12
  7503.87988  5.54714174E-12
  7506.62012  5.55340366E-12
  7509.35986  5.56541488E-12
  7512.1001  5.5764165E-12
  7514.83984  5.58470891E-12
  7517.58008  5.57966997E-12
  7520.31982  5.57189754E-12
  7523.06006  5.56299755E-12
  7525.7998  5.56380463E-12
  7528.54004  5.57660688E-12
  7531.27979  5.58915544E-12
  7534.02002  5.60429481E-12
  7536.76025  5.63021288E-12
  7539.5  5.65094759E-12
  7542.24023  5.64670533E-12
  7544.97998  5.6305364E-12
  7547.72021  5.59354603E-12
  7550.45996  5.58679925E-12
  7553.2002  5.60906486E-12
  7555.93994  5.56611528E-12
  7558.68018  5.50528937E-12
  7561.41992  5.50871458E-12
  7564.16016  5.52688104E-12
  7566.8999  5.54125973E-12
  7569.64014  5.55789139E-12
  7572.37988  5.58039292E-12
  7575.12012  5.59185814E-12
  7577.85986  5.59434183E-12
  7580.6001  5.55658601E-12
  7583.33984  5.52253252E-12
  7586.08008  5.55988458E-12
  7588.81982  5.59838374E-12
  7591.56006  5.62605388E-12
  7594.2998  5.62491026E-12
  7597.04004  5.59249045E-12
  7599.77979  5.58593753E-12
  7602.52002  5.58939006E-12
  7605.26025  5.60065189E-12
  7608.  5.59691052E-12
  7610.74023  5.54120465E-12
  7613.47998  5.51172172E-12
  7616.22021  5.52194878E-12
  7618.95996  5.5399834E-12
  7621.7002  5.56916796E-12
  7624.43994  5.57309797E-12
  7627.18018  5.57030507E-12
  7629.91992  5.58376869E-12
  7632.66016  5.58358091E-12
  7635.3999  5.54421092E-12
  7638.14014  5.54001072E-12
  7640.87988  5.57515015E-12
  7643.62012  5.57316346E-12
  7646.35986  5.55457156E-12
  7649.1001  5.53154744E-12
  7651.83984  5.51334152E-12
  7654.58008  5.52037235E-12
  7657.31982  5.51422189E-12
  7660.06006  5.48544066E-12
  7662.7998  5.45360502E-12
  7665.54004  5.41700712E-12
  7668.27979  5.44169571E-12
  7671.02002  5.49309469E-12
  7673.76025  5.54109883E-12
  7676.5  5.57626991E-12
  7679.24023  5.59102721E-12
  7681.97998  5.58173299E-12
  7684.72021  5.54047173E-12
  7687.45996  5.5309147E-12
  7690.2002  5.53200801E-12
  7692.93994  5.5027931E-12
  7695.68018  5.46728591E-12
  7698.41992  5.42855171E-12
  7701.16016  5.42361468E-12
  7703.8999  5.48067321E-12
  7706.64014  5.50164905E-12
  7709.37988  5.50032676E-12
  7712.12012  5.49860461E-12
  7714.85986  5.50167724E-12
  7717.6001  5.54270475E-12
  7720.33984  5.57904287E-12
  7723.08008  5.59449579E-12
  7725.81982  5.5853256E-12
  7728.56006  5.5531699E-12
  7731.2998  5.47216049E-12
  7734.04004  5.36941542E-12
  7736.77979  5.41840791E-12
  7739.52002  5.49111364E-12
  7742.26025  5.47333186E-12
  7745.  5.45063907E-12
  7747.74023  5.42942731E-12
  7750.47998  5.43369126E-12
  7753.22021  5.46067054E-12
  7755.95996  5.48243569E-12
  7758.7002  5.50827569E-12
  7761.43994  5.55236152E-12
  7764.18018  5.59048077E-12
  7766.91992  5.60858044E-12
  7769.66016  5.6145969E-12
  7772.3999  5.60818189E-12
  7775.14014  5.5908134E-12
  7777.87988  5.56314803E-12
  7780.62012  5.52965399E-12
  7783.35986  5.50236029E-12
  7786.1001  5.50290022E-12
  7788.83984  5.51258345E-12
  7791.58008  5.53204618E-12
  7794.31982  5.54465848E-12
  7797.06006  5.55442801E-12
  7799.7998  5.51978125E-12
  7802.54004  5.47335267E-12
  7805.27979  5.50073485E-12
  7808.02002  5.53537901E-12
  7810.76025  5.53681927E-12
  7813.5  5.54883917E-12
  7816.24023  5.57816987E-12
  7818.97998  5.60651872E-12
  7821.72021  5.63435886E-12
  7824.45996  5.61508739E-12
  7827.2002  5.5770462E-12
  7829.93994  5.53976526E-12
  7832.68018  5.51958956E-12
  7835.41992  5.53013017E-12
  7838.16016  5.54784907E-12
  7840.8999  5.57959885E-12
  7843.64014  5.56526266E-12
  7846.37988  5.5282957E-12
  7849.12012  5.50260358E-12
  7851.85986  5.48492458E-12
  7854.6001  5.48112901E-12
  7857.33984  5.48656129E-12
  7860.08008  5.51136437E-12
  7862.81982  5.50317647E-12
  7865.56006  5.47347931E-12
  7868.2998  5.47396937E-12
  7871.04004  5.47831919E-12
  7873.77979  5.45281745E-12
  7876.52002  5.43646768E-12
  7879.26025  5.43890063E-12
  7882.  5.47175369E-12
  7884.74023  5.5439789E-12
  7887.47998  5.578035E-12
  7890.22021  5.59059136E-12
  7892.95996  5.5718455E-12
  7895.7002  5.54592353E-12
  7898.43994  5.53379131E-12
  7901.18018  5.52948529E-12
  7903.91992  5.54498071E-12
  7906.66016  5.52206024E-12
  7909.3999  5.47038239E-12
  7912.14014  5.45352435E-12
  7914.87988  5.45077612E-12
  7917.62012  5.45012863E-12
  7920.35986  5.45647078E-12
  7923.1001  5.47600637E-12
  7925.83984  5.48503127E-12
  7928.58008  5.47879754E-12
  7931.31982  5.49438576E-12
  7934.06006  5.5192296E-12
  7936.7998  5.52678129E-12
  7939.54004  5.5208017E-12
  7942.27979  5.46295561E-12
  7945.02002  5.48622476E-12
  7947.76025  5.70350321E-12
  7950.5  5.7011609E-12
  7953.24023  5.52521787E-12
  7955.97998  5.518972E-12
  7958.72021  5.55989109E-12
  7961.45996  5.53356753E-12
  7964.2002  5.50297785E-12
  7966.93994  5.48156442E-12
  7969.68018  5.48456593E-12
  7972.41992  5.5267106E-12
  7975.16016  5.52005273E-12
  7977.8999  5.4902762E-12
  7980.64014  5.49259206E-12
  7983.37988  5.51237962E-12
  7986.12012  5.56323954E-12
  7988.85986  5.59256287E-12
  7991.6001  5.57790012E-12
  7994.33984  5.56182444E-12
  7997.08008  5.53900415E-12
  7999.81982  5.53762158E-12
  8002.56006  5.54035724E-12
  8005.2998  5.50480017E-12
  8008.04004  5.48036833E-12
  8010.77979  5.50840276E-12
  8013.52002  5.5194716E-12
  8016.26025  5.50465489E-12
  8019.  5.49397246E-12
  8021.74023  5.48185499E-12
  8024.47998  5.45901822E-12
  8027.22021  5.44533689E-12
  8029.95996  5.47907509E-12
  8032.7002  5.50672659E-12
  8035.43994  5.51649655E-12
  8038.18018  5.49946113E-12
  8040.91992  5.45095306E-12
  8043.66016  5.44146672E-12
  8046.3999  5.45524086E-12
  8049.14014  5.50592644E-12
  8051.87988  5.55224573E-12
  8054.62012  5.56263369E-12
  8057.35986  5.55236196E-12
  8060.1001  5.50387904E-12
  8062.83984  5.50593078E-12
  8065.58008  5.53822136E-12
  8068.31982  5.55151498E-12
  8071.06006  5.55727513E-12
  8073.7998  5.55094425E-12
  8076.54004  5.54511732E-12
  8079.27979  5.55464355E-12
  8082.02002  5.53178336E-12
  8084.76025  5.47029306E-12
  8087.5  5.44963597E-12
  8090.24023  5.45259931E-12
  8092.97998  5.49308299E-12
  8095.72021  5.53015533E-12
  8098.45996  5.51942433E-12
  8101.2002  5.51138779E-12
  8103.93994  5.50868422E-12
  8106.68018  5.52566413E-12
  8109.41992  5.55809999E-12
  8112.16016  5.54406781E-12
  8114.8999  5.51583388E-12
  8117.64014  5.50918469E-12
  8120.37988  5.50625127E-12
  8123.12012  5.50523602E-12
  8125.85986  5.49954136E-12
  8128.6001  5.48683668E-12
  8131.33984  5.48672002E-12
  8134.08008  5.49341865E-12
  8136.81982  5.49892163E-12
  8139.56006  5.50563891E-12
  8142.2998  5.51569164E-12
  8145.04004  5.52206328E-12
  8147.77979  5.52524172E-12
  8150.52002  5.5160156E-12
  8153.26025  5.49552938E-12
  8156.  5.48916728E-12
  8158.74023  5.49641539E-12
  8161.47998  5.54561301E-12
  8164.22021  5.57868725E-12
  8166.95996  5.55518305E-12
  8169.7002  5.53556983E-12
  8172.43994  5.5225117E-12
  8175.18018  5.49716956E-12
  8177.91992  5.46685006E-12
  8180.66016  5.46112591E-12
  8183.3999  5.46330602E-12
  8186.14014  5.4664398E-12
  8188.87988  5.45921771E-12
  8191.62012  5.42766092E-12
  8194.36035  5.4203894E-12
  8197.09961  5.43179781E-12
  8199.83984  5.46237751E-12
  8202.58008  5.49685688E-12
  8205.32031  5.48739179E-12
  8208.05957  5.47384794E-12
  8210.7998  5.48439332E-12
  8213.54004  5.46787095E-12
  8216.28027  5.39875653E-12
  8219.01953  5.41392191E-12
  8221.75977  5.47590532E-12
  8224.5  5.49813277E-12
  8227.24023  5.51203961E-12
  8229.98047  5.53714756E-12
  8232.71973  5.54521056E-12
  8235.45996  5.53448303E-12
  8238.2002  5.47809367E-12
  8240.94043  5.36809703E-12
  8243.67969  5.37198194E-12
  8246.41992  5.4225912E-12
  8249.16016  5.4265108E-12
  8251.90039  5.42174378E-12
  8254.63965  5.41006909E-12
  8257.37988  5.4179764E-12
  8260.12012  5.46110423E-12
  8262.86035  5.47125713E-12
  8265.59961  5.4648586E-12
  8268.33984  5.48654048E-12
  8271.08008  5.50933257E-12
  8273.82031  5.51255049E-12
  8276.55957  5.48841354E-12
  8279.2998  5.4007584E-12
  8282.04004  5.39069527E-12
  8284.78027  5.46606597E-12
  8287.51953  5.43047118E-12
  8290.25977  5.35600947E-12
  8293.  5.36574084E-12
  8295.74023  5.38200691E-12
  8298.48047  5.35619596E-12
  8301.21973  5.34174441E-12
  8303.95996  5.34340627E-12
  8306.7002  5.36176051E-12
  8309.44043  5.39469034E-12
  8312.17969  5.4008369E-12
  8314.91992  5.40065302E-12
  8317.66016  5.42399372E-12
  8320.40039  5.42561569E-12
  8323.13965  5.36617408E-12
  8325.87988  5.3507203E-12
  8328.62012  5.38238204E-12
  8331.36035  5.40257639E-12
  8334.09961  5.42190468E-12
  8336.83984  5.43472298E-12
  8339.58008  5.44017956E-12
  8342.32031  5.43454517E-12
  8345.05957  5.42400716E-12
  8347.7998  5.39979433E-12
  8350.54004  5.41022348E-12
  8353.28027  5.44717787E-12
  8356.01953  5.4408522E-12
  8358.75977  5.41393536E-12
  8361.5  5.36955896E-12
  8364.24023  5.33668942E-12
  8366.98047  5.33842155E-12
  8369.71973  5.33783174E-12
  8372.45996  5.33047434E-12
  8375.2002  5.35431378E-12
  8377.94043  5.39323881E-12
  8380.67969  5.39428615E-12
  8383.41992  5.3848228E-12
  8386.16016  5.37760461E-12
  8388.90039  5.37724856E-12
  8391.63965  5.386744E-12
  8394.37988  5.4027091E-12
  8397.12012  5.42636552E-12
  8399.86035  5.41866508E-12
  8402.59961  5.40365886E-12
  8405.33984  5.43208187E-12
  8408.08008  5.44360954E-12
  8410.82031  5.39301806E-12
  8413.55957  5.36077259E-12
  8416.2998  5.34908099E-12
  8419.04004  5.35434067E-12
  8421.78027  5.37383983E-12
  8424.51953  5.38685633E-12
  8427.25977  5.40287563E-12
  8430.  5.43730208E-12
  8432.74023  5.45108923E-12
  8435.48047  5.41372893E-12
  8438.21973  5.42620853E-12
  8440.95996  5.48443149E-12
  8443.7002  5.45821201E-12
  8446.44043  5.4053745E-12
  8449.17969  5.41641298E-12
  8451.91992  5.43587614E-12
  8454.66016  5.43583104E-12
  8457.40039  5.45092096E-12
  8460.13965  5.50621788E-12
  8462.87988  5.47163096E-12
  8465.62012  5.38436006E-12
  8468.36035  5.36886941E-12
  8471.09961  5.3703565E-12
  8473.83984  5.35019294E-12
  8476.58008  5.33401968E-12
  8479.32031  5.32957489E-12
  8482.05957  5.32292049E-12
  8484.7998  5.31681209E-12
  8487.54004  5.29017368E-12
  8490.28027  5.24917653E-12
  8493.01953  5.18339885E-12
  8495.75977  5.1391647E-12
  8498.5  5.15363143E-12
  8501.24023  5.2069642E-12
  8503.98047  5.32293133E-12
  8506.71973  5.3852066E-12
  8509.45996  5.41766762E-12
  8512.2002  5.42919616E-12
  8514.94043  5.42837303E-12
  8517.67969  5.4423562E-12
  8520.41992  5.43308844E-12
  8523.16016  5.37477528E-12
  8525.90039  5.33095269E-12
  8528.63965  5.30432469E-12
  8531.37988  5.25087656E-12
  8534.12012  5.16213981E-12
  8536.86035  4.90722437E-12
  8539.59961  4.68543173E-12
  8542.33984  4.64510418E-12
  8545.08008  4.74973142E-12
  8547.82031  5.08863264E-12
  8550.55957  5.25335764E-12
  8553.2998  5.31592912E-12
  8556.04004  5.30764798E-12
  8558.78027  5.26965624E-12
  8561.51953  5.30501164E-12
  8564.25977  5.3509636E-12
  8567.  5.40123545E-12
  8569.74023  5.42086428E-12
  8572.48047  5.40772245E-12
  8575.21973  5.37943821E-12
  8577.95996  5.34276486E-12
  8580.7002  5.3607045E-12
  8583.44043  5.38806109E-12
  8586.17969  5.39509193E-12
  8588.91992  5.38978714E-12
  8591.66016  5.35434978E-12
  8594.40039  5.37518988E-12
  8597.13965  5.4408626E-12
  8599.87988  5.42251357E-12
  8602.62012  5.38064125E-12
  8605.36035  5.39097282E-12
  8608.09961  5.40663608E-12
  8610.83984  5.41045767E-12
  8613.58008  5.42003942E-12
  8616.32031  5.44056987E-12
  8619.05957  5.43900341E-12
  8621.7998  5.42415808E-12
  8624.54004  5.40789202E-12
  8627.28027  5.38780652E-12
  8630.02051  5.35796494E-12
  8632.75977  5.34347566E-12
  8635.5  5.36271418E-12
  8638.24023  5.35619205E-12
  8640.98047  5.32946387E-12
  8643.71973  5.31985176E-12
  8646.45996  5.31343199E-12
  8649.2002  5.31102072E-12
  8651.94043  5.26534545E-12
  8654.67969  5.12735774E-12
  8657.41992  4.97967553E-12
  8660.16016  4.7732469E-12
  8662.90039  4.80083551E-12
  8665.63965  4.97999255E-12
  8668.37988  5.1543019E-12
  8671.12012  5.31349747E-12
  8673.86035  5.37603946E-12
  8676.59961  5.40957166E-12
  8679.33984  5.43243098E-12
  8682.08008  5.4133191E-12
  8684.82031  5.34719578E-12
  8687.55957  5.34725649E-12
  8690.2998  5.36916865E-12
  8693.04004  5.34863083E-12
  8695.78027  5.32426967E-12
  8698.52051  5.30820396E-12
  8701.25977  5.30962297E-12
  8704.  5.33335659E-12
  8706.74023  5.36546935E-12
  8709.48047  5.40525003E-12
  8712.21973  5.3950221E-12
  8714.95996  5.3713479E-12
  8717.7002  5.3704376E-12
  8720.44043  5.37706164E-12
  8723.17969  5.39618003E-12
  8725.91992  5.39891092E-12
  8728.66016  5.38394763E-12
  8731.40039  5.384913E-12
  8734.13965  5.39632835E-12
  8736.87988  5.43781643E-12
  8739.62012  5.46747239E-12
  8742.36035  5.44556544E-12
  8745.09961  5.41430832E-12
  8747.83984  5.37348768E-12
  8750.58008  5.3391987E-12
  8753.32031  5.30813024E-12
  8756.05957  5.28502112E-12
  8758.7998  5.27537692E-12
  8761.54004  5.29559122E-12
  8764.28027  5.3270552E-12
  8767.02051  5.37347077E-12
  8769.75977  5.39482781E-12
  8772.5  5.39154485E-12
  8775.24023  5.37202357E-12
  8777.98047  5.33997542E-12
  8780.71973  5.31563248E-12
  8783.45996  5.30356835E-12
  8786.2002  5.32366729E-12
  8788.94043  5.33399973E-12
  8791.67969  5.31379715E-12
  8794.41992  5.33822639E-12
  8797.16016  5.39553948E-12
  8799.90039  5.38757797E-12
  8802.63965  5.3497571E-12
  8805.37988  5.29661037E-12
  8808.12012  5.25732973E-12
  8810.86035  5.25440021E-12
  8813.59961  5.26250397E-12
  8816.33984  5.29227443E-12
  8819.08008  5.26403053E-12
  8821.82031  5.21129537E-12
  8824.55957  5.24091664E-12
  8827.2998  5.2871171E-12
  8830.04004  5.29958889E-12
  8832.78027  5.32063109E-12
  8835.52051  5.37124858E-12
  8838.25977  5.37918885E-12
  8841.  5.35286659E-12
  8843.74023  5.32947514E-12
  8846.48047  5.30217146E-12
  8849.21973  5.26505011E-12
  8851.95996  5.25070872E-12
  8854.7002  5.2967227E-12
  8857.44043  5.31968436E-12
  8860.17969  5.31355428E-12
  8862.91992  5.30128762E-12
  8865.66016  5.28357653E-12
  8868.40039  5.30215542E-12
  8871.13965  5.32929039E-12
  8873.87988  5.34561674E-12
  8876.62012  5.34843827E-12
  8879.36035  5.33015125E-12
  8882.09961  5.31410853E-12
  8884.83984  5.29770975E-12
  8887.58008  5.27947694E-12
  8890.32031  5.26692535E-12
  8893.05957  5.29329488E-12
  8895.7998  5.3122888E-12
  8898.54004  5.28076064E-12
  8901.28027  5.27649192E-12
  8904.02051  5.3121561E-12
  8906.75977  5.34334773E-12
  8909.5  5.37669171E-12
  8912.24023  5.39095374E-12
  8914.98047  5.39851757E-12
  8917.71973  5.41684319E-12
  8920.45996  5.41684449E-12
  8923.2002  5.37885144E-12
  8925.94043  5.35649216E-12
  8928.67969  5.34746422E-12
  8931.41992  5.32649662E-12
  8934.16016  5.3037106E-12
  8936.90039  5.30355881E-12
  8939.63965  5.29518183E-12
  8942.37988  5.24277323E-12
  8945.12012  5.21727496E-12
  8947.86035  5.22985431E-12
  8950.59961  5.25678286E-12
  8953.33984  5.30007722E-12
  8956.08008  5.3319198E-12
  8958.82031  5.3547119E-12
  8961.55957  5.36133074E-12
  8964.2998  5.35222474E-12
  8967.04004  5.29914177E-12
  8969.78027  5.32801624E-12
  8972.52051  5.46156696E-12
  8975.25977  5.40920087E-12
  8978.  5.2786729E-12
  8980.74023  5.25930645E-12
  8983.48047  5.27840749E-12
  8986.21973  5.33394075E-12
  8988.95996  5.3616547E-12
  8991.7002  5.34444797E-12
  8994.44043  5.31714473E-12
  8997.17969  5.27556427E-12
  8999.91992  5.25568521E-12
  9002.66016  5.24615811E-12
  9005.40039  5.24047429E-12
  9008.13965  5.24571879E-12
  9010.87988  5.27174224E-12
  9013.62012  5.28531646E-12
  9016.36035  5.27761732E-12
  9019.09961  5.33706152E-12
  9021.83984  5.41616144E-12
  9024.58008  5.32880597E-12
  9027.32031  5.23212159E-12
  9030.05957  5.26317661E-12
  9032.7998  5.29789667E-12
  9035.54004  5.32045154E-12
  9038.28027  5.33767345E-12
  9041.02051  5.35037639E-12
  9043.75977  5.32566873E-12
  9046.5  5.29072142E-12
  9049.24023  5.29737712E-12
  9051.98047  5.30497824E-12
  9054.71973  5.29120107E-12
  9057.45996  5.29402217E-12
  9060.2002  5.32612973E-12
  9062.94043  5.30145502E-12
  9065.67969  5.25012412E-12
  9068.41992  5.26199136E-12
  9071.16016  5.28756422E-12
  9073.90039  5.29063078E-12
  9076.63965  5.29836895E-12
  9079.37988  5.32789134E-12
  9082.12012  5.31616244E-12
  9084.86035  5.26823767E-12
  9087.59961  5.24291027E-12
  9090.33984  5.22627037E-12
  9093.08008  5.21028229E-12
  9095.82031  5.21850401E-12
  9098.55957  5.28943989E-12
  9101.2998  5.31816735E-12
  9104.04004  5.28789599E-12
  9106.78027  5.26692188E-12
  9109.52051  5.24544644E-12
  9112.25977  5.25965252E-12
  9115.  5.28377299E-12
  9117.74023  5.2914821E-12
  9120.48047  5.302678E-12
  9123.21973  5.33039671E-12
  9125.95996  5.32941399E-12
  9128.7002  5.29906934E-12
  9131.44043  5.31512508E-12
  9134.17969  5.34583619E-12
  9136.91992  5.34924362E-12
  9139.66016  5.32575763E-12
  9142.40039  5.24897313E-12
  9145.13965  5.19349537E-12
  9147.87988  5.16883411E-12
  9150.62012  5.15167856E-12
  9153.36035  5.14685386E-12
  9156.09961  5.17808756E-12
  9158.83984  5.22471736E-12
  9161.58008  5.26857421E-12
  9164.32031  5.29820372E-12
  9167.05957  5.30265198E-12
  9169.7998  5.30361475E-12
  9172.54004  5.29975499E-12
  9175.28027  5.28645834E-12
  9178.02051  5.27294397E-12
  9180.75977  5.29907541E-12
  9183.5  5.32979086E-12
  9186.24023  5.35322958E-12
  9188.98047  5.34040086E-12
  9191.71973  5.25685225E-12
  9194.45996  5.2547181E-12
  9197.2002  5.30210294E-12
  9199.94043  5.26538318E-12
  9202.67969  5.20407935E-12
  9205.41992  5.16867799E-12
  9208.16016  5.13925881E-12
  9210.90039  5.10476123E-12
  9213.63965  5.10442339E-12
  9216.37988  5.14115009E-12
  9219.12012  5.18209E-12
  9221.86035  5.2286296E-12
  9224.59961  5.25693334E-12
  9227.33984  5.26802517E-12
  9230.08008  5.23826512E-12
  9232.82031  5.2403251E-12
  9235.55957  5.32604646E-12
  9238.2998  5.29241581E-12
  9241.04004  5.17150342E-12
  9243.78027  5.18286586E-12
  9246.52051  5.24014382E-12
  9249.25977  5.27994922E-12
  9252.  5.29511721E-12
  9254.74023  5.25267373E-12
  9257.48047  5.23986366E-12
  9260.21973  5.26718166E-12
  9262.95996  5.25431218E-12
  9265.7002  5.22323417E-12
  9268.44043  5.2073337E-12
  9271.17969  5.19392775E-12
  9273.91992  5.17890028E-12
  9276.66016  5.16231632E-12
  9279.40039  5.13453776E-12
  9282.13965  5.14093455E-12
  9284.87988  5.1769266E-12
  9287.62012  5.18683273E-12
  9290.36035  5.1818402E-12
  9293.09961  5.14678751E-12
  9295.83984  5.11937194E-12
  9298.58008  5.12490441E-12
  9301.32031  5.13656175E-12
  9304.05957  5.15687493E-12
  9306.7998  5.17015987E-12
  9309.54004  5.17912232E-12
  9312.28027  5.16954448E-12
  9315.02051  5.1627899E-12
  9317.75977  5.18746808E-12
  9320.5  5.21507447E-12
  9323.24023  5.25084143E-12
  9325.98047  5.24483582E-12
  9328.71973  5.19777017E-12
  9331.45996  5.20628332E-12
  9334.2002  5.23258043E-12
  9336.94043  5.22994408E-12
  9339.67969  5.21670207E-12
  9342.41992  5.19011049E-12
  9345.16016  5.17517279E-12
  9347.90039  5.18161035E-12
  9350.63965  5.16346558E-12
  9353.37988  5.13367907E-12
  9356.12012  5.13898559E-12
  9358.86035  5.15536138E-12
  9361.59961  5.17569104E-12
  9364.33984  5.16545704E-12
  9367.08008  5.09116013E-12
  9369.82031  5.04748023E-12
  9372.55957  5.02658462E-12
  9375.2998  5.03655321E-12
  9378.04004  5.06515056E-12
  9380.78027  5.08165688E-12
  9383.52051  5.08747992E-12
  9386.25977  5.0658245E-12
  9389.  5.06271327E-12
  9391.74023  5.09281072E-12
  9394.48047  5.10273464E-12
  9397.21973  5.10379412E-12
  9399.95996  5.12897277E-12
  9402.7002  5.16327519E-12
  9405.44043  5.20250466E-12
  9408.17969  5.22350002E-12
  9410.91992  5.21213107E-12
  9413.66016  5.18767668E-12
  9416.40039  5.14393519E-12
  9419.13965  5.13132679E-12
  9421.87988  5.13300513E-12
  9424.62012  5.12554625E-12
  9427.36035  5.11879514E-12
  9430.09961  5.1172044E-12
  9432.83984  5.11516784E-12
  9435.58008  5.11207483E-12
  9438.32031  5.10876064E-12
  9441.05957  5.10499715E-12
  9443.7998  5.08749856E-12
  9446.54004  5.0686135E-12
  9449.28027  5.06617925E-12
  9452.02051  5.07491011E-12
  9454.75977  5.10760184E-12
  9457.5  5.10855247E-12
  9460.24023  5.06776825E-12
  9462.98047  5.07722076E-12
  9465.71973  5.10412632E-12
  9468.45996  5.06604611E-12
  9471.2002  5.02456887E-12
  9473.94043  5.02888703E-12
  9476.67969  5.03856635E-12
  9479.41992  5.05676534E-12
  9482.16016  5.04570127E-12
  9484.90039  5.01082335E-12
  9487.63965  5.00370622E-12
  9490.37988  5.00444174E-12
  9493.12012  4.98969616E-12
  9495.86035  4.98441696E-12
  9498.59961  5.00316021E-12
  9501.33984  5.02500515E-12
  9504.08008  5.04974665E-12
  9506.82031  5.08104019E-12
  9509.55957  5.11477753E-12
  9512.2998  5.12310637E-12
  9515.04004  5.12347499E-12
  9517.78027  5.12753512E-12
  9520.52051  5.13409584E-12
  9523.25977  5.14712275E-12
  9526.  5.15013683E-12
  9528.74023  5.14388358E-12
  9531.48047  5.16668175E-12
  9534.21973  5.18897078E-12
  9536.95996  5.14536677E-12
  9539.7002  5.08696774E-12
  9542.44043  5.02789347E-12
  9545.17969  4.99089875E-12
  9547.91992  4.98307645E-12
  9550.66016  4.97163855E-12
  9553.40039  4.9637577E-12
  9556.13965  4.96906292E-12
  9558.87988  4.9760608E-12
  9561.62012  4.96282529E-12
  9564.36035  4.96796874E-12
  9567.09961  5.0141627E-12
  9569.83984  5.04311003E-12
  9572.58008  5.06122705E-12
  9575.32031  5.04782717E-12
  9578.05957  5.0175762E-12
  9580.7998  4.99836544E-12
  9583.54004  4.98794105E-12
  9586.28027  4.99783505E-12
  9589.02051  4.9970349E-12
  9591.75977  4.96927889E-12
  9594.5  4.98838297E-12
  9597.24023  5.0345882E-12
  9599.98047  5.02235883E-12
  9602.71973  5.00968191E-12
  9605.45996  5.07577964E-12
  9608.2002  5.1263143E-12
  9610.94043  5.11536516E-12
  9613.67969  5.13892011E-12
  9616.41992  5.20246346E-12
  9619.16016  5.18026507E-12
  9621.90039  5.11963128E-12
  9624.63965  5.10074795E-12
  9627.37988  5.08290068E-12
  9630.12012  5.04774391E-12
  9632.86035  5.00818787E-12
  9635.59961  4.94800425E-12
  9638.33984  4.95539504E-12
  9641.08008  5.00990005E-12
  9643.82031  4.98296326E-12
  9646.55957  4.93588373E-12
  9649.2998  4.92138925E-12
  9652.04004  4.92932648E-12
  9654.78027  4.97948514E-12
  9657.52051  4.99642255E-12
  9660.25977  4.97762118E-12
  9663.  4.96831439E-12
  9665.74023  4.95972274E-12
  9668.48047  4.95397647E-12
  9671.21973  4.95095848E-12
  9673.95996  4.95199888E-12
  9676.7002  4.95353671E-12
  9679.44043  4.95416945E-12
  9682.17969  4.95824085E-12
  9684.91992  4.96510342E-12
  9687.66016  4.96919563E-12
  9690.40039  4.97628067E-12
  9693.13965  5.00113796E-12
  9695.87988  5.02212725E-12
  9698.62012  5.02379215E-12
  9701.36035  5.03683944E-12
  9704.09961  5.07116224E-12
  9706.83984  5.05066041E-12
  9709.58008  5.00375782E-12
  9712.32031  5.01749944E-12
  9715.05957  5.02607244E-12
  9717.7998  4.95994175E-12
  9720.54004  4.91339825E-12
  9723.28027  4.9068514E-12
  9726.02051  4.92005351E-12
  9728.75977  4.95629666E-12
  9731.5  4.94668152E-12
  9734.24023  4.92218939E-12
  9736.98047  4.91308123E-12
  9739.71973  4.92755749E-12
  9742.45996  4.99862391E-12
  9745.2002  5.02903405E-12
  9747.94043  5.00722293E-12
  9750.67969  4.98777799E-12
  9753.41992  4.96217087E-12
  9756.16016  4.94237117E-12
  9758.90039  4.93223301E-12
  9761.63965  4.95125685E-12
  9764.37988  4.95741902E-12
  9767.12012  4.92895915E-12
  9769.86035  4.9208298E-12
  9772.59961  4.92804105E-12
  9775.33984  4.94417094E-12
  9778.08008  4.96367183E-12
  9780.82031  4.96376204E-12
  9783.55957  4.96126057E-12
  9786.2998  4.96322818E-12
  9789.04004  4.96847528E-12
  9791.78027  4.97724691E-12
  9794.52051  4.98907166E-12
  9797.25977  5.0036828E-12
  9800.  5.01804848E-12
  9802.74023  5.03057535E-12
  9805.48047  5.04232246E-12
  9808.21973  5.03774323E-12
  9810.95996  5.00487802E-12
  9813.7002  4.97513229E-12
  9816.44043  4.94719586E-12
  9819.17969  4.89827753E-12
  9821.91992  4.85139316E-12
  9824.66016  4.87775402E-12
  9827.40039  4.93083395E-12
  9830.13965  5.0106282E-12
  9832.87988  5.03760055E-12
  9835.62012  4.97623514E-12
  9838.36035  4.9613872E-12
  9841.09961  4.96566026E-12
  9843.83984  4.9312672E-12
  9846.58008  4.90165157E-12
  9849.32031  4.94871071E-12
  9852.05957  4.97781937E-12
  9854.7998  4.937422E-12
  9857.54004  4.93033088E-12
  9860.28027  4.95569037E-12
  9863.02051  4.97662285E-12
  9865.75977  4.99877353E-12
  9868.5  5.02018436E-12
  9871.24023  5.02596966E-12
  9873.98047  4.99244526E-12
  9876.71973  4.96084163E-12
  9879.45996  4.93284623E-12
  9882.2002  4.92547843E-12
  9884.94043  4.93431771E-12
  9887.67969  4.9066376E-12
  9890.41992  4.86968842E-12
  9893.16016  4.84807246E-12
  9895.90039  4.84632777E-12
  9898.63965  4.88074295E-12
  9901.37988  4.90421505E-12
  9904.12012  4.9130023E-12
  9906.86035  4.95116925E-12
  9909.59961  4.99694296E-12
  9912.33984  4.97201542E-12
  9915.08008  4.93229459E-12
  9917.82031  4.91178799E-12
  9920.55957  4.91139508E-12
  9923.2998  4.94433791E-12
  9926.04004  4.96071847E-12
  9928.78027  4.96777402E-12
  9931.52051  4.96550023E-12
  9934.25977  4.95671689E-12
  9937.  4.9495334E-12
  9939.74023  4.93474836E-12
  9942.48047  4.89223592E-12
  9945.21973  4.89197701E-12
  9947.95996  4.9526867E-12
  9950.7002  4.95791082E-12
  9953.44043  4.93622851E-12
  9956.17969  4.90876654E-12
  9958.91992  4.8905038E-12
  9961.66016  4.92116764E-12
  9964.40039  4.9367563E-12
  9967.13965  4.91737207E-12
  9969.87988  4.89578126E-12
  9972.62012  4.86716396E-12
  9975.36035  4.87724531E-12
  9978.09961  4.89630862E-12
  9980.83984  4.85885073E-12
  9983.58008  4.83121832E-12
  9986.32031  4.85240754E-12
  9989.05957  4.8813939E-12
  9991.7998  4.91933577E-12
  9994.54004  4.95504289E-12
  9997.28027  4.99084671E-12
  10000.0205  5.0305155E-12
  10002.7598  5.04991274E-12
  10005.5  5.00363856E-12
  10008.2402  4.9508223E-12
  10010.9805  4.90469297E-12
  10013.7197  4.86434807E-12
  10016.46  4.82881183E-12
  10019.2002  4.80681033E-12
  10021.9404  4.78887893E-12
  10024.6797  4.74287016E-12
  10027.4199  4.7042834E-12
  10030.1602  4.69545106E-12
  10032.9004  4.70092845E-12
  10035.6396  4.71984084E-12
  10038.3799  4.75805419E-12
  10041.1201  4.81099405E-12
  10043.8604  4.82039061E-12
  10046.5996  4.81776294E-12
  10049.3398  4.83663673E-12
  10052.0801  4.84473616E-12
  10054.8203  4.8132197E-12
  10057.5596  4.83823441E-12
  10060.2998  4.92824444E-12
  10063.04  4.92378404E-12
  10065.7803  4.87685847E-12
  10068.5205  4.83846253E-12
  10071.2598  4.82984009E-12
  10074.  4.9177936E-12
  10076.7402  4.94944537E-12
  10079.4805  4.86523755E-12
  10082.2197  4.88125859E-12
  10084.96  4.95552037E-12
  10087.7002  4.94897699E-12
  10090.4404  4.91813448E-12
  10093.1797  4.9026473E-12
  10095.9199  4.89618675E-12
  10098.6602  4.91326684E-12
  10101.4004  4.90034445E-12
  10104.1396  4.85175919E-12
  10106.8799  4.82903821E-12
  10109.6201  4.82083254E-12
  10112.3604  4.85937289E-12
  10115.0996  4.86831539E-12
  10117.8398  4.71306457E-12
  10120.5801  4.6752398E-12
  10123.3203  4.88789261E-12
  10126.0596  4.90636958E-12
  10128.7998  4.79843335E-12
  10131.54  4.72767528E-12
  10134.2803  4.67991531E-12
  10137.0205  4.73711695E-12
  10139.7598  4.7750688E-12
  10142.5  4.70573016E-12
  10145.2402  4.69632883E-12
  10147.9805  4.76972108E-12
  10150.7197  4.74448736E-12
  10153.46  4.68512208E-12
  10156.2002  4.79924E-12
  10158.9404  4.89554014E-12
  10161.6797  4.74268151E-12
  10164.4199  4.67842128E-12
  10167.1602  4.82922599E-12
  10169.9004  4.8676627E-12
  10172.6396  4.82991988E-12
  10175.3799  4.86669429E-12
  10178.1201  4.90945045E-12
  10180.8604  4.84880625E-12
  10183.5996  4.79459224E-12
  10186.3398  4.81605554E-12
  10189.0801  4.80954599E-12
  10191.8203  4.75525131E-12
  10194.5596  4.96107235E-12
  10197.2998  5.11176041E-12
  10200.04  2.51484315E-12
  10202.7803 -2.4283036E-13
  10205.5205 -2.39003912E-13
