HD160617 G230LB+G430L+G750L Bohlin 20Sep2013
HST GO12813 FILE WRITTEN BY STISREDUCE.PRO ON 20-Sep-2013 15:52:18.00
2863
 1666.584473  3.7394E-14
 1667.954834  5.4111E-14
 1669.325073  4.2051E-14
 1670.695435  4.9497E-14
 1672.065796  5.2360E-14
 1673.436157  6.1652E-14
 1674.806519  3.0301E-14
 1676.176880  4.3013E-14
 1677.547241  2.7790E-14
 1678.917603  3.7206E-14
 1680.288086  2.6817E-14
 1681.658447  4.0881E-14
 1683.028931  3.2532E-14
 1684.399414  4.4278E-14
 1685.769897  3.9396E-14
 1687.140381  5.1838E-14
 1688.510864  3.1133E-14
 1689.881470  2.5458E-14
 1691.251953  3.2901E-14
 1692.622559  3.2715E-14
 1693.993042  2.2733E-14
 1695.363647  3.8181E-14
 1696.734253  3.8692E-14
 1698.104858  2.5054E-14
 1699.475464  2.7903E-14
 1700.846069  4.0611E-14
 1702.216797  2.9161E-14
 1703.587402  2.3012E-14
 1704.958130  2.8009E-14
 1706.328857  4.0169E-14
 1707.699463  2.3245E-14
 1709.070190  3.0022E-14
 1710.440918  3.8844E-14
 1711.811768  3.5583E-14
 1713.182495  3.0051E-14
 1714.553223  2.8257E-14
 1715.924072  2.8677E-14
 1717.294800  3.0740E-14
 1718.665649  2.9792E-14
 1720.036499  3.2881E-14
 1721.407349  3.1536E-14
 1722.778198  2.8409E-14
 1724.149048  3.2653E-14
 1725.520020  4.1087E-14
 1726.890869  3.7764E-14
 1728.261719  3.6941E-14
 1729.632690  4.3410E-14
 1731.003662  4.2499E-14
 1732.374634  3.1848E-14
 1733.745605  4.3856E-14
 1735.116577  4.2398E-14
 1736.487549  4.1683E-14
 1737.858521  5.1929E-14
 1739.229614  4.5425E-14
 1740.600586  5.0510E-14
 1741.971680  4.0897E-14
 1743.342651  3.7659E-14
 1744.713745  5.7246E-14
 1746.084839  5.6017E-14
 1747.455933  4.8243E-14
 1748.827026  6.1166E-14
 1750.198242  5.7493E-14
 1751.569336  5.6626E-14
 1752.940552  6.7331E-14
 1754.311646  6.6674E-14
 1755.682861  6.1354E-14
 1757.054077  5.8046E-14
 1758.425293  6.1990E-14
 1759.796509  6.1125E-14
 1761.167725  5.4969E-14
 1762.538940  5.4099E-14
 1763.910156  5.3136E-14
 1765.281494  6.0634E-14
 1766.652710  6.9822E-14
 1768.024048  6.8939E-14
 1769.395386  6.7766E-14
 1770.766602  6.9119E-14
 1772.137939  7.0947E-14
 1773.509277  8.0809E-14
 1774.880615  8.0197E-14
 1776.252075  7.9476E-14
 1777.623413  8.3177E-14
 1778.994751  9.0404E-14
 1780.366211  7.7725E-14
 1781.737671  8.0211E-14
 1783.109009  8.0200E-14
 1784.480469  8.2641E-14
 1785.851929  7.7828E-14
 1787.223389  8.7657E-14
 1788.594849  9.1156E-14
 1789.966431  9.9601E-14
 1791.337891  9.3433E-14
 1792.709351  8.8945E-14
 1794.080933  9.6032E-14
 1795.452515  1.0040E-13
 1796.823975  9.2251E-14
 1798.195557  9.8781E-14
 1799.567139  1.0566E-13
 1800.938721  1.0905E-13
 1802.310303  9.8439E-14
 1803.682007  9.9571E-14
 1805.053589  8.2367E-14
 1806.425171  7.4812E-14
 1807.796875  8.8557E-14
 1809.168457  1.0007E-13
 1810.540161  1.0418E-13
 1811.911865  9.8979E-14
 1813.283569  9.7654E-14
 1814.655273  1.0435E-13
 1816.026978  9.7081E-14
 1817.398682  9.7464E-14
 1818.770386  9.2164E-14
 1820.142212  1.0155E-13
 1821.513916  1.0617E-13
 1822.885742  1.1460E-13
 1824.257446  1.1322E-13
 1825.629272  1.0398E-13
 1827.001099  1.0162E-13
 1828.372925  1.1338E-13
 1829.744751  1.1584E-13
 1831.116577  1.1290E-13
 1832.488403  1.1837E-13
 1833.860352  1.1968E-13
 1835.232178  1.0965E-13
 1836.604004  1.1895E-13
 1837.975952  1.0547E-13
 1839.347900  9.6830E-14
 1840.719727  9.7576E-14
 1842.091675  1.0228E-13
 1843.463623  9.8449E-14
 1844.835571  8.4146E-14
 1846.207520  7.3790E-14
 1847.579468  8.3700E-14
 1848.951538  8.0367E-14
 1850.323486  7.7268E-14
 1851.695435  9.5563E-14
 1853.067505  1.1287E-13
 1854.439575  1.2123E-13
 1855.811523  1.2341E-13
 1857.183594  1.1759E-13
 1858.555664  1.2293E-13
 1859.927734  1.3279E-13
 1861.299805  1.2641E-13
 1862.671875  1.2789E-13
 1864.043945  1.1763E-13
 1865.416138  1.3689E-13
 1866.788208  1.4656E-13
 1868.160400  1.4080E-13
 1869.532471  1.3953E-13
 1870.904663  1.3700E-13
 1872.276855  1.3999E-13
 1873.648926  1.3146E-13
 1875.021118  1.2361E-13
 1876.393311  1.3286E-13
 1877.765503  1.4500E-13
 1879.137695  1.4009E-13
 1880.510010  1.4548E-13
 1881.882202  1.5277E-13
 1883.254395  1.5474E-13
 1884.626709  1.6197E-13
 1885.998901  1.6082E-13
 1887.371216  1.5266E-13
 1888.743530  1.5569E-13
 1890.115845  1.5700E-13
 1891.488037  1.5713E-13
 1892.860352  1.6131E-13
 1894.232666  1.6302E-13
 1895.605103  1.5575E-13
 1896.977417  1.5081E-13
 1898.349731  1.4077E-13
 1899.722046  1.3237E-13
 1901.094482  1.4533E-13
 1902.466797  1.6189E-13
 1903.839233  1.6132E-13
 1905.211670  1.6307E-13
 1906.583984  1.6593E-13
 1907.956421  1.6669E-13
 1909.328857  1.5735E-13
 1910.701294  1.6552E-13
 1912.073730  1.7508E-13
 1913.446167  1.7405E-13
 1914.818604  1.7799E-13
 1916.191162  1.8098E-13
 1917.563599  1.7947E-13
 1918.936035  1.9018E-13
 1920.308594  1.8751E-13
 1921.681030  1.8541E-13
 1923.053589  1.8159E-13
 1924.426147  1.8123E-13
 1925.798706  1.7689E-13
 1927.171143  1.7512E-13
 1928.543701  1.4809E-13
 1929.916260  1.1943E-13
 1931.288818  1.2823E-13
 1932.661499  1.4865E-13
 1934.034058  1.4423E-13
 1935.406616  1.4495E-13
 1936.779297  1.6570E-13
 1938.151855  1.9827E-13
 1939.524536  1.9659E-13
 1940.897095  2.0943E-13
 1942.269775  2.1071E-13
 1943.642334  2.0652E-13
 1945.015015  2.0264E-13
 1946.387695  2.1316E-13
 1947.760376  2.1125E-13
 1949.133057  2.0317E-13
 1950.505737  2.0218E-13
 1951.878418  2.0456E-13
 1953.251099  2.0825E-13
 1954.623901  2.0756E-13
 1955.996582  2.1669E-13
 1957.369385  2.0360E-13
 1958.742065  2.0315E-13
 1960.114868  1.9920E-13
 1961.487549  1.9855E-13
 1962.860352  2.1317E-13
 1964.233154  2.2117E-13
 1965.605835  2.3728E-13
 1966.978638  2.3170E-13
 1968.351440  2.3563E-13
 1969.724243  2.2415E-13
 1971.097046  2.2754E-13
 1972.469849  2.2604E-13
 1973.842773  2.1986E-13
 1975.215576  2.1890E-13
 1976.588379  2.0979E-13
 1977.961304  2.0972E-13
 1979.334106  2.1095E-13
 1980.707031  2.2108E-13
 1982.079834  2.1813E-13
 1983.452759  2.1879E-13
 1984.825684  2.1682E-13
 1986.198486  2.1633E-13
 1987.571411  2.0546E-13
 1988.944336  2.1557E-13
 1990.317261  2.2355E-13
 1991.690186  2.2645E-13
 1993.063110  2.2418E-13
 1994.436035  2.3077E-13
 1995.808960  2.3611E-13
 1997.182007  2.3795E-13
 1998.554932  2.3584E-13
 1999.927856  2.3093E-13
 2001.300903  2.3645E-13
 2002.673828  2.3234E-13
 2004.046875  2.2963E-13
 2005.419800  2.4250E-13
 2006.792847  2.2886E-13
 2008.165894  2.3628E-13
 2009.538940  2.4133E-13
 2010.911865  2.2450E-13
 2012.284912  2.4398E-13
 2013.657959  2.4674E-13
 2015.031006  2.4394E-13
 2016.404053  2.3989E-13
 2017.777100  2.5408E-13
 2019.150269  2.5059E-13
 2020.523315  2.4416E-13
 2021.896362  2.4324E-13
 2023.269409  2.4575E-13
 2024.642578  2.2224E-13
 2026.015625  2.1522E-13
 2027.388794  2.5836E-13
 2028.761841  2.5678E-13
 2030.135010  2.6357E-13
 2031.508179  2.6310E-13
 2032.881226  2.5592E-13
 2034.254395  2.5112E-13
 2035.627563  2.6488E-13
 2037.000732  2.7233E-13
 2038.373901  2.6811E-13
 2039.747070  2.5794E-13
 2041.120239  2.6683E-13
 2042.493408  2.8507E-13
 2043.866577  2.8427E-13
 2045.239746  2.9377E-13
 2046.612915  2.9395E-13
 2047.986206  2.9172E-13
 2049.359375  2.9797E-13
 2050.732666  2.9662E-13
 2052.105713  2.9423E-13
 2053.479004  2.8587E-13
 2054.852295  2.7040E-13
 2056.225586  2.6873E-13
 2057.598877  2.6801E-13
 2058.971924  2.7729E-13
 2060.345215  2.7639E-13
 2061.718506  2.5430E-13
 2063.091797  2.7280E-13
 2064.465088  2.8784E-13
 2065.838379  2.8219E-13
 2067.211670  2.9481E-13
 2068.584961  2.9473E-13
 2069.958252  3.0558E-13
 2071.331543  3.1103E-13
 2072.704834  3.1248E-13
 2074.078125  3.1336E-13
 2075.451416  3.2432E-13
 2076.824707  3.2605E-13
 2078.198242  3.1467E-13
 2079.571533  3.2073E-13
 2080.944824  3.1633E-13
 2082.318115  3.1567E-13
 2083.691406  3.1165E-13
 2085.064941  3.1397E-13
 2086.438232  3.2473E-13
 2087.811523  3.2376E-13
 2089.185059  3.2208E-13
 2090.558350  3.1909E-13
 2091.931641  3.2427E-13
 2093.305176  3.1528E-13
 2094.678467  3.1280E-13
 2096.052002  3.2681E-13
 2097.425293  3.2277E-13
 2098.798828  3.2816E-13
 2100.172119  3.1570E-13
 2101.545654  3.3124E-13
 2102.918945  3.0878E-13
 2104.292480  3.3736E-13
 2105.665771  3.4533E-13
 2107.039307  3.1781E-13
 2108.412842  2.9709E-13
 2109.786133  3.0553E-13
 2111.159668  3.1597E-13
 2112.532959  3.1928E-13
 2113.906494  3.1583E-13
 2115.280029  3.3528E-13
 2116.653564  3.6505E-13
 2118.026855  3.4801E-13
 2119.400391  3.5771E-13
 2120.773926  3.4943E-13
 2122.147461  3.1323E-13
 2123.520996  2.6358E-13
 2124.894287  2.9111E-13
 2126.267822  3.3524E-13
 2127.641357  3.3280E-13
 2129.014893  3.2015E-13
 2130.388428  2.9812E-13
 2131.761963  2.9506E-13
 2133.135498  2.8457E-13
 2134.509033  2.6754E-13
 2135.882568  3.0407E-13
 2137.256104  3.2491E-13
 2138.629639  3.1086E-13
 2140.003174  3.2693E-13
 2141.376709  3.5183E-13
 2142.750244  3.5133E-13
 2144.123779  3.4725E-13
 2145.497314  3.3882E-13
 2146.870850  3.3303E-13
 2148.244385  3.3890E-13
 2149.617920  3.3383E-13
 2150.991455  3.1926E-13
 2152.365234  3.4055E-13
 2153.738770  3.5235E-13
 2155.112305  3.4490E-13
 2156.485840  3.4022E-13
 2157.859375  3.2222E-13
 2159.233154  3.0650E-13
 2160.606689  3.3647E-13
 2161.980225  3.5219E-13
 2163.353760  3.4533E-13
 2164.727539  3.2973E-13
 2166.101074  3.1265E-13
 2167.474609  3.1654E-13
 2168.848389  3.1993E-13
 2170.221924  3.3942E-13
 2171.595459  3.3937E-13
 2172.969238  3.3502E-13
 2174.342773  3.2496E-13
 2175.716553  3.3077E-13
 2177.090088  3.3404E-13
 2178.463623  3.5599E-13
 2179.837402  3.7670E-13
 2181.210938  4.0147E-13
 2182.584717  4.0565E-13
 2183.958252  3.7519E-13
 2185.332031  3.7173E-13
 2186.705566  3.3915E-13
 2188.079346  3.6758E-13
 2189.452881  3.8507E-13
 2190.826660  3.8452E-13
 2192.200195  3.8821E-13
 2193.573975  4.1709E-13
 2194.947754  4.2762E-13
 2196.321289  4.1224E-13
 2197.695068  4.2003E-13
 2199.068604  4.2218E-13
 2200.442383  3.9046E-13
 2201.816162  4.0635E-13
 2203.189697  4.2602E-13
 2204.563477  4.1287E-13
 2205.937012  3.9311E-13
 2207.310791  3.7172E-13
 2208.684570  3.5614E-13
 2210.058105  3.2957E-13
 2211.431885  3.1195E-13
 2212.805664  3.7230E-13
 2214.179443  3.7107E-13
 2215.552979  3.7314E-13
 2216.926758  3.4450E-13
 2218.300537  3.7046E-13
 2219.674072  3.9892E-13
 2221.047852  4.0068E-13
 2222.421631  4.0574E-13
 2223.795410  3.9983E-13
 2225.169189  4.0426E-13
 2226.542725  4.0137E-13
 2227.916504  4.0405E-13
 2229.290283  4.1915E-13
 2230.664062  4.2469E-13
 2232.037598  4.3274E-13
 2233.411377  4.3977E-13
 2234.785156  4.4514E-13
 2236.158936  4.4914E-13
 2237.532715  4.5119E-13
 2238.906494  4.5381E-13
 2240.280273  4.3984E-13
 2241.653809  4.2282E-13
 2243.027588  4.0911E-13
 2244.401367  3.9598E-13
 2245.775146  4.1295E-13
 2247.148926  4.1500E-13
 2248.522705  3.9893E-13
 2249.896484  3.8234E-13
 2251.270264  3.8901E-13
 2252.644043  3.9758E-13
 2254.017578  3.6634E-13
 2255.391357  3.7663E-13
 2256.765137  3.9242E-13
 2258.138916  4.0421E-13
 2259.512695  3.8310E-13
 2260.886475  3.7763E-13
 2262.260254  4.0853E-13
 2263.634033  3.8972E-13
 2265.007812  3.7774E-13
 2266.381592  3.6972E-13
 2267.755371  3.7170E-13
 2269.129150  3.8171E-13
 2270.502930  4.0243E-13
 2271.876709  3.9554E-13
 2273.250488  4.1150E-13
 2274.624268  4.0160E-13
 2275.998047  3.9070E-13
 2277.371826  4.1124E-13
 2278.745605  4.1626E-13
 2280.119385  4.1960E-13
 2281.493164  4.6237E-13
 2282.866943  4.3750E-13
 2284.240723  4.3102E-13
 2285.614502  4.4130E-13
 2286.988281  4.0526E-13
 2288.362061  4.1720E-13
 2289.735840  4.1407E-13
 2291.109619  4.1412E-13
 2292.483398  4.1934E-13
 2293.857178  4.1703E-13
 2295.230957  4.2338E-13
 2296.604736  3.7495E-13
 2297.978516  3.5596E-13
 2299.352295  3.8031E-13
 2300.726074  3.9497E-13
 2302.099854  4.1576E-13
 2303.473633  3.9751E-13
 2304.847412  4.4064E-13
 2306.221191  4.5029E-13
 2307.594971  4.3793E-13
 2308.968750  4.4598E-13
 2310.342529  4.3056E-13
 2311.716309  3.9711E-13
 2313.090088  3.8813E-13
 2314.463867  4.1710E-13
 2315.837646  4.3287E-13
 2317.211426  4.4322E-13
 2318.585205  4.2680E-13
 2319.958984  4.2263E-13
 2321.332764  4.3080E-13
 2322.706543  4.5442E-13
 2324.080322  4.5789E-13
 2325.454102  4.1570E-13
 2326.827881  3.9549E-13
 2328.201660  4.2134E-13
 2329.575439  4.3526E-13
 2330.949219  3.8717E-13
 2332.322998  3.4823E-13
 2333.696777  3.7515E-13
 2335.070557  3.9690E-13
 2336.444336  4.1074E-13
 2337.818115  3.4173E-13
 2339.191895  3.7072E-13
 2340.565674  3.9117E-13
 2341.939453  3.7873E-13
 2343.313232  2.6424E-13
 2344.687012  2.6033E-13
 2346.060791  3.1273E-13
 2347.434570  3.0720E-13
 2348.808350  3.3262E-13
 2350.182129  4.1842E-13
 2351.555908  4.3808E-13
 2352.929688  4.5048E-13
 2354.303467  4.1204E-13
 2355.677246  4.1813E-13
 2357.051025  4.4177E-13
 2358.424805  3.9982E-13
 2359.798340  3.0138E-13
 2361.172119  3.6061E-13
 2362.545898  4.0921E-13
 2363.919678  3.9238E-13
 2365.293457  3.6986E-13
 2366.667236  3.8877E-13
 2368.041016  4.0901E-13
 2369.414795  4.1963E-13
 2370.788574  4.4081E-13
 2372.162354  4.3127E-13
 2373.535889  3.5530E-13
 2374.909668  3.8165E-13
 2376.283447  4.2776E-13
 2377.657227  4.3582E-13
 2379.031006  3.5494E-13
 2380.404785  2.9545E-13
 2381.778564  1.9030E-13
 2383.152100  2.2486E-13
 2384.525879  3.4147E-13
 2385.899658  4.1148E-13
 2387.273438  3.8639E-13
 2388.647217  3.1381E-13
 2390.020752  4.0232E-13
 2391.394531  4.3891E-13
 2392.768311  4.4835E-13
 2394.142090  3.7932E-13
 2395.515625  2.7892E-13
 2396.889404  3.3632E-13
 2398.263184  3.6814E-13
 2399.636963  3.3347E-13
 2401.010498  4.1785E-13
 2402.384277  4.0196E-13
 2403.758057  3.5637E-13
 2405.131836  2.7412E-13
 2406.505371  2.9277E-13
 2407.879150  3.5808E-13
 2409.252930  3.8462E-13
 2410.626465  2.7572E-13
 2412.000244  3.2660E-13
 2413.374023  3.4539E-13
 2414.747559  4.2064E-13
 2416.121338  4.4811E-13
 2417.494873  4.6128E-13
 2418.868652  4.7968E-13
 2420.242432  5.0944E-13
 2421.615967  5.3050E-13
 2422.989746  4.8200E-13
 2424.363281  4.4526E-13
 2425.737061  4.7655E-13
 2427.110596  4.9066E-13
 2428.484375  4.7671E-13
 2429.857910  4.7785E-13
 2431.231689  5.1120E-13
 2432.605225  4.7747E-13
 2433.979004  4.5944E-13
 2435.352539  4.2624E-13
 2436.726318  4.4523E-13
 2438.099854  4.6086E-13
 2439.473633  4.5285E-13
 2440.847168  4.9573E-13
 2442.220703  5.0929E-13
 2443.594482  4.9666E-13
 2444.968018  4.8067E-13
 2446.341553  4.8018E-13
 2447.715332  4.8247E-13
 2449.088867  4.8036E-13
 2450.462402  4.5721E-13
 2451.836182  4.5231E-13
 2453.209717  4.6626E-13
 2454.583252  4.7678E-13
 2455.957031  4.8823E-13
 2457.330566  4.9913E-13
 2458.704102  4.8966E-13
 2460.077637  4.8251E-13
 2461.451416  4.5060E-13
 2462.824951  4.2947E-13
 2464.198486  4.5116E-13
 2465.572021  4.6400E-13
 2466.945557  4.5978E-13
 2468.319092  4.6309E-13
 2469.692627  4.7003E-13
 2471.066406  4.7153E-13
 2472.439941  4.4014E-13
 2473.813477  4.7021E-13
 2475.187012  4.8393E-13
 2476.560547  4.6004E-13
 2477.934082  4.4399E-13
 2479.307617  4.1006E-13
 2480.681152  4.6249E-13
 2482.054688  4.4482E-13
 2483.428223  3.5152E-13
 2484.801758  3.9281E-13
 2486.175293  4.1341E-13
 2487.548584  4.0571E-13
 2488.922119  3.7804E-13
 2490.295654  3.2864E-13
 2491.669189  3.7091E-13
 2493.042725  4.4380E-13
 2494.416260  4.9577E-13
 2495.789795  5.2178E-13
 2497.163086  5.1213E-13
 2498.536621  5.0699E-13
 2499.910156  5.3053E-13
 2501.283691  4.7113E-13
 2502.656982  4.9580E-13
 2504.030518  4.8502E-13
 2505.404053  4.5050E-13
 2506.777344  3.6547E-13
 2508.150879  4.5618E-13
 2509.524170  5.0867E-13
 2510.897705  4.6191E-13
 2512.271240  4.4094E-13
 2513.644531  3.8125E-13
 2515.018066  3.0861E-13
 2516.391357  2.7760E-13
 2517.764893  3.2240E-13
 2519.138184  3.4113E-13
 2520.511719  4.0480E-13
 2521.885010  3.6968E-13
 2523.258301  3.1707E-13
 2524.631836  3.0863E-13
 2526.005127  3.2617E-13
 2527.378662  3.0360E-13
 2528.751953  2.6510E-13
 2530.125244  3.5348E-13
 2531.498779  4.3141E-13
 2532.872070  4.4126E-13
 2534.245361  4.1754E-13
 2535.618652  4.0701E-13
 2536.991943  4.0684E-13
 2538.365479  4.0738E-13
 2539.738770  4.2266E-13
 2541.112061  4.1842E-13
 2542.485352  4.4089E-13
 2543.858643  4.5594E-13
 2545.231934  4.3275E-13
 2546.605225  4.3534E-13
 2547.978516  4.2928E-13
 2549.351807  3.8717E-13
 2550.725098  4.5437E-13
 2552.098389  5.2088E-13
 2553.471680  5.2677E-13
 2554.844971  5.3847E-13
 2556.218262  5.2913E-13
 2557.591553  5.3612E-13
 2558.964844  5.5242E-13
 2560.337891  5.2255E-13
 2561.711182  4.9223E-13
 2563.084473  4.3209E-13
 2564.457764  5.1376E-13
 2565.830811  5.6751E-13
 2567.204102  5.4493E-13
 2568.577393  5.5272E-13
 2569.950439  5.5731E-13
 2571.323730  5.4602E-13
 2572.697021  5.6955E-13
 2574.070068  5.6719E-13
 2575.443359  5.1218E-13
 2576.816406  4.9969E-13
 2578.189697  5.4928E-13
 2579.562744  5.7246E-13
 2580.936035  5.7555E-13
 2582.309082  5.3708E-13
 2583.682129  5.4768E-13
 2585.055420  4.7602E-13
 2586.428467  4.5820E-13
 2587.801514  5.5186E-13
 2589.174805  6.0600E-13
 2590.547852  6.0773E-13
 2591.920898  5.6510E-13
 2593.293945  5.4218E-13
 2594.666992  5.6149E-13
 2596.040283  5.7213E-13
 2597.413330  4.6971E-13
 2598.786377  3.5258E-13
 2600.159424  3.7881E-13
 2601.532471  5.5425E-13
 2602.905518  5.9257E-13
 2604.278564  5.2840E-13
 2605.651611  4.6052E-13
 2607.024658  3.8921E-13
 2608.397461  4.8793E-13
 2609.770508  5.1179E-13
 2611.143555  4.2540E-13
 2612.516602  3.8493E-13
 2613.889648  4.0656E-13
 2615.262451  4.7794E-13
 2616.635498  5.1979E-13
 2618.008545  4.7998E-13
 2619.381592  5.5328E-13
 2620.754395  5.5194E-13
 2622.127441  5.5067E-13
 2623.500244  5.7211E-13
 2624.873291  5.4001E-13
 2626.246094  4.8087E-13
 2627.619141  4.8967E-13
 2628.991943  4.6352E-13
 2630.364990  4.2834E-13
 2631.737793  3.8690E-13
 2633.110596  5.3907E-13
 2634.483643  6.3254E-13
 2635.856445  6.3940E-13
 2637.229248  6.6480E-13
 2638.602051  6.8510E-13
 2639.975098  6.8958E-13
 2641.347900  6.8575E-13
 2642.720703  7.1008E-13
 2644.093506  7.1208E-13
 2645.466309  6.9901E-13
 2646.839111  6.9822E-13
 2648.211914  6.9905E-13
 2649.584717  7.0066E-13
 2650.957520  7.0177E-13
 2652.330322  6.9732E-13
 2653.703125  6.9757E-13
 2655.075928  7.2616E-13
 2656.448486  7.0526E-13
 2657.821289  7.0442E-13
 2659.194092  6.8576E-13
 2660.566650  6.7536E-13
 2661.939453  6.4833E-13
 2663.312256  6.3778E-13
 2664.684814  6.3406E-13
 2666.057617  6.2971E-13
 2667.430176  6.2901E-13
 2668.802979  6.4038E-13
 2670.175537  6.5451E-13
 2671.548340  6.5885E-13
 2672.920898  6.3548E-13
 2674.293701  6.9785E-13
 2675.666260  7.0540E-13
 2677.038818  6.6656E-13
 2678.411377  6.2766E-13
 2679.784180  6.5056E-13
 2681.156738  6.8345E-13
 2682.529297  6.9363E-13
 2683.901855  6.8636E-13
 2685.274414  6.8401E-13
 2686.646973  6.7862E-13
 2688.019531  6.6552E-13
 2689.392090  6.4079E-13
 2690.764648  6.3392E-13
 2692.137207  6.6146E-13
 2693.509766  6.7071E-13
 2694.882324  6.6606E-13
 2696.254639  6.5306E-13
 2697.627197  6.4418E-13
 2698.999756  6.4732E-13
 2700.372070  6.6424E-13
 2701.744629  6.7179E-13
 2703.117188  6.8503E-13
 2704.489502  6.8286E-13
 2705.862061  6.6890E-13
 2707.234375  6.5724E-13
 2708.606934  6.5210E-13
 2709.979248  6.4961E-13
 2711.351562  6.4674E-13
 2712.724121  6.4279E-13
 2714.096436  6.3801E-13
 2715.468750  6.1984E-13
 2716.841064  6.4406E-13
 2718.213623  6.2633E-13
 2719.585938  5.8748E-13
 2720.958252  6.2068E-13
 2722.330566  6.4033E-13
 2723.702881  6.3081E-13
 2725.075195  6.1385E-13
 2726.447510  6.1928E-13
 2727.819824  6.0231E-13
 2729.192139  6.5897E-13
 2730.564209  6.8268E-13
 2731.936523  6.6233E-13
 2733.308838  6.2410E-13
 2734.680908  6.1872E-13
 2736.053223  6.1422E-13
 2737.425537  5.5829E-13
 2738.797607  5.8646E-13
 2740.169922  5.4451E-13
 2741.541992  5.8243E-13
 2742.914307  5.0641E-13
 2744.286377  5.2569E-13
 2745.658447  5.7245E-13
 2747.030762  4.6311E-13
 2748.402832  5.2624E-13
 2749.774902  4.6182E-13
 2751.146973  5.4278E-13
 2752.519287  6.2470E-13
 2753.891357  6.0669E-13
 2755.263428  5.4802E-13
 2756.635498  5.0490E-13
 2758.007568  6.2392E-13
 2759.379639  6.6512E-13
 2760.751709  6.6441E-13
 2762.123535  6.2238E-13
 2763.495605  6.3191E-13
 2764.867676  6.6432E-13
 2766.239746  6.6753E-13
 2767.611572  6.4827E-13
 2768.983643  6.3016E-13
 2770.355713  6.6669E-13
 2771.727539  6.8585E-13
 2773.099609  6.7595E-13
 2774.471436  6.9695E-13
 2775.843262  6.7551E-13
 2777.215332  6.4983E-13
 2778.587158  6.2017E-13
 2779.958984  6.1103E-13
 2781.331055  6.1603E-13
 2782.702881  6.3054E-13
 2784.074707  6.3098E-13
 2785.446533  6.3977E-13
 2786.818359  6.3938E-13
 2788.190186  5.8349E-13
 2789.562012  5.4202E-13
 2790.933838  4.3537E-13
 2792.305664  3.2606E-13
 2793.677490  2.0384E-13
 2795.049072  1.1083E-13
 2796.420898  1.0197E-13
 2797.792725  1.3420E-13
 2799.164307  1.9258E-13
 2800.536133  2.0968E-13
 2801.907715  1.3715E-13
 2803.279541  1.2289E-13
 2804.651123  2.1453E-13
 2806.022949  3.5816E-13
 2807.394531  4.8401E-13
 2808.766113  5.8391E-13
 2810.137939  6.1711E-13
 2811.509521  6.3488E-13
 2812.881104  6.5041E-13
 2814.252686  6.8594E-13
 2815.624268  7.1746E-13
 2816.995850  7.1031E-13
 2818.367432  7.1046E-13
 2819.739014  7.2303E-13
 2821.110596  7.3300E-13
 2822.482178  7.2993E-13
 2823.853516  7.3696E-13
 2825.225098  7.3684E-13
 2826.596680  7.1579E-13
 2827.968018  7.2993E-13
 2829.339600  7.2596E-13
 2830.710938  7.3727E-13
 2832.082520  7.2693E-13
 2833.453857  7.3253E-13
 2834.825439  7.2404E-13
 2836.196777  6.7481E-13
 2837.568115  7.3410E-13
 2838.939697  7.3068E-13
 2840.311035  6.8934E-13
 2841.682373  6.9877E-13
 2843.053711  6.8935E-13
 2844.425049  6.8495E-13
 2845.796387  6.9814E-13
 2847.167725  7.0702E-13
 2848.539062  6.5332E-13
 2849.910156  5.9583E-13
 2851.281494  4.6480E-13
 2852.652832  3.4272E-13
 2854.023926  5.4262E-13
 2855.395264  6.6115E-13
 2856.766602  6.7419E-13
 2858.137695  6.8803E-13
 2859.508789  7.1747E-13
 2860.880127  7.4915E-13
 2862.251221  7.2890E-13
 2863.622314  7.3607E-13
 2864.993652  7.1983E-13
 2866.364746  7.2071E-13
 2867.735840  6.8497E-13
 2869.106934  6.8896E-13
 2870.478027  7.2903E-13
 2871.849121  7.5085E-13
 2873.220215  7.4899E-13
 2874.591309  7.1881E-13
 2875.962402  7.0381E-13
 2877.333252  6.9816E-13
 2878.704346  6.9867E-13
 2880.075439  6.8516E-13
 2881.446289  5.5353E-13
 2882.817383  6.4120E-13
 2884.188232  7.3340E-13
 2885.559326  7.7453E-13
 2886.930176  7.8309E-13
 2888.301025  7.6319E-13
 2889.672119  7.3755E-13
 2891.042969  7.3878E-13
 2892.413818  7.1496E-13
 2893.784668  7.1634E-13
 2895.155518  7.3847E-13
 2896.526367  7.7446E-13
 2897.897217  7.8419E-13
 2899.268066  7.9248E-13
 2900.638672  8.3258E-13
 2902.009521  8.1212E-13
 2903.380371  8.2101E-13
 2904.751221  8.4169E-13
 2906.121826  8.1963E-13
 2907.492676  7.9099E-13
 2908.863281  7.7169E-13
 2910.233887  7.6134E-13
 2911.604736  7.8044E-13
 2912.975342  8.0929E-13
 2914.345947  8.2205E-13
 2915.716553  8.1414E-13
 2917.087402  7.9758E-13
 2918.458008  7.8646E-13
 2919.828613  8.0120E-13
 2921.199219  8.0082E-13
 2922.569580  7.9599E-13
 2923.940186  7.6641E-13
 2925.310791  7.6898E-13
 2926.681396  7.6561E-13
 2928.051758  7.6393E-13
 2929.422363  7.4858E-13
 2930.792725  8.1396E-13
 2932.163330  8.2349E-13
 2933.533691  8.0926E-13
 2934.904297  8.0062E-13
 2936.274658  7.7085E-13
 2937.645020  7.4234E-13
 2939.015381  7.6362E-13
 2940.385742  7.9006E-13
 2941.756348  7.7093E-13
 2943.126709  8.1956E-13
 2944.496826  7.6926E-13
 2945.867188  8.0117E-13
 2947.237549  7.8334E-13
 2948.607910  7.3560E-13
 2949.978271  7.7966E-13
 2951.348389  8.1677E-13
 2952.718750  8.2101E-13
 2954.088867  7.4871E-13
 2955.459229  8.2472E-13
 2956.829346  8.2016E-13
 2958.199463  8.2498E-13
 2959.569824  8.1650E-13
 2960.939941  8.2228E-13
 2962.310059  8.4262E-13
 2963.680176  8.4419E-13
 2965.050293  7.6629E-13
 2966.420410  7.6217E-13
 2967.790527  7.8212E-13
 2969.160645  7.7013E-13
 2970.530518  7.1387E-13
 2971.900635  7.8673E-13
 2973.270752  7.8557E-13
 2974.640625  8.4596E-13
 2976.010742  8.2148E-13
 2977.380615  8.4926E-13
 2978.750732  8.5624E-13
 2980.120605  8.1806E-13
 2981.490479  7.8789E-13
 2982.860352  7.9117E-13
 2984.230225  7.4413E-13
 2985.600098  7.2134E-13
 2986.969971  7.5986E-13
 2988.339844  7.8594E-13
 2989.709717  8.2947E-13
 2991.079590  8.4883E-13
 2992.449463  8.4632E-13
 2993.819092  8.3501E-13
 2995.188965  8.1310E-13
 2996.558594  8.5187E-13
 2997.928467  8.6740E-13
 2999.298096  8.2155E-13
 3000.667969  7.7294E-13
 3002.037598  7.7210E-13
 3003.407227  7.8195E-13
 3004.776855  8.2696E-13
 3006.146484  8.6201E-13
 3007.516113  8.0930E-13
 3008.885742  8.1240E-13
 3010.255371  8.5103E-13
 3011.625000  8.5293E-13
 3012.994629  8.5388E-13
 3014.364014  8.4264E-13
 3015.733643  8.2488E-13
 3017.103027  8.0382E-13
 3018.472656  7.7791E-13
 3019.842041  7.4881E-13
 3021.211670  6.9585E-13
 3022.581055  8.3280E-13
 3023.950439  8.4734E-13
 3025.319824  8.1808E-13
 3026.689209  8.2204E-13
 3028.058594  8.8543E-13
 3029.427979  8.7362E-13
 3030.797363  8.3699E-13
 3032.166748  8.4086E-13
 3033.536133  8.7231E-13
 3034.905273  8.8348E-13
 3036.274658  8.8272E-13
 3037.643799  8.2170E-13
 3039.013184  8.6718E-13
 3040.382324  8.6271E-13
 3041.751465  8.1334E-13
 3043.120850  8.3604E-13
 3044.489990  8.5731E-13
 3045.859131  8.6916E-13
 3047.228271  8.4844E-13
 3048.597412  8.4030E-13
 3049.966553  8.6660E-13
 3051.335449  8.8285E-13
 3052.704590  8.9849E-13
 3054.073730  8.5467E-13
 3055.442627  8.5081E-13
 3056.811768  8.2314E-13
 3058.180664  7.7087E-13
 3059.549805  7.9704E-13
 3067.407227  7.8560E-13
 3070.153320  8.2242E-13
 3072.899170  8.2494E-13
 3075.645020  8.2930E-13
 3078.391113  8.3903E-13
 3081.136963  8.4535E-13
 3083.883057  8.5084E-13
 3086.628906  8.4267E-13
 3089.375000  8.1233E-13
 3092.121094  7.8411E-13
 3094.867188  7.8312E-13
 3097.613281  7.8500E-13
 3100.359375  7.6267E-13
 3103.105469  7.9435E-13
 3105.851562  8.3409E-13
 3108.597656  8.6920E-13
 3111.343750  8.6438E-13
 3114.090088  8.5769E-13
 3116.836182  8.4688E-13
 3119.582520  8.1984E-13
 3122.328613  8.2323E-13
 3125.074951  8.2408E-13
 3127.821289  8.4276E-13
 3130.567383  8.3569E-13
 3133.313721  8.4355E-13
 3136.060059  8.6404E-13
 3138.806396  8.7502E-13
 3141.552734  8.5643E-13
 3144.299072  8.1480E-13
 3147.045410  8.3506E-13
 3149.791992  8.6929E-13
 3152.538330  8.7127E-13
 3155.284912  8.5533E-13
 3158.031250  8.2702E-13
 3160.777832  8.1051E-13
 3163.524170  8.3135E-13
 3166.270752  8.6277E-13
 3169.017334  8.7795E-13
 3171.763672  9.0039E-13
 3174.510254  9.0988E-13
 3177.256836  8.7696E-13
 3180.003418  8.2629E-13
 3182.750000  8.3232E-13
 3185.496582  8.5177E-13
 3188.243408  8.6869E-13
 3190.989990  8.5720E-13
 3193.736572  8.3969E-13
 3196.483398  8.4787E-13
 3199.229980  8.7454E-13
 3201.976807  8.9468E-13
 3204.723389  9.1730E-13
 3207.470215  9.1169E-13
 3210.217041  8.6688E-13
 3212.963623  8.4542E-13
 3215.710449  8.4862E-13
 3218.457275  8.6601E-13
 3221.204102  8.8345E-13
 3223.950928  8.7013E-13
 3226.697754  8.5511E-13
 3229.444580  8.2787E-13
 3232.191406  8.2914E-13
 3234.938477  8.3211E-13
 3237.685303  8.4775E-13
 3240.432129  8.7233E-13
 3243.179199  8.9110E-13
 3245.926025  9.0382E-13
 3248.673096  8.7969E-13
 3251.420166  8.8582E-13
 3254.166992  8.9771E-13
 3256.914062  9.2790E-13
 3259.661133  9.4641E-13
 3262.408203  9.3868E-13
 3265.155029  9.4088E-13
 3267.902100  9.4937E-13
 3270.649170  9.3988E-13
 3273.396484  9.2871E-13
 3276.143555  9.1923E-13
 3278.890625  9.0498E-13
 3281.637695  9.1359E-13
 3284.384766  9.2783E-13
 3287.132080  9.2956E-13
 3289.879150  9.3225E-13
 3292.626465  9.5187E-13
 3295.373535  9.6679E-13
 3298.120850  9.6824E-13
 3300.867920  9.6299E-13
 3303.615234  9.3727E-13
 3306.362549  9.2235E-13
 3309.109863  9.2805E-13
 3311.856934  9.3844E-13
 3314.604248  9.2899E-13
 3317.351562  9.2045E-13
 3320.098877  9.2590E-13
 3322.846191  9.0424E-13
 3325.593506  9.1726E-13
 3328.340820  9.1257E-13
 3331.088379  9.1850E-13
 3333.835693  9.2295E-13
 3336.583008  9.0923E-13
 3339.330566  9.0424E-13
 3342.077881  9.0275E-13
 3344.825195  9.1472E-13
 3347.572754  9.0835E-13
 3350.320312  8.9046E-13
 3353.067627  9.1996E-13
 3355.815186  9.1649E-13
 3358.562500  8.3148E-13
 3361.310059  7.4055E-13
 3364.057617  8.2767E-13
 3366.805176  8.8665E-13
 3369.552734  8.5179E-13
 3372.300293  8.2306E-13
 3375.047852  8.7040E-13
 3377.795410  9.0882E-13
 3380.542969  8.8267E-13
 3383.290527  8.9529E-13
 3386.038086  9.1295E-13
 3388.785645  9.1100E-13
 3391.533447  9.0929E-13
 3394.281006  9.0086E-13
 3397.028564  9.3531E-13
 3399.776367  9.5764E-13
 3402.523926  9.4789E-13
 3405.271484  9.1894E-13
 3408.019287  9.1229E-13
 3410.767090  9.1875E-13
 3413.514648  9.1263E-13
 3416.262451  9.2610E-13
 3419.010254  9.4623E-13
 3421.757812  9.5805E-13
 3424.505615  9.4795E-13
 3427.253418  9.5514E-13
 3430.001221  9.7883E-13
 3432.749023  9.7296E-13
 3435.496826  9.6933E-13
 3438.244629  9.5630E-13
 3440.992432  9.2155E-13
 3443.740234  9.0265E-13
 3446.488037  9.3374E-13
 3449.235840  9.6242E-13
 3451.983643  9.6673E-13
 3454.731445  9.5868E-13
 3457.479492  9.7665E-13
 3460.227295  9.6134E-13
 3462.975098  9.5680E-13
 3465.723145  9.6959E-13
 3468.470947  9.7073E-13
 3471.218750  9.9174E-13
 3473.966797  9.6076E-13
 3476.714600  9.3219E-13
 3479.462646  9.6616E-13
 3482.210693  9.9011E-13
 3484.958496  9.8075E-13
 3487.706543  9.8656E-13
 3490.454590  9.6492E-13
 3493.202393  9.5832E-13
 3495.950439  9.5235E-13
 3498.698486  9.5602E-13
 3501.446533  9.6752E-13
 3504.194580  9.7837E-13
 3506.942627  9.7575E-13
 3509.690674  9.7399E-13
 3512.438721  9.6040E-13
 3515.186768  9.6003E-13
 3517.934814  9.8592E-13
 3520.682861  9.8266E-13
 3523.430908  9.6038E-13
 3526.178955  9.3663E-13
 3528.927002  9.4447E-13
 3531.675049  9.8352E-13
 3534.423340  9.9523E-13
 3537.171387  1.0042E-12
 3539.919434  1.0106E-12
 3542.667725  1.0106E-12
 3545.415771  1.0210E-12
 3548.163818  1.0224E-12
 3550.912109  1.0271E-12
 3553.660156  1.0154E-12
 3556.408447  9.9638E-13
 3559.156494  9.9667E-13
 3561.904785  1.0098E-12
 3564.652832  1.0018E-12
 3567.401123  9.6660E-13
 3570.149414  9.4405E-13
 3572.897461  9.3552E-13
 3575.645752  9.5598E-13
 3578.394043  9.6653E-13
 3581.142090  9.6240E-13
 3583.890381  9.5035E-13
 3586.638672  9.1665E-13
 3589.386963  9.2102E-13
 3592.135254  9.7440E-13
 3594.883301  9.9024E-13
 3597.631592  1.0043E-12
 3600.379883  1.0155E-12
 3603.128174  1.0019E-12
 3605.876465  9.7913E-13
 3608.624756  9.7579E-13
 3611.373047  9.7050E-13
 3614.121338  9.7440E-13
 3616.869629  9.8915E-13
 3619.617920  9.7726E-13
 3622.366455  9.8174E-13
 3625.114746  1.0069E-12
 3627.863037  1.0265E-12
 3630.611328  1.0110E-12
 3633.359619  9.7144E-13
 3636.107910  9.9205E-13
 3638.856445  1.0174E-12
 3641.604736  1.0226E-12
 3644.353027  9.8802E-13
 3647.101562  9.9137E-13
 3649.849854  9.8721E-13
 3652.598145  1.0037E-12
 3655.346680  1.0337E-12
 3658.094971  1.0457E-12
 3660.843262  1.0465E-12
 3663.591797  1.0447E-12
 3666.340088  1.0443E-12
 3669.088623  1.0474E-12
 3671.836914  1.0451E-12
 3674.585449  1.0472E-12
 3677.333740  1.0333E-12
 3680.082275  1.0220E-12
 3682.830566  1.0166E-12
 3685.579102  1.0058E-12
 3688.327393  9.9813E-13
 3691.075928  1.0344E-12
 3693.824463  1.0567E-12
 3696.572754  1.0611E-12
 3699.321289  1.0592E-12
 3702.069824  1.0841E-12
 3704.818115  1.0302E-12
 3707.566650  1.0055E-12
 3710.315186  1.0338E-12
 3713.063477  1.0141E-12
 3715.812012  1.0879E-12
 3718.560547  1.1266E-12
 3721.309082  1.0422E-12
 3724.057373  9.9568E-13
 3726.805908  1.0917E-12
 3729.554443  1.1420E-12
 3732.302979  1.0958E-12
 3735.051514  9.6676E-13
 3737.800049  9.7348E-13
 3740.548340  1.0910E-12
 3743.296875  1.1757E-12
 3746.045410  1.1249E-12
 3748.793945  1.0331E-12
 3751.542480  9.8097E-13
 3754.291016  1.0776E-12
 3757.039551  1.1889E-12
 3759.788086  1.1891E-12
 3762.536621  1.2071E-12
 3765.285156  1.2104E-12
 3768.033691  1.1587E-12
 3770.782227  1.0559E-12
 3773.530762  1.0335E-12
 3776.279053  1.1714E-12
 3779.027588  1.2803E-12
 3781.776123  1.3326E-12
 3784.524658  1.3506E-12
 3787.273193  1.3257E-12
 3790.021973  1.2978E-12
 3792.770508  1.2634E-12
 3795.519043  1.1688E-12
 3798.267578  1.0209E-12
 3801.016113  1.0221E-12
 3803.764648  1.1829E-12
 3806.513184  1.2763E-12
 3809.261719  1.3081E-12
 3812.010254  1.3506E-12
 3814.758789  1.3309E-12
 3817.507324  1.3108E-12
 3820.255859  1.3327E-12
 3823.004395  1.3148E-12
 3825.752930  1.2716E-12
 3828.501465  1.2339E-12
 3831.250000  1.1735E-12
 3833.998779  1.0500E-12
 3836.747314  9.3120E-13
 3839.495850  1.0004E-12
 3842.244385  1.1503E-12
 3844.992920  1.2687E-12
 3847.741455  1.3301E-12
 3850.489990  1.3644E-12
 3853.238525  1.3774E-12
 3855.987061  1.3914E-12
 3858.735596  1.3794E-12
 3861.484375  1.3674E-12
 3864.232910  1.4028E-12
 3866.981445  1.4136E-12
 3869.729980  1.4100E-12
 3872.478516  1.3815E-12
 3875.227051  1.3413E-12
 3877.975586  1.3355E-12
 3880.724121  1.2933E-12
 3883.472656  1.2760E-12
 3886.221436  1.1896E-12
 3888.969971  1.0437E-12
 3891.718506  9.9983E-13
 3894.467041  1.1376E-12
 3897.215576  1.2332E-12
 3899.964111  1.2836E-12
 3902.712646  1.3112E-12
 3905.461182  1.3279E-12
 3908.209717  1.3512E-12
 3910.958252  1.4041E-12
 3913.706787  1.4109E-12
 3916.455322  1.4035E-12
 3919.203857  1.3796E-12
 3921.952393  1.3544E-12
 3924.700928  1.3521E-12
 3927.449707  1.3278E-12
 3930.198242  1.1845E-12
 3932.946777  8.9980E-13
 3935.695312  6.9792E-13
 3938.443848  9.5774E-13
 3941.192383  1.2315E-12
 3943.940918  1.3277E-12
 3946.689453  1.3500E-12
 3949.437744  1.3611E-12
 3952.186279  1.3711E-12
 3954.934814  1.3731E-12
 3957.683350  1.3497E-12
 3960.431885  1.3288E-12
 3963.180420  1.2540E-12
 3965.928955  1.0949E-12
 3968.677490  8.2179E-13
 3971.426025  7.0724E-13
 3974.174561  9.4961E-13
 3976.923096  1.1863E-12
 3979.671631  1.2931E-12
 3982.419922  1.3480E-12
 3985.168457  1.3819E-12
 3987.916992  1.4039E-12
 3990.665527  1.4138E-12
 3993.414062  1.4436E-12
 3996.162354  1.4421E-12
 3998.910889  1.4303E-12
 4001.659424  1.4514E-12
 4004.407959  1.4594E-12
 4007.156250  1.4398E-12
 4009.904785  1.4545E-12
 4012.653320  1.4634E-12
 4015.401855  1.4693E-12
 4018.150146  1.4722E-12
 4020.898682  1.4816E-12
 4023.647217  1.4740E-12
 4026.395508  1.4724E-12
 4029.144043  1.4589E-12
 4031.892334  1.4357E-12
 4034.640869  1.4296E-12
 4037.389404  1.4570E-12
 4040.137695  1.4832E-12
 4042.886230  1.4737E-12
 4045.634521  1.4446E-12
 4048.383057  1.4470E-12
 4051.131348  1.4676E-12
 4053.879883  1.4768E-12
 4056.628174  1.4635E-12
 4059.376465  1.4582E-12
 4062.125000  1.4557E-12
 4064.873291  1.4304E-12
 4067.621582  1.4302E-12
 4070.370117  1.4424E-12
 4073.118408  1.4306E-12
 4075.866699  1.4333E-12
 4078.615234  1.4155E-12
 4081.363525  1.4239E-12
 4084.111816  1.4415E-12
 4086.860107  1.4271E-12
 4089.608643  1.4228E-12
 4092.356934  1.4059E-12
 4095.105225  1.3591E-12
 4097.853516  1.3016E-12
 4100.602051  1.1801E-12
 4103.350098  1.0362E-12
 4106.098633  1.1336E-12
 4108.846680  1.2624E-12
 4111.595215  1.3396E-12
 4114.343262  1.3900E-12
 4117.091797  1.4133E-12
 4119.839844  1.4127E-12
 4122.588379  1.4232E-12
 4125.336426  1.4407E-12
 4128.084473  1.4509E-12
 4130.833008  1.4491E-12
 4133.581055  1.4368E-12
 4136.329590  1.4423E-12
 4139.077637  1.4672E-12
 4141.825684  1.4721E-12
 4144.574219  1.4495E-12
 4147.322266  1.4523E-12
 4150.070312  1.4606E-12
 4152.818848  1.4582E-12
 4155.566895  1.4436E-12
 4158.314941  1.4433E-12
 4161.063477  1.4535E-12
 4163.811523  1.4651E-12
 4166.559570  1.4675E-12
 4169.307617  1.4680E-12
 4172.055664  1.4528E-12
 4174.804199  1.4291E-12
 4177.552246  1.4258E-12
 4180.300293  1.4340E-12
 4183.048340  1.4480E-12
 4185.796387  1.4400E-12
 4188.544434  1.4326E-12
 4191.292480  1.4402E-12
 4194.041016  1.4519E-12
 4196.789062  1.4432E-12
 4199.537109  1.4271E-12
 4202.285156  1.4184E-12
 4205.033203  1.4316E-12
 4207.781250  1.4425E-12
 4210.529297  1.4497E-12
 4213.277344  1.4460E-12
 4216.025391  1.4345E-12
 4218.773438  1.4292E-12
 4221.520996  1.4339E-12
 4224.269043  1.4298E-12
 4227.017090  1.4030E-12
 4229.765137  1.3880E-12
 4232.513184  1.4308E-12
 4235.261230  1.4255E-12
 4238.009277  1.4226E-12
 4240.756836  1.4329E-12
 4243.504883  1.4428E-12
 4246.252930  1.4345E-12
 4249.000977  1.4171E-12
 4251.748535  1.4073E-12
 4254.496582  1.4162E-12
 4257.244629  1.4160E-12
 4259.992188  1.4329E-12
 4262.740234  1.4285E-12
 4265.488281  1.4425E-12
 4268.235840  1.4435E-12
 4270.983887  1.4213E-12
 4273.731445  1.3964E-12
 4276.479492  1.4023E-12
 4279.227051  1.4228E-12
 4281.975098  1.4216E-12
 4284.722656  1.4033E-12
 4287.470703  1.4014E-12
 4290.218262  1.3768E-12
 4292.966309  1.3642E-12
 4295.713867  1.3739E-12
 4298.461914  1.3679E-12
 4301.209473  1.3248E-12
 4303.957031  1.3167E-12
 4306.705078  1.3264E-12
 4309.452637  1.3173E-12
 4312.200195  1.3316E-12
 4314.947754  1.3479E-12
 4317.695801  1.3670E-12
 4320.443359  1.3868E-12
 4323.190918  1.3818E-12
 4325.938477  1.3518E-12
 4328.686035  1.3364E-12
 4331.433594  1.3549E-12
 4334.181641  1.3351E-12
 4336.929199  1.2686E-12
 4339.676758  1.1407E-12
 4342.424316  1.0142E-12
 4345.171875  1.1102E-12
 4347.919434  1.2410E-12
 4350.666992  1.3172E-12
 4353.414551  1.3265E-12
 4356.161621  1.3536E-12
 4358.909180  1.3899E-12
 4361.656738  1.4051E-12
 4364.404297  1.4143E-12
 4367.151855  1.4120E-12
 4369.899414  1.4007E-12
 4372.646484  1.4071E-12
 4375.394043  1.4002E-12
 4378.141602  1.3940E-12
 4380.889160  1.4110E-12
 4383.636230  1.4017E-12
 4386.383789  1.3783E-12
 4389.130859  1.3923E-12
 4391.878418  1.4120E-12
 4394.625977  1.4151E-12
 4397.373047  1.4000E-12
 4400.120605  1.4064E-12
 4402.867676  1.4048E-12
 4405.615234  1.4013E-12
 4408.362305  1.4087E-12
 4411.109375  1.4143E-12
 4413.856934  1.4247E-12
 4416.604004  1.4121E-12
 4419.351562  1.4091E-12
 4422.098633  1.4159E-12
 4424.845703  1.4155E-12
 4427.592773  1.4200E-12
 4430.340332  1.4239E-12
 4433.087402  1.4272E-12
 4435.834473  1.4200E-12
 4438.581543  1.4175E-12
 4441.328613  1.4323E-12
 4444.075684  1.4089E-12
 4446.822754  1.4069E-12
 4449.569824  1.3971E-12
 4452.316895  1.4110E-12
 4455.063965  1.4074E-12
 4457.811035  1.3945E-12
 4460.558105  1.4005E-12
 4463.305176  1.4015E-12
 4466.052246  1.4097E-12
 4468.799316  1.3940E-12
 4471.545898  1.3944E-12
 4474.292969  1.4087E-12
 4477.040039  1.4183E-12
 4479.787109  1.4206E-12
 4482.533691  1.4117E-12
 4485.280762  1.4039E-12
 4488.027832  1.4192E-12
 4490.774414  1.4147E-12
 4493.521484  1.4122E-12
 4496.268066  1.4139E-12
 4499.015137  1.4169E-12
 4501.761719  1.4155E-12
 4504.508789  1.4196E-12
 4507.255371  1.4291E-12
 4510.001953  1.4309E-12
 4512.749023  1.4344E-12
 4515.495605  1.4258E-12
 4518.242188  1.4188E-12
 4520.989258  1.4178E-12
 4523.735840  1.3971E-12
 4526.482422  1.4020E-12
 4529.229004  1.3913E-12
 4531.975586  1.3792E-12
 4534.722168  1.3828E-12
 4537.468750  1.3878E-12
 4540.215332  1.4057E-12
 4542.961914  1.4163E-12
 4545.708496  1.4052E-12
 4548.455078  1.3913E-12
 4551.201660  1.3793E-12
 4553.948242  1.3760E-12
 4556.694824  1.3781E-12
 4559.441406  1.3938E-12
 4562.187500  1.4033E-12
 4564.934082  1.4045E-12
 4567.680664  1.4151E-12
 4570.426758  1.4146E-12
 4573.173340  1.4061E-12
 4575.919922  1.4071E-12
 4578.666016  1.4097E-12
 4581.412598  1.4046E-12
 4584.158691  1.3977E-12
 4586.905273  1.3893E-12
 4589.651367  1.3915E-12
 4592.397461  1.3947E-12
 4595.144043  1.3996E-12
 4597.890137  1.4005E-12
 4600.636230  1.4043E-12
 4603.382812  1.4032E-12
 4606.128906  1.4000E-12
 4608.875000  1.4011E-12
 4611.621094  1.4079E-12
 4614.367188  1.4121E-12
 4617.113281  1.4058E-12
 4619.859375  1.4044E-12
 4622.605469  1.4050E-12
 4625.351562  1.4069E-12
 4628.097656  1.4015E-12
 4630.843750  1.4012E-12
 4633.589844  1.4022E-12
 4636.335938  1.4016E-12
 4639.081543  1.4035E-12
 4641.827637  1.4094E-12
 4644.573730  1.3949E-12
 4647.319336  1.3916E-12
 4650.065430  1.3924E-12
 4652.811523  1.3890E-12
 4655.557129  1.3928E-12
 4658.303223  1.3897E-12
 4661.048828  1.3885E-12
 4663.794922  1.3976E-12
 4666.540527  1.3972E-12
 4669.286133  1.3856E-12
 4672.032227  1.3872E-12
 4674.777832  1.3884E-12
 4677.523438  1.3955E-12
 4680.269043  1.3931E-12
 4683.014648  1.3909E-12
 4685.760254  1.3813E-12
 4688.506348  1.3751E-12
 4691.251953  1.3913E-12
 4693.997559  1.3937E-12
 4696.743164  1.3928E-12
 4699.488281  1.3939E-12
 4702.233887  1.3834E-12
 4704.979492  1.3730E-12
 4707.725098  1.3716E-12
 4710.470703  1.3790E-12
 4713.215820  1.3771E-12
 4715.961426  1.3835E-12
 4718.707031  1.3786E-12
 4721.452148  1.3859E-12
 4724.197754  1.3785E-12
 4726.942871  1.3764E-12
 4729.688477  1.3814E-12
 4732.433594  1.3793E-12
 4735.179199  1.3810E-12
 4737.924316  1.3741E-12
 4740.669434  1.3712E-12
 4743.414551  1.3719E-12
 4746.160156  1.3798E-12
 4748.905273  1.3835E-12
 4751.650391  1.3814E-12
 4754.395508  1.3774E-12
 4757.140625  1.3768E-12
 4759.885742  1.3748E-12
 4762.630859  1.3712E-12
 4765.375977  1.3655E-12
 4768.121094  1.3652E-12
 4770.866211  1.3689E-12
 4773.610840  1.3635E-12
 4776.355957  1.3682E-12
 4779.101074  1.3664E-12
 4781.845703  1.3660E-12
 4784.590820  1.3616E-12
 4787.335938  1.3545E-12
 4790.080566  1.3533E-12
 4792.825684  1.3522E-12
 4795.570312  1.3532E-12
 4798.314941  1.3594E-12
 4801.060059  1.3527E-12
 4803.804688  1.3512E-12
 4806.549316  1.3515E-12
 4809.293945  1.3488E-12
 4812.039062  1.3524E-12
 4814.783691  1.3495E-12
 4817.528320  1.3408E-12
 4820.272949  1.3417E-12
 4823.017578  1.3466E-12
 4825.762207  1.3470E-12
 4828.506348  1.3448E-12
 4831.250977  1.3428E-12
 4833.995605  1.3399E-12
 4836.740234  1.3373E-12
 4839.484863  1.3354E-12
 4842.229004  1.3336E-12
 4844.973633  1.3259E-12
 4847.717773  1.3113E-12
 4850.462402  1.3005E-12
 4853.206543  1.2876E-12
 4855.951172  1.2533E-12
 4858.695312  1.1808E-12
 4861.439453  1.0540E-12
 4864.184082  9.7488E-13
 4866.928223  1.0891E-12
 4869.672363  1.1902E-12
 4872.416504  1.2341E-12
 4875.160645  1.2509E-12
 4877.904785  1.2684E-12
 4880.648926  1.2902E-12
 4883.393066  1.3040E-12
 4886.137207  1.3028E-12
 4888.881348  1.3065E-12
 4891.625488  1.3046E-12
 4894.369141  1.3077E-12
 4897.113281  1.3170E-12
 4899.857422  1.3247E-12
 4902.601074  1.3289E-12
 4905.345215  1.3249E-12
 4908.088867  1.3259E-12
 4910.833008  1.3201E-12
 4913.576660  1.3246E-12
 4916.320312  1.3292E-12
 4919.064453  1.3083E-12
 4921.808105  1.2990E-12
 4924.551758  1.3040E-12
 4927.295410  1.3105E-12
 4930.039062  1.3234E-12
 4932.782715  1.3220E-12
 4935.526367  1.3128E-12
 4938.270020  1.3124E-12
 4941.013672  1.3142E-12
 4943.757324  1.3234E-12
 4946.500977  1.3283E-12
 4949.244141  1.3309E-12
 4951.987793  1.3280E-12
 4954.731445  1.3234E-12
 4957.474609  1.3174E-12
 4960.218262  1.3017E-12
 4962.961426  1.3121E-12
 4965.704590  1.3200E-12
 4968.448242  1.3188E-12
 4971.191406  1.3203E-12
 4973.934570  1.3241E-12
 4976.677734  1.3264E-12
 4979.421387  1.3251E-12
 4982.164551  1.3184E-12
 4984.907715  1.3106E-12
 4987.650879  1.3074E-12
 4990.394043  1.3090E-12
 4993.136719  1.3118E-12
 4995.879883  1.3179E-12
 4998.623047  1.3132E-12
 5001.366211  1.3115E-12
 5004.108887  1.3026E-12
 5006.852051  1.3009E-12
 5009.595215  1.2979E-12
 5012.337891  1.3003E-12
 5015.080566  1.2953E-12
 5017.823730  1.2942E-12
 5020.566406  1.2934E-12
 5023.309082  1.3006E-12
 5026.052246  1.2977E-12
 5028.794922  1.3089E-12
 5031.537598  1.3047E-12
 5034.280273  1.3093E-12
 5037.022949  1.3133E-12
 5039.765625  1.2998E-12
 5042.508301  1.2955E-12
 5045.250488  1.2954E-12
 5047.993164  1.3046E-12
 5050.735840  1.3017E-12
 5053.478516  1.2994E-12
 5056.220703  1.3032E-12
 5058.963379  1.3065E-12
 5061.705566  1.3071E-12
 5064.448242  1.3047E-12
 5067.190430  1.3044E-12
 5069.932617  1.3005E-12
 5072.674805  1.2997E-12
 5075.417480  1.2989E-12
 5078.159668  1.2968E-12
 5080.901855  1.2919E-12
 5083.644043  1.2833E-12
 5086.386230  1.2946E-12
 5089.128418  1.2982E-12
 5091.870117  1.3001E-12
 5094.612305  1.2948E-12
 5097.354492  1.2939E-12
 5100.096680  1.2891E-12
 5102.838379  1.2903E-12
 5105.580566  1.2936E-12
 5108.322266  1.2897E-12
 5111.064453  1.2829E-12
 5113.806152  1.2858E-12
 5116.547852  1.2891E-12
 5119.290039  1.2931E-12
 5122.031738  1.2930E-12
 5124.773438  1.2923E-12
 5127.515137  1.2792E-12
 5130.256836  1.2820E-12
 5132.998535  1.2800E-12
 5135.740234  1.2771E-12
 5138.481445  1.2734E-12
 5141.223145  1.2660E-12
 5143.964844  1.2696E-12
 5146.706543  1.2774E-12
 5149.447754  1.2807E-12
 5152.189453  1.2782E-12
 5154.930664  1.2784E-12
 5157.671875  1.2822E-12
 5160.413574  1.2770E-12
 5163.154785  1.2676E-12
 5165.895996  1.2570E-12
 5168.637207  1.2240E-12
 5171.378418  1.2030E-12
 5174.119629  1.2085E-12
 5176.860840  1.2309E-12
 5179.602051  1.2579E-12
 5182.343262  1.2591E-12
 5185.084473  1.2359E-12
 5187.825684  1.2269E-12
 5190.566406  1.2397E-12
 5193.307617  1.2419E-12
 5196.048340  1.2417E-12
 5198.789551  1.2513E-12
 5201.530273  1.2560E-12
 5204.270996  1.2514E-12
 5207.012207  1.2434E-12
 5209.752930  1.2407E-12
 5212.493652  1.2485E-12
 5215.234375  1.2586E-12
 5217.975098  1.2573E-12
 5220.715820  1.2621E-12
 5223.456543  1.2674E-12
 5226.197266  1.2581E-12
 5228.937500  1.2370E-12
 5231.678223  1.2381E-12
 5234.418945  1.2431E-12
 5237.159180  1.2482E-12
 5239.899902  1.2603E-12
 5242.640137  1.2646E-12
 5245.380371  1.2596E-12
 5248.121094  1.2619E-12
 5250.861328  1.2589E-12
 5253.601562  1.2563E-12
 5256.341797  1.2587E-12
 5259.082031  1.2606E-12
 5261.822266  1.2548E-12
 5264.562500  1.2396E-12
 5267.302734  1.2292E-12
 5270.042480  1.2133E-12
 5272.782715  1.2096E-12
 5275.522949  1.2272E-12
 5278.262695  1.2391E-12
 5281.002930  1.2460E-12
 5283.742676  1.2424E-12
 5286.482422  1.2460E-12
 5289.222656  1.2520E-12
 5291.962402  1.2539E-12
 5294.702148  1.2499E-12
 5297.441895  1.2549E-12
 5300.181641  1.2478E-12
 5302.921387  1.2467E-12
 5305.661133  1.2445E-12
 5308.400879  1.2473E-12
 5311.140137  1.2459E-12
 5313.879883  1.2404E-12
 5316.619629  1.2341E-12
 5319.358887  1.2348E-12
 5322.098145  1.2353E-12
 5324.837891  1.2299E-12
 5327.577148  1.2176E-12
 5330.316406  1.2080E-12
 5333.056152  1.2185E-12
 5335.795410  1.2320E-12
 5338.534668  1.2331E-12
 5341.273926  1.2235E-12
 5344.012695  1.2236E-12
 5346.751953  1.2282E-12
 5349.491211  1.2323E-12
 5352.230469  1.2386E-12
 5354.969238  1.2285E-12
 5357.708496  1.2400E-12
 5360.447266  1.2400E-12
 5363.186523  1.2360E-12
 5365.925293  1.2319E-12
 5368.664062  1.2263E-12
 5371.402832  1.2134E-12
 5374.141602  1.2128E-12
 5376.880859  1.2294E-12
 5379.619141  1.2300E-12
 5382.357910  1.2287E-12
 5385.096680  1.2235E-12
 5387.835449  1.2226E-12
 5390.574219  1.2279E-12
 5393.312500  1.2261E-12
 5396.051270  1.2162E-12
 5398.789551  1.2065E-12
 5401.527832  1.2035E-12
 5404.266602  1.2096E-12
 5407.004883  1.2026E-12
 5409.743164  1.2073E-12
 5412.481445  1.2085E-12
 5415.219727  1.2099E-12
 5417.958008  1.2159E-12
 5420.696289  1.2177E-12
 5423.434570  1.2166E-12
 5426.172363  1.2081E-12
 5428.910645  1.2089E-12
 5431.648926  1.2008E-12
 5434.386719  1.1991E-12
 5437.125000  1.2017E-12
 5439.862793  1.2071E-12
 5442.600586  1.2091E-12
 5445.338379  1.2091E-12
 5448.076172  1.2018E-12
 5453.367676  1.2005E-12
 5458.238281  1.1939E-12
 5463.108887  1.2027E-12
 5467.979492  1.1985E-12
 5472.850098  1.2027E-12
 5477.720703  1.2045E-12
 5482.591797  1.1968E-12
 5487.462402  1.1996E-12
 5492.333496  1.2021E-12
 5497.204590  1.1967E-12
 5502.075195  1.1989E-12
 5506.946289  1.1938E-12
 5511.817383  1.1935E-12
 5516.688965  1.1964E-12
 5521.560059  1.2042E-12
 5526.431152  1.1888E-12
 5531.302734  1.1815E-12
 5536.174316  1.1879E-12
 5541.045410  1.1817E-12
 5545.916992  1.1907E-12
 5550.788574  1.1956E-12
 5555.660156  1.1854E-12
 5560.531738  1.1841E-12
 5565.403809  1.1818E-12
 5570.275391  1.1795E-12
 5575.147461  1.1730E-12
 5580.019043  1.1740E-12
 5584.891113  1.1819E-12
 5589.763184  1.1701E-12
 5594.635254  1.1627E-12
 5599.507324  1.1717E-12
 5604.379395  1.1660E-12
 5609.251465  1.1767E-12
 5614.124023  1.1653E-12
 5618.996094  1.1569E-12
 5623.868652  1.1670E-12
 5628.740723  1.1720E-12
 5633.613281  1.1625E-12
 5638.485840  1.1586E-12
 5643.358398  1.1594E-12
 5648.230957  1.1625E-12
 5653.103516  1.1611E-12
 5657.976562  1.1599E-12
 5662.849121  1.1576E-12
 5667.722168  1.1564E-12
 5672.594727  1.1541E-12
 5677.467773  1.1422E-12
 5682.340820  1.1538E-12
 5687.213867  1.1486E-12
 5692.086914  1.1460E-12
 5696.959961  1.1500E-12
 5701.833008  1.1557E-12
 5706.706543  1.1458E-12
 5711.579590  1.1450E-12
 5716.453125  1.1488E-12
 5721.326660  1.1443E-12
 5726.199707  1.1421E-12
 5731.073242  1.1399E-12
 5735.946777  1.1406E-12
 5740.820312  1.1400E-12
 5745.693848  1.1394E-12
 5750.567871  1.1417E-12
 5755.441406  1.1330E-12
 5760.315430  1.1311E-12
 5765.188965  1.1350E-12
 5770.062988  1.1374E-12
 5774.937012  1.1426E-12
 5779.811035  1.1451E-12
 5784.685059  1.1339E-12
 5789.559082  1.1290E-12
 5794.433105  1.1268E-12
 5799.307129  1.1260E-12
 5804.181152  1.1247E-12
 5809.055664  1.1221E-12
 5813.930176  1.1267E-12
 5818.804199  1.1267E-12
 5823.678711  1.1232E-12
 5828.553223  1.1186E-12
 5833.427734  1.1136E-12
 5838.302246  1.1125E-12
 5843.176758  1.1190E-12
 5848.051270  1.1142E-12
 5852.926270  1.0987E-12
 5857.800781  1.0839E-12
 5862.675781  1.1013E-12
 5867.550293  1.1066E-12
 5872.425293  1.1131E-12
 5877.300293  1.1084E-12
 5882.175293  1.1067E-12
 5887.050293  1.1005E-12
 5891.925293  1.0760E-12
 5896.800293  1.0805E-12
 5901.675293  1.0889E-12
 5906.550781  1.0973E-12
 5911.425781  1.1037E-12
 5916.301270  1.0966E-12
 5921.176270  1.1043E-12
 5926.051758  1.0933E-12
 5930.927246  1.0979E-12
 5935.802734  1.0933E-12
 5940.678223  1.0970E-12
 5945.553711  1.0913E-12
 5950.429199  1.0930E-12
 5955.305176  1.0979E-12
 5960.180664  1.0853E-12
 5965.056152  1.0883E-12
 5969.932129  1.0900E-12
 5974.808105  1.0906E-12
 5979.683594  1.0832E-12
 5984.559570  1.0844E-12
 5989.435547  1.0827E-12
 5994.311523  1.0818E-12
 5999.187500  1.0843E-12
 6004.063965  1.0743E-12
 6008.939941  1.0754E-12
 6013.815918  1.0756E-12
 6018.692383  1.0751E-12
 6023.568359  1.0773E-12
 6028.444824  1.0703E-12
 6033.321289  1.0725E-12
 6038.197266  1.0738E-12
 6043.073730  1.0870E-12
 6047.950195  1.0757E-12
 6052.826660  1.0660E-12
 6057.703613  1.0658E-12
 6062.580078  1.0633E-12
 6067.456543  1.0624E-12
 6072.333496  1.0620E-12
 6077.209961  1.0586E-12
 6082.086914  1.0644E-12
 6086.963379  1.0580E-12
 6091.840332  1.0573E-12
 6096.717285  1.0585E-12
 6101.594238  1.0585E-12
 6106.471191  1.0612E-12
 6111.348145  1.0565E-12
 6116.225098  1.0539E-12
 6121.102051  1.0492E-12
 6125.979492  1.0422E-12
 6130.856445  1.0514E-12
 6135.733887  1.0513E-12
 6140.610840  1.0423E-12
 6145.488281  1.0397E-12
 6150.365723  1.0413E-12
 6155.242676  1.0432E-12
 6160.120117  1.0416E-12
 6164.997559  1.0335E-12
 6169.875000  1.0346E-12
 6174.752930  1.0417E-12
 6179.630371  1.0405E-12
 6184.507812  1.0386E-12
 6189.385742  1.0381E-12
 6194.263184  1.0376E-12
 6199.141113  1.0411E-12
 6204.018555  1.0391E-12
 6208.896484  1.0349E-12
 6213.774414  1.0356E-12
 6218.652344  1.0302E-12
 6223.530273  1.0248E-12
 6228.408203  1.0314E-12
 6233.286133  1.0293E-12
 6238.164062  1.0257E-12
 6243.041992  1.0219E-12
 6247.920410  1.0237E-12
 6252.798340  1.0232E-12
 6257.676270  1.0214E-12
 6262.554688  1.0202E-12
 6267.433105  1.0153E-12
 6272.311035  1.0139E-12
 6277.189453  1.0227E-12
 6282.067871  1.0221E-12
 6286.946289  1.0158E-12
 6291.824707  1.0170E-12
 6296.703125  1.0195E-12
 6301.581543  1.0129E-12
 6306.460449  1.0072E-12
 6311.338867  1.0066E-12
 6316.217285  1.0017E-12
 6321.096191  9.9575E-13
 6325.974609  9.9058E-13
 6330.853516  9.9249E-13
 6335.732422  9.9299E-13
 6340.610840  9.9636E-13
 6345.489746  9.9431E-13
 6350.368652  9.9616E-13
 6355.247559  9.9993E-13
 6360.126465  1.0028E-12
 6365.005371  9.9451E-13
 6369.884277  9.9666E-13
 6374.763672  9.9583E-13
 6379.642578  9.9539E-13
 6384.521484  9.9365E-13
 6389.400879  9.9951E-13
 6394.279785  9.8808E-13
 6399.159180  9.9617E-13
 6404.038574  9.9164E-13
 6408.917969  9.8180E-13
 6413.796875  9.8162E-13
 6418.676270  9.8010E-13
 6423.555664  9.7797E-13
 6428.435059  9.8240E-13
 6433.314453  9.7688E-13
 6438.194336  9.7525E-13
 6443.073730  9.7233E-13
 6447.953125  9.6788E-13
 6452.832520  9.7197E-13
 6457.712402  9.7027E-13
 6462.591797  9.6816E-13
 6467.471680  9.6652E-13
 6472.351562  9.7141E-13
 6477.230957  9.6351E-13
 6482.110840  9.6786E-13
 6486.990723  9.6953E-13
 6491.870605  9.6015E-13
 6496.750488  9.6035E-13
 6501.630371  9.5674E-13
 6506.510254  9.6170E-13
 6511.390137  9.6162E-13
 6516.270020  9.6225E-13
 6521.150391  9.5554E-13
 6526.030273  9.5387E-13
 6530.910156  9.5615E-13
 6535.790527  9.5370E-13
 6540.670410  9.5244E-13
 6545.550781  9.4031E-13
 6550.431152  9.2464E-13
 6555.311035  8.9066E-13
 6560.191406  8.5491E-13
 6565.071777  7.9858E-13
 6569.952148  8.0841E-13
 6574.832520  8.7539E-13
 6579.712891  9.0666E-13
 6584.593262  9.2569E-13
 6589.473633  9.3727E-13
 6594.354004  9.3812E-13
 6599.234863  9.3895E-13
 6604.115234  9.4067E-13
 6608.995605  9.4484E-13
 6613.876465  9.3889E-13
 6618.756836  9.4137E-13
 6623.637695  9.3817E-13
 6628.518555  9.4236E-13
 6633.398926  9.3814E-13
 6638.279785  9.3663E-13
 6643.160645  9.4060E-13
 6648.041504  9.3332E-13
 6652.922363  9.3775E-13
 6657.803223  9.3314E-13
 6662.684082  9.3139E-13
 6667.564941  9.3070E-13
 6672.445801  9.3398E-13
 6677.326660  9.3573E-13
 6682.208008  9.2557E-13
 6687.088867  9.3068E-13
 6691.969727  9.2599E-13
 6696.851074  9.2730E-13
 6701.731934  9.2893E-13
 6706.613281  9.2852E-13
 6711.494141  9.2490E-13
 6716.375488  9.2123E-13
 6721.256836  9.2401E-13
 6726.138184  9.2697E-13
 6731.019043  9.2224E-13
 6735.900391  9.1951E-13
 6740.781738  9.2290E-13
 6745.663086  9.2509E-13
 6750.544434  9.1909E-13
 6755.425781  9.1673E-13
 6760.307617  9.1411E-13
 6765.188965  9.1576E-13
 6770.070312  9.1481E-13
 6774.951660  9.1468E-13
 6779.833496  9.1323E-13
 6784.714844  9.0940E-13
 6789.596680  9.1092E-13
 6794.478027  9.0787E-13
 6799.359863  9.0953E-13
 6804.241211  9.0631E-13
 6809.123047  9.0438E-13
 6814.004883  9.0778E-13
 6818.886230  9.0653E-13
 6823.768066  9.0251E-13
 6828.649902  9.0644E-13
 6833.531738  9.0644E-13
 6838.413574  9.0510E-13
 6843.295410  8.9742E-13
 6848.177246  8.9811E-13
 6853.059082  8.9819E-13
 6857.940918  8.8829E-13
 6862.822754  8.8928E-13
 6867.705078  8.8731E-13
 6872.586914  8.9221E-13
 6877.468750  8.9210E-13
 6882.351074  8.8897E-13
 6887.232910  8.9350E-13
 6892.115234  8.9579E-13
 6896.997070  8.9330E-13
 6901.879395  8.8169E-13
 6906.761230  8.8416E-13
 6911.643555  8.8407E-13
 6916.525879  8.8959E-13
 6921.407715  8.8305E-13
 6926.290039  8.8336E-13
 6931.172363  8.8425E-13
 6936.054688  8.7706E-13
 6940.937012  8.7995E-13
 6945.819336  8.8028E-13
 6950.701660  8.7460E-13
 6955.583984  8.7344E-13
 6960.466309  8.7470E-13
 6965.348633  8.7747E-13
 6970.231445  8.7509E-13
 6975.113770  8.7229E-13
 6979.996094  8.7293E-13
 6984.878418  8.7245E-13
 6989.761230  8.6914E-13
 6994.643555  8.6803E-13
 6999.526367  8.7285E-13
 7004.408691  8.6428E-13
 7009.291504  8.6541E-13
 7014.173828  8.6292E-13
 7019.056641  8.5861E-13
 7023.938965  8.6345E-13
 7028.821777  8.5868E-13
 7033.704590  8.5935E-13
 7038.587402  8.5604E-13
 7043.469727  8.5494E-13
 7048.352539  8.5481E-13
 7053.235352  8.5410E-13
 7058.118164  8.5474E-13
 7063.000977  8.5741E-13
 7067.883789  8.5328E-13
 7072.766602  8.5349E-13
 7077.649414  8.4978E-13
 7082.532227  8.4881E-13
 7087.415039  8.4882E-13
 7092.298340  8.4887E-13
 7097.181152  8.4887E-13
 7102.063965  8.4911E-13
 7106.946777  8.4699E-13
 7111.830078  8.4702E-13
 7116.712891  8.4465E-13
 7121.595703  8.4506E-13
 7126.479004  8.3968E-13
 7131.361816  8.4082E-13
 7136.245117  8.3910E-13
 7141.127930  8.4161E-13
 7146.011230  8.3843E-13
 7150.894531  8.3621E-13
 7155.777344  8.2983E-13
 7160.660645  8.3154E-13
 7165.543945  8.3253E-13
 7170.426758  8.3242E-13
 7175.310059  8.3470E-13
 7180.193359  8.2998E-13
 7185.076660  8.2838E-13
 7189.959961  8.3044E-13
 7194.843262  8.2657E-13
 7199.726562  8.2726E-13
 7204.609863  8.2485E-13
 7209.493164  8.2546E-13
 7214.376465  8.2508E-13
 7219.259766  8.2494E-13
 7224.143066  8.2760E-13
 7229.026367  8.2327E-13
 7233.909668  8.2172E-13
 7238.792969  8.1808E-13
 7243.676270  8.2143E-13
 7248.560059  8.1973E-13
 7253.443359  8.1950E-13
 7258.326660  8.1485E-13
 7263.210449  8.1479E-13
 7268.093750  8.1725E-13
 7272.977051  8.1756E-13
 7277.860840  8.1157E-13
 7282.744141  8.1377E-13
 7287.627930  8.0907E-13
 7292.511230  8.1405E-13
 7297.395020  8.0931E-13
 7302.278320  8.0756E-13
 7307.162109  8.0527E-13
 7312.045410  8.0429E-13
 7316.929199  8.0531E-13
 7321.812988  8.0789E-13
 7326.696289  8.0259E-13
 7331.580078  8.0198E-13
 7336.463867  8.0132E-13
 7341.347656  8.0105E-13
 7346.230957  7.9992E-13
 7351.114746  8.0306E-13
 7355.998535  7.9883E-13
 7360.882324  7.9838E-13
 7365.766113  7.9222E-13
 7370.649902  7.9377E-13
 7375.533691  7.9170E-13
 7380.417480  7.9585E-13
 7385.301270  7.9383E-13
 7390.185059  7.8572E-13
 7395.068848  7.9026E-13
 7399.952637  7.8981E-13
 7404.836426  7.8711E-13
 7409.720215  7.8303E-13
 7414.604004  7.8324E-13
 7419.487793  7.8497E-13
 7424.371582  7.8589E-13
 7429.255371  7.8016E-13
 7434.139160  7.8009E-13
 7439.023438  7.8002E-13
 7443.907227  7.8404E-13
 7448.791016  7.8366E-13
 7453.674805  7.8237E-13
 7458.559082  7.7972E-13
 7463.442871  7.7619E-13
 7468.326660  7.7427E-13
 7473.210938  7.7489E-13
 7478.094727  7.7602E-13
 7482.978516  7.7410E-13
 7487.862793  7.7370E-13
 7492.746582  7.7121E-13
 7497.630859  7.7044E-13
 7502.514648  7.7258E-13
 7507.398926  7.7159E-13
 7512.282715  7.7006E-13
 7517.166992  7.6613E-13
 7522.050781  7.6351E-13
 7526.935059  7.6213E-13
 7531.818848  7.6352E-13
 7536.703125  7.6409E-13
 7541.586914  7.6893E-13
 7546.471191  7.6763E-13
 7551.355469  7.6148E-13
 7556.239258  7.6127E-13
 7561.123535  7.6153E-13
 7566.007324  7.6328E-13
 7570.891602  7.5578E-13
 7575.775879  7.5594E-13
 7580.659668  7.5775E-13
 7585.543945  7.5661E-13
 7590.428223  7.5648E-13
 7595.312500  7.5947E-13
 7600.196289  7.5363E-13
 7605.080566  7.5314E-13
 7609.964844  7.5034E-13
 7614.849121  7.5235E-13
 7619.733398  7.5108E-13
 7624.617188  7.4880E-13
 7629.501465  7.4447E-13
 7634.385742  7.4726E-13
 7639.270020  7.4458E-13
 7644.154297  7.4677E-13
 7649.038086  7.4897E-13
 7653.922363  7.4691E-13
 7658.806641  7.3788E-13
 7663.690918  7.3681E-13
 7668.575195  7.3965E-13
 7673.459473  7.3959E-13
 7678.343750  7.3751E-13
 7683.228027  7.4122E-13
 7688.112305  7.3742E-13
 7692.996582  7.4063E-13
 7697.880859  7.3522E-13
 7702.765137  7.3518E-13
 7707.649414  7.3631E-13
 7712.533203  7.3166E-13
 7717.417480  7.3291E-13
 7722.301758  7.3502E-13
 7727.186035  7.3363E-13
 7732.070312  7.3594E-13
 7736.954590  7.3332E-13
 7741.838867  7.2913E-13
 7746.723145  7.2427E-13
 7751.607422  7.2566E-13
 7756.491699  7.2735E-13
 7761.376465  7.2844E-13
 7766.260742  7.2689E-13
 7771.145020  7.2469E-13
 7776.029297  7.2308E-13
 7780.913574  7.1838E-13
 7785.797852  7.2149E-13
 7790.682129  7.2172E-13
 7795.566406  7.1923E-13
 7800.450684  7.1683E-13
 7805.334961  7.1954E-13
 7810.219238  7.2074E-13
 7815.103516  7.2148E-13
 7819.987793  7.1926E-13
 7824.872070  7.1626E-13
 7829.756348  7.1231E-13
 7834.640625  7.0680E-13
 7839.524902  7.1322E-13
 7844.409668  7.0943E-13
 7849.293945  7.0725E-13
 7854.178223  7.1233E-13
 7859.062500  7.1584E-13
 7863.946777  7.1441E-13
 7868.831055  7.0969E-13
 7873.715332  7.1231E-13
 7878.599609  7.0600E-13
 7883.483887  7.0513E-13
 7888.368164  7.0760E-13
 7893.252441  7.0912E-13
 7898.136719  7.0519E-13
 7903.020996  7.0318E-13
 7907.905273  7.0056E-13
 7912.789551  6.9660E-13
 7917.674316  6.9541E-13
 7922.558594  6.9986E-13
 7927.442871  7.0200E-13
 7932.327148  6.9733E-13
 7937.211426  6.9848E-13
 7942.095703  6.9236E-13
 7946.979980  6.9568E-13
 7951.864258  6.9541E-13
 7956.748535  6.9145E-13
 7961.632812  6.9138E-13
 7966.517090  6.8833E-13
 7971.401367  6.9048E-13
 7976.285645  6.9748E-13
 7981.169922  6.9793E-13
 7986.054199  6.9569E-13
 7990.938477  6.9421E-13
 7995.822754  6.9013E-13
 8000.707031  6.8376E-13
 8005.591309  6.9053E-13
 8010.475586  6.9054E-13
 8015.359863  6.8794E-13
 8020.244141  6.8469E-13
 8025.128418  6.8379E-13
 8030.012695  6.8340E-13
 8034.896973  6.7733E-13
 8039.780762  6.7980E-13
 8044.665039  6.7939E-13
 8049.549316  6.7720E-13
 8054.433594  6.7714E-13
 8059.317871  6.7861E-13
 8064.202148  6.7930E-13
 8069.086426  6.7212E-13
 8073.970703  6.7120E-13
 8078.854492  6.7334E-13
 8083.738770  6.6903E-13
 8088.623047  6.7216E-13
 8093.507324  6.6924E-13
 8098.391602  6.6763E-13
 8103.275391  6.7299E-13
 8108.159668  6.6349E-13
 8113.043945  6.6643E-13
 8117.928223  6.6856E-13
 8122.812012  6.6709E-13
 8127.696289  6.6349E-13
 8132.580566  6.6999E-13
 8137.464844  6.6066E-13
 8142.348633  6.6022E-13
 8147.232910  6.6667E-13
 8152.117188  6.6373E-13
 8157.000977  6.6523E-13
 8161.885254  6.6495E-13
 8166.769043  6.5959E-13
 8171.653320  6.6152E-13
 8176.537598  6.6079E-13
 8181.421387  6.5540E-13
 8186.305664  6.4996E-13
 8191.189453  6.5585E-13
 8196.073242  6.5366E-13
 8200.958008  6.5308E-13
 8205.841797  6.4999E-13
 8210.725586  6.5301E-13
 8215.609375  6.5170E-13
 8220.494141  6.5082E-13
 8225.377930  6.5131E-13
 8230.261719  6.5257E-13
 8235.145508  6.5044E-13
 8240.029297  6.4954E-13
 8244.914062  6.5317E-13
 8249.797852  6.4822E-13
 8254.681641  6.4894E-13
 8259.565430  6.4527E-13
 8264.449219  6.4201E-13
 8269.333008  6.4593E-13
 8274.216797  6.4532E-13
 8279.100586  6.4612E-13
 8283.985352  6.4561E-13
 8288.869141  6.4134E-13
 8293.752930  6.3884E-13
 8298.636719  6.4336E-13
 8303.520508  6.3642E-13
 8308.404297  6.3821E-13
 8313.288086  6.3984E-13
 8318.171875  6.3806E-13
 8323.055664  6.3514E-13
 8327.939453  6.3621E-13
 8332.823242  6.3355E-13
 8337.707031  6.3565E-13
 8342.590820  6.3283E-13
 8347.474609  6.3037E-13
 8352.358398  6.3398E-13
 8357.242188  6.3123E-13
 8362.125977  6.2744E-13
 8367.008789  6.2420E-13
 8371.892578  6.2210E-13
 8376.776367  6.2642E-13
 8381.660156  6.2649E-13
 8386.543945  6.3115E-13
 8391.427734  6.2808E-13
 8396.311523  6.2833E-13
 8401.194336  6.2764E-13
 8406.078125  6.2436E-13
 8410.961914  6.2882E-13
 8415.845703  6.2597E-13
 8420.729492  6.2644E-13
 8425.612305  6.2553E-13
 8430.496094  6.2326E-13
 8435.379883  6.2220E-13
 8440.262695  6.1847E-13
 8445.146484  6.1385E-13
 8450.030273  6.1327E-13
 8454.914062  6.1131E-13
 8459.796875  6.1461E-13
 8464.680664  6.1623E-13
 8469.563477  6.1811E-13
 8474.447266  6.1532E-13
 8479.331055  6.1681E-13
 8484.213867  6.1642E-13
 8489.097656  6.1559E-13
 8493.980469  6.1087E-13
 8498.864258  6.0363E-13
 8503.747070  5.9235E-13
 8508.630859  5.9868E-13
 8513.513672  6.0315E-13
 8518.397461  6.0332E-13
 8523.280273  6.0656E-13
 8528.164062  6.0923E-13
 8533.046875  6.0188E-13
 8537.930664  5.9567E-13
 8542.813477  5.8156E-13
 8547.696289  5.6270E-13
 8552.580078  5.8230E-13
 8557.462891  5.9806E-13
 8562.345703  5.9895E-13
 8567.229492  6.0744E-13
 8572.112305  6.0369E-13
 8576.995117  6.0684E-13
 8581.877930  6.0235E-13
 8586.761719  5.9909E-13
 8591.644531  5.9796E-13
 8596.527344  6.0083E-13
 8601.410156  5.9747E-13
 8606.292969  5.9665E-13
 8611.176758  5.9594E-13
 8616.059570  5.9786E-13
 8620.942383  5.9867E-13
 8625.825195  5.9498E-13
 8630.708008  5.9447E-13
 8635.590820  5.9247E-13
 8640.473633  5.9099E-13
 8645.356445  5.8768E-13
 8650.239258  5.9252E-13
 8655.122070  5.8644E-13
 8660.004883  5.8213E-13
 8664.887695  5.6499E-13
 8669.770508  5.6125E-13
 8674.653320  5.7327E-13
 8679.536133  5.8068E-13
 8684.418945  5.8274E-13
 8689.300781  5.8316E-13
 8694.183594  5.8493E-13
 8699.066406  5.8295E-13
 8703.949219  5.8868E-13
 8708.832031  5.8751E-13
 8713.713867  5.8522E-13
 8718.596680  5.8463E-13
 8723.479492  5.8591E-13
 8728.361328  5.8299E-13
 8733.244141  5.8323E-13
 8738.126953  5.7843E-13
 8743.008789  5.7453E-13
 8747.891602  5.7613E-13
 8752.774414  5.7240E-13
 8757.656250  5.7192E-13
 8762.539062  5.7594E-13
 8767.420898  5.7780E-13
 8772.303711  5.7626E-13
 8777.185547  5.7748E-13
 8782.068359  5.7306E-13
 8786.950195  5.7489E-13
 8791.832031  5.7406E-13
 8796.714844  5.7589E-13
 8801.596680  5.7672E-13
 8806.478516  5.7365E-13
 8811.361328  5.7459E-13
 8816.243164  5.7208E-13
 8821.125000  5.7193E-13
 8826.007812  5.6796E-13
 8830.889648  5.6708E-13
 8835.771484  5.6969E-13
 8840.653320  5.6977E-13
 8845.535156  5.6841E-13
 8850.416992  5.6514E-13
 8855.299805  5.6496E-13
 8860.181641  5.5890E-13
 8865.063477  5.5215E-13
 8869.945312  5.5246E-13
 8874.827148  5.5998E-13
 8879.708984  5.6339E-13
 8884.590820  5.5921E-13
 8889.472656  5.6328E-13
 8894.353516  5.6159E-13
 8899.235352  5.6060E-13
 8904.117188  5.6246E-13
 8908.999023  5.6288E-13
 8913.880859  5.6325E-13
 8918.762695  5.6249E-13
 8923.643555  5.6105E-13
 8928.525391  5.6171E-13
 8933.407227  5.5624E-13
 8938.288086  5.6149E-13
 8943.169922  5.5146E-13
 8948.051758  5.5746E-13
 8952.932617  5.5855E-13
 8957.814453  5.6165E-13
 8962.695312  5.5999E-13
 8967.577148  5.5937E-13
 8972.458008  5.5469E-13
 8977.339844  5.5428E-13
 8982.220703  5.5843E-13
 8987.102539  5.5535E-13
 8991.983398  5.6129E-13
 8996.865234  5.5077E-13
 9001.746094  5.4625E-13
 9006.626953  5.4435E-13
 9011.507812  5.3887E-13
 9016.389648  5.3530E-13
 9021.270508  5.3547E-13
 9026.151367  5.4097E-13
 9031.032227  5.4389E-13
 9035.913086  5.4633E-13
 9040.794922  5.4517E-13
 9045.675781  5.4266E-13
 9050.556641  5.4840E-13
 9055.437500  5.4353E-13
 9060.318359  5.4427E-13
 9065.199219  5.4544E-13
 9070.080078  5.4398E-13
 9074.959961  5.4674E-13
 9079.840820  5.4730E-13
 9084.721680  5.4255E-13
 9089.602539  5.3509E-13
 9094.483398  5.3487E-13
 9099.364258  5.3815E-13
 9104.244141  5.4020E-13
 9109.125000  5.4318E-13
 9114.005859  5.4200E-13
 9118.885742  5.3959E-13
 9123.766602  5.3937E-13
 9128.647461  5.3917E-13
 9133.527344  5.3712E-13
 9138.408203  5.3781E-13
 9143.288086  5.4039E-13
 9148.168945  5.3676E-13
 9153.048828  5.3930E-13
 9157.928711  5.3915E-13
 9162.809570  5.4033E-13
 9167.689453  5.3085E-13
 9172.569336  5.2646E-13
 9177.450195  5.2690E-13
 9182.330078  5.3051E-13
 9187.209961  5.3502E-13
 9192.089844  5.3312E-13
 9196.969727  5.3604E-13
 9201.849609  5.3282E-13
 9206.730469  5.2466E-13
 9211.610352  5.2491E-13
 9216.490234  5.1631E-13
 9221.370117  5.1552E-13
 9226.250000  5.1966E-13
 9231.128906  5.0632E-13
 9236.008789  5.0949E-13
 9240.888672  5.1068E-13
 9245.768555  5.1049E-13
 9250.648438  5.1897E-13
 9255.528320  5.1820E-13
 9260.407227  5.2211E-13
 9265.287109  5.1935E-13
 9270.166992  5.2241E-13
 9275.045898  5.2377E-13
 9279.925781  5.2082E-13
 9284.804688  5.1977E-13
 9289.684570  5.2363E-13
 9294.563477  5.2141E-13
 9299.443359  5.1680E-13
 9304.322266  5.1531E-13
 9309.202148  5.1513E-13
 9314.081055  5.1152E-13
 9318.959961  5.0994E-13
 9323.839844  5.1508E-13
 9328.718750  5.1381E-13
 9333.597656  5.1418E-13
 9338.476562  5.1501E-13
 9343.355469  5.1091E-13
 9348.234375  5.1301E-13
 9353.113281  5.0873E-13
 9357.992188  5.1465E-13
 9362.871094  5.1239E-13
 9367.750000  5.0883E-13
 9372.628906  5.0857E-13
 9377.507812  5.0500E-13
 9382.386719  5.0129E-13
 9387.265625  5.0282E-13
 9392.144531  5.0285E-13
 9397.022461  5.0479E-13
 9401.901367  5.0669E-13
 9406.780273  5.0639E-13
 9411.658203  5.0490E-13
 9416.537109  4.9701E-13
 9421.415039  4.9426E-13
 9426.293945  4.9762E-13
 9431.171875  4.9873E-13
 9436.050781  4.9988E-13
 9440.928711  5.0310E-13
 9445.807617  5.0146E-13
 9450.685547  5.0203E-13
 9455.563477  4.9962E-13
 9460.441406  4.9865E-13
 9465.320312  5.0014E-13
 9470.198242  5.0181E-13
 9475.076172  5.0086E-13
 9479.954102  5.0053E-13
 9484.832031  4.9353E-13
 9489.709961  4.9298E-13
 9494.587891  4.9264E-13
 9499.465820  4.9364E-13
 9504.343750  4.9359E-13
 9509.221680  4.9510E-13
 9514.099609  4.9363E-13
 9518.976562  4.9378E-13
 9523.854492  4.9413E-13
 9528.732422  4.9097E-13
 9533.609375  4.8917E-13
 9538.487305  4.8197E-13
 9543.365234  4.7644E-13
 9548.242188  4.6865E-13
 9553.120117  4.6320E-13
 9557.997070  4.6724E-13
 9562.875000  4.8157E-13
 9567.751953  4.8244E-13
 9572.628906  4.7703E-13
 9577.506836  4.7852E-13
 9582.383789  4.7349E-13
 9587.260742  4.8063E-13
 9592.137695  4.8174E-13
 9597.014648  4.8228E-13
 9601.891602  4.8149E-13
 9606.768555  4.8339E-13
 9611.645508  4.8316E-13
 9616.522461  4.8316E-13
 9621.399414  4.8612E-13
 9626.276367  4.8412E-13
 9631.153320  4.7929E-13
 9636.030273  4.7623E-13
 9640.907227  4.7477E-13
 9645.783203  4.6920E-13
 9650.660156  4.7517E-13
 9655.537109  4.7101E-13
 9660.413086  4.7451E-13
 9665.290039  4.7484E-13
 9670.166016  4.7391E-13
 9675.042969  4.7173E-13
 9679.918945  4.7427E-13
 9684.794922  4.7406E-13
 9689.671875  4.7587E-13
 9694.547852  4.8199E-13
 9699.423828  4.7725E-13
 9704.299805  4.7422E-13
 9709.175781  4.6595E-13
 9714.052734  4.6271E-13
 9718.928711  4.6575E-13
 9723.804688  4.6222E-13
 9728.680664  4.6423E-13
 9733.556641  4.6762E-13
 9738.431641  4.6733E-13
 9743.307617  4.6693E-13
 9748.183594  4.6386E-13
 9753.059570  4.6644E-13
 9757.934570  4.6586E-13
 9762.810547  4.5951E-13
 9767.686523  4.6464E-13
 9772.561523  4.6389E-13
 9777.437500  4.6714E-13
 9782.312500  4.6732E-13
 9787.188477  4.6445E-13
 9792.063477  4.6066E-13
 9796.938477  4.6093E-13
 9801.814453  4.6157E-13
 9806.689453  4.6030E-13
 9811.564453  4.5381E-13
 9816.439453  4.5585E-13
 9821.314453  4.5341E-13
 9826.189453  4.5162E-13
 9831.064453  4.5476E-13
 9835.939453  4.5739E-13
 9840.814453  4.5530E-13
 9845.689453  4.5049E-13
 9850.564453  4.5529E-13
 9855.439453  4.5768E-13
 9860.313477  4.5765E-13
 9865.188477  4.5811E-13
 9870.063477  4.5519E-13
 9874.937500  4.5764E-13
 9879.812500  4.5907E-13
 9884.686523  4.5192E-13
 9889.561523  4.5429E-13
 9894.435547  4.5004E-13
 9899.309570  4.5243E-13
 9904.184570  4.4161E-13
 9909.058594  4.4496E-13
 9913.932617  4.4708E-13
 9918.806641  4.4036E-13
 9923.680664  4.5139E-13
 9928.554688  4.5788E-13
 9933.428711  4.4875E-13
 9938.302734  4.4479E-13
 9943.176758  4.4661E-13
 9948.050781  4.4821E-13
 9952.924805  4.4761E-13
 9957.797852  4.4940E-13
 9962.671875  4.4748E-13
 9967.545898  4.4735E-13
 9972.418945  4.5073E-13
 9977.292969  4.4482E-13
 9982.166016  4.4467E-13
 9987.040039  4.4314E-13
 9991.913086  4.4245E-13
 9996.787109  4.4105E-13
10001.660156  4.4270E-13
10006.533203  4.4549E-13
10011.406250  4.4352E-13
10016.279297  4.3970E-13
10021.152344  4.3519E-13
10026.025391  4.3678E-13
10030.898438  4.3589E-13
10035.771484  4.3116E-13
10040.644531  4.2785E-13
10045.517578  4.2204E-13
10050.390625  4.1456E-13
10055.263672  4.0934E-13
10060.135742  4.1212E-13
10065.008789  4.2228E-13
10069.880859  4.2331E-13
10074.753906  4.2952E-13
10079.625977  4.2785E-13
10084.499023  4.2622E-13
10089.371094  4.2728E-13
10094.243164  4.2508E-13
10099.116211  4.3386E-13
10103.988281  4.2618E-13
10108.860352  4.2800E-13
10113.732422  4.2579E-13
10118.604492  4.2500E-13
10123.476562  4.2622E-13
10128.348633  4.3284E-13
10133.220703  4.3460E-13
10138.092773  4.2971E-13
10142.963867  4.2459E-13
10147.835938  4.2775E-13
10152.708008  4.3113E-13
10157.579102  4.2680E-13
10162.451172  4.1981E-13
10167.322266  4.2299E-13
10172.194336  4.2420E-13
10177.065430  4.2941E-13
10181.936523  4.2709E-13
10186.808594  4.2809E-13
10191.679688  4.2087E-13
10196.550781  4.2203E-13
10201.421875  4.2226E-13
10206.292969  4.2579E-13
10211.164062  4.2929E-13
10216.035156  4.2889E-13
10220.906250  4.2784E-13
10225.777344  4.2958E-13

