HD185975 G230LB+G430L+G750L Bohlin 20Sep2013
HST GO12813 FILE WRITTEN BY STISREDUCE.PRO ON 20-Sep-2013 15:52:18.00
2863
 1667.799194 -4.3614E-15
 1669.169556 -9.1675E-15
 1670.540039  1.4353E-14
 1671.910522  4.8737E-15
 1673.280884  2.0113E-17
 1674.651367  8.7636E-15
 1676.021851 -1.9488E-15
 1677.392334 -2.6661E-14
 1678.762817 -2.2311E-14
 1680.133423  1.0850E-15
 1681.503906 -2.4063E-15
 1682.874512 -5.4537E-15
 1684.245117 -1.1393E-14
 1685.615601  5.4453E-15
 1686.986206 -5.6400E-15
 1688.356812 -5.8266E-15
 1689.727417  6.8009E-15
 1691.098145  1.5543E-15
 1692.468750 -1.1850E-14
 1693.839478 -3.8527E-15
 1695.210083 -1.3492E-14
 1696.580811  3.4134E-16
 1697.951538 -2.2281E-15
 1699.322266  1.1584E-15
 1700.692993  1.1256E-15
 1702.063721 -5.5289E-15
 1703.434570  1.8654E-16
 1704.805298 -2.4830E-15
 1706.176147 -3.3349E-15
 1707.546875  3.3572E-15
 1708.917725  4.1291E-15
 1710.288574 -1.3515E-16
 1711.659424 -1.7939E-15
 1713.030273  1.5689E-15
 1714.401123  4.4538E-15
 1715.772095  1.9413E-15
 1717.142944 -4.1557E-15
 1718.513916  5.3756E-16
 1719.884888 -3.7780E-15
 1721.255737 -8.5044E-16
 1722.626709 -4.5151E-15
 1723.997681 -3.5600E-15
 1725.368774  5.0954E-15
 1726.739746  2.7394E-15
 1728.110718  4.8727E-15
 1729.481812  1.9812E-15
 1730.852783  2.9498E-15
 1732.223877 -3.5997E-15
 1733.594971 -1.3875E-15
 1734.966064 -4.5698E-15
 1736.337158 -5.9696E-15
 1737.708252 -2.8860E-16
 1739.079346 -1.7190E-15
 1740.450439 -2.3640E-15
 1741.821655  4.1915E-15
 1743.192871  5.8071E-15
 1744.563965  4.5686E-15
 1745.935181  2.4265E-15
 1747.306396  3.3001E-15
 1748.677612  1.3849E-15
 1750.048828  3.9712E-15
 1751.420044  7.2280E-17
 1752.791382  2.1622E-15
 1754.162598  9.7736E-15
 1755.533936  4.6333E-15
 1756.905151  5.2727E-15
 1758.276489  4.8438E-15
 1759.647827  5.0427E-15
 1761.019165  9.3524E-16
 1762.390503  4.5075E-15
 1763.761841  4.0325E-15
 1765.133179  1.0062E-14
 1766.504639  7.9182E-15
 1767.875977  6.5053E-15
 1769.247437  4.1995E-15
 1770.618774 -2.8416E-16
 1771.990234  1.1080E-15
 1773.361694  4.4227E-15
 1774.733154  8.6845E-16
 1776.104614  7.4887E-15
 1777.476074  5.6480E-15
 1778.847656  5.0857E-15
 1780.219116  4.0405E-15
 1781.590698  7.6662E-15
 1782.962158  3.0705E-15
 1784.333740 -6.1395E-16
 1785.705322  3.7043E-15
 1787.076904  6.7711E-15
 1788.448486  1.3761E-15
 1789.820068  3.2789E-15
 1791.191650  2.6350E-15
 1792.563232  6.0371E-15
 1793.934937  2.9760E-15
 1795.306519  1.6781E-14
 1796.678223  3.0987E-15
 1798.049805  1.4166E-15
 1799.421509  3.7705E-15
 1800.793213  6.8490E-16
 1802.164917  4.7724E-15
 1803.536621  2.9173E-15
 1804.908325  2.4301E-15
 1806.280151  4.1193E-15
 1807.651855  3.5643E-15
 1809.023560  2.5820E-15
 1810.395386  4.6744E-15
 1811.767212  5.4377E-15
 1813.138916  4.1396E-15
 1814.510742 -6.1851E-16
 1815.882568  3.9363E-15
 1817.254395  7.4502E-15
 1818.626221  1.0381E-14
 1819.998169  1.0214E-14
 1821.369995  6.2509E-15
 1822.741821  4.2202E-15
 1824.113770  6.8002E-15
 1825.485596  3.5133E-15
 1826.857544  4.7150E-15
 1828.229492  2.8107E-15
 1829.601440  3.3454E-15
 1830.973389  5.6595E-15
 1832.345337  5.7825E-15
 1833.717285  2.9338E-15
 1835.089233  2.4817E-15
 1836.461182  4.7848E-15
 1837.833252  5.5878E-15
 1839.205200  4.3196E-15
 1840.577271  5.0537E-15
 1841.949341  4.9426E-15
 1843.321289  3.8196E-15
 1844.693359  4.9528E-15
 1846.065430  3.0819E-15
 1847.437500  5.8254E-16
 1848.809570  2.7891E-15
 1850.181763  5.3684E-15
 1851.553833  8.1599E-15
 1852.925903  5.3890E-15
 1854.298096  5.2378E-15
 1855.670166  8.0190E-15
 1857.042358  6.8001E-15
 1858.414551  5.4472E-15
 1859.786743  5.8038E-15
 1861.158936  5.0829E-15
 1862.531128  5.3387E-15
 1863.903320  5.7624E-15
 1865.275513  3.3554E-15
 1866.647705  7.6905E-15
 1868.019897  1.8210E-15
 1869.392212  4.1359E-15
 1870.764404  6.2272E-15
 1872.136719  2.7931E-15
 1873.509033  5.3551E-15
 1874.881226  4.2773E-15
 1876.253540  6.4293E-15
 1877.625854  5.2543E-15
 1878.998169  7.2710E-15
 1880.370483  5.6121E-15
 1881.742798  4.8707E-15
 1883.115234  7.6951E-15
 1884.487549  5.0587E-15
 1885.859863  5.4196E-15
 1887.232300  3.8701E-15
 1888.604614  5.2589E-15
 1889.977051  5.6047E-15
 1891.349487  6.0670E-15
 1892.721924  5.9549E-15
 1894.094360  5.9343E-15
 1895.466797  4.2632E-15
 1896.839233  2.8968E-15
 1898.211670  6.9623E-15
 1899.584106  4.6077E-15
 1900.956543  6.2805E-15
 1902.329102  6.5034E-15
 1903.701538  8.1909E-15
 1905.074097  7.6733E-15
 1906.446533  4.0342E-15
 1907.819092  8.4959E-15
 1909.191650  1.0356E-14
 1910.564087  5.5318E-15
 1911.936646  6.3575E-15
 1913.309204  6.9286E-15
 1914.681763  6.2593E-15
 1916.054321  4.7569E-15
 1917.427002  5.7374E-15
 1918.799561  7.0156E-15
 1920.172119  6.5935E-15
 1921.544800  5.4662E-15
 1922.917358  8.2381E-15
 1924.290039  7.8079E-15
 1925.662598  5.4896E-15
 1927.035278  5.4559E-15
 1928.407959  6.4893E-15
 1929.780640  5.5559E-15
 1931.153320  3.0062E-15
 1932.526001  6.2122E-15
 1933.898682  5.9334E-15
 1935.271362  3.4319E-15
 1936.644043  6.8184E-15
 1938.016846  5.9104E-15
 1939.389526  6.6171E-15
 1940.762207  6.5534E-15
 1942.135010  8.5215E-15
 1943.507812  8.9278E-15
 1944.880493  7.2430E-15
 1946.253296  6.1361E-15
 1947.626099  7.6706E-15
 1948.998901  7.7558E-15
 1950.371704  5.1295E-15
 1951.744507  5.6479E-15
 1953.117310  8.2453E-15
 1954.490112  5.9205E-15
 1955.862915  6.6558E-15
 1957.235718  5.0211E-15
 1958.608643  8.7049E-15
 1959.981445  7.8337E-15
 1961.354248  8.8706E-15
 1962.727173  8.6292E-15
 1964.100098  9.0261E-15
 1965.472900  8.3592E-15
 1966.845825  1.0191E-14
 1968.218750  9.1333E-15
 1969.591675  6.3916E-15
 1970.964600  1.0128E-14
 1972.337524  9.2990E-15
 1973.710449  7.8936E-15
 1975.083374  8.6908E-15
 1976.456299  9.8220E-15
 1977.829224  7.9036E-15
 1979.202271  7.5767E-15
 1980.575195  7.7410E-15
 1981.948120  7.9787E-15
 1983.321167  8.2321E-15
 1984.694092  8.0578E-15
 1986.067139  7.9405E-15
 1987.440186  6.5336E-15
 1988.813232  1.0132E-14
 1990.186157  8.4009E-15
 1991.559204  8.5557E-15
 1992.932251  8.0608E-15
 1994.305298  6.7476E-15
 1995.678345  8.9543E-15
 1997.051392  1.0176E-14
 1998.424561  7.3061E-15
 1999.797607  9.3539E-15
 2001.170654  9.2174E-15
 2002.543701  8.7230E-15
 2003.916870  9.4493E-15
 2005.289917  7.4147E-15
 2006.663086  9.8431E-15
 2008.036133  5.9038E-15
 2009.409302  8.3881E-15
 2010.782471  7.3747E-15
 2012.155640  8.8766E-15
 2013.528687  8.3147E-15
 2014.901855  8.8635E-15
 2016.275024  9.0603E-15
 2017.648193  8.1206E-15
 2019.021362  7.7346E-15
 2020.394531  9.4135E-15
 2021.767700  9.3942E-15
 2023.140991  9.9673E-15
 2024.514160  9.1058E-15
 2025.887329  8.9392E-15
 2027.260620  8.8658E-15
 2028.633789  9.4597E-15
 2030.006958  1.0109E-14
 2031.380249  9.6702E-15
 2032.753540  1.0200E-14
 2034.126709  9.6250E-15
 2035.500000  1.0583E-14
 2036.873291  9.8005E-15
 2038.246460  9.7538E-15
 2039.619751  1.0057E-14
 2040.993042  9.3310E-15
 2042.366333  9.6182E-15
 2043.739624  1.0171E-14
 2045.112915  1.0397E-14
 2046.486206  1.1614E-14
 2047.859497  1.0815E-14
 2049.232910  1.0988E-14
 2050.606201  9.9391E-15
 2051.979492  9.4755E-15
 2053.352783  1.1456E-14
 2054.726074  1.0913E-14
 2056.099609  1.0946E-14
 2057.472900  1.0167E-14
 2058.846191  9.9534E-15
 2060.219727  1.1188E-14
 2061.593018  1.0530E-14
 2062.966309  1.0352E-14
 2064.339844  1.1605E-14
 2065.713135  1.2833E-14
 2067.086426  1.1335E-14
 2068.459961  1.0657E-14
 2069.833252  1.1077E-14
 2071.206787  1.1376E-14
 2072.580078  1.0727E-14
 2073.953613  1.2195E-14
 2075.326904  1.2415E-14
 2076.700439  1.1712E-14
 2078.073730  1.3601E-14
 2079.447266  1.4815E-14
 2080.820801  1.3705E-14
 2082.194092  1.2489E-14
 2083.567627  1.2879E-14
 2084.941162  1.2546E-14
 2086.314697  1.4557E-14
 2087.687988  1.4671E-14
 2089.061523  1.6482E-14
 2090.435059  1.6418E-14
 2091.808594  1.5405E-14
 2093.181885  1.7702E-14
 2094.555420  1.7600E-14
 2095.928955  1.8594E-14
 2097.302490  1.9764E-14
 2098.676025  2.0522E-14
 2100.049561  1.8800E-14
 2101.423096  2.1562E-14
 2102.796631  2.0982E-14
 2104.170166  2.0408E-14
 2105.543701  2.4812E-14
 2106.917236  2.2379E-14
 2108.290771  2.1659E-14
 2109.664307  1.9804E-14
 2111.037842  2.4402E-14
 2112.411377  2.5530E-14
 2113.784912  2.3152E-14
 2115.158447  2.3469E-14
 2116.532227  2.7686E-14
 2117.905762  2.9327E-14
 2119.279297  2.9698E-14
 2120.652832  3.0304E-14
 2122.026367  2.5224E-14
 2123.400146  2.0431E-14
 2124.773682  1.8493E-14
 2126.147217  2.1655E-14
 2127.520996  2.4220E-14
 2128.894531  2.7593E-14
 2130.268066  2.2038E-14
 2131.641846  2.2687E-14
 2133.015381  2.2495E-14
 2134.388916  2.2714E-14
 2135.762695  2.3388E-14
 2137.136230  2.5199E-14
 2138.510010  2.3583E-14
 2139.883545  2.4035E-14
 2141.257324  3.0892E-14
 2142.630859  3.1980E-14
 2144.004639  3.1760E-14
 2145.378174  2.8359E-14
 2146.751953  2.6857E-14
 2148.125488  2.7292E-14
 2149.499268  2.9861E-14
 2150.872803  2.7930E-14
 2152.246582  2.8506E-14
 2153.620361  2.9657E-14
 2154.993896  2.7366E-14
 2156.367676  2.3512E-14
 2157.741455  2.0590E-14
 2159.114990  2.1302E-14
 2160.488770  2.6013E-14
 2161.862549  2.8364E-14
 2163.236084  2.7627E-14
 2164.609863  2.5762E-14
 2165.983643  2.3088E-14
 2167.357422  2.0928E-14
 2168.730957  2.3489E-14
 2170.104736  2.4458E-14
 2171.478516  2.5887E-14
 2172.852295  2.6910E-14
 2174.226074  2.2935E-14
 2175.599609  2.3629E-14
 2176.973389  2.3920E-14
 2178.347168  2.4345E-14
 2179.720947  3.1600E-14
 2181.094727  3.4351E-14
 2182.468506  3.6175E-14
 2183.842285  3.1722E-14
 2185.216064  3.2323E-14
 2186.589600  2.8860E-14
 2187.963379  2.7266E-14
 2189.337158  2.8797E-14
 2190.710938  3.1929E-14
 2192.084717  3.1348E-14
 2193.458496  3.7900E-14
 2194.832275  3.3328E-14
 2196.206055  2.9927E-14
 2197.579834  3.3783E-14
 2198.953613  3.4880E-14
 2200.327393  3.2590E-14
 2201.701416  3.4050E-14
 2203.075195  3.9742E-14
 2204.448975  3.9845E-14
 2205.822754  3.6808E-14
 2207.196533  3.3679E-14
 2208.570312  2.8649E-14
 2209.944092  2.6678E-14
 2211.317871  2.2644E-14
 2212.691650  2.8748E-14
 2214.065430  3.2416E-14
 2215.439453  3.1451E-14
 2216.813232  2.7749E-14
 2218.187012  2.8019E-14
 2219.560791  3.4180E-14
 2220.934570  3.7176E-14
 2222.308594  3.6596E-14
 2223.682373  3.4687E-14
 2225.056152  3.6561E-14
 2226.429932  3.5456E-14
 2227.803711  3.4663E-14
 2229.177734  3.6621E-14
 2230.551514  3.5323E-14
 2231.925293  3.9058E-14
 2233.299072  4.8375E-14
 2234.673096  4.9398E-14
 2236.046875  5.0038E-14
 2237.420654  4.5443E-14
 2238.794434  4.2245E-14
 2240.168457  4.4610E-14
 2241.542236  3.9128E-14
 2242.916016  3.7823E-14
 2244.290039  3.7844E-14
 2245.663818  4.1787E-14
 2247.037598  4.5290E-14
 2248.411621  4.3981E-14
 2249.785400  3.9563E-14
 2251.159180  3.8909E-14
 2252.533203  3.9950E-14
 2253.906982  3.7944E-14
 2255.280762  3.6561E-14
 2256.654785  3.5434E-14
 2258.028564  3.5664E-14
 2259.402344  3.6071E-14
 2260.776367  3.3296E-14
 2262.150146  3.4003E-14
 2263.524170  3.2785E-14
 2264.897949  2.9211E-14
 2266.271729  2.7353E-14
 2267.645752  2.6251E-14
 2269.019531  2.6337E-14
 2270.393555  2.4924E-14
 2271.767334  2.7632E-14
 2273.141113  2.8505E-14
 2274.515137  2.9634E-14
 2275.888916  3.0154E-14
 2277.262939  3.2778E-14
 2278.636719  3.5268E-14
 2280.010742  3.5993E-14
 2281.384521  3.9789E-14
 2282.758301  4.2881E-14
 2284.132324  3.9787E-14
 2285.506104  4.2909E-14
 2286.880127  3.7992E-14
 2288.253906  3.5961E-14
 2289.627930  3.6095E-14
 2291.001709  3.5041E-14
 2292.375732  3.7507E-14
 2293.749512  3.8662E-14
 2295.123291  4.1262E-14
 2296.497314  3.8596E-14
 2297.871094  3.2004E-14
 2299.245117  3.0914E-14
 2300.618896  3.2630E-14
 2301.992920  3.5546E-14
 2303.366699  3.7203E-14
 2304.740723  4.0880E-14
 2306.114502  4.9322E-14
 2307.488525  4.8168E-14
 2308.862305  4.3056E-14
 2310.236084  3.5816E-14
 2311.610107  3.2067E-14
 2312.983887  3.0441E-14
 2314.357910  3.6493E-14
 2315.731689  4.4636E-14
 2317.105713  4.2918E-14
 2318.479492  4.1865E-14
 2319.853516  3.5835E-14
 2321.227295  3.7983E-14
 2322.601318  4.5219E-14
 2323.975098  5.1124E-14
 2325.348877  4.3054E-14
 2326.722900  3.7671E-14
 2328.096680  3.8535E-14
 2329.470703  4.2108E-14
 2330.844482  3.8010E-14
 2332.218506  3.2522E-14
 2333.592285  3.3060E-14
 2334.966309  3.9318E-14
 2336.340088  3.9990E-14
 2337.713867  3.2989E-14
 2339.087891  3.0196E-14
 2340.461670  3.4075E-14
 2341.835693  3.6851E-14
 2343.209473  3.0456E-14
 2344.583496  2.5296E-14
 2345.957275  2.7091E-14
 2347.331055  2.9016E-14
 2348.705078  2.9752E-14
 2350.078857  3.7408E-14
 2351.452881  4.1946E-14
 2352.826660  4.6079E-14
 2354.200439  4.2214E-14
 2355.574463  4.0811E-14
 2356.948242  4.5186E-14
 2358.322021  4.2915E-14
 2359.696045  3.4606E-14
 2361.069824  3.4232E-14
 2362.443848  3.9700E-14
 2363.817627  3.9082E-14
 2365.191406  3.5023E-14
 2366.565430  3.5606E-14
 2367.939209  3.6218E-14
 2369.312988  4.0471E-14
 2370.687012  4.4777E-14
 2372.060791  4.7952E-14
 2373.434570  3.8574E-14
 2374.808350  3.5264E-14
 2376.182373  3.9205E-14
 2377.556152  4.3552E-14
 2378.929932  3.7529E-14
 2380.303955  3.2590E-14
 2381.677734  2.5966E-14
 2383.051514  2.4016E-14
 2384.425293  3.0051E-14
 2385.799316  3.7417E-14
 2387.173096  3.9357E-14
 2388.546875  3.4062E-14
 2389.920654  3.6491E-14
 2391.294678  4.3369E-14
 2392.668457  4.2348E-14
 2394.042236  3.9024E-14
 2395.416016  2.9612E-14
 2396.789795  3.0011E-14
 2398.163818  3.4250E-14
 2399.537598  3.2508E-14
 2400.911377  3.8698E-14
 2402.285156  3.9683E-14
 2403.658936  3.5386E-14
 2405.032715  3.0301E-14
 2406.406738  2.9560E-14
 2407.780518  3.2656E-14
 2409.154297  3.7740E-14
 2410.528076  3.1262E-14
 2411.901855  2.9984E-14
 2413.275635  3.4032E-14
 2414.649414  3.8552E-14
 2416.023193  4.4181E-14
 2417.396973  4.7422E-14
 2418.770752  5.1110E-14
 2420.144531  5.3467E-14
 2421.518311  5.6680E-14
 2422.892090  5.5905E-14
 2424.265869  5.1774E-14
 2425.639648  5.4089E-14
 2427.013428  6.0324E-14
 2428.387207  5.7163E-14
 2429.760986  5.3524E-14
 2431.134766  5.6675E-14
 2432.508545  5.2904E-14
 2433.882324  5.1545E-14
 2435.256104  4.8352E-14
 2436.629883  5.0528E-14
 2438.003662  5.3961E-14
 2439.377197  4.9755E-14
 2440.750977  5.3669E-14
 2442.124756  5.7051E-14
 2443.498535  5.3483E-14
 2444.872314  5.0576E-14
 2446.246094  4.9062E-14
 2447.619629  4.6583E-14
 2448.993408  4.2906E-14
 2450.367188  4.3403E-14
 2451.740967  4.1821E-14
 2453.114502  4.1106E-14
 2454.488281  4.1765E-14
 2455.862061  4.3699E-14
 2457.235596  4.3514E-14
 2458.609375  4.5860E-14
 2459.983154  4.2843E-14
 2461.356689  4.0013E-14
 2462.730469  3.7266E-14
 2464.104248  3.9682E-14
 2465.477783  4.1966E-14
 2466.851562  4.2877E-14
 2468.225098  4.7748E-14
 2469.598877  4.6861E-14
 2470.972656  4.7558E-14
 2472.346191  4.6648E-14
 2473.719971  4.4971E-14
 2475.093506  5.2092E-14
 2476.467285  5.0027E-14
 2477.840820  4.9165E-14
 2479.214355  4.3297E-14
 2480.588135  4.2323E-14
 2481.961670  4.4756E-14
 2483.335449  3.6112E-14
 2484.708984  3.7014E-14
 2486.082520  4.0625E-14
 2487.456299  3.8674E-14
 2488.829834  3.4787E-14
 2490.203369  3.2433E-14
 2491.577148  3.3890E-14
 2492.950684  4.4467E-14
 2494.324219  5.1498E-14
 2495.697754  5.8486E-14
 2497.071533  5.7803E-14
 2498.445068  5.6584E-14
 2499.818604  5.8578E-14
 2501.192139  5.0818E-14
 2502.565674  5.0324E-14
 2503.939453  5.4516E-14
 2505.312988  4.9777E-14
 2506.686523  4.3441E-14
 2508.060059  4.5753E-14
 2509.433594  5.3311E-14
 2510.807129  4.9494E-14
 2512.180664  4.7477E-14
 2513.554199  4.4427E-14
 2514.927734  3.7571E-14
 2516.301270  3.4834E-14
 2517.674805  3.5016E-14
 2519.048340  3.8130E-14
 2520.421875  4.0843E-14
 2521.795166  4.0524E-14
 2523.168701  3.6326E-14
 2524.542236  3.4729E-14
 2525.915771  3.9047E-14
 2527.289307  3.8510E-14
 2528.662842  3.5082E-14
 2530.036133  3.8013E-14
 2531.409668  4.8851E-14
 2532.783203  4.9609E-14
 2534.156494  4.8717E-14
 2535.530029  4.7595E-14
 2536.903564  4.7032E-14
 2538.276855  4.9665E-14
 2539.650391  4.9845E-14
 2541.023926  4.9609E-14
 2542.397217  5.2327E-14
 2543.770752  5.5996E-14
 2545.144043  5.3919E-14
 2546.517578  5.2082E-14
 2547.890869  5.2070E-14
 2549.264160  4.8345E-14
 2550.637695  5.6982E-14
 2552.010986  7.0665E-14
 2553.384521  7.0303E-14
 2554.757812  7.4724E-14
 2556.131104  7.0554E-14
 2557.504639  7.2089E-14
 2558.877930  7.7488E-14
 2560.251221  7.9339E-14
 2561.624512  7.1679E-14
 2562.998047  6.3277E-14
 2564.371338  7.3126E-14
 2565.744629  8.9451E-14
 2567.117920  9.7806E-14
 2568.491211  1.0241E-13
 2569.864502  1.1188E-13
 2571.237793  1.1187E-13
 2572.611084  1.1358E-13
 2573.984375  1.1535E-13
 2575.357666  9.0017E-14
 2576.730957  8.0925E-14
 2578.104248  9.8208E-14
 2579.477539  1.1813E-13
 2580.850830  1.3311E-13
 2582.224121  1.3006E-13
 2583.597412  1.0842E-13
 2584.970459  8.9262E-14
 2586.343750  7.4046E-14
 2587.717041  9.6584E-14
 2589.090332  1.2245E-13
 2590.463379  1.2150E-13
 2591.836670  1.0199E-13
 2593.209961  9.5121E-14
 2594.583008  8.4474E-14
 2595.956299  9.3441E-14
 2597.329346  7.8452E-14
 2598.702637  5.4870E-14
 2600.075684  5.9615E-14
 2601.448975  7.7314E-14
 2602.822021  9.5208E-14
 2604.195312  9.1804E-14
 2605.568359  7.5462E-14
 2606.941406  6.6995E-14
 2608.314697  7.0386E-14
 2609.687744  8.0558E-14
 2611.060791  7.0147E-14
 2612.434082  5.9306E-14
 2613.807129  6.3360E-14
 2615.180176  7.8896E-14
 2616.553223  8.7766E-14
 2617.926270  8.3142E-14
 2619.299316  9.0497E-14
 2620.672363  9.6611E-14
 2622.045410  1.0251E-13
 2623.418457  1.0671E-13
 2624.791504  1.0330E-13
 2626.164551  9.7695E-14
 2627.537598  8.4558E-14
 2628.910645  7.5966E-14
 2630.283691  7.4468E-14
 2631.656738  7.0124E-14
 2633.029785  9.2059E-14
 2634.402588  1.2858E-13
 2635.775635  1.5201E-13
 2637.148682  1.8209E-13
 2638.521484  2.2079E-13
 2639.894531  2.1300E-13
 2641.267578  2.0364E-13
 2642.640381  2.3924E-13
 2644.013428  2.5246E-13
 2645.386230  2.1860E-13
 2646.759277  1.9845E-13
 2648.132080  1.7622E-13
 2649.505127  1.7061E-13
 2650.877930  1.7794E-13
 2652.250732  1.8925E-13
 2653.623779  2.1843E-13
 2654.996582  2.4355E-13
 2656.369385  2.3769E-13
 2657.742188  2.3132E-13
 2659.115234  2.2690E-13
 2660.488037  2.3175E-13
 2661.860840  2.0971E-13
 2663.233643  2.0471E-13
 2664.606445  2.0609E-13
 2665.979248  2.1059E-13
 2667.352051  2.0972E-13
 2668.724854  2.1249E-13
 2670.097656  2.0894E-13
 2671.470459  2.2405E-13
 2672.843018  1.9577E-13
 2674.215820  2.2438E-13
 2675.588623  2.5132E-13
 2676.961426  2.3791E-13
 2678.333984  2.0467E-13
 2679.706787  1.9279E-13
 2681.079590  2.0866E-13
 2682.452148  2.1144E-13
 2683.824951  2.0669E-13
 2685.197510  2.0326E-13
 2686.570312  2.1860E-13
 2687.942871  2.0664E-13
 2689.315674  1.9622E-13
 2690.688232  1.9271E-13
 2692.060791  2.0147E-13
 2693.433594  2.1200E-13
 2694.806152  1.9953E-13
 2696.178711  1.8185E-13
 2697.551270  2.0014E-13
 2698.923828  2.0841E-13
 2700.296631  2.4598E-13
 2701.669189  2.4270E-13
 2703.041748  2.3867E-13
 2704.414307  2.5159E-13
 2705.786865  2.4914E-13
 2707.159424  2.2525E-13
 2708.531738  2.2421E-13
 2709.904297  2.2431E-13
 2711.276855  2.2625E-13
 2712.649414  2.3470E-13
 2714.021973  2.2265E-13
 2715.394287  2.0641E-13
 2716.766846  2.0374E-13
 2718.139404  1.8350E-13
 2719.511719  1.3351E-13
 2720.884277  1.3115E-13
 2722.256592  1.5961E-13
 2723.629150  1.6971E-13
 2725.001465  1.7131E-13
 2726.373779  1.8097E-13
 2727.746338  1.8161E-13
 2729.118652  2.2077E-13
 2730.490967  2.4381E-13
 2731.863281  2.2252E-13
 2733.235840  2.0452E-13
 2734.608154  1.7876E-13
 2735.980469  1.8051E-13
 2737.352783  1.4774E-13
 2738.725098  1.3786E-13
 2740.097412  1.2334E-13
 2741.469727  1.2526E-13
 2742.842041  1.1285E-13
 2744.214355  1.0720E-13
 2745.586426  1.2866E-13
 2746.958740  1.1389E-13
 2748.331055  1.1263E-13
 2749.703369  1.0774E-13
 2751.075439  1.2377E-13
 2752.447754  1.6002E-13
 2753.819824  1.7449E-13
 2755.192139  1.4485E-13
 2756.564209  1.2859E-13
 2757.936523  1.7573E-13
 2759.308594  2.3690E-13
 2760.680664  2.2267E-13
 2762.052979  2.0563E-13
 2763.425049  1.9979E-13
 2764.797119  2.3845E-13
 2766.169189  2.3875E-13
 2767.541260  2.2205E-13
 2768.913330  2.1663E-13
 2770.285400  2.1548E-13
 2771.657471  2.3603E-13
 2773.029541  2.2757E-13
 2774.401611  2.4359E-13
 2775.773682  2.2014E-13
 2777.145752  1.9585E-13
 2778.517822  1.7164E-13
 2779.889648  1.5327E-13
 2781.261719  1.5029E-13
 2782.633789  1.4929E-13
 2784.005615  1.4583E-13
 2785.377686  1.4908E-13
 2786.749512  1.4434E-13
 2788.121582  1.2840E-13
 2789.493408  1.1163E-13
 2790.865479  9.5715E-14
 2792.237305  7.9685E-14
 2793.609131  6.7273E-14
 2794.980957  5.9517E-14
 2796.352783  6.1460E-14
 2797.724854  5.5036E-14
 2799.096680  5.8887E-14
 2800.468506  6.3932E-14
 2801.840332  5.9685E-14
 2803.212158  6.4352E-14
 2804.583740  6.3572E-14
 2805.955566  7.9384E-14
 2807.327393  1.0151E-13
 2808.699219  1.2202E-13
 2810.071045  1.4136E-13
 2811.442627  1.4926E-13
 2812.814453  1.5884E-13
 2814.186035  1.8245E-13
 2815.557861  2.1431E-13
 2816.929443  2.1450E-13
 2818.301270  2.2227E-13
 2819.672852  2.3732E-13
 2821.044434  2.4897E-13
 2822.416260  2.5744E-13
 2823.787842  2.7187E-13
 2825.159424  2.6735E-13
 2826.531006  2.5164E-13
 2827.902588  2.7466E-13
 2829.274170  2.8639E-13
 2830.645752  3.0512E-13
 2832.017334  3.0532E-13
 2833.388916  2.9779E-13
 2834.760498  2.8050E-13
 2836.131836  2.4654E-13
 2837.503418  2.9038E-13
 2838.875000  3.0077E-13
 2840.246338  2.7994E-13
 2841.617920  2.6833E-13
 2842.989258  2.6191E-13
 2844.360840  2.2747E-13
 2845.732178  2.3644E-13
 2847.103760  1.9650E-13
 2848.475098  1.5727E-13
 2849.846436  1.1907E-13
 2851.217773  8.5400E-14
 2852.589355  6.4658E-14
 2853.960693  8.4837E-14
 2855.332031  1.2013E-13
 2856.703369  1.5920E-13
 2858.074707  2.0154E-13
 2859.446045  2.4248E-13
 2860.817139  2.8701E-13
 2862.188477  3.0391E-13
 2863.559814  3.1189E-13
 2864.931152  3.3354E-13
 2866.302246  3.2799E-13
 2867.673584  2.9930E-13
 2869.044678  2.8535E-13
 2870.416016  3.2426E-13
 2871.787109  3.8495E-13
 2873.158203  3.7199E-13
 2874.529541  3.3766E-13
 2875.900635  3.2550E-13
 2877.271729  3.1023E-13
 2878.642822  2.9653E-13
 2880.013916  2.3603E-13
 2881.385010  1.8018E-13
 2882.756104  1.9783E-13
 2884.127197  2.8998E-13
 2885.498291  3.7448E-13
 2886.869385  3.7505E-13
 2888.240479  3.7104E-13
 2889.611328  3.6771E-13
 2890.982422  3.7575E-13
 2892.353516  3.8135E-13
 2893.724365  3.8859E-13
 2895.095459  4.2385E-13
 2896.466309  4.7496E-13
 2897.837158  4.9447E-13
 2899.208252  5.2087E-13
 2900.579102  5.9419E-13
 2901.949951  5.6745E-13
 2903.320801  5.7700E-13
 2904.691650  6.0196E-13
 2906.062500  5.7683E-13
 2907.433350  5.5367E-13
 2908.804199  5.3601E-13
 2910.175049  5.3475E-13
 2911.545898  5.4670E-13
 2912.916748  6.0405E-13
 2914.287354  5.7964E-13
 2915.658203  5.1107E-13
 2917.028809  5.2058E-13
 2918.399658  5.0630E-13
 2919.770264  5.2517E-13
 2921.141113  5.3026E-13
 2922.511719  5.3328E-13
 2923.882324  4.7440E-13
 2925.253174  4.5038E-13
 2926.623779  4.2672E-13
 2927.994385  4.4724E-13
 2929.364990  4.2645E-13
 2930.735596  5.5211E-13
 2932.106201  5.9675E-13
 2933.476807  5.8919E-13
 2934.847168  5.8888E-13
 2936.217773  5.2555E-13
 2937.588379  4.0254E-13
 2938.958740  4.4506E-13
 2940.329346  4.8289E-13
 2941.699951  4.6812E-13
 2943.070312  5.2784E-13
 2944.440674  5.0809E-13
 2945.811279  5.4085E-13
 2947.181641  4.9691E-13
 2948.552002  3.6388E-13
 2949.922363  4.3490E-13
 2951.292725  5.3755E-13
 2952.663086  5.7978E-13
 2954.033447  4.8892E-13
 2955.403809  5.3054E-13
 2956.774170  5.2272E-13
 2958.144531  5.3698E-13
 2959.514648  5.8387E-13
 2960.885010  5.3916E-13
 2962.255371  5.9371E-13
 2963.625488  5.9386E-13
 2964.995850  4.5832E-13
 2966.365967  3.5697E-13
 2967.736084  3.6911E-13
 2969.106445  3.8676E-13
 2970.476562  3.6645E-13
 2971.846680  4.4117E-13
 2973.216797  4.0702E-13
 2974.586914  5.0301E-13
 2975.957031  5.7415E-13
 2977.327148  6.3914E-13
 2978.697266  6.0823E-13
 2980.067139  5.1198E-13
 2981.437256  4.2041E-13
 2982.807373  3.6844E-13
 2984.177246  3.1229E-13
 2985.547363  3.1642E-13
 2986.917236  3.7717E-13
 2988.287354  4.2500E-13
 2989.657227  5.1945E-13
 2991.027100  5.7610E-13
 2992.396973  5.1785E-13
 2993.766846  4.5447E-13
 2995.136719  3.8817E-13
 2996.506592  4.9624E-13
 2997.876465  4.9308E-13
 2999.246338  4.1750E-13
 3000.616211  3.0554E-13
 3001.986084  3.0046E-13
 3003.355713  3.1565E-13
 3004.725586  3.9961E-13
 3006.095215  4.4645E-13
 3007.465088  3.8108E-13
 3008.834717  3.6347E-13
 3010.204590  4.4152E-13
 3011.574219  4.9117E-13
 3012.943848  4.9042E-13
 3014.313477  5.0547E-13
 3015.683105  4.6796E-13
 3017.052734  4.4236E-13
 3018.422363  3.7005E-13
 3019.791992  3.0986E-13
 3021.161621  2.7823E-13
 3022.531006  4.1897E-13
 3023.900635  5.2118E-13
 3025.270264  4.7426E-13
 3026.639648  4.9310E-13
 3028.009277  6.4528E-13
 3029.378662  6.2200E-13
 3030.748047  5.8644E-13
 3032.117676  6.1530E-13
 3033.487061  7.0083E-13
 3034.856445  6.8711E-13
 3036.225830  6.6294E-13
 3037.595215  5.0132E-13
 3038.964600  5.3171E-13
 3040.333984  5.7693E-13
 3041.703125  5.1875E-13
 3043.072510  5.6505E-13
 3044.441895  6.5162E-13
 3045.811035  6.6469E-13
 3047.180420  5.5909E-13
 3048.549561  5.2453E-13
 3049.918701  6.5381E-13
 3051.288086  6.9459E-13
 3052.657227  7.8249E-13
 3054.026367  6.4946E-13
 3055.395508  6.0024E-13
 3056.764648  5.4546E-13
 3058.133789  3.9750E-13
 3059.502930  4.1772E-13
 3060.871826  5.5464E-13
 3065.677246  5.1978E-13
 3068.423340  5.7942E-13
 3071.169434  6.1538E-13
 3073.915527  6.0136E-13
 3076.661865  6.0820E-13
 3079.407959  6.0763E-13
 3082.154053  6.0943E-13
 3084.900391  6.2783E-13
 3087.646484  5.7905E-13
 3090.392822  5.1252E-13
 3093.139160  4.9882E-13
 3095.885254  4.9859E-13
 3098.631592  4.6164E-13
 3101.377930  5.2372E-13
 3104.124268  6.5983E-13
 3106.870605  7.2388E-13
 3109.616943  7.4830E-13
 3112.363525  7.4303E-13
 3115.109863  6.8339E-13
 3117.856201  6.1139E-13
 3120.602783  6.0607E-13
 3123.349121  6.4081E-13
 3126.095703  6.4517E-13
 3128.842041  6.5944E-13
 3131.588623  6.4909E-13
 3134.335205  6.6481E-13
 3137.081543  7.0805E-13
 3139.828125  6.8328E-13
 3142.574707  6.0036E-13
 3145.321289  5.8067E-13
 3148.067871  6.5804E-13
 3150.814697  6.9227E-13
 3153.561279  6.5688E-13
 3156.307861  5.7493E-13
 3159.054688  5.3457E-13
 3161.801270  5.7386E-13
 3164.548096  6.3355E-13
 3167.294678  6.9260E-13
 3170.041504  7.8680E-13
 3172.788330  8.1610E-13
 3175.534912  7.9214E-13
 3178.281738  6.5871E-13
 3181.028564  5.8401E-13
 3183.775391  6.3039E-13
 3186.522217  6.9357E-13
 3189.269043  7.1270E-13
 3192.015869  6.3081E-13
 3194.762939  6.7416E-13
 3197.509766  7.6495E-13
 3200.256592  7.8883E-13
 3203.003662  8.2195E-13
 3205.750488  8.2628E-13
 3208.497559  7.2580E-13
 3211.244385  6.3323E-13
 3213.991455  6.5212E-13
 3216.738525  7.1992E-13
 3219.485596  7.6308E-13
 3222.232422  7.1066E-13
 3224.979492  6.4616E-13
 3227.726562  5.9183E-13
 3230.473633  6.2612E-13
 3233.220703  6.4144E-13
 3235.968018  6.5095E-13
 3238.715088  7.0827E-13
 3241.462158  7.6166E-13
 3244.209229  7.7877E-13
 3246.956543  7.5811E-13
 3249.703613  7.4170E-13
 3252.450928  8.0856E-13
 3255.197998  9.2283E-13
 3257.945312  9.9182E-13
 3260.692627  9.8616E-13
 3263.439697  9.4110E-13
 3266.187012  9.6699E-13
 3268.934326  9.6364E-13
 3271.681641  9.5060E-13
 3274.428955  9.5690E-13
 3277.176270  9.2578E-13
 3279.923584  9.0721E-13
 3282.670898  9.0202E-13
 3285.418457  8.6800E-13
 3288.165771  9.2314E-13
 3290.913086  1.0249E-12
 3293.660400  1.0827E-12
 3296.407959  1.1029E-12
 3299.155273  1.1299E-12
 3301.902832  1.0488E-12
 3304.650146  9.4712E-13
 3307.397705  9.4660E-13
 3310.145264  9.9865E-13
 3312.892578  9.6401E-13
 3315.640137  9.6043E-13
 3318.387695  9.8677E-13
 3321.135254  9.4753E-13
 3323.882812  9.4253E-13
 3326.630371  9.6863E-13
 3329.377930  9.4633E-13
 3332.125488  9.7012E-13
 3334.873047  9.1550E-13
 3337.620605  9.1077E-13
 3340.368408  9.3867E-13
 3343.115967  9.9197E-13
 3345.863525  9.9912E-13
 3348.611328  9.4830E-13
 3351.358887  9.8599E-13
 3354.106689  1.0289E-12
 3356.854248  9.4348E-13
 3359.602051  7.5596E-13
 3362.349854  8.0533E-13
 3365.097412  9.1280E-13
 3367.845215  8.2037E-13
 3370.593018  7.6562E-13
 3373.340820  8.5726E-13
 3376.088379  9.8195E-13
 3378.836182  8.9717E-13
 3381.583984  8.8482E-13
 3384.331787  9.6325E-13
 3387.079590  9.8539E-13
 3389.827637  9.7818E-13
 3392.575439  9.0712E-13
 3395.323242  9.8111E-13
 3398.071045  1.0586E-12
 3400.818848  1.0889E-12
 3403.566895  1.0444E-12
 3406.314697  9.9130E-13
 3409.062744  9.7171E-13
 3411.810547  9.6746E-13
 3414.558594  9.0892E-13
 3417.306396  9.8726E-13
 3420.054443  1.0610E-12
 3422.802246  9.9954E-13
 3425.550293  9.9753E-13
 3428.298340  1.0626E-12
 3431.046387  1.0603E-12
 3433.794189  1.0028E-12
 3436.542236  9.6055E-13
 3439.290283  8.1363E-13
 3442.038330  7.0679E-13
 3444.786377  7.7647E-13
 3447.534424  8.9245E-13
 3450.282471  9.8330E-13
 3453.030518  9.9359E-13
 3455.778564  9.8143E-13
 3458.526611  8.9733E-13
 3461.274902  8.7095E-13
 3464.022949  9.5369E-13
 3466.770996  9.7790E-13
 3469.519043  1.0196E-12
 3472.267334  9.5872E-13
 3475.015381  8.4259E-13
 3477.763672  8.7807E-13
 3480.511719  9.2001E-13
 3483.260010  8.9366E-13
 3486.008057  9.3558E-13
 3488.756348  8.9725E-13
 3491.504395  8.5790E-13
 3494.252686  8.7235E-13
 3497.000977  8.9543E-13
 3499.749023  1.0291E-12
 3502.497314  1.1180E-12
 3505.245605  1.0862E-12
 3507.993896  1.0504E-12
 3510.741943  9.9126E-13
 3513.490234  9.4018E-13
 3516.238525  1.0284E-12
 3518.986816  1.0508E-12
 3521.735107  9.6985E-13
 3524.483398  8.6089E-13
 3527.231689  9.2483E-13
 3529.979980  1.0291E-12
 3532.728271  1.0473E-12
 3535.476807  1.0963E-12
 3538.225098  1.1407E-12
 3540.973389  1.1416E-12
 3543.721680  1.1558E-12
 3546.469971  1.1720E-12
 3549.218506  1.1644E-12
 3551.966797  1.1210E-12
 3554.715088  1.0773E-12
 3557.463623  1.0737E-12
 3560.211914  1.0730E-12
 3562.960449  1.0657E-12
 3565.708740  9.1189E-13
 3568.457275  8.3963E-13
 3571.205566  8.3340E-13
 3573.954102  9.0484E-13
 3576.702393  9.3751E-13
 3579.450928  8.1433E-13
 3582.199463  7.0339E-13
 3584.947754  6.9144E-13
 3587.696289  7.4899E-13
 3590.444824  9.2834E-13
 3593.193115  1.0688E-12
 3595.941650  1.1583E-12
 3598.690186  1.2087E-12
 3601.438721  1.1554E-12
 3604.187256  1.0379E-12
 3606.935547  9.5253E-13
 3609.684082  9.0331E-13
 3612.432617  9.6055E-13
 3615.181152  1.0113E-12
 3617.929688  9.1556E-13
 3620.678223  9.1341E-13
 3623.426758  1.0571E-12
 3626.175293  1.1865E-12
 3628.923828  1.1787E-12
 3631.672363  9.7621E-13
 3634.420898  9.7506E-13
 3637.169678  1.0842E-12
 3639.918213  1.1825E-12
 3642.666748  1.1427E-12
 3645.415283  1.0408E-12
 3648.163818  1.0029E-12
 3650.912354  1.0871E-12
 3653.661133  1.2258E-12
 3656.409668  1.2997E-12
 3659.158203  1.3524E-12
 3661.906982  1.3424E-12
 3664.655518  1.2957E-12
 3667.404053  1.2522E-12
 3670.152832  1.2402E-12
 3672.901367  1.2938E-12
 3675.649902  1.2863E-12
 3678.398682  1.1792E-12
 3681.147217  1.1624E-12
 3683.895996  1.1919E-12
 3686.644531  1.1356E-12
 3689.393311  1.1842E-12
 3692.141846  1.3226E-12
 3694.890625  1.3085E-12
 3697.639160  1.3348E-12
 3700.387939  1.3946E-12
 3703.136475  1.2982E-12
 3705.885254  1.1141E-12
 3708.633789  1.0985E-12
 3711.382568  1.2493E-12
 3714.131348  1.4232E-12
 3716.879883  1.3857E-12
 3719.628662  1.1016E-12
 3722.377441  9.8937E-13
 3725.125977  1.1378E-12
 3727.874756  1.2137E-12
 3730.623535  1.1539E-12
 3733.372070  9.6656E-13
 3736.120850  8.2189E-13
 3738.869629  9.9932E-13
 3741.618408  1.1232E-12
 3744.366943  1.0253E-12
 3747.115723  8.8155E-13
 3749.864502  8.8100E-13
 3752.613281  1.1017E-12
 3755.361816  1.2305E-12
 3758.110596  1.1793E-12
 3760.859375  1.1322E-12
 3763.608154  1.1714E-12
 3766.356934  1.1866E-12
 3769.105713  1.2100E-12
 3771.854248  1.2913E-12
 3774.603027  1.4128E-12
 3777.351807  1.4654E-12
 3780.100586  1.5287E-12
 3782.849365  1.5586E-12
 3785.598145  1.4634E-12
 3788.346924  1.3044E-12
 3791.095703  1.2454E-12
 3793.844482  1.1869E-12
 3796.593262  1.1102E-12
 3799.341797  1.1104E-12
 3802.090576  1.2952E-12
 3804.839355  1.3976E-12
 3807.588135  1.3632E-12
 3810.336914  1.3959E-12
 3813.085693  1.2807E-12
 3815.834473  1.0953E-12
 3818.583252  1.0604E-12
 3821.332031  9.7245E-13
 3824.080811  9.3418E-13
 3826.829590  8.1367E-13
 3829.578369  7.9794E-13
 3832.327148  7.8141E-13
 3835.075928  7.6675E-13
 3837.824707  7.8467E-13
 3840.573486  8.3648E-13
 3843.322266  1.0473E-12
 3846.071045  1.1679E-12
 3848.819824  1.1890E-12
 3851.568604  1.1688E-12
 3854.317383  1.1362E-12
 3857.066162  1.0456E-12
 3859.814941  1.0027E-12
 3862.563721  1.1085E-12
 3865.312500  1.1901E-12
 3868.061279  1.1381E-12
 3870.810059  1.0207E-12
 3873.558838  1.0487E-12
 3876.307617  1.1600E-12
 3879.056396  1.0831E-12
 3881.805176  1.0451E-12
 3884.553955  1.0777E-12
 3887.302734  1.0391E-12
 3890.051514  1.1157E-12
 3892.800293  1.2783E-12
 3895.549072  1.3302E-12
 3898.297852  1.3821E-12
 3901.046631  1.3723E-12
 3903.795410  1.3081E-12
 3906.544189  1.2933E-12
 3909.292969  1.4148E-12
 3912.041748  1.5028E-12
 3914.790527  1.4837E-12
 3917.539062  1.4246E-12
 3920.287842  1.2907E-12
 3923.036621  1.1991E-12
 3925.785400  1.0907E-12
 3928.534180  8.4650E-13
 3931.282959  5.8935E-13
 3934.031738  4.5868E-13
 3936.780518  5.7530E-13
 3939.529297  8.2322E-13
 3942.278076  9.9359E-13
 3945.026855  1.1158E-12
 3947.775391  1.2860E-12
 3950.524170  1.4074E-12
 3953.272949  1.4207E-12
 3956.021729  1.4211E-12
 3958.770508  1.3808E-12
 3961.519287  1.1597E-12
 3964.267822  8.9684E-13
 3967.016602  6.5549E-13
 3969.765381  5.6783E-13
 3972.514160  7.7372E-13
 3975.262939  1.0768E-12
 3978.011475  1.3630E-12
 3980.760254  1.5554E-12
 3983.509033  1.5983E-12
 3986.257812  1.6560E-12
 3989.006348  1.7344E-12
 3991.755127  1.7819E-12
 3994.503906  1.7911E-12
 3997.252441  1.7916E-12
 4000.001221  1.8508E-12
 4002.750000  1.8932E-12
 4005.498535  1.7788E-12
 4008.247314  1.8120E-12
 4010.996094  1.9044E-12
 4013.744629  1.9523E-12
 4016.493408  1.9508E-12
 4019.241943  1.9573E-12
 4021.990723  1.9670E-12
 4024.739258  1.9598E-12
 4027.488037  1.9653E-12
 4030.236572  1.8563E-12
 4032.985352  1.7625E-12
 4035.733887  1.8491E-12
 4038.482666  1.9745E-12
 4041.231201  1.9677E-12
 4043.979980  1.8188E-12
 4046.728516  1.7048E-12
 4049.477051  1.8506E-12
 4052.225830  1.9147E-12
 4054.974365  1.8299E-12
 4057.722900  1.7638E-12
 4060.471680  1.7907E-12
 4063.220215  1.7134E-12
 4065.968750  1.7247E-12
 4068.717529  1.8161E-12
 4071.466064  1.8266E-12
 4074.214600  1.8093E-12
 4076.963135  1.7591E-12
 4079.711670  1.8361E-12
 4082.460205  1.9353E-12
 4085.208984  1.9341E-12
 4087.957520  2.0265E-12
 4090.706055  2.0561E-12
 4093.454590  1.9853E-12
 4096.203125  1.8697E-12
 4098.951660  1.7434E-12
 4101.700195  1.6421E-12
 4104.448730  1.7258E-12
 4107.197266  1.8803E-12
 4109.945801  1.9257E-12
 4112.694336  1.9843E-12
 4115.442871  2.0651E-12
 4118.191406  2.0488E-12
 4120.939941  2.0122E-12
 4123.687988  2.0153E-12
 4126.436523  2.0014E-12
 4129.185059  1.9550E-12
 4131.933594  1.8925E-12
 4134.682129  1.9067E-12
 4137.430664  2.0397E-12
 4140.179199  2.0788E-12
 4142.927246  1.9465E-12
 4145.675781  1.9302E-12
 4148.424316  1.9854E-12
 4151.172852  1.9941E-12
 4153.920898  1.9372E-12
 4156.669434  1.9324E-12
 4159.417969  2.0063E-12
 4162.166504  2.0799E-12
 4164.914551  2.0982E-12
 4167.663086  2.0292E-12
 4170.411621  1.9739E-12
 4173.159668  1.8489E-12
 4175.908203  1.8608E-12
 4178.656738  1.9045E-12
 4181.404785  1.9253E-12
 4184.153320  1.9166E-12
 4186.901367  1.9076E-12
 4189.649902  1.9435E-12
 4192.397949  1.9895E-12
 4195.146484  1.9716E-12
 4197.894531  1.8597E-12
 4200.643066  1.8107E-12
 4203.391113  1.8648E-12
 4206.139648  1.9887E-12
 4208.887695  2.0686E-12
 4211.636230  2.0763E-12
 4214.384277  2.0486E-12
 4217.132812  2.0086E-12
 4219.880859  2.0335E-12
 4222.628906  1.9833E-12
 4225.377441  1.7401E-12
 4228.125488  1.7064E-12
 4230.873535  1.9400E-12
 4233.622070  1.9616E-12
 4236.370117  1.8776E-12
 4239.118164  1.8779E-12
 4241.866211  1.9586E-12
 4244.614746  2.0022E-12
 4247.362793  1.9403E-12
 4250.110840  1.8406E-12
 4252.858887  1.8940E-12
 4255.606934  1.9008E-12
 4258.354980  1.8815E-12
 4261.103027  1.8146E-12
 4263.851074  1.9461E-12
 4266.599609  1.9971E-12
 4269.347656  1.8584E-12
 4272.095703  1.6799E-12
 4274.843750  1.7119E-12
 4277.591797  1.8732E-12
 4280.339844  1.8818E-12
 4283.087891  1.8633E-12
 4285.835449  1.8036E-12
 4288.583496  1.7148E-12
 4291.331543  1.6693E-12
 4294.079590  1.7213E-12
 4296.827637  1.6236E-12
 4299.575684  1.4103E-12
 4302.323730  1.3241E-12
 4305.071289  1.3305E-12
 4307.819336  1.2959E-12
 4310.567383  1.3275E-12
 4313.315430  1.5339E-12
 4316.062988  1.8979E-12
 4318.811035  2.0995E-12
 4321.559082  2.0294E-12
 4324.306641  1.7922E-12
 4327.054688  1.7406E-12
 4329.802246  1.9687E-12
 4332.550293  2.0587E-12
 4335.297852  2.0340E-12
 4338.045898  1.8049E-12
 4340.793457  1.6110E-12
 4343.541504  1.7439E-12
 4346.289062  1.9405E-12
 4349.037109  2.0262E-12
 4351.784668  1.9531E-12
 4354.532715  1.9417E-12
 4357.280273  2.0160E-12
 4360.027832  2.0559E-12
 4362.775879  2.1365E-12
 4365.523438  2.1787E-12
 4368.270996  2.1037E-12
 4371.018555  2.0386E-12
 4373.766113  1.9775E-12
 4376.514160  1.9521E-12
 4379.261719  2.0089E-12
 4382.009277  1.8925E-12
 4384.756836  1.6739E-12
 4387.504395  1.7897E-12
 4390.251953  1.8742E-12
 4392.999512  1.9518E-12
 4395.747070  1.9915E-12
 4398.494629  2.0580E-12
 4401.242188  1.9940E-12
 4403.989746  1.9341E-12
 4406.737305  1.9270E-12
 4409.484863  2.0354E-12
 4412.232422  2.1619E-12
 4414.979980  2.1160E-12
 4417.727051  2.1099E-12
 4420.474609  2.1851E-12
 4423.222168  2.1653E-12
 4425.969727  2.1680E-12
 4428.716797  2.1952E-12
 4431.464355  2.1630E-12
 4434.211914  2.1192E-12
 4436.958984  2.1303E-12
 4439.706543  2.2241E-12
 4442.453613  2.1777E-12
 4445.201172  2.1974E-12
 4447.948242  2.2494E-12
 4450.695801  2.2291E-12
 4453.442871  2.1713E-12
 4456.190430  2.0390E-12
 4458.937500  2.0130E-12
 4461.684570  2.0289E-12
 4464.432129  2.1168E-12
 4467.179199  2.1681E-12
 4469.926270  2.1844E-12
 4472.673340  2.2598E-12
 4475.420898  2.3340E-12
 4478.167969  2.3403E-12
 4480.915039  2.2246E-12
 4483.662109  2.2190E-12
 4486.409180  2.3038E-12
 4489.156250  2.2706E-12
 4491.903320  2.2473E-12
 4494.650391  2.2492E-12
 4497.397461  2.2816E-12
 4500.144531  2.3467E-12
 4502.891602  2.3947E-12
 4505.638672  2.4533E-12
 4508.385742  2.4706E-12
 4511.132812  2.4497E-12
 4513.879395  2.3915E-12
 4516.626465  2.3417E-12
 4519.373535  2.3456E-12
 4522.120117  2.3458E-12
 4524.867188  2.2522E-12
 4527.614258  2.1346E-12
 4530.360840  2.1074E-12
 4533.107910  2.1262E-12
 4535.854492  2.1613E-12
 4538.601562  2.2663E-12
 4541.348145  2.2959E-12
 4544.095215  2.3023E-12
 4546.841797  2.2572E-12
 4549.588379  2.2020E-12
 4552.335449  2.2087E-12
 4555.082031  2.2279E-12
 4557.828613  2.3098E-12
 4560.575684  2.3776E-12
 4563.322266  2.3505E-12
 4566.068848  2.2924E-12
 4568.815430  2.3687E-12
 4571.562012  2.3702E-12
 4574.308594  2.3776E-12
 4577.055176  2.3861E-12
 4579.801758  2.3075E-12
 4582.548340  2.2176E-12
 4585.294922  2.2257E-12
 4588.041504  2.2819E-12
 4590.788086  2.3225E-12
 4593.534668  2.2727E-12
 4596.280762  2.2501E-12
 4599.027344  2.2602E-12
 4601.773926  2.2686E-12
 4604.520508  2.2999E-12
 4607.266602  2.3489E-12
 4610.013184  2.3850E-12
 4612.759277  2.3703E-12
 4615.505859  2.3715E-12
 4618.251953  2.3690E-12
 4620.998535  2.3820E-12
 4623.744629  2.3899E-12
 4626.491211  2.4037E-12
 4629.237305  2.3984E-12
 4631.983398  2.3952E-12
 4634.729980  2.3623E-12
 4637.476074  2.3159E-12
 4640.222168  2.2949E-12
 4642.968262  2.3152E-12
 4645.714355  2.2476E-12
 4648.460449  2.2053E-12
 4651.206543  2.2562E-12
 4653.952637  2.2876E-12
 4656.698730  2.2855E-12
 4659.444824  2.3403E-12
 4662.190918  2.3228E-12
 4664.937012  2.2349E-12
 4667.683105  2.1216E-12
 4670.429199  2.1664E-12
 4673.174805  2.2468E-12
 4675.920898  2.2938E-12
 4678.666992  2.2716E-12
 4681.412598  2.2381E-12
 4684.158691  2.2648E-12
 4686.904785  2.2728E-12
 4689.650391  2.2705E-12
 4692.396484  2.2753E-12
 4695.142090  2.2956E-12
 4697.887695  2.2680E-12
 4700.633789  2.2098E-12
 4703.379395  2.1603E-12
 4706.125000  2.1757E-12
 4708.871094  2.1769E-12
 4711.616699  2.2262E-12
 4714.362305  2.2513E-12
 4717.107910  2.3165E-12
 4719.853516  2.3758E-12
 4722.599121  2.3920E-12
 4725.344727  2.3677E-12
 4728.090332  2.2684E-12
 4730.835938  2.2228E-12
 4733.581543  2.2619E-12
 4736.327148  2.2797E-12
 4739.072266  2.3104E-12
 4741.817871  2.3418E-12
 4744.563477  2.3686E-12
 4747.308594  2.3929E-12
 4750.054199  2.3893E-12
 4752.799805  2.3451E-12
 4755.544922  2.3149E-12
 4758.290527  2.3200E-12
 4761.035645  2.3145E-12
 4763.780762  2.2550E-12
 4766.526367  2.2324E-12
 4769.271484  2.3060E-12
 4772.016602  2.3537E-12
 4774.761719  2.3769E-12
 4777.507324  2.4049E-12
 4780.252441  2.4079E-12
 4782.997559  2.3791E-12
 4785.742676  2.3345E-12
 4788.487793  2.3054E-12
 4791.232910  2.3320E-12
 4793.978027  2.3901E-12
 4796.723145  2.4086E-12
 4799.467773  2.3757E-12
 4802.212891  2.3468E-12
 4804.958008  2.3398E-12
 4807.703125  2.3323E-12
 4810.447754  2.3308E-12
 4813.192871  2.3660E-12
 4815.937500  2.3877E-12
 4818.682617  2.3989E-12
 4821.427246  2.3720E-12
 4824.172363  2.3454E-12
 4826.916992  2.3375E-12
 4829.661621  2.3353E-12
 4832.406738  2.3283E-12
 4835.151367  2.3257E-12
 4837.895996  2.3061E-12
 4840.640625  2.2630E-12
 4843.385254  2.2601E-12
 4846.129883  2.2821E-12
 4848.874512  2.2565E-12
 4851.619141  2.2413E-12
 4854.363770  2.1731E-12
 4857.108398  2.0364E-12
 4859.853027  1.8543E-12
 4862.597168  1.7598E-12
 4865.341797  1.9040E-12
 4868.086426  2.0367E-12
 4870.830566  2.0555E-12
 4873.575195  2.0637E-12
 4876.319336  2.1444E-12
 4879.063965  2.1973E-12
 4881.808105  2.2343E-12
 4884.552734  2.1979E-12
 4887.296875  2.1244E-12
 4890.041016  2.1126E-12
 4892.785156  2.1825E-12
 4895.529785  2.3067E-12
 4898.273926  2.3385E-12
 4901.018066  2.3221E-12
 4903.762207  2.3084E-12
 4906.506348  2.3114E-12
 4909.250488  2.2580E-12
 4911.994629  2.2107E-12
 4914.738281  2.2460E-12
 4917.482422  2.2015E-12
 4920.226562  2.0520E-12
 4922.970215  2.0843E-12
 4925.714355  2.1794E-12
 4928.458496  2.2623E-12
 4931.202148  2.2954E-12
 4933.946289  2.2298E-12
 4936.689941  2.1879E-12
 4939.433594  2.2051E-12
 4942.177734  2.2688E-12
 4944.921387  2.3238E-12
 4947.665039  2.3448E-12
 4950.408691  2.3618E-12
 4953.152344  2.3258E-12
 4955.895996  2.2597E-12
 4958.639648  2.1998E-12
 4961.383301  2.2992E-12
 4964.126953  2.3271E-12
 4966.870605  2.3016E-12
 4969.614258  2.2725E-12
 4972.357910  2.3033E-12
 4975.101074  2.3305E-12
 4977.844727  2.2870E-12
 4980.587891  2.2071E-12
 4983.331543  2.1420E-12
 4986.074707  2.1641E-12
 4988.818359  2.2366E-12
 4991.561523  2.2598E-12
 4994.304688  2.2678E-12
 4997.048340  2.2659E-12
 4999.791504  2.2216E-12
 5002.534668  2.1538E-12
 5005.277832  2.1278E-12
 5008.020996  2.1251E-12
 5010.764160  2.1680E-12
 5013.507324  2.1038E-12
 5016.250488  2.0646E-12
 5018.993652  2.0899E-12
 5021.736328  2.1419E-12
 5024.479492  2.1671E-12
 5027.222656  2.1867E-12
 5029.965332  2.2162E-12
 5032.708496  2.2498E-12
 5035.451172  2.2379E-12
 5038.194336  2.1614E-12
 5040.937012  2.0999E-12
 5043.679688  2.1455E-12
 5046.422852  2.2417E-12
 5049.165527  2.2275E-12
 5051.908203  2.2025E-12
 5054.650879  2.2580E-12
 5057.393555  2.3136E-12
 5060.136230  2.3289E-12
 5062.878906  2.3145E-12
 5065.621582  2.2493E-12
 5068.364258  2.2339E-12
 5071.106445  2.2367E-12
 5073.849121  2.2220E-12
 5076.591797  2.2048E-12
 5079.333984  2.1549E-12
 5082.076660  2.1190E-12
 5084.818848  2.1760E-12
 5087.561035  2.2474E-12
 5090.303711  2.2689E-12
 5093.045898  2.2950E-12
 5095.788086  2.2459E-12
 5098.530273  2.1724E-12
 5101.272461  2.1871E-12
 5104.014648  2.2196E-12
 5106.756836  2.2067E-12
 5109.499023  2.1801E-12
 5112.241211  2.2206E-12
 5114.983398  2.2755E-12
 5117.725586  2.2933E-12
 5120.467285  2.2699E-12
 5123.209473  2.1897E-12
 5125.951660  2.1324E-12
 5128.693359  2.1376E-12
 5131.435059  2.1616E-12
 5134.177246  2.1721E-12
 5136.918945  2.1550E-12
 5139.660645  2.0954E-12
 5142.402832  2.0977E-12
 5145.144531  2.1133E-12
 5147.886230  2.1202E-12
 5150.627930  2.1343E-12
 5153.369629  2.1383E-12
 5156.111328  2.1536E-12
 5158.852539  2.1872E-12
 5161.594238  2.1601E-12
 5164.335938  2.0264E-12
 5167.077148  1.8429E-12
 5169.818848  1.7645E-12
 5172.560547  1.7984E-12
 5175.301758  1.9298E-12
 5178.042969  2.1100E-12
 5180.784668  2.0688E-12
 5183.525879  1.8709E-12
 5186.267090  1.8898E-12
 5189.008301  2.0405E-12
 5191.749512  2.0839E-12
 5194.490723  2.0703E-12
 5197.231934  2.1070E-12
 5199.973145  2.1696E-12
 5202.714355  2.1635E-12
 5205.455566  2.1165E-12
 5208.196289  2.0896E-12
 5210.937500  2.1344E-12
 5213.678711  2.1679E-12
 5216.419434  2.1629E-12
 5219.160156  2.1749E-12
 5221.901367  2.2083E-12
 5224.642090  2.1329E-12
 5227.382812  2.0312E-12
 5230.123535  2.0878E-12
 5232.864746  2.1147E-12
 5235.605469  2.1488E-12
 5238.346191  2.2236E-12
 5241.086426  2.2527E-12
 5243.827148  2.2487E-12
 5246.567871  2.2310E-12
 5249.308594  2.1875E-12
 5252.048828  2.1840E-12
 5254.789551  2.1908E-12
 5257.530273  2.2130E-12
 5260.270508  2.2044E-12
 5263.010742  2.0526E-12
 5265.751465  1.9253E-12
 5268.491699  1.9104E-12
 5271.231934  1.9294E-12
 5273.972168  2.0467E-12
 5276.712402  2.1064E-12
 5279.452637  2.1843E-12
 5282.192871  2.1589E-12
 5284.933105  2.1746E-12
 5287.673340  2.2630E-12
 5290.413086  2.2981E-12
 5293.153320  2.2888E-12
 5295.893555  2.2093E-12
 5298.633301  2.1509E-12
 5301.373047  2.1846E-12
 5304.113281  2.2412E-12
 5306.853027  2.2825E-12
 5309.592773  2.3072E-12
 5312.332520  2.3080E-12
 5315.072754  2.2661E-12
 5317.812500  2.2298E-12
 5320.551758  2.2257E-12
 5323.291504  2.1663E-12
 5326.031250  2.0936E-12
 5328.770996  2.0350E-12
 5331.510742  2.1302E-12
 5334.250000  2.1977E-12
 5336.989746  2.2119E-12
 5339.729004  2.1674E-12
 5342.468262  2.1587E-12
 5345.208008  2.1917E-12
 5347.947266  2.1954E-12
 5350.686523  2.2120E-12
 5353.425781  2.2655E-12
 5356.165039  2.2903E-12
 5358.904297  2.3136E-12
 5361.643555  2.2701E-12
 5364.382812  2.2047E-12
 5367.122070  2.1635E-12
 5369.860840  2.1196E-12
 5372.600098  2.1214E-12
 5375.339355  2.2120E-12
 5378.078125  2.2337E-12
 5380.816895  2.2186E-12
 5383.556152  2.1996E-12
 5386.294922  2.2239E-12
 5389.033691  2.2018E-12
 5391.772461  2.1530E-12
 5394.511230  2.1344E-12
 5397.250000  2.1070E-12
 5399.988770  2.1004E-12
 5402.727539  2.0877E-12
 5405.466309  2.0347E-12
 5408.204590  2.0648E-12
 5410.943359  2.0992E-12
 5413.681641  2.1450E-12
 5416.420410  2.1729E-12
 5419.158691  2.1827E-12
 5421.896973  2.1636E-12
 5424.635742  2.1452E-12
 5427.374023  2.1705E-12
 5430.112305  2.1567E-12
 5432.850586  2.1356E-12
 5435.588867  2.1207E-12
 5438.326660  2.1959E-12
 5441.064941  2.2310E-12
 5443.803223  2.2087E-12
 5446.541504  2.1422E-12
 5449.279297  2.1770E-12
 5451.196289  2.1749E-12
 5456.066895  2.1630E-12
 5460.937988  2.1800E-12
 5465.809082  2.1620E-12
 5470.680176  2.1621E-12
 5475.551270  2.1326E-12
 5480.422363  2.1176E-12
 5485.293457  2.1442E-12
 5490.164551  2.1566E-12
 5495.036133  2.1735E-12
 5499.907227  2.1661E-12
 5504.778809  2.1568E-12
 5509.650391  2.1457E-12
 5514.521973  2.1446E-12
 5519.393555  2.1788E-12
 5524.265137  2.1847E-12
 5529.136719  2.1279E-12
 5534.008789  2.1435E-12
 5538.880371  2.1566E-12
 5543.752441  2.1576E-12
 5548.624023  2.1855E-12
 5553.496094  2.1941E-12
 5558.368164  2.1525E-12
 5563.240234  2.1361E-12
 5568.112305  2.1119E-12
 5572.984863  2.1081E-12
 5577.856934  2.1139E-12
 5582.729004  2.1148E-12
 5587.601562  2.0702E-12
 5592.474121  2.0527E-12
 5597.346191  2.0612E-12
 5602.218750  2.0718E-12
 5607.091309  2.1262E-12
 5611.963867  2.1570E-12
 5616.836914  2.0855E-12
 5621.709473  2.0887E-12
 5626.582031  2.1053E-12
 5631.455078  2.1513E-12
 5636.327637  2.1107E-12
 5641.200684  2.0868E-12
 5646.073730  2.1095E-12
 5650.946777  2.1121E-12
 5655.819824  2.0824E-12
 5660.692871  2.0675E-12
 5665.565918  2.0900E-12
 5670.439453  2.1166E-12
 5675.312500  2.1393E-12
 5680.186035  2.1048E-12
 5685.059570  2.0991E-12
 5689.932617  2.0930E-12
 5694.806152  2.1159E-12
 5699.679688  2.1011E-12
 5704.553223  2.0865E-12
 5709.427246  2.0337E-12
 5714.300781  2.0569E-12
 5719.174316  2.1296E-12
 5724.048340  2.1599E-12
 5728.921875  2.1579E-12
 5733.795898  2.1513E-12
 5738.669922  2.1583E-12
 5743.543945  2.1566E-12
 5748.417969  2.1337E-12
 5753.291992  2.1088E-12
 5758.166016  2.1010E-12
 5763.040039  2.0974E-12
 5767.914551  2.1404E-12
 5772.788574  2.1385E-12
 5777.663086  2.1273E-12
 5782.537598  2.0971E-12
 5787.411621  2.0720E-12
 5792.286133  2.0927E-12
 5797.160645  2.1068E-12
 5802.035156  2.1177E-12
 5806.910156  2.1011E-12
 5811.784668  2.1085E-12
 5816.659180  2.1206E-12
 5821.534180  2.1402E-12
 5826.408691  2.1429E-12
 5831.283691  2.1317E-12
 5836.158691  2.1198E-12
 5841.033691  2.1234E-12
 5845.908691  2.1271E-12
 5850.783691  2.1033E-12
 5855.658691  2.0558E-12
 5860.533691  2.0255E-12
 5865.409180  2.0709E-12
 5870.284180  2.0902E-12
 5875.159668  2.1111E-12
 5880.034668  2.0919E-12
 5884.910156  2.0586E-12
 5889.785645  1.9674E-12
 5894.661133  1.9201E-12
 5899.536621  1.9655E-12
 5904.412109  2.0521E-12
 5909.287598  2.0707E-12
 5914.163086  2.0776E-12
 5919.039062  2.0689E-12
 5923.914551  2.0982E-12
 5928.790527  2.0542E-12
 5933.666504  2.0687E-12
 5938.541992  2.0801E-12
 5943.417969  2.0853E-12
 5948.293945  2.0594E-12
 5953.169922  2.0582E-12
 5958.045898  2.0689E-12
 5962.922363  2.0712E-12
 5967.798340  2.0813E-12
 5972.674316  2.0792E-12
 5977.550781  2.0577E-12
 5982.426758  2.0376E-12
 5987.303223  2.0354E-12
 5992.179688  2.0479E-12
 5997.056152  2.0377E-12
 6001.932617  2.0378E-12
 6006.809082  2.0111E-12
 6011.685547  2.0040E-12
 6016.562012  1.9978E-12
 6021.438477  1.9926E-12
 6026.314941  2.0080E-12
 6031.191895  2.0311E-12
 6036.068848  2.0464E-12
 6040.945312  2.0514E-12
 6045.822266  2.0751E-12
 6050.699219  2.0586E-12
 6055.576172  2.0309E-12
 6060.453125  2.0175E-12
 6065.330078  2.0107E-12
 6070.207031  2.0172E-12
 6075.083984  2.0081E-12
 6079.960938  1.9968E-12
 6084.838379  1.9981E-12
 6089.715332  1.9800E-12
 6094.592773  1.9788E-12
 6099.469727  1.9871E-12
 6104.347168  1.9666E-12
 6109.224609  1.9921E-12
 6114.102051  1.9879E-12
 6118.979492  1.9793E-12
 6123.856934  1.9595E-12
 6128.734375  1.9418E-12
 6133.611816  1.9584E-12
 6138.489746  1.9256E-12
 6143.367188  1.9367E-12
 6148.245117  1.9540E-12
 6153.122559  1.9416E-12
 6158.000488  1.9260E-12
 6162.878418  1.8900E-12
 6167.755859  1.8858E-12
 6172.633789  1.9054E-12
 6177.511719  1.9467E-12
 6182.389648  1.9636E-12
 6187.268066  1.9619E-12
 6192.145996  1.9460E-12
 6197.023926  1.9605E-12
 6201.901855  1.9709E-12
 6206.780273  1.9833E-12
 6211.658203  1.9680E-12
 6216.536621  1.9409E-12
 6221.415039  1.9263E-12
 6226.292969  1.9383E-12
 6231.171387  1.9220E-12
 6236.049805  1.9287E-12
 6240.928223  1.9130E-12
 6245.806641  1.8873E-12
 6250.685059  1.8977E-12
 6255.563965  1.8774E-12
 6260.442383  1.8956E-12
 6265.320801  1.9212E-12
 6270.199707  1.9257E-12
 6275.078125  1.9349E-12
 6279.957031  1.9419E-12
 6284.835938  1.9412E-12
 6289.714355  1.9390E-12
 6294.593262  1.9212E-12
 6299.472168  1.9151E-12
 6304.351074  1.8974E-12
 6309.229980  1.9052E-12
 6314.108887  1.8797E-12
 6318.988281  1.8569E-12
 6323.867188  1.8649E-12
 6328.746094  1.8683E-12
 6333.625488  1.8701E-12
 6338.504395  1.8559E-12
 6343.383789  1.8753E-12
 6348.262695  1.8755E-12
 6353.142090  1.8872E-12
 6358.021484  1.8767E-12
 6362.900879  1.8724E-12
 6367.780273  1.8781E-12
 6372.659668  1.8882E-12
 6377.539062  1.9089E-12
 6382.418457  1.9060E-12
 6387.297852  1.8971E-12
 6392.177734  1.8998E-12
 6397.057129  1.8603E-12
 6401.936523  1.8671E-12
 6406.816406  1.8626E-12
 6411.695801  1.8389E-12
 6416.575684  1.8490E-12
 6421.455566  1.8417E-12
 6426.334961  1.8565E-12
 6431.214844  1.8612E-12
 6436.094727  1.8567E-12
 6440.974609  1.8497E-12
 6445.854492  1.8666E-12
 6450.734375  1.8280E-12
 6455.614746  1.8347E-12
 6460.494629  1.8373E-12
 6465.374512  1.8256E-12
 6470.254883  1.8482E-12
 6475.134766  1.8537E-12
 6480.015137  1.8503E-12
 6484.895020  1.8282E-12
 6489.775391  1.8400E-12
 6494.655273  1.7768E-12
 6499.535645  1.7796E-12
 6504.416016  1.8226E-12
 6509.296387  1.8493E-12
 6514.176758  1.8497E-12
 6519.057129  1.8373E-12
 6523.937500  1.8334E-12
 6528.817871  1.8290E-12
 6533.698242  1.8339E-12
 6538.579102  1.8366E-12
 6543.459473  1.8312E-12
 6548.340332  1.7944E-12
 6553.220703  1.7505E-12
 6558.101562  1.6353E-12
 6562.981934  1.5378E-12
 6567.862793  1.5986E-12
 6572.743652  1.7061E-12
 6577.624023  1.7572E-12
 6582.504883  1.7870E-12
 6587.385742  1.7875E-12
 6592.266602  1.7970E-12
 6597.147461  1.7838E-12
 6602.028320  1.8009E-12
 6606.909180  1.8003E-12
 6611.790527  1.8095E-12
 6616.671387  1.8145E-12
 6621.552246  1.8234E-12
 6626.433594  1.8068E-12
 6631.314453  1.8022E-12
 6636.195801  1.7842E-12
 6641.076660  1.7979E-12
 6645.958008  1.8016E-12
 6650.838867  1.8078E-12
 6655.720215  1.8106E-12
 6660.601562  1.7987E-12
 6665.482910  1.7822E-12
 6670.364258  1.7908E-12
 6675.245605  1.7963E-12
 6680.126953  1.7931E-12
 6685.008301  1.8024E-12
 6689.889648  1.8039E-12
 6694.770996  1.7964E-12
 6699.652344  1.7878E-12
 6704.534180  1.7810E-12
 6709.415527  1.7768E-12
 6714.297363  1.7658E-12
 6719.178711  1.7473E-12
 6724.060547  1.7702E-12
 6728.941895  1.7785E-12
 6733.823730  1.7707E-12
 6738.705078  1.7635E-12
 6743.586914  1.7759E-12
 6748.468750  1.7761E-12
 6753.350586  1.7614E-12
 6758.232422  1.7618E-12
 6763.114258  1.7586E-12
 6767.996094  1.7698E-12
 6772.877930  1.7653E-12
 6777.759766  1.7723E-12
 6782.641602  1.7654E-12
 6787.523438  1.7473E-12
 6792.405273  1.7581E-12
 6797.287598  1.7478E-12
 6802.169434  1.7556E-12
 6807.051758  1.7476E-12
 6811.933594  1.7434E-12
 6816.815918  1.7510E-12
 6821.697754  1.7494E-12
 6826.580078  1.7521E-12
 6831.461914  1.7475E-12
 6836.344238  1.7290E-12
 6841.226562  1.7135E-12
 6846.108887  1.7056E-12
 6850.991211  1.7205E-12
 6855.873047  1.7209E-12
 6860.755371  1.7047E-12
 6865.637695  1.7138E-12
 6870.520020  1.7182E-12
 6875.402832  1.7172E-12
 6880.285156  1.7268E-12
 6885.167480  1.7065E-12
 6890.049805  1.7257E-12
 6894.932129  1.7322E-12
 6899.814941  1.7311E-12
 6904.697266  1.7069E-12
 6909.580078  1.7143E-12
 6914.462402  1.6972E-12
 6919.345215  1.7063E-12
 6924.227539  1.6943E-12
 6929.110352  1.6907E-12
 6933.992676  1.7065E-12
 6938.875488  1.6994E-12
 6943.758301  1.7026E-12
 6948.641113  1.6938E-12
 6953.523438  1.6838E-12
 6958.406250  1.6871E-12
 6963.289062  1.6883E-12
 6968.171875  1.6899E-12
 6973.054688  1.6775E-12
 6977.937500  1.6580E-12
 6982.820312  1.6652E-12
 6987.703125  1.6794E-12
 6992.586426  1.6822E-12
 6997.469238  1.6687E-12
 7002.352051  1.6669E-12
 7007.234863  1.6379E-12
 7012.118164  1.6407E-12
 7017.000977  1.6294E-12
 7021.883789  1.6252E-12
 7026.767090  1.6373E-12
 7031.649902  1.6408E-12
 7036.533203  1.6414E-12
 7041.416016  1.6352E-12
 7046.299316  1.6548E-12
 7051.182617  1.6531E-12
 7056.065430  1.6496E-12
 7060.948730  1.6505E-12
 7065.832031  1.6459E-12
 7070.715332  1.6408E-12
 7075.598633  1.6481E-12
 7080.481445  1.6399E-12
 7085.364746  1.6333E-12
 7090.248047  1.6250E-12
 7095.131348  1.6340E-12
 7100.014648  1.6324E-12
 7104.897949  1.6395E-12
 7109.781250  1.6399E-12
 7114.665039  1.6210E-12
 7119.548340  1.6152E-12
 7124.431641  1.6086E-12
 7129.314941  1.6148E-12
 7134.198242  1.6055E-12
 7139.082031  1.6214E-12
 7143.965332  1.6223E-12
 7148.848633  1.6049E-12
 7153.732422  1.6120E-12
 7158.615723  1.6046E-12
 7163.499512  1.5909E-12
 7168.382812  1.5900E-12
 7173.266602  1.6060E-12
 7178.149902  1.5944E-12
 7183.033691  1.5699E-12
 7187.917480  1.5610E-12
 7192.800781  1.5644E-12
 7197.684570  1.5669E-12
 7202.568359  1.5741E-12
 7207.452148  1.5667E-12
 7212.335449  1.5638E-12
 7217.219238  1.5804E-12
 7222.103027  1.5658E-12
 7226.986816  1.5744E-12
 7231.870605  1.5832E-12
 7236.754395  1.5849E-12
 7241.638184  1.5773E-12
 7246.521973  1.5861E-12
 7251.405762  1.5721E-12
 7256.289551  1.5698E-12
 7261.173340  1.5680E-12
 7266.057129  1.5737E-12
 7270.940918  1.5788E-12
 7275.824707  1.5733E-12
 7280.708984  1.5543E-12
 7285.592773  1.5456E-12
 7290.476562  1.5191E-12
 7295.360840  1.5367E-12
 7300.244629  1.5506E-12
 7305.128418  1.5425E-12
 7310.012695  1.5328E-12
 7314.896484  1.5478E-12
 7319.780273  1.5488E-12
 7324.664551  1.5480E-12
 7329.548340  1.5356E-12
 7334.432617  1.5421E-12
 7339.316406  1.5501E-12
 7344.200684  1.5453E-12
 7349.084473  1.5424E-12
 7353.968750  1.5358E-12
 7358.853027  1.5208E-12
 7363.736816  1.5297E-12
 7368.621094  1.5291E-12
 7373.505371  1.5348E-12
 7378.389160  1.5229E-12
 7383.273438  1.5239E-12
 7388.157715  1.4978E-12
 7393.041992  1.4904E-12
 7397.926270  1.5065E-12
 7402.810059  1.5003E-12
 7407.694336  1.4947E-12
 7412.578613  1.4784E-12
 7417.462891  1.4863E-12
 7422.347168  1.4849E-12
 7427.231445  1.5019E-12
 7432.115723  1.5099E-12
 7437.000000  1.5070E-12
 7441.884277  1.5009E-12
 7446.768555  1.4986E-12
 7451.652832  1.5038E-12
 7456.537109  1.5172E-12
 7461.421387  1.5014E-12
 7466.305664  1.5016E-12
 7471.189941  1.5097E-12
 7476.074219  1.4990E-12
 7480.958496  1.5000E-12
 7485.843262  1.4967E-12
 7490.727539  1.4949E-12
 7495.611816  1.4791E-12
 7500.496094  1.4825E-12
 7505.380371  1.4858E-12
 7510.265137  1.4752E-12
 7515.149414  1.4807E-12
 7520.033691  1.4901E-12
 7524.918457  1.4775E-12
 7529.802734  1.4726E-12
 7534.687012  1.4733E-12
 7539.571777  1.4835E-12
 7544.456055  1.4879E-12
 7549.340332  1.4854E-12
 7554.225098  1.4675E-12
 7559.109375  1.4671E-12
 7563.994141  1.4805E-12
 7568.878418  1.4789E-12
 7573.763184  1.4622E-12
 7578.647461  1.4667E-12
 7583.531738  1.4610E-12
 7588.416504  1.4574E-12
 7593.300781  1.4624E-12
 7598.185547  1.4583E-12
 7603.070312  1.4589E-12
 7607.954590  1.4550E-12
 7612.839355  1.4487E-12
 7617.723633  1.4493E-12
 7622.608398  1.4518E-12
 7627.492676  1.4631E-12
 7632.377441  1.4581E-12
 7637.262207  1.4655E-12
 7642.146484  1.4618E-12
 7647.031250  1.4588E-12
 7651.915527  1.4503E-12
 7656.800293  1.4265E-12
 7661.685059  1.3975E-12
 7666.569336  1.3976E-12
 7671.454102  1.4253E-12
 7676.338867  1.4487E-12
 7681.223633  1.4408E-12
 7686.107910  1.4377E-12
 7690.992676  1.4225E-12
 7695.877441  1.4249E-12
 7700.761719  1.4156E-12
 7705.646484  1.4282E-12
 7710.531250  1.4190E-12
 7715.416016  1.3991E-12
 7720.300293  1.4182E-12
 7725.185059  1.4270E-12
 7730.069824  1.4218E-12
 7734.954590  1.4417E-12
 7739.839355  1.4292E-12
 7744.723633  1.4054E-12
 7749.608398  1.3911E-12
 7754.493164  1.4006E-12
 7759.377930  1.4192E-12
 7764.262695  1.4242E-12
 7769.146973  1.4218E-12
 7774.031738  1.4075E-12
 7778.916504  1.4031E-12
 7783.801270  1.4052E-12
 7788.686035  1.4065E-12
 7793.570801  1.4123E-12
 7798.455078  1.4029E-12
 7803.339844  1.4009E-12
 7808.224609  1.4078E-12
 7813.109375  1.3974E-12
 7817.994141  1.4130E-12
 7822.878906  1.4072E-12
 7827.763184  1.4040E-12
 7832.647949  1.3941E-12
 7837.532715  1.3830E-12
 7842.417480  1.3971E-12
 7847.302246  1.3939E-12
 7852.187012  1.3832E-12
 7857.071777  1.3969E-12
 7861.956055  1.4033E-12
 7866.840820  1.4014E-12
 7871.725586  1.3891E-12
 7876.610352  1.3887E-12
 7881.495117  1.3824E-12
 7886.379883  1.3844E-12
 7891.264648  1.3962E-12
 7896.148926  1.4031E-12
 7901.033691  1.3842E-12
 7905.918457  1.3787E-12
 7910.803223  1.3612E-12
 7915.687988  1.3491E-12
 7920.572754  1.3375E-12
 7925.457031  1.3349E-12
 7930.341797  1.3324E-12
 7935.226562  1.3175E-12
 7940.111328  1.3268E-12
 7944.996094  1.3121E-12
 7949.880859  1.3242E-12
 7954.765137  1.3500E-12
 7959.649902  1.3403E-12
 7964.534668  1.3631E-12
 7969.419434  1.3584E-12
 7974.304199  1.3576E-12
 7979.188477  1.3735E-12
 7984.073242  1.3687E-12
 7988.958008  1.3539E-12
 7993.842773  1.3519E-12
 7998.727051  1.3369E-12
 8003.611816  1.3283E-12
 8008.496582  1.3476E-12
 8013.381348  1.3532E-12
 8018.265625  1.3498E-12
 8023.150391  1.3479E-12
 8028.035156  1.3402E-12
 8032.919922  1.3410E-12
 8037.804199  1.3302E-12
 8042.688965  1.3286E-12
 8047.573730  1.3138E-12
 8052.458008  1.3166E-12
 8057.342773  1.3221E-12
 8062.227539  1.3271E-12
 8067.111816  1.3177E-12
 8071.996582  1.3125E-12
 8076.881348  1.3033E-12
 8081.765625  1.3030E-12
 8086.650391  1.2890E-12
 8091.534668  1.2999E-12
 8096.419434  1.2958E-12
 8101.304199  1.2873E-12
 8106.188477  1.3005E-12
 8111.073242  1.3006E-12
 8115.957520  1.3077E-12
 8120.842285  1.3122E-12
 8125.726562  1.3113E-12
 8130.611328  1.3147E-12
 8135.495605  1.3190E-12
 8140.380371  1.3024E-12
 8145.264648  1.2976E-12
 8150.149414  1.3063E-12
 8155.033691  1.2973E-12
 8159.917969  1.3044E-12
 8164.802734  1.2984E-12
 8169.687012  1.2982E-12
 8174.571777  1.2910E-12
 8179.456055  1.2898E-12
 8184.340332  1.2783E-12
 8189.225098  1.2577E-12
 8194.109375  1.2684E-12
 8198.994141  1.2509E-12
 8203.877930  1.2566E-12
 8208.762695  1.2536E-12
 8213.646484  1.2561E-12
 8218.531250  1.2583E-12
 8223.416016  1.2554E-12
 8228.299805  1.2657E-12
 8233.184570  1.2724E-12
 8238.068359  1.2542E-12
 8242.953125  1.2705E-12
 8247.837891  1.2711E-12
 8252.721680  1.2663E-12
 8257.606445  1.2723E-12
 8262.490234  1.2662E-12
 8267.375000  1.2530E-12
 8272.258789  1.2631E-12
 8277.143555  1.2623E-12
 8282.027344  1.2676E-12
 8286.912109  1.2614E-12
 8291.795898  1.2589E-12
 8296.680664  1.2484E-12
 8301.564453  1.2523E-12
 8306.448242  1.2453E-12
 8311.333008  1.2399E-12
 8316.216797  1.2423E-12
 8321.101562  1.2503E-12
 8325.985352  1.2332E-12
 8330.870117  1.2214E-12
 8335.753906  1.2189E-12
 8340.637695  1.2188E-12
 8345.522461  1.2169E-12
 8350.406250  1.2160E-12
 8355.290039  1.2265E-12
 8360.174805  1.2286E-12
 8365.058594  1.2201E-12
 8369.942383  1.2208E-12
 8374.826172  1.2203E-12
 8379.710938  1.2344E-12
 8384.594727  1.2275E-12
 8389.478516  1.2250E-12
 8394.362305  1.2263E-12
 8399.247070  1.2389E-12
 8404.130859  1.2372E-12
 8409.014648  1.2255E-12
 8413.898438  1.2300E-12
 8418.782227  1.2279E-12
 8423.666016  1.2178E-12
 8428.550781  1.2125E-12
 8433.434570  1.2134E-12
 8438.318359  1.2041E-12
 8443.202148  1.1926E-12
 8448.085938  1.1959E-12
 8452.969727  1.1994E-12
 8457.853516  1.2040E-12
 8462.737305  1.2065E-12
 8467.621094  1.2124E-12
 8472.504883  1.2011E-12
 8477.388672  1.2040E-12
 8482.272461  1.2088E-12
 8487.156250  1.1971E-12
 8492.040039  1.1778E-12
 8496.923828  1.1386E-12
 8501.807617  1.0998E-12
 8506.691406  1.1487E-12
 8511.575195  1.1774E-12
 8516.458984  1.1606E-12
 8521.341797  1.1642E-12
 8526.225586  1.1649E-12
 8531.109375  1.1440E-12
 8535.993164  1.1098E-12
 8540.876953  1.0270E-12
 8545.759766  1.0055E-12
 8550.643555  1.0683E-12
 8555.527344  1.1209E-12
 8560.411133  1.1490E-12
 8565.293945  1.1720E-12
 8570.177734  1.1929E-12
 8575.061523  1.1849E-12
 8579.944336  1.1917E-12
 8584.828125  1.1739E-12
 8589.711914  1.1657E-12
 8594.594727  1.1615E-12
 8599.478516  1.1590E-12
 8604.361328  1.1670E-12
 8609.245117  1.1617E-12
 8614.127930  1.1577E-12
 8619.011719  1.1596E-12
 8623.894531  1.1767E-12
 8628.778320  1.1728E-12
 8633.661133  1.1680E-12
 8638.544922  1.1658E-12
 8643.427734  1.1677E-12
 8648.311523  1.1374E-12
 8653.194336  1.1228E-12
 8658.077148  1.0833E-12
 8662.960938  9.9625E-13
 8667.843750  1.0190E-12
 8672.726562  1.0901E-12
 8677.610352  1.0980E-12
 8682.493164  1.1214E-12
 8687.375977  1.1279E-12
 8692.258789  1.1291E-12
 8697.142578  1.1423E-12
 8702.025391  1.1332E-12
 8706.908203  1.1472E-12
 8711.791016  1.1349E-12
 8716.673828  1.1244E-12
 8721.556641  1.1391E-12
 8726.439453  1.1360E-12
 8731.322266  1.1310E-12
 8736.206055  1.1354E-12
 8741.088867  1.1308E-12
 8745.971680  1.1261E-12
 8750.854492  1.1183E-12
 8755.736328  1.1251E-12
 8760.619141  1.1349E-12
 8765.501953  1.1341E-12
 8770.384766  1.1349E-12
 8775.267578  1.1306E-12
 8780.150391  1.1366E-12
 8785.033203  1.1302E-12
 8789.916016  1.1180E-12
 8794.797852  1.1020E-12
 8799.680664  1.1186E-12
 8804.563477  1.1043E-12
 8809.446289  1.0872E-12
 8814.328125  1.1205E-12
 8819.210938  1.1262E-12
 8824.093750  1.1237E-12
 8828.975586  1.1191E-12
 8833.858398  1.1262E-12
 8838.740234  1.1202E-12
 8843.623047  1.1116E-12
 8848.504883  1.1255E-12
 8853.387695  1.1105E-12
 8858.269531  1.1165E-12
 8863.152344  1.0931E-12
 8868.034180  1.0882E-12
 8872.916992  1.0992E-12
 8877.798828  1.1064E-12
 8882.680664  1.1149E-12
 8887.563477  1.1143E-12
 8892.445312  1.1126E-12
 8897.327148  1.0993E-12
 8902.209961  1.0971E-12
 8907.091797  1.1018E-12
 8911.973633  1.0950E-12
 8916.855469  1.0966E-12
 8921.737305  1.0965E-12
 8926.620117  1.0979E-12
 8931.501953  1.0955E-12
 8936.383789  1.0904E-12
 8941.265625  1.1019E-12
 8946.147461  1.0770E-12
 8951.029297  1.0959E-12
 8955.911133  1.1003E-12
 8960.792969  1.1113E-12
 8965.674805  1.0958E-12
 8970.556641  1.0917E-12
 8975.437500  1.0924E-12
 8980.319336  1.0973E-12
 8985.201172  1.1026E-12
 8990.083008  1.0875E-12
 8994.964844  1.0953E-12
 8999.845703  1.0680E-12
 9004.727539  1.0710E-12
 9009.609375  1.0563E-12
 9014.490234  1.0396E-12
 9019.372070  1.0528E-12
 9024.253906  1.0580E-12
 9029.134766  1.0773E-12
 9034.016602  1.0787E-12
 9038.897461  1.0913E-12
 9043.779297  1.0842E-12
 9048.660156  1.0767E-12
 9053.541992  1.0833E-12
 9058.422852  1.0636E-12
 9063.303711  1.0522E-12
 9068.185547  1.0633E-12
 9073.066406  1.0617E-12
 9077.947266  1.0651E-12
 9082.829102  1.0658E-12
 9087.709961  1.0482E-12
 9092.590820  1.0346E-12
 9097.471680  1.0421E-12
 9102.352539  1.0485E-12
 9107.233398  1.0522E-12
 9112.115234  1.0642E-12
 9116.996094  1.0584E-12
 9121.876953  1.0561E-12
 9126.757812  1.0629E-12
 9131.638672  1.0622E-12
 9136.518555  1.0651E-12
 9141.399414  1.0575E-12
 9146.280273  1.0606E-12
 9151.161133  1.0567E-12
 9156.041992  1.0614E-12
 9160.922852  1.0614E-12
 9165.802734  1.0588E-12
 9170.683594  1.0388E-12
 9175.564453  1.0336E-12
 9180.444336  1.0357E-12
 9185.325195  1.0427E-12
 9190.206055  1.0564E-12
 9195.085938  1.0503E-12
 9199.966797  1.0443E-12
 9204.846680  1.0388E-12
 9209.727539  1.0230E-12
 9214.607422  1.0126E-12
 9219.487305  9.9995E-13
 9224.368164  1.0114E-12
 9229.248047  1.0082E-12
 9234.127930  1.0009E-12
 9239.008789  1.0071E-12
 9243.888672  1.0022E-12
 9248.768555  1.0018E-12
 9253.648438  1.0091E-12
 9258.528320  9.9687E-13
 9263.408203  1.0111E-12
 9268.289062  1.0182E-12
 9273.168945  1.0268E-12
 9278.048828  1.0282E-12
 9282.927734  1.0266E-12
 9287.807617  1.0278E-12
 9292.687500  1.0324E-12
 9297.567383  1.0373E-12
 9302.447266  1.0296E-12
 9307.327148  1.0231E-12
 9312.206055  1.0112E-12
 9317.085938  1.0064E-12
 9321.965820  1.0010E-12
 9326.845703  1.0123E-12
 9331.724609  1.0132E-12
 9336.604492  1.0137E-12
 9341.483398  1.0146E-12
 9346.363281  1.0016E-12
 9351.242188  1.0011E-12
 9356.122070  9.9496E-13
 9361.000977  9.9952E-13
 9365.879883  1.0037E-12
 9370.759766  1.0054E-12
 9375.638672  1.0034E-12
 9380.517578  9.9406E-13
 9385.396484  9.8568E-13
 9390.276367  9.8062E-13
 9395.155273  9.8502E-13
 9400.034180  9.8242E-13
 9404.913086  9.7745E-13
 9409.791992  9.6890E-13
 9414.670898  9.6462E-13
 9419.549805  9.5541E-13
 9424.428711  9.6508E-13
 9429.307617  9.7315E-13
 9434.186523  9.6323E-13
 9439.064453  9.6301E-13
 9443.943359  9.7457E-13
 9448.822266  9.7315E-13
 9453.701172  9.8282E-13
 9458.579102  9.8185E-13
 9463.458008  9.8743E-13
 9468.335938  9.9629E-13
 9473.214844  9.9888E-13
 9478.093750  9.9933E-13
 9482.971680  9.9113E-13
 9487.849609  9.7877E-13
 9492.728516  9.8234E-13
 9497.606445  9.7937E-13
 9502.484375  9.7752E-13
 9507.363281  9.7544E-13
 9512.241211  9.7972E-13
 9517.119141  9.7377E-13
 9521.997070  9.7246E-13
 9526.875000  9.6507E-13
 9531.752930  9.6293E-13
 9536.630859  9.6681E-13
 9541.508789  9.5181E-13
 9546.386719  9.4047E-13
 9551.264648  9.4607E-13
 9556.142578  9.5393E-13
 9561.020508  9.4872E-13
 9565.898438  9.5844E-13
 9570.776367  9.5882E-13
 9575.653320  9.4345E-13
 9580.531250  9.5026E-13
 9585.409180  9.4953E-13
 9590.286133  9.5833E-13
 9595.164062  9.5631E-13
 9600.041016  9.6280E-13
 9604.918945  9.6118E-13
 9609.795898  9.6271E-13
 9614.672852  9.6368E-13
 9619.550781  9.5931E-13
 9624.427734  9.5745E-13
 9629.304688  9.4803E-13
 9634.181641  9.4675E-13
 9639.059570  9.3743E-13
 9643.936523  9.3133E-13
 9648.813477  9.3320E-13
 9653.690430  9.3376E-13
 9658.567383  9.1606E-13
 9663.444336  9.1874E-13
 9668.321289  9.2575E-13
 9673.198242  9.3620E-13
 9678.074219  9.3316E-13
 9682.951172  9.4150E-13
 9687.828125  9.3344E-13
 9692.705078  9.3332E-13
 9697.581055  9.4985E-13
 9702.458008  9.4839E-13
 9707.333984  9.3927E-13
 9712.210938  9.2615E-13
 9717.086914  9.2309E-13
 9721.963867  9.2564E-13
 9726.839844  9.2346E-13
 9731.715820  9.2960E-13
 9736.592773  9.2807E-13
 9741.468750  9.2367E-13
 9746.344727  9.2969E-13
 9751.220703  9.2572E-13
 9756.096680  9.3920E-13
 9760.972656  9.3170E-13
 9765.849609  9.2036E-13
 9770.724609  9.2791E-13
 9775.600586  9.2601E-13
 9780.476562  9.1998E-13
 9785.352539  9.1840E-13
 9790.228516  9.0433E-13
 9795.104492  9.0895E-13
 9799.979492  9.0950E-13
 9804.855469  9.0960E-13
 9809.731445  9.1164E-13
 9814.606445  9.0941E-13
 9819.482422  9.0996E-13
 9824.357422  9.0526E-13
 9829.233398  9.0452E-13
 9834.108398  9.0873E-13
 9838.983398  9.1286E-13
 9843.859375  9.1039E-13
 9848.734375  9.1418E-13
 9853.609375  9.1498E-13
 9858.484375  9.1537E-13
 9863.359375  9.1129E-13
 9868.234375  9.0897E-13
 9873.109375  8.9699E-13
 9877.984375  9.0251E-13
 9882.859375  9.0958E-13
 9887.734375  8.9619E-13
 9892.609375  8.9748E-13
 9897.483398  8.9464E-13
 9902.358398  9.0287E-13
 9907.233398  8.8690E-13
 9912.107422  8.9530E-13
 9916.982422  8.9662E-13
 9921.856445  8.9002E-13
 9926.731445  9.1268E-13
 9931.605469  9.0493E-13
 9936.480469  9.0218E-13
 9941.354492  8.8698E-13
 9946.228516  8.9199E-13
 9951.102539  8.9395E-13
 9955.976562  8.9634E-13
 9960.851562  8.9839E-13
 9965.725586  8.9867E-13
 9970.599609  8.9760E-13
 9975.473633  8.9921E-13
 9980.346680  8.9580E-13
 9985.220703  8.9235E-13
 9990.094727  8.9404E-13
 9994.968750  8.8697E-13
 9999.842773  8.8880E-13
10004.715820  8.9279E-13
10009.589844  8.9614E-13
10014.462891  8.8504E-13
10019.336914  8.8209E-13
10024.209961  8.7581E-13
10029.083984  8.7304E-13
10033.957031  8.6799E-13
10038.830078  8.6404E-13
10043.704102  8.6285E-13
10048.577148  8.5154E-13
10053.450195  8.4989E-13
10058.323242  8.5556E-13
10063.196289  8.6109E-13
10068.069336  8.5051E-13
10072.942383  8.5769E-13
10077.815430  8.7150E-13
10082.688477  8.6878E-13
10087.560547  8.7368E-13
10092.433594  8.6284E-13
10097.306641  8.6468E-13
10102.178711  8.7546E-13
10107.051758  8.5750E-13
10111.923828  8.6673E-13
10116.796875  8.6070E-13
10121.668945  8.5333E-13
10126.541016  8.5910E-13
10131.414062  8.6318E-13
10136.286133  8.7150E-13
10141.158203  8.5884E-13
10146.030273  8.4979E-13
10150.902344  8.6209E-13
10155.774414  8.6750E-13
10160.646484  8.5272E-13
10165.518555  8.5481E-13
10170.390625  8.5888E-13
10175.262695  8.6174E-13
10180.134766  8.7719E-13
10185.005859  8.7464E-13
10189.877930  8.6591E-13
10194.749023  8.4642E-13
10199.621094  8.4441E-13
10204.492188  8.6418E-13
10209.364258  8.7565E-13
10214.235352  8.7259E-13
10219.106445  8.6556E-13
10223.978516  8.6619E-13
10228.849609  8.5836E-13
