#*HD187111
#*
#*  Heap-Lindler STIS
#set .z.units = "Ergs/s/cm**2/A"
#set .z.label = "Flux"
#set .table.bandwidth = 2.74
#*
  2950.  6.27151597E-14
  2952.73999  6.91030078E-14
  2955.47998  7.08343499E-14
  2958.21997  7.59634597E-14
  2960.95996  7.67088826E-14
  2963.69995  7.21449335E-14
  2966.43994  5.06248994E-14
  2969.17993  5.36889496E-14
  2971.91992  6.43108613E-14
  2974.65991  8.03526354E-14
  2977.3999  8.9045538E-14
  2980.13989  7.10623034E-14
  2982.87988  5.58008026E-14
  2985.62012  6.12285491E-14
  2988.36011  8.15440109E-14
  2991.1001  9.09511724E-14
  2993.84009  7.98998725E-14
  2996.58008  8.64266273E-14
  2999.32007  7.80631866E-14
  3002.06006  6.71532057E-14
  3004.80005  8.01138534E-14
  3007.54004  7.74462688E-14
  3010.28003  9.74144132E-14
  3013.02002  9.3580837E-14
  3015.76001  8.52087294E-14
  3018.5  6.6512449E-14
  3021.23999  5.99794533E-14
  3023.97998  8.19264497E-14
  3026.71997  9.19774714E-14
  3029.45996  9.65987273E-14
  3032.19995  1.02421008E-13
  3034.93994  1.12688579E-13
  3037.67993  9.85977454E-14
  3040.41992  9.69368967E-14
  3043.15991  9.8123163E-14
  3045.8999  1.06707422E-13
  3048.63989  1.05260527E-13
  3051.37988  1.20898327E-13
  3054.12012  1.06165578E-13
  3056.86011  9.1627125E-14
  3059.6001  7.85160714E-14
  3062.34009  7.96488526E-14
  3065.08008  7.57363058E-14
  3067.82007  7.19834213E-14
  3070.56006  8.27277496E-14
  3073.30005  9.05864806E-14
  3076.04004  1.04976534E-13
  3078.78003  1.09901678E-13
  3081.52002  1.04021595E-13
  3084.26001  1.05632517E-13
  3087.  1.02053294E-13
  3089.73999  7.89350884E-14
  3092.47998  8.46406007E-14
  3095.21997  8.79333634E-14
  3097.95996  8.30685076E-14
  3100.69995  7.8672061E-14
  3103.43994  9.39670637E-14
  3106.17993  1.1459052E-13
  3108.91992  1.20964978E-13
  3111.65991  1.348358E-13
  3114.3999  1.33283833E-13
  3117.13989  1.25481995E-13
  3119.87988  1.05730068E-13
  3122.62012  9.55044149E-14
  3125.36011  1.01734552E-13
  3128.1001  9.94186626E-14
  3130.84009  1.07996972E-13
  3133.58008  1.12532969E-13
  3136.32007  1.20753261E-13
  3139.06006  1.26457547E-13
  3141.80005  1.16809896E-13
  3144.54004  1.09290662E-13
  3147.28003  1.0762032E-13
  3150.02002  1.26961782E-13
  3152.76001  1.31988225E-13
  3155.5  1.2292031E-13
  3158.23999  1.13619868E-13
  3160.97998  1.05796096E-13
  3163.71997  1.12695769E-13
  3166.45996  1.22049032E-13
  3169.19995  1.4921285E-13
  3171.93994  1.66667624E-13
  3174.67993  1.75325005E-13
  3177.41992  1.77639953E-13
  3180.15991  1.54910115E-13
  3182.8999  1.3011021E-13
  3185.63989  1.36752223E-13
  3188.37988  1.35797596E-13
  3191.12012  1.42389288E-13
  3193.86011  1.33176375E-13
  3196.6001  1.3976953E-13
  3199.34009  1.69821541E-13
  3202.08008  1.72335467E-13
  3204.82007  1.83194456E-13
  3207.56006  1.88787842E-13
  3210.30005  1.64553429E-13
  3213.04004  1.50230116E-13
  3215.78003  1.46950757E-13
  3218.52002  1.64687871E-13
  3221.26001  1.73745743E-13
  3224.  1.64858592E-13
  3226.73999  1.5892127E-13
  3229.47998  1.48100147E-13
  3232.21997  1.45370857E-13
  3234.95996  1.4133646E-13
  3237.69995  1.47130124E-13
  3240.43994  1.72443819E-13
  3243.17993  1.77562812E-13
  3245.91992  2.01506129E-13
  3248.65991  1.94424704E-13
  3251.3999  1.87608013E-13
  3254.13989  1.95409281E-13
  3256.87988  2.27540209E-13
  3259.62012  2.48886279E-13
  3262.36011  2.49491102E-13
  3265.1001  2.33151579E-13
  3267.84009  2.41164212E-13
  3270.58008  2.5195842E-13
  3273.32007  2.32321784E-13
  3276.06006  2.42683884E-13
  3278.80005  2.28022706E-13
  3281.54004  2.23192097E-13
  3284.28003  2.25478937E-13
  3287.02002  2.26293119E-13
  3289.76001  2.40619238E-13
  3292.5  2.76652155E-13
  3295.23999  2.88484107E-13
  3297.97998  2.90462776E-13
  3300.71997  2.85975752E-13
  3303.45996  2.70843867E-13
  3306.19995  2.57482132E-13
  3308.93994  2.37351588E-13
  3311.67993  2.53555667E-13
  3314.41992  2.53581824E-13
  3317.15991  2.46344476E-13
  3319.8999  2.60110347E-13
  3322.63989  2.49087507E-13
  3325.37988  2.4441568E-13
  3328.12012  2.55955115E-13
  3330.86011  2.52286581E-13
  3333.6001  2.52326995E-13
  3336.34009  2.29369122E-13
  3339.08008  2.21899295E-13
  3341.82007  2.42379277E-13
  3344.56006  2.51296813E-13
  3347.30005  2.55691898E-13
  3350.04004  2.33316215E-13
  3352.78003  2.55271173E-13
  3355.52002  2.70341421E-13
  3358.26001  2.26050935E-13
  3361.  1.55711097E-13
  3363.73999  1.85966016E-13
  3366.47998  2.3069708E-13
  3369.21997  2.05125752E-13
  3371.95996  1.76273967E-13
  3374.69995  2.01423717E-13
  3377.43994  2.50597259E-13
  3380.17993  2.38311649E-13
  3382.91992  2.36786936E-13
  3385.65991  2.43164023E-13
  3388.3999  2.38723022E-13
  3391.13989  2.61438711E-13
  3393.87988  2.52489354E-13
  3396.62012  2.81595548E-13
  3399.36011  3.28484662E-13
  3402.1001  3.39769066E-13
  3404.84009  3.17436209E-13
  3407.58008  2.99241453E-13
  3410.32007  2.96401656E-13
  3413.06006  2.92446568E-13
  3415.80005  2.88901823E-13
  3418.54004  3.13364135E-13
  3421.28003  3.40339546E-13
  3424.02002  3.44791741E-13
  3426.76001  3.43992386E-13
  3429.5  3.78546126E-13
  3432.23999  3.71714866E-13
  3434.97998  3.50977656E-13
  3437.71997  3.58856824E-13
  3440.45996  3.01420943E-13
  3443.19995  2.76005781E-13
  3445.93994  3.02850084E-13
  3448.67993  3.56366548E-13
  3451.41992  3.81162089E-13
  3454.15991  3.81973804E-13
  3456.8999  3.81194723E-13
  3459.63989  3.72027956E-13
  3462.37988  3.50697471E-13
  3465.12012  3.80704826E-13
  3467.86011  3.8921248E-13
  3470.6001  4.00889771E-13
  3473.34009  3.78109382E-13
  3476.08008  3.28677E-13
  3478.82007  3.37179124E-13
  3481.56006  3.83858554E-13
  3484.30005  3.96318503E-13
  3487.04004  4.15538779E-13
  3489.78003  4.05370778E-13
  3492.52002  3.65395946E-13
  3495.26001  3.65428445E-13
  3498.  3.6510622E-13
  3500.73999  4.11642996E-13
  3503.47998  4.3655826E-13
  3506.21997  4.3091637E-13
  3508.95996  4.23189587E-13
  3511.69995  4.12714622E-13
  3514.43994  3.92323679E-13
  3517.17993  4.18802525E-13
  3519.91992  4.38885446E-13
  3522.65991  3.88304162E-13
  3525.3999  3.5244469E-13
  3528.13989  3.72542681E-13
  3530.87988  4.3154949E-13
  3533.62012  4.5912666E-13
  3536.36011  4.76956311E-13
  3539.1001  4.89460957E-13
  3541.84009  5.04456719E-13
  3544.58008  5.08425984E-13
  3547.32007  4.98496481E-13
  3550.06006  4.93734936E-13
  3552.80005  4.83041124E-13
  3555.54004  4.84904434E-13
  3558.28003  4.89239725E-13
  3561.02002  4.87070616E-13
  3563.76001  4.75513292E-13
  3566.5  4.1997902E-13
  3569.23999  3.92013136E-13
  3571.97998  3.8776713E-13
  3574.71997  4.17188609E-13
  3577.45996  4.21522111E-13
  3580.19995  4.19267025E-13
  3582.93994  3.78164324E-13
  3585.67993  3.64466595E-13
  3588.41992  3.49343249E-13
  3591.15991  4.09271575E-13
  3593.8999  4.79086605E-13
  3596.63989  5.09023758E-13
  3599.37988  5.30888159E-13
  3602.12012  5.29830845E-13
  3604.86011  4.81601141E-13
  3607.6001  4.6806504E-13
  3610.34009  4.3758771E-13
  3613.08008  4.43402612E-13
  3615.82007  4.66217614E-13
  3618.56006  4.56870381E-13
  3621.30005  4.50637655E-13
  3624.04004  5.04772005E-13
  3626.78003  5.5552622E-13
  3629.52002  5.50542034E-13
  3632.26001  4.70254911E-13
  3635.  4.68189832E-13
  3637.73999  4.91387367E-13
  3640.47998  5.49091046E-13
  3643.21997  5.32078667E-13
  3645.95996  4.88776879E-13
  3648.69995  4.83367957E-13
  3651.43994  5.0295987E-13
  3654.17993  5.54935763E-13
  3656.91992  5.87091085E-13
  3659.65991  6.05665529E-13
  3662.3999  6.1329159E-13
  3665.13989  5.80615037E-13
  3667.87988  5.81785271E-13
  3670.62012  5.76019755E-13
  3673.36011  6.06170875E-13
  3676.1001  6.13261774E-13
  3678.84009  5.85013808E-13
  3681.58008  5.70645636E-13
  3684.32007  5.88182389E-13
  3687.06006  5.5834005E-13
  3689.80005  5.70696322E-13
  3692.54004  6.20776434E-13
  3695.28003  6.35315205E-13
  3698.02002  6.57207524E-13
  3700.76001  6.96215817E-13
  3703.5  6.47578616E-13
  3706.23999  5.52694446E-13
  3708.97998  5.52347827E-13
  3711.71997  6.09031055E-13
  3714.45996  6.88728642E-13
  3717.19995  7.01724703E-13
  3719.93994  5.96289945E-13
  3722.67993  5.08693836E-13
  3725.41992  5.92431215E-13
  3728.15991  6.20673435E-13
  3730.8999  6.00463418E-13
  3733.63989  5.34292174E-13
  3736.37988  4.52663054E-13
  3739.12012  5.14343234E-13
  3741.86011  6.08629195E-13
  3744.6001  5.7573049E-13
  3747.34009  5.07305732E-13
  3750.08008  4.77536684E-13
  3752.82007  5.88367679E-13
  3755.56006  6.89506612E-13
  3758.30005  6.36567296E-13
  3761.04004  5.83487794E-13
  3763.78003  6.36332024E-13
  3766.52002  6.65290089E-13
  3769.26001  6.8523247E-13
  3772.  7.18831841E-13
  3774.73999  7.49443747E-13
  3777.47998  7.52304848E-13
  3780.21997  7.74557989E-13
  3782.95996  8.00837261E-13
  3785.69995  7.73714372E-13
  3788.43994  6.90507059E-13
  3791.17993  6.74142545E-13
  3793.91992  6.64468263E-13
  3796.65991  6.38147304E-13
  3799.3999  6.30272039E-13
  3802.13989  7.27993241E-13
  3804.87988  8.02319474E-13
  3807.62012  7.71970378E-13
  3810.36011  7.67095101E-13
  3813.1001  7.27933393E-13
  3815.84009  6.53112872E-13
  3818.58008  6.50636392E-13
  3821.32007  5.88529442E-13
  3824.06006  5.81541217E-13
  3826.80005  5.44345818E-13
  3829.54004  5.712143E-13
  3832.28003  5.76101775E-13
  3835.02002  5.35775905E-13
  3837.76001  5.59231806E-13
  3840.5  5.78236732E-13
  3843.23999  6.50929777E-13
  3845.97998  7.11893814E-13
  3848.71997  7.15564543E-13
  3851.45996  6.90361288E-13
  3854.19995  7.00120138E-13
  3856.93994  6.76021142E-13
  3859.67993  6.13337289E-13
  3862.41992  6.63690619E-13
  3865.15991  7.23258259E-13
  3867.8999  7.20369619E-13
  3870.63989  6.61226011E-13
  3873.37988  6.07231008E-13
  3876.12012  6.50151374E-13
  3878.86011  6.43413708E-13
  3881.6001  6.3246126E-13
  3884.34009  6.45870293E-13
  3887.08008  6.39745364E-13
  3889.82007  6.67643241E-13
  3892.56006  7.41178982E-13
  3895.30005  7.52191766E-13
  3898.04004  7.57021128E-13
  3900.78003  7.54166369E-13
  3903.52002  7.58707658E-13
  3906.26001  7.35810284E-13
  3909.  7.5684565E-13
  3911.73999  8.01929812E-13
  3914.47998  7.92891685E-13
  3917.21997  7.54535594E-13
  3919.95996  6.85460098E-13
  3922.69995  6.24926434E-13
  3925.43994  5.61613906E-13
  3928.17993  4.27074635E-13
  3930.91992  2.63996941E-13
  3933.65991  1.70294009E-13
  3936.3999  2.00627641E-13
  3939.13989  3.27964164E-13
  3941.87988  4.65973343E-13
  3944.62012  5.83602448E-13
  3947.36011  6.78138481E-13
  3950.1001  7.37186354E-13
  3952.84009  7.67091848E-13
  3955.58008  7.91947779E-13
  3958.32007  7.78315021E-13
  3961.06006  6.93809864E-13
  3963.80005  5.13209267E-13
  3966.54004  3.20921756E-13
  3969.28003  2.32268469E-13
  3972.02002  3.24408604E-13
  3974.76001  5.31553859E-13
  3977.5  7.36961707E-13
  3980.23999  8.67593811E-13
  3982.97998  9.13368014E-13
  3985.71997  9.69516242E-13
  3988.45996  1.00944589E-12
  3991.19995  1.04600215E-12
  3993.93994  1.05633991E-12
  3996.67993  1.01539512E-12
  3999.41992  1.03591441E-12
  4002.15991  1.0996797E-12
  4004.8999  1.07419423E-12
  4007.63989  1.07452057E-12
  4010.37988  1.12849389E-12
  4013.12012  1.15058462E-12
  4015.86011  1.1696489E-12
  4018.6001  1.16376158E-12
  4021.34009  1.1497049E-12
  4024.08008  1.14647766E-12
  4026.82007  1.20001491E-12
  4029.56006  1.19194119E-12
  4032.30005  1.1226405E-12
  4035.04004  1.1529986E-12
  4037.78003  1.25012468E-12
  4040.52002  1.24886917E-12
  4043.26001  1.1954166E-12
  4046.  1.13013299E-12
  4048.73999  1.1862179E-12
  4051.47998  1.2380651E-12
  4054.21997  1.2190753E-12
  4056.95996  1.2005014E-12
  4059.69995  1.21473654E-12
  4062.43994  1.20569559E-12
  4065.17993  1.17113827E-12
  4067.91992  1.2012714E-12
  4070.65991  1.24376334E-12
  4073.3999  1.22629717E-12
  4076.13989  1.15115187E-12
  4078.87988  1.13302358E-12
  4081.62012  1.22799004E-12
  4084.36011  1.2613118E-12
  4087.1001  1.30489185E-12
  4089.84009  1.37623929E-12
  4092.58008  1.36892353E-12
  4095.32007  1.3192417E-12
  4098.06006  1.26065543E-12
  4100.7998  1.16203965E-12
  4103.54004  1.16437643E-12
  4106.27979  1.26179069E-12
  4109.02002  1.28925202E-12
  4111.75977  1.28219484E-12
  4114.5  1.32782002E-12
  4117.24023  1.32766606E-12
  4119.97998  1.30348358E-12
  4122.72021  1.30748927E-12
  4125.45996  1.32483185E-12
  4128.2002  1.30453081E-12
  4130.93994  1.26143106E-12
  4133.68018  1.23979538E-12
  4136.41992  1.30493316E-12
  4139.16016  1.36706781E-12
  4141.8999  1.2970586E-12
  4144.64014  1.24823968E-12
  4147.37988  1.30558216E-12
  4150.12012  1.32166587E-12
  4152.85986  1.31319283E-12
  4155.6001  1.32219322E-12
  4158.33984  1.3700678E-12
  4161.08008  1.42176104E-12
  4163.81982  1.4228421E-12
  4166.56006  1.40468876E-12
  4169.2998  1.38122586E-12
  4172.04004  1.28586714E-12
  4174.77979  1.23552676E-12
  4177.52002  1.29098988E-12
  4180.25977  1.35192281E-12
  4183.  1.36616749E-12
  4185.74023  1.36468224E-12
  4188.47998  1.36163119E-12
  4191.22021  1.37643206E-12
  4193.95996  1.40363274E-12
  4196.7002  1.35277824E-12
  4199.43994  1.27986337E-12
  4202.18018  1.27378761E-12
  4204.91992  1.30573525E-12
  4207.66016  1.38223439E-12
  4210.3999  1.43492336E-12
  4213.14014  1.42889834E-12
  4215.87988  1.38515143E-12
  4218.62012  1.41454372E-12
  4221.35986  1.44167718E-12
  4224.1001  1.31861145E-12
  4226.83984  1.20861567E-12
  4229.58008  1.31902985E-12
  4232.31982  1.41619062E-12
  4235.06006  1.3770557E-12
  4237.7998  1.35542272E-12
  4240.54004  1.40405732E-12
  4243.27979  1.45640216E-12
  4246.02002  1.42558003E-12
  4248.75977  1.360018E-12
  4251.5  1.38456098E-12
  4254.24023  1.41757005E-12
  4256.97998  1.41322598E-12
  4259.72021  1.38395306E-12
  4262.45996  1.4206442E-12
  4265.2002  1.50605656E-12
  4267.93994  1.4828541E-12
  4270.68018  1.37607243E-12
  4273.41992  1.32256185E-12
  4276.16016  1.39519852E-12
  4278.8999  1.44063591E-12
  4281.64014  1.40357441E-12
  4284.37988  1.36293277E-12
  4287.12012  1.31925601E-12
  4289.85986  1.24376529E-12
  4292.6001  1.262938E-12
  4295.33984  1.29189118E-12
  4298.08008  1.16836228E-12
  4300.81982  1.05354711E-12
  4303.56006  1.04360737E-12
  4306.2998  1.0553328E-12
  4309.04004  1.03288602E-12
  4311.77979  1.10462529E-12
  4314.52002  1.32139167E-12
  4317.25977  1.55605813E-12
  4320.  1.62333298E-12
  4322.74023  1.4974545E-12
  4325.47998  1.41835307E-12
  4328.22021  1.52274558E-12
  4330.95996  1.6324032E-12
  4333.7002  1.65119958E-12
  4336.43994  1.5681202E-12
  4339.18018  1.39573834E-12
  4341.91992  1.41418398E-12
  4344.66016  1.58459205E-12
  4347.3999  1.65308826E-12
  4350.14014  1.60153932E-12
  4352.87988  1.5553264E-12
  4355.62012  1.6096382E-12
  4358.35986  1.6384821E-12
  4361.1001  1.66229888E-12
  4363.83984  1.71075816E-12
  4366.58008  1.6932689E-12
  4369.31982  1.64294533E-12
  4372.06006  1.59338092E-12
  4374.7998  1.55563193E-12
  4377.54004  1.5921356E-12
  4380.27979  1.62625512E-12
  4383.02002  1.49990252E-12
  4385.75977  1.46901512E-12
  4388.5  1.56831742E-12
  4391.24023  1.61226403E-12
  4393.97998  1.64324739E-12
  4396.72021  1.6652633E-12
  4399.45996  1.65243101E-12
  4402.2002  1.6293542E-12
  4404.93994  1.62506065E-12
  4407.68018  1.6103296E-12
  4410.41992  1.7083135E-12
  4413.16016  1.76583542E-12
  4415.8999  1.70527969E-12
  4418.64014  1.73245099E-12
  4421.37988  1.78754993E-12
  4424.12012  1.76871495E-12
  4426.85986  1.75970187E-12
  4429.6001  1.73812885E-12
  4432.33984  1.72504578E-12
  4435.08008  1.73055765E-12
  4437.81982  1.79427176E-12
  4440.56006  1.79803655E-12
  4443.2998  1.71637628E-12
  4446.04004  1.75929442E-12
  4448.77979  1.8117542E-12
  4451.52002  1.80219847E-12
  4454.25977  1.75978286E-12
  4457.  1.72271409E-12
  4459.74023  1.72163813E-12
  4462.47998  1.74814763E-12
  4465.22021  1.80205427E-12
  4467.95996  1.79031952E-12
  4470.7002  1.82941336E-12
  4473.43994  1.92719755E-12
  4476.18018  1.98126368E-12
  4478.91992  1.95934566E-12
  4481.66016  1.90662785E-12
  4484.3999  1.93265542E-12
  4487.14014  1.95559194E-12
  4489.87988  1.92021464E-12
  4492.62012  1.92223906E-12
  4495.35986  1.91828281E-12
  4498.1001  1.95183821E-12
  4500.83984  1.99698287E-12
  4503.58008  2.04215659E-12
  4506.31982  2.07394583E-12
  4509.06006  2.05235178E-12
  4511.7998  2.03917113E-12
  4514.54004  1.99869288E-12
  4517.27979  1.97412876E-12
  4520.02002  1.96609244E-12
  4522.75977  1.95018849E-12
  4525.5  1.89014364E-12
  4528.24023  1.84532728E-12
  4530.97998  1.84815531E-12
  4533.72021  1.84754165E-12
  4536.45996  1.90632015E-12
  4539.2002  2.02282874E-12
  4541.93994  2.00665049E-12
  4544.68018  1.95967309E-12
  4547.41992  1.90716475E-12
  4550.16016  1.89615077E-12
  4552.8999  1.9277828E-12
  4555.64014  1.96511405E-12
  4558.37988  2.06116396E-12
  4561.12012  2.06445906E-12
  4563.85986  2.02709637E-12
  4566.6001  2.05446901E-12
  4569.33984  2.06833509E-12
  4572.08008  2.04676228E-12
  4574.81982  2.08146304E-12
  4577.56006  2.06516618E-12
  4580.2998  2.00564912E-12
  4583.04004  2.00907411E-12
  4585.77979  2.05115959E-12
  4588.52002  2.08730581E-12
  4591.25977  2.06679335E-12
  4594.  2.05070292E-12
  4596.74023  2.10150213E-12
  4599.47998  2.10218258E-12
  4602.22021  2.08117443E-12
  4604.95996  2.12705569E-12
  4607.7002  2.16486139E-12
  4610.43994  2.16993502E-12
  4613.18018  2.15270813E-12
  4615.91992  2.15207453E-12
  4618.66016  2.16383465E-12
  4621.3999  2.19929478E-12
  4624.14014  2.20260962E-12
  4626.87988  2.19031477E-12
  4629.62012  2.19276095E-12
  4632.35986  2.19641514E-12
  4635.1001  2.17322536E-12
  4637.83984  2.17053957E-12
  4640.58008  2.21487997E-12
  4643.31982  2.21143047E-12
  4646.06006  2.16729412E-12
  4648.7998  2.16688213E-12
  4651.54004  2.17544732E-12
  4654.27979  2.15039813E-12
  4657.02002  2.18403399E-12
  4659.75977  2.25830097E-12
  4662.5  2.25448046E-12
  4665.24023  2.18523593E-12
  4667.97998  2.12172445E-12
  4670.72021  2.17143426E-12
  4673.45996  2.23903903E-12
  4676.2002  2.24701334E-12
  4678.93994  2.22032028E-12
  4681.68018  2.19897169E-12
  4684.41992  2.24111203E-12
  4687.16016  2.26744816E-12
  4689.8999  2.27542377E-12
  4692.64014  2.29122082E-12
  4695.37988  2.30374422E-12
  4698.12012  2.27567466E-12
  4700.85986  2.23886903E-12
  4703.6001  2.21542077E-12
  4706.33984  2.18557594E-12
  4709.08008  2.18684077E-12
  4711.81982  2.27333885E-12
  4714.56006  2.29031225E-12
  4717.2998  2.31154028E-12
  4720.04004  2.32321714E-12
  4722.77979  2.34305262E-12
  4725.52002  2.32824502E-12
  4728.25977  2.2727961E-12
  4731.  2.28150723E-12
  4733.74023  2.28760587E-12
  4736.47998  2.30613402E-12
  4739.22021  2.3269379E-12
  4741.95996  2.32507069E-12
  4744.7002  2.34661509E-12
  4747.43994  2.36732921E-12
  4750.18018  2.36907846E-12
  4752.91992  2.33784173E-12
  4755.66016  2.31207761E-12
  4758.3999  2.29709004E-12
  4761.14014  2.27377709E-12
  4763.87988  2.24855616E-12
  4766.62012  2.30275239E-12
  4769.35986  2.34600273E-12
  4772.1001  2.34305609E-12
  4774.83984  2.37969713E-12
  4777.58008  2.39012586E-12
  4780.31982  2.35163516E-12
  4783.06006  2.32922362E-12
  4785.7998  2.32016403E-12
  4788.54004  2.3148549E-12
  4791.27979  2.36809725E-12
  4794.02002  2.39799435E-12
  4796.75977  2.386749E-12
  4799.5  2.37252384E-12
  4802.24023  2.39311435E-12
  4804.97998  2.36369409E-12
  4807.72021  2.38450839E-12
  4810.45996  2.40410903E-12
  4813.2002  2.4082496E-12
  4815.93994  2.43134636E-12
  4818.68018  2.4365733E-12
  4821.41992  2.40699192E-12
  4824.16016  2.38712609E-12
  4826.8999  2.40967164E-12
  4829.64014  2.39454658E-12
  4832.37988  2.41355048E-12
  4835.12012  2.42320205E-12
  4837.85986  2.3890165E-12
  4840.6001  2.37741966E-12
  4843.33984  2.42301144E-12
  4846.08008  2.43650065E-12
  4848.81982  2.41298669E-12
  4851.56006  2.41457722E-12
  4854.2998  2.37766794E-12
  4857.04004  2.28609904E-12
  4859.77979  2.10185818E-12
  4862.52002  2.07663682E-12
  4865.25977  2.28629529E-12
  4868.  2.34106484E-12
  4870.74023  2.33098458E-12
  4873.47998  2.33810475E-12
  4876.22021  2.36560771E-12
  4878.95996  2.39619891E-12
  4881.7002  2.38611388E-12
  4884.43994  2.35454039E-12
  4887.18018  2.35327643E-12
  4889.91992  2.36613442E-12
  4892.66016  2.43764947E-12
  4895.3999  2.51428153E-12
  4898.14014  2.5100822E-12
  4900.87988  2.46672583E-12
  4903.62012  2.47328026E-12
  4906.35986  2.49049349E-12
  4909.1001  2.45497199E-12
  4911.83984  2.44326326E-12
  4914.58008  2.47652072E-12
  4917.31982  2.43612097E-12
  4920.06006  2.32812099E-12
  4922.7998  2.37120826E-12
  4925.54004  2.45922987E-12
  4928.27979  2.51992155E-12
  4931.02002  2.51870291E-12
  4933.75977  2.44907133E-12
  4936.5  2.44761156E-12
  4939.24023  2.43491035E-12
  4941.97998  2.52357315E-12
  4944.72021  2.55414613E-12
  4947.45996  2.57084935E-12
  4950.2002  2.58734158E-12
  4952.93994  2.55954351E-12
  4955.68018  2.51154132E-12
  4958.41992  2.48131333E-12
  4961.16016  2.55336095E-12
  4963.8999  2.55888518E-12
  4966.64014  2.52554466E-12
  4969.37988  2.53733146E-12
  4972.12012  2.56134133E-12
  4974.85986  2.57164429E-12
  4977.6001  2.54540573E-12
  4980.33984  2.46224308E-12
  4983.08008  2.3924441E-12
  4985.81982  2.45973142E-12
  4988.56006  2.50113103E-12
  4991.2998  2.49698352E-12
  4994.04004  2.50694929E-12
  4996.77979  2.51245075E-12
  4999.52002  2.48603568E-12
  5002.25977  2.46275049E-12
  5005.  2.44926952E-12
  5007.74023  2.44477073E-12
  5010.47998  2.438367E-12
  5013.22021  2.3863485E-12
  5015.95996  2.39169383E-12
  5018.7002  2.44058766E-12
  5021.43994  2.48829494E-12
  5024.18018  2.51557998E-12
  5026.91992  2.54420183E-12
  5029.66016  2.57038488E-12
  5032.3999  2.58400614E-12
  5035.14014  2.52026785E-12
  5037.87988  2.44335346E-12
  5040.62012  2.36519224E-12
  5043.35986  2.46932119E-12
  5046.1001  2.59656185E-12
  5048.83984  2.58335324E-12
  5051.58008  2.56041911E-12
  5054.31982  2.65732163E-12
  5057.06006  2.6830942E-12
  5059.7998  2.63992756E-12
  5062.54004  2.6342175E-12
  5065.27979  2.59003105E-12
  5068.02002  2.58893688E-12
  5070.75977  2.59511835E-12
  5073.5  2.60332793E-12
  5076.24023  2.58574824E-12
  5078.97998  2.49925493E-12
  5081.72021  2.49332911E-12
  5084.45996  2.57284385E-12
  5087.2002  2.63754491E-12
  5089.93994  2.68409622E-12
  5092.68018  2.68737701E-12
  5095.41992  2.66042982E-12
  5098.16016  2.56927292E-12
  5100.8999  2.60193321E-12
  5103.64014  2.64619945E-12
  5106.37988  2.56367822E-12
  5109.12012  2.5327249E-12
  5111.85986  2.626676E-12
  5114.6001  2.67209865E-12
  5117.33984  2.71172841E-12
  5120.08008  2.69284161E-12
  5122.81982  2.57055445E-12
  5125.56006  2.55752841E-12
  5128.2998  2.55449286E-12
  5131.04004  2.60328608E-12
  5133.77979  2.60048753E-12
  5136.52002  2.61167303E-12
  5139.25977  2.52118443E-12
  5142.  2.531879E-12
  5144.74023  2.57013313E-12
  5147.47998  2.58966373E-12
  5150.22021  2.59267434E-12
  5152.95996  2.57804195E-12
  5155.7002  2.66815541E-12
  5158.43994  2.74984159E-12
  5161.18018  2.71090312E-12
  5163.91992  2.59748841E-12
  5166.66016  2.36187675E-12
  5169.3999  2.35083394E-12
  5172.14014  2.36926017E-12
  5174.87988  2.53762701E-12
  5177.62012  2.69779359E-12
  5180.35986  2.66042982E-12
  5183.1001  2.46533501E-12
  5185.83984  2.54334683E-12
  5188.58008  2.63144324E-12
  5191.31982  2.58300044E-12
  5194.06006  2.56817679E-12
  5196.7998  2.62785713E-12
  5199.54004  2.67391448E-12
  5202.27979  2.64900385E-12
  5205.02002  2.55147249E-12
  5207.75977  2.56089724E-12
  5210.5  2.64139925E-12
  5213.24023  2.74873613E-12
  5215.97998  2.69680372E-12
  5218.72021  2.751665E-12
  5221.45996  2.78019144E-12
  5224.2002  2.66503703E-12
  5226.93994  2.55795081E-12
  5229.68018  2.70644423E-12
  5232.41992  2.7388287E-12
  5235.16016  2.75586953E-12
  5237.8999  2.83253564E-12
  5240.64014  2.83277633E-12
  5243.37988  2.83660465E-12
  5246.12012  2.75841633E-12
  5248.85986  2.6905225E-12
  5251.6001  2.70077645E-12
  5254.33984  2.75380977E-12
  5257.08008  2.82932098E-12
  5259.81982  2.78793069E-12
  5262.56006  2.61772049E-12
  5265.2998  2.53953217E-12
  5268.04004  2.5631797E-12
  5270.77979  2.60668809E-12
  5273.52002  2.73535123E-12
  5276.25977  2.81733642E-12
  5279.  2.85943383E-12
  5281.74023  2.80941134E-12
  5284.47998  2.84785303E-12
  5287.22021  2.91973737E-12
  5289.95996  2.93667629E-12
  5292.7002  2.91038569E-12
  5295.43994  2.83160648E-12
  5298.18018  2.78542619E-12
  5300.91992  2.83001769E-12
  5303.66016  2.89920366E-12
  5306.3999  2.92270613E-12
  5309.14014  2.96112917E-12
  5311.87988  2.95900652E-12
  5314.62012  2.90874334E-12
  5317.35986  2.90236064E-12
  5320.1001  2.90229798E-12
  5322.83984  2.85714594E-12
  5325.58008  2.77744516E-12
  5328.31982  2.68393272E-12
  5331.06006  2.83073912E-12
  5333.7998  2.8899513E-12
  5336.54004  2.88587752E-12
  5339.27979  2.84855451E-12
  5342.02002  2.8656836E-12
  5344.75977  2.89840829E-12
  5347.5  2.86256891E-12
  5350.24023  2.91146079E-12
  5352.97998  2.95791842E-12
  5355.72021  3.00278639E-12
  5358.45996  3.01241996E-12
  5361.2002  2.95664383E-12
  5363.93994  2.8739166E-12
  5366.68018  2.89788007E-12
  5369.41992  2.84169563E-12
  5372.16016  2.88127096E-12
  5374.8999  2.98878999E-12
  5377.64014  2.9888416E-12
  5380.37988  2.9554666E-12
  5383.12012  2.94774621E-12
  5385.85986  2.98801608E-12
  5388.6001  2.97003481E-12
  5391.33984  2.91468173E-12
  5394.08008  2.86059457E-12
  5396.81982  2.84574469E-12
  5399.56006  2.90884439E-12
  5402.2998  2.89579537E-12
  5405.04004  2.82431522E-12
  5407.77979  2.87455303E-12
  5410.52002  2.90657342E-12
  5413.25977  2.96648383E-12
  5416.  2.98481856E-12
  5418.74023  2.98346178E-12
  5421.47998  2.96337174E-12
  5424.22021  2.94107967E-12
  5426.95996  2.93576491E-12
  5429.7002  2.90791154E-12
  5432.43994  2.89892849E-12
  5435.18018  2.90993336E-12
  5437.91992  3.00127501E-12
  5440.66016  3.03451947E-12
  5443.3999  2.98583489E-12
  5446.14014  2.93468743E-12
  5448.87988  3.00250536E-12
  5451.62012  3.00863544E-12
  5454.35986  2.93765316E-12
  5457.1001  2.99324042E-12
  5459.83984  3.03779354E-12
  5462.58008  3.01089123E-12
  5465.31982  3.04338933E-12
  5468.06006  3.07023721E-12
  5470.7998  3.04274618E-12
  5473.54004  2.99075326E-12
  5476.27979  2.92507425E-12
  5479.02002  2.98976729E-12
  5481.75977  3.00365267E-12
  5484.5  3.0635544E-12
  5487.24023  3.05604218E-12
  5489.97998  3.04348886E-12
  5492.72021  3.06920071E-12
  5495.45996  3.04854926E-12
  5498.2002  3.02988255E-12
  5500.93994  3.00887028E-12
  5503.68018  3.01454152E-12
  5506.41992  3.00876706E-12
  5509.16016  3.02028259E-12
  5511.8999  3.01669475E-12
  5514.64014  3.05451259E-12
  5517.37988  3.09208822E-12
  5520.12012  3.11143949E-12
  5522.85986  3.09737565E-12
  5525.6001  3.06826244E-12
  5528.33984  3.05960444E-12
  5531.08008  3.08202682E-12
  5533.81982  3.10445203E-12
  5536.56006  3.11136013E-12
  5539.2998  3.12572667E-12
  5542.04004  3.12874769E-12
  5544.77979  3.1229071E-12
  5547.52002  3.12956432E-12
  5550.25977  3.14193853E-12
  5553.  3.14637617E-12
  5555.74023  3.13472685E-12
  5558.47998  3.11461273E-12
  5561.22021  3.09937557E-12
  5563.95996  3.09885819E-12
  5566.7002  3.09282743E-12
  5569.43994  3.08376805E-12
  5572.18018  3.08474882E-12
  5574.91992  3.09145222E-12
  5577.66016  3.10790759E-12
  5580.3999  3.10524067E-12
  5583.14014  3.09503118E-12
  5585.87988  3.04245865E-12
  5588.62012  3.01376242E-12
  5591.35986  3.04895128E-12
  5594.1001  3.1034396E-12
  5596.83984  3.14841621E-12
  5599.58008  3.13537629E-12
  5602.31982  3.10230487E-12
  5605.06006  3.15270683E-12
  5607.7998  3.19030436E-12
  5610.54004  3.18223919E-12
  5613.27979  3.1435373E-12
  5616.02002  3.12246518E-12
  5618.75977  3.1534031E-12
  5621.5  3.18319806E-12
  5624.24023  3.18508609E-12
  5626.97998  3.21796821E-12
  5629.72021  3.27110995E-12
  5632.45996  3.24826797E-12
  5635.2002  3.22354925E-12
  5637.93994  3.20670443E-12
  5640.68018  3.20422898E-12
  5643.41992  3.22181865E-12
  5646.16016  3.2457999E-12
  5648.8999  3.25738156E-12
  5651.64014  3.16347382E-12
  5654.37988  3.09465821E-12
  5657.12012  3.07346162E-12
  5659.85986  3.08737237E-12
  5662.6001  3.10767102E-12
  5665.33984  3.13675821E-12
  5668.08008  3.16757731E-12
  5670.81982  3.19726862E-12
  5673.56006  3.1987182E-12
  5676.2998  3.19371461E-12
  5679.04004  3.19987309E-12
  5681.77979  3.20014479E-12
  5684.52002  3.20117934E-12
  5687.25977  3.15619297E-12
  5690.  3.0732051E-12
  5692.74023  3.08920055E-12
  5695.47998  3.13769236E-12
  5698.22021  3.14569312E-12
  5700.95996  3.14218118E-12
  5703.7002  3.12572169E-12
  5706.43994  3.1174039E-12
  5709.18018  3.11254147E-12
  5711.91992  3.14392154E-12
  5714.66016  3.19857595E-12
  5717.3999  3.24987216E-12
  5720.14014  3.28880824E-12
  5722.87988  3.29504111E-12
  5725.62012  3.28294705E-12
  5728.35986  3.23371516E-12
  5731.1001  3.24571316E-12
  5733.83984  3.30860729E-12
  5736.58008  3.30166753E-12
  5739.31982  3.2718652E-12
  5742.06006  3.26910027E-12
  5744.7998  3.267683E-12
  5747.54004  3.25990819E-12
  5750.27979  3.25086074E-12
  5753.02002  3.23996038E-12
  5755.75977  3.22892494E-12
  5758.5  3.2195969E-12
  5761.24023  3.23203075E-12
  5763.97998  3.25539053E-12
  5766.72021  3.2889338E-12
  5769.45996  3.31027783E-12
  5772.2002  3.31006381E-12
  5774.93994  3.30299134E-12
  5777.68018  3.28747793E-12
  5780.41992  3.26259592E-12
  5783.16016  3.24162572E-12
  5785.8999  3.27845346E-12
  5788.64014  3.31016074E-12
  5791.37988  3.28244138E-12
  5794.12012  3.28911399E-12
  5796.85986  3.35933386E-12
  5799.6001  3.36393847E-12
  5802.33984  3.33338608E-12
  5805.08008  3.31921469E-12
  5807.81982  3.31243713E-12
  5810.56006  3.32351117E-12
  5813.2998  3.3341563E-12
  5816.04004  3.34233747E-12
  5818.77979  3.33382085E-12
  5821.52002  3.30531002E-12
  5824.26025  3.31486227E-12
  5827.  3.34080224E-12
  5829.74023  3.35480125E-12
  5832.47998  3.36095453E-12
  5835.22021  3.3529156E-12
  5837.95996  3.34501285E-12
  5840.7002  3.34412424E-12
  5843.43994  3.32090627E-12
  5846.18018  3.28245764E-12
  5848.91992  3.25836168E-12
  5851.66016  3.24823848E-12
  5854.3999  3.26979633E-12
  5857.14014  3.29850231E-12
  5859.87988  3.3356061E-12
  5862.62012  3.34210806E-12
  5865.35986  3.31214678E-12
  5868.1001  3.32118794E-12
  5870.83984  3.34598798E-12
  5873.58008  3.36103346E-12
  5876.31982  3.36480279E-12
  5879.06006  3.34836586E-12
  5881.7998  3.31856959E-12
  5884.54004  3.27273538E-12
  5887.27979  3.22379601E-12
  5890.02002  3.16986975E-12
  5892.76025  3.13262632E-12
  5895.5  3.12383452E-12
  5898.24023  3.19590426E-12
  5900.97998  3.27375518E-12
  5903.72021  3.33798527E-12
  5906.45996  3.35438318E-12
  5909.2002  3.31084292E-12
  5911.93994  3.30228314E-12
  5914.68018  3.30748861E-12
  5917.41992  3.32848007E-12
  5920.16016  3.3473003E-12
  5922.8999  3.3360838E-12
  5925.64014  3.33583421E-12
  5928.37988  3.36614655E-12
  5931.12012  3.36211679E-12
  5933.85986  3.33164421E-12
  5936.6001  3.34349215E-12
  5939.33984  3.36527442E-12
  5942.08008  3.35054315E-12
  5944.81982  3.34103361E-12
  5947.56006  3.36444522E-12
  5950.2998  3.36804391E-12
  5953.04004  3.3448435E-12
  5955.77979  3.33469276E-12
  5958.52002  3.33028115E-12
  5961.26025  3.33661657E-12
  5964.  3.35180863E-12
  5966.74023  3.38619714E-12
  5969.47998  3.39851823E-12
  5972.22021  3.36825728E-12
  5974.95996  3.34459262E-12
  5977.7002  3.32105806E-12
  5980.43994  3.32378179E-12
  5983.18018  3.34142458E-12
  5985.91992  3.36272633E-12
  5988.66016  3.38442208E-12
  5991.3999  3.40955692E-12
  5994.14014  3.40945631E-12
  5996.87988  3.37303059E-12
  5999.62012  3.35346573E-12
  6002.35986  3.33868068E-12
  6005.1001  3.30952193E-12
  6007.83984  3.28894572E-12
  6010.58008  3.31542476E-12
  6013.31982  3.33332407E-12
  6016.06006  3.3187847E-12
  6018.7998  3.31944064E-12
  6021.54004  3.33191721E-12
  6024.27979  3.35169913E-12
  6027.02002  3.37579313E-12
  6029.76025  3.39571166E-12
  6032.5  3.40334228E-12
  6035.24023  3.3812883E-12
  6037.97998  3.36944882E-12
  6040.72021  3.37322509E-12
  6043.45996  3.38177685E-12
  6046.2002  3.39544972E-12
  6048.93994  3.39405782E-12
  6051.68018  3.38446133E-12
  6054.41992  3.34881233E-12
  6057.16016  3.36120541E-12
  6059.8999  3.50550296E-12
  6062.64014  3.51944732E-12
  6065.37988  3.39516284E-12
  6068.12012  3.3710324E-12
  6070.85986  3.39204598E-12
  6073.6001  3.47916878E-12
  6076.33984  3.5270814E-12
  6079.08008  3.39400773E-12
  6081.81982  3.3183443E-12
  6084.56006  3.35272847E-12
  6087.2998  3.36335083E-12
  6090.04004  3.37059222E-12
  6092.77979  3.36584276E-12
  6095.52002  3.35236808E-12
  6098.26025  3.32401446E-12
  6101.  3.30812417E-12
  6103.74023  3.31902192E-12
  6106.47998  3.34377339E-12
  6109.22021  3.39200391E-12
  6111.95996  3.3852077E-12
  6114.7002  3.35236157E-12
  6117.43994  3.35298824E-12
  6120.18018  3.35896285E-12
  6122.91992  3.3569497E-12
  6125.66016  3.35413858E-12
  6128.3999  3.35036534E-12
  6131.14014  3.35056939E-12
  6133.87988  3.35406117E-12
  6136.62012  3.31461486E-12
  6139.35986  3.27550096E-12
  6142.1001  3.32757953E-12
  6144.83984  3.37716573E-12
  6147.58008  3.38508345E-12
  6150.31982  3.37406535E-12
  6153.06006  3.33694248E-12
  6155.7998  3.31998014E-12
  6158.54004  3.31203641E-12
  6161.27979  3.30900086E-12
  6164.02002  3.30775273E-12
  6166.76025  3.29841406E-12
  6169.5  3.30145308E-12
  6172.24023  3.32203449E-12
  6174.97998  3.35814709E-12
  6177.72021  3.4124216E-12
  6180.45996  3.40046307E-12
  6183.2002  3.36142789E-12
  6185.93994  3.34220498E-12
  6188.68018  3.33473136E-12
  6191.41992  3.34972132E-12
  6194.16016  3.35554392E-12
  6196.8999  3.34698198E-12
  6199.64014  3.35085215E-12
  6202.37988  3.35932606E-12
  6205.12012  3.33945892E-12
  6207.85986  3.32992878E-12
  6210.6001  3.40116325E-12
  6213.33984  3.42881778E-12
  6216.08008  3.34966885E-12
  6218.81982  3.32056236E-12
  6221.56006  3.32932249E-12
  6224.2998  3.33304608E-12
  6227.04004  3.33918418E-12
  6229.77979  3.34063506E-12
  6232.52002  3.3472179E-12
  6235.26025  3.37563809E-12
  6238.  3.37975199E-12
  6240.74023  3.34803322E-12
  6243.47998  3.32209889E-12
  6246.22021  3.29564696E-12
  6248.95996  3.29436261E-12
  6251.7002  3.30189695E-12
  6254.43994  3.29915891E-12
  6257.18018  3.30520268E-12
  6259.91992  3.32997627E-12
  6262.66016  3.34911244E-12
  6265.3999  3.36346749E-12
  6268.14014  3.38454308E-12
  6270.87988  3.40622517E-12
  6273.62012  3.41797185E-12
  6276.35986  3.41456399E-12
  6279.1001  3.37335953E-12
  6281.83984  3.35921829E-12
  6284.58008  3.39618936E-12
  6287.31982  3.39840157E-12
  6290.06006  3.3820891E-12
  6292.7998  3.36665786E-12
  6295.54004  3.35088966E-12
  6298.27979  3.33674191E-12
  6301.02002  3.33714133E-12
  6303.76025  3.36878897E-12
  6306.5  3.38309697E-12
  6309.24023  3.38093616E-12
  6311.97998  3.37456408E-12
  6314.72021  3.36122926E-12
  6317.45996  3.32617137E-12
  6320.2002  3.30932547E-12
  6322.93994  3.36277815E-12
  6325.68018  3.40734147E-12
  6328.41992  3.43975217E-12
  6331.16016  3.4273888E-12
  6333.8999  3.37750791E-12
  6336.64014  3.35160133E-12
  6339.37988  3.34574686E-12
  6342.12012  3.39949076E-12
  6344.85986  3.4456344E-12
  6347.6001  3.45099513E-12
  6350.33984  3.4451348E-12
  6353.08008  3.42405379E-12
  6355.81982  3.41184611E-12
  6358.56006  3.40434755E-12
  6361.2998  3.41071355E-12
  6364.04004  3.42458202E-12
  6366.77979  3.44812915E-12
  6369.52002  3.45789153E-12
  6372.26025  3.44139973E-12
  6375.  3.43504782E-12
  6377.74023  3.43430514E-12
  6380.47998  3.42766961E-12
  6383.22021  3.41953549E-12
  6385.95996  3.41405203E-12
  6388.7002  3.41050473E-12
  6391.43994  3.41703619E-12
  6394.18018  3.40002592E-12
  6396.91992  3.34201829E-12
  6399.66016  3.34871345E-12
  6402.3999  3.39046131E-12
  6405.14014  3.41590233E-12
  6407.87988  3.43124162E-12
  6410.62012  3.41955826E-12
  6413.35986  3.41381003E-12
  6416.1001  3.42847907E-12
  6418.83984  3.42870849E-12
  6421.58008  3.41647782E-12
  6424.31982  3.42699046E-12
  6427.06006  3.44268646E-12
  6429.7998  3.43258841E-12
  6432.54004  3.4187631E-12
  6435.27979  3.40412377E-12
  6438.02002  3.41129403E-12
  6440.76025  3.45376895E-12
  6443.5  3.46645087E-12
  6446.24023  3.46458756E-12
  6448.97998  3.46994872E-12
  6451.72021  3.47180357E-12
  6454.45996  3.46421871E-12
  6457.2002  3.44361952E-12
  6459.93994  3.39025227E-12
  6462.68018  3.38592262E-12
  6465.41992  3.42937679E-12
  6468.16016  3.44536053E-12
  6470.8999  3.45325201E-12
  6473.64014  3.45987865E-12
  6476.37988  3.47013542E-12
  6479.12012  3.49942493E-12
  6481.85986  3.50603726E-12
  6484.6001  3.47831161E-12
  6487.33984  3.45676786E-12
  6490.08008  3.43343756E-12
  6492.81982  3.3888749E-12
  6495.56006  3.35349847E-12
  6498.2998  3.3800753E-12
  6501.04004  3.41894893E-12
  6503.77979  3.46590573E-12
  6506.52002  3.4835225E-12
  6509.26025  3.46785664E-12
  6512.  3.48373565E-12
  6514.74023  3.50980985E-12
  6517.47998  3.5149262E-12
  6520.22021  3.51392244E-12
  6522.95996  3.51057725E-12
  6525.7002  3.51109571E-12
  6528.43994  3.51587574E-12
  6531.18018  3.53172027E-12
  6533.91992  3.55604023E-12
  6536.66016  3.51969192E-12
  6539.3999  3.47061767E-12
  6542.14014  3.48427168E-12
  6544.87988  3.48718428E-12
  6547.62012  3.43864694E-12
  6550.35986  3.41803951E-12
  6553.1001  3.43746169E-12
  6555.83984  3.38591915E-12
  6558.58008  3.29532235E-12
  6561.31982  3.17212424E-12
  6564.06006  3.11201889E-12
  6566.7998  3.27737794E-12
  6569.54004  3.40168128E-12
  6572.27979  3.42324216E-12
  6575.02002  3.44706165E-12
  6577.76025  3.46093857E-12
  6580.5  3.48628851E-12
  6583.24023  3.51178722E-12
  6585.97998  3.52833648E-12
  6588.72021  3.52605076E-12
  6591.45996  3.47953437E-12
  6594.2002  3.46822636E-12
  6596.93994  3.50036471E-12
  6599.68018  3.52729521E-12
  6602.41992  3.55417258E-12
  6605.16016  3.54499763E-12
  6607.8999  3.52855397E-12
  6610.64014  3.52478832E-12
  6613.37988  3.53850586E-12
  6616.12012  3.59581093E-12
  6618.85986  3.58535987E-12
  6621.6001  3.51631745E-12
  6624.33984  3.51323701E-12
  6627.08008  3.53344025E-12
  6629.81982  3.54169688E-12
  6632.56006  3.54440414E-12
  6635.2998  3.53691946E-12
  6638.04004  3.52935498E-12
  6640.77979  3.51722601E-12
  6643.52002  3.52978085E-12
  6646.26025  3.55679331E-12
  6649.  3.56175354E-12
  6651.74023  3.55865489E-12
  6654.47998  3.55599773E-12
  6657.22021  3.54406131E-12
  6659.95996  3.51058006E-12
  6662.7002  3.50120822E-12
  6665.43994  3.51242689E-12
  6668.18018  3.53643287E-12
  6670.91992  3.56210851E-12
  6673.66016  3.53766127E-12
  6676.3999  3.5158701E-12
  6679.14014  3.53601588E-12
  6681.87988  3.5463145E-12
  6684.62012  3.53808736E-12
  6687.35986  3.54073368E-12
  6690.1001  3.548E-12
  6692.83984  3.54834131E-12
  6695.58008  3.54455679E-12
  6698.31982  3.53161814E-12
  6701.06006  3.5272655E-12
  6703.7998  3.54226609E-12
  6706.54004  3.55565924E-12
  6709.27979  3.57280568E-12
  6712.02002  3.54316207E-12
  6714.76025  3.49600297E-12
  6717.5  3.50662468E-12
  6720.24023  3.52661455E-12
  6722.97998  3.52598679E-12
  6725.72021  3.53603345E-12
  6728.45996  3.57137909E-12
  6731.2002  3.57181906E-12
  6733.93994  3.54967466E-12
  6736.68018  3.54606904E-12
  6739.41992  3.54974839E-12
  6742.16016  3.56691391E-12
  6744.8999  3.56832337E-12
  6747.64014  3.52547375E-12
  6750.37988  3.51264612E-12
  6753.12012  3.53151536E-12
  6755.85986  3.54553821E-12
  6758.6001  3.55967296E-12
  6761.33984  3.56191183E-12
  6764.08008  3.55756744E-12
  6766.81982  3.54608378E-12
  6769.56006  3.53698191E-12
  6772.2998  3.52620277E-12
  6775.04004  3.54310743E-12
  6777.77979  3.58257456E-12
  6780.52002  3.57959105E-12
  6783.26025  3.56474897E-12
  6786.  3.57621636E-12
  6788.74023  3.58122516E-12
  6791.47998  3.56400413E-12
  6794.22021  3.54653134E-12
  6796.95996  3.52581853E-12
  6799.7002  3.52012885E-12
  6802.43994  3.52520465E-12
  6805.18018  3.5485163E-12
  6807.91992  3.56717737E-12
  6810.66016  3.55038069E-12
  6813.3999  3.53293284E-12
  6816.14014  3.51274153E-12
  6818.87988  3.52617349E-12
  6821.62012  3.5695444E-12
  6824.35986  3.57763602E-12
  6827.1001  3.57211721E-12
  6829.83984  3.5695045E-12
  6832.58008  3.56220392E-12
  6835.31982  3.54531552E-12
  6838.06006  3.5322138E-12
  6840.7998  3.52165627E-12
  6843.54004  3.52436006E-12
  6846.27979  3.53499391E-12
  6849.02002  3.52732448E-12
  6851.76025  3.51860121E-12
  6854.5  3.52477552E-12
  6857.24023  3.53274116E-12
  6859.97998  3.53849242E-12
  6862.72021  3.55200071E-12
  6865.45996  3.5743125E-12
  6868.2002  3.56493459E-12
  6870.93994  3.5451015E-12
  6873.68018  3.55675385E-12
  6876.41992  3.56443282E-12
  6879.16016  3.54312565E-12
  6881.8999  3.53174282E-12
  6884.64014  3.53029129E-12
  6887.37988  3.55300533E-12
  6890.12012  3.59088974E-12
  6892.85986  3.56993601E-12
  6895.6001  3.53821746E-12
  6898.33984  3.54273533E-12
  6901.08008  3.55751171E-12
  6903.81982  3.58838892E-12
  6906.56006  3.5932585E-12
  6909.2998  3.57430622E-12
  6912.04004  3.54340472E-12
  6914.77979  3.50989854E-12
  6917.52002  3.52481607E-12
  6920.26025  3.54251958E-12
  6923.  3.52696106E-12
  6925.74023  3.5276183E-12
  6928.47998  3.5603972E-12
  6931.22021  3.56619487E-12
  6933.95996  3.55658124E-12
  6936.7002  3.5375613E-12
  6939.43994  3.5245357E-12
  6942.18018  3.56092478E-12
  6944.91992  3.58536616E-12
  6947.66016  3.56590734E-12
  6950.3999  3.56063725E-12
  6953.14014  3.56868289E-12
  6955.87988  3.57293795E-12
  6958.62012  3.57730187E-12
  6961.35986  3.5877577E-12
  6964.1001  3.59223675E-12
  6966.83984  3.57885228E-12
  6969.58008  3.55912587E-12
  6972.31982  3.52833192E-12
  6975.06006  3.51233604E-12
  6977.7998  3.50671597E-12
  6980.54004  3.53235366E-12
  6983.27979  3.56610227E-12
  6986.02002  3.56452823E-12
  6988.76025  3.56611073E-12
  6991.5  3.59585929E-12
  6994.24023  3.5960397E-12
  6996.97998  3.55880082E-12
  6999.72021  3.55218069E-12
  7002.45996  3.55880278E-12
  7005.2002  3.56554565E-12
  7007.93994  3.56870024E-12
  7010.68018  3.55957603E-12
  7013.41992  3.54462922E-12
  7016.16016  3.51239654E-12
  7018.8999  3.52126856E-12
  7021.64014  3.56336813E-12
  7024.37988  3.58565911E-12
  7027.12012  3.59806911E-12
  7029.85986  3.59111287E-12
  7032.6001  3.57925625E-12
  7035.33984  3.56758373E-12
  7038.08008  3.5603766E-12
  7040.81982  3.55457417E-12
  7043.56006  3.57310817E-12
  7046.2998  3.60532264E-12
  7049.04004  3.61221274E-12
  7051.77979  3.60479029E-12
  7054.52002  3.57678015E-12
  7057.26025  3.55560286E-12
  7060.  3.5504516E-12
  7062.74023  3.54720441E-12
  7065.47998  3.54679328E-12
  7068.22021  3.55945915E-12
  7070.95996  3.57746233E-12
  7073.7002  3.58779933E-12
  7076.43994  3.58945209E-12
  7079.18018  3.57678036E-12
  7081.91992  3.56082351E-12
  7084.66016  3.53343006E-12
  7087.3999  3.54318961E-12
  7090.14014  3.57579548E-12
  7092.87988  3.59600847E-12
  7095.62012  3.60858587E-12
  7098.35986  3.60505094E-12
  7101.1001  3.59682163E-12
  7103.83984  3.58198258E-12
  7106.58008  3.58143246E-12
  7109.31982  3.59507606E-12
  7112.06006  3.59638925E-12
  7114.7998  3.59000438E-12
  7117.54004  3.56556798E-12
  7120.27979  3.54427642E-12
  7123.02002  3.54380869E-12
  7125.76025  3.54506463E-12
  7128.5  3.54863599E-12
  7131.24023  3.54497226E-12
  7133.97998  3.53769835E-12
  7136.72021  3.55533463E-12
  7139.45996  3.57367976E-12
  7142.2002  3.55605064E-12
  7144.93994  3.54396265E-12
  7147.68018  3.55686834E-12
  7150.41992  3.55670853E-12
  7153.16016  3.54275181E-12
  7155.8999  3.54622842E-12
  7158.64014  3.5559008E-12
  7161.37988  3.54403659E-12
  7164.12012  3.54859241E-12
  7166.85986  3.62961375E-12
  7169.6001  3.6480801E-12
  7172.33984  3.5472261E-12
  7175.08008  3.52929708E-12
  7177.81982  3.55731612E-12
  7180.56006  3.55047719E-12
  7183.2998  3.5370849E-12
  7186.04004  3.53336609E-12
  7188.77979  3.53517389E-12
  7191.52002  3.54937542E-12
  7194.26025  3.54753206E-12
  7197.  3.52774103E-12
  7199.74023  3.51163261E-12
  7202.47998  3.49731572E-12
  7205.22021  3.4967335E-12
  7207.95996  3.50838716E-12
  7210.7002  3.54577695E-12
  7213.43994  3.56287742E-12
  7216.18018  3.53917134E-12
  7218.91992  3.53833803E-12
  7221.66016  3.55117433E-12
  7224.3999  3.53883524E-12
  7227.14014  3.52700768E-12
  7229.87988  3.56816985E-12
  7232.62012  3.59352478E-12
  7235.35986  3.55212713E-12
  7238.1001  3.54718338E-12
  7240.83984  3.59172544E-12
  7243.58008  3.59371777E-12
  7246.31982  3.57606804E-12
  7249.06006  3.55955218E-12
  7251.7998  3.54915251E-12
  7254.54004  3.5667181E-12
  7257.27979  3.57122274E-12
  7260.02002  3.54114221E-12
  7262.76025  3.54152428E-12
  7265.5  3.56537456E-12
  7268.24023  3.58294384E-12
  7270.97998  3.59656532E-12
  7273.72021  3.58750724E-12
  7276.45996  3.58495178E-12
  7279.2002  3.61797593E-12
  7281.93994  3.62327247E-12
  7284.68018  3.59025093E-12
  7287.41992  3.56748658E-12
  7290.16016  3.54872273E-12
  7292.8999  3.57177721E-12
  7295.64014  3.59985262E-12
  7298.37988  3.58934995E-12
  7301.12012  3.58009911E-12
  7303.85986  3.58485984E-12
  7306.6001  3.57760848E-12
  7309.33984  3.55912001E-12
  7312.08008  3.5535676E-12
  7314.81982  3.55727405E-12
  7317.56006  3.58554679E-12
  7320.2998  3.60392814E-12
  7323.04004  3.57471951E-12
  7325.77979  3.56907147E-12
  7328.52002  3.60502015E-12
  7331.26025  3.61066992E-12
  7334.  3.60118727E-12
  7336.74023  3.58811613E-12
  7339.47998  3.57432356E-12
  7342.22021  3.57127392E-12
  7344.95996  3.56643599E-12
  7347.7002  3.55159066E-12
  7350.43994  3.54944242E-12
  7353.18018  3.55827911E-12
  7355.91992  3.57772752E-12
  7358.66016  3.60874611E-12
  7361.3999  3.67437114E-12
  7364.14014  3.71151504E-12
  7366.87988  3.64344188E-12
  7369.62012  3.6021199E-12
  7372.35986  3.61012327E-12
  7375.1001  3.61580254E-12
  7377.83984  3.62571973E-12
  7380.58008  3.60579665E-12
  7383.31982  3.57389856E-12
  7386.06006  3.52462287E-12
  7388.7998  3.53088695E-12
  7391.54004  3.68506484E-12
  7394.27979  3.70681914E-12
  7397.02002  3.58187503E-12
  7399.76025  3.55370421E-12
  7402.5  3.55711727E-12
  7405.24023  3.5268843E-12
  7407.97998  3.49954939E-12
  7410.72021  3.49590734E-12
  7413.45996  3.50007371E-12
  7416.2002  3.51456668E-12
  7418.93994  3.52014771E-12
  7421.68018  3.52046148E-12
  7424.41992  3.54158131E-12
  7427.16016  3.56742825E-12
  7429.8999  3.5763727E-12
  7432.64014  3.58046101E-12
  7435.37988  3.58354123E-12
  7438.12012  3.58026911E-12
  7440.85986  3.56820563E-12
  7443.6001  3.56485869E-12
  7446.33984  3.56637788E-12
  7449.08008  3.57473946E-12
  7451.81982  3.58330574E-12
  7454.56006  3.58827269E-12
  7457.2998  3.58079495E-12
  7460.04004  3.54529839E-12
  7462.77979  3.54657883E-12
  7465.52002  3.57674459E-12
  7468.26025  3.57377322E-12
  7471.  3.56169976E-12
  7473.74023  3.56404988E-12
  7476.47998  3.57081162E-12
  7479.22021  3.58615264E-12
  7481.95996  3.58507755E-12
  7484.7002  3.55981499E-12
  7487.43994  3.55659404E-12
  7490.18018  3.56323456E-12
  7492.91992  3.55822208E-12
  7495.66016  3.55490095E-12
  7498.3999  3.57149965E-12
  7501.14014  3.57330636E-12
  7503.87988  3.54103183E-12
  7506.62012  3.52949896E-12
  7509.35986  3.53403981E-12
  7512.1001  3.52638144E-12
  7514.83984  3.51890392E-12
  7517.58008  3.53537859E-12
  7520.31982  3.54802732E-12
  7523.06006  3.53572119E-12
  7525.7998  3.53052592E-12
  7528.54004  3.53555379E-12
  7531.27979  3.54117061E-12
  7534.02002  3.54861865E-12
  7536.76025  3.55607037E-12
  7539.5  3.55884961E-12
  7542.24023  3.54258159E-12
  7544.97998  3.53523721E-12
  7547.72021  3.55419969E-12
  7550.45996  3.55314497E-12
  7553.2002  3.53223115E-12
  7555.93994  3.54244802E-12
  7558.68018  3.56357066E-12
  7561.41992  3.56682565E-12
  7564.16016  3.55892117E-12
  7566.8999  3.53152186E-12
  7569.64014  3.51435374E-12
  7572.37988  3.51056857E-12
  7575.12012  3.51862983E-12
  7577.85986  3.53672538E-12
  7580.6001  3.53292829E-12
  7583.33984  3.52636973E-12
  7586.08008  3.53730998E-12
  7588.81982  3.55364609E-12
  7591.56006  3.58086152E-12
  7594.2998  3.58499059E-12
  7597.04004  3.56480795E-12
  7599.77979  3.55156898E-12
  7602.52002  3.53985482E-12
  7605.26025  3.53969306E-12
  7608.  3.5344568E-12
  7610.74023  3.50211158E-12
  7613.47998  3.48379181E-12
  7616.22021  3.48636029E-12
  7618.95996  3.50021227E-12
  7621.7002  3.52580855E-12
  7624.43994  3.53810817E-12
  7627.18018  3.54312521E-12
  7629.91992  3.53496442E-12
  7632.66016  3.53364473E-12
  7635.3999  3.55596368E-12
  7638.14014  3.56410821E-12
  7640.87988  3.55656823E-12
  7643.62012  3.55472401E-12
  7646.35986  3.55185998E-12
  7649.1001  3.53552972E-12
  7651.83984  3.51066723E-12
  7654.58008  3.47516373E-12
  7657.31982  3.44307699E-12
  7660.06006  3.41048088E-12
  7662.7998  3.40629695E-12
  7665.54004  3.42582234E-12
  7668.27979  3.47518282E-12
  7671.02002  3.53292222E-12
  7673.76025  3.54919046E-12
  7676.5  3.55715067E-12
  7679.24023  3.5695032E-12
  7681.97998  3.57338638E-12
  7684.72021  3.57144761E-12
  7687.45996  3.5432525E-12
  7690.2002  3.49887719E-12
  7692.93994  3.47393425E-12
  7695.68018  3.45922119E-12
  7698.41992  3.45417792E-12
  7701.16016  3.46109686E-12
  7703.8999  3.48978442E-12
  7706.64014  3.49677253E-12
  7709.37988  3.48634598E-12
  7712.12012  3.49334147E-12
  7714.85986  3.50476571E-12
  7717.6001  3.50687404E-12
  7720.33984  3.50589566E-12
  7723.08008  3.4977236E-12
  7725.81982  3.50526704E-12
  7728.56006  3.54177777E-12
  7731.2998  3.53370545E-12
  7734.04004  3.5023835E-12
  7736.77979  3.50649501E-12
  7739.52002  3.51619862E-12
  7742.26025  3.5088204E-12
  7745.  3.49987682E-12
  7747.74023  3.49120537E-12
  7750.47998  3.48432654E-12
  7753.22021  3.47755917E-12
  7755.95996  3.49516531E-12
  7758.7002  3.52332486E-12
  7761.43994  3.53422435E-12
  7764.18018  3.54377465E-12
  7766.91992  3.56073396E-12
  7769.66016  3.57239433E-12
  7772.3999  3.58254182E-12
  7775.14014  3.56516487E-12
  7777.87988  3.52965226E-12
  7780.62012  3.53499565E-12
  7783.35986  3.54697391E-12
  7786.1001  3.52927214E-12
  7788.83984  3.51301063E-12
  7791.58008  3.51302776E-12
  7794.31982  3.49168025E-12
  7797.06006  3.44275064E-12
  7799.7998  3.4685321E-12
  7802.54004  3.52456063E-12
  7805.27979  3.5207488E-12
  7808.02002  3.51291652E-12
  7810.76025  3.53257311E-12
  7813.5  3.55210566E-12
  7816.24023  3.57183185E-12
  7818.97998  3.5811742E-12
  7821.72021  3.58259429E-12
  7824.45996  3.57981678E-12
  7827.2002  3.57130753E-12
  7829.93994  3.55133197E-12
  7832.68018  3.53655907E-12
  7835.41992  3.53020196E-12
  7838.16016  3.54656539E-12
  7840.8999  3.594962E-12
  7843.64014  3.58765643E-12
  7846.37988  3.55377685E-12
  7849.12012  3.53793232E-12
  7851.85986  3.52647642E-12
  7854.6001  3.52068982E-12
  7857.33984  3.50954704E-12
  7860.08008  3.48294657E-12
  7862.81982  3.48224509E-12
  7865.56006  3.50066135E-12
  7868.2998  3.49574991E-12
  7871.04004  3.48366496E-12
  7873.77979  3.47614429E-12
  7876.52002  3.47213274E-12
  7879.26025  3.47088591E-12
  7882.  3.48007669E-12
  7884.74023  3.49836978E-12
  7887.47998  3.5395519E-12
  7890.22021  3.59207347E-12
  7892.95996  3.60765042E-12
  7895.7002  3.59767533E-12
  7898.43994  3.54774066E-12
  7901.18018  3.5077091E-12
  7903.91992  3.49291234E-12
  7906.66016  3.47580385E-12
  7909.3999  3.45912556E-12
  7912.14014  3.45202079E-12
  7914.87988  3.45399555E-12
  7917.62012  3.47467866E-12
  7920.35986  3.49319055E-12
  7923.1001  3.49792743E-12
  7925.83984  3.4949695E-12
  7928.58008  3.48060383E-12
  7931.31982  3.4783231E-12
  7934.06006  3.48061315E-12
  7936.7998  3.44744025E-12
  7939.54004  3.44646295E-12
  7942.27979  3.61755981E-12
  7945.02002  3.69049799E-12
  7947.76025  3.53107994E-12
  7950.5  3.47879993E-12
  7953.24023  3.50461609E-12
  7955.97998  3.50834552E-12
  7958.72021  3.51038317E-12
  7961.45996  3.50448381E-12
  7964.2002  3.50313723E-12
  7966.93994  3.52177944E-12
  7969.68018  3.52573851E-12
  7972.41992  3.50206539E-12
  7975.16016  3.51250647E-12
  7977.8999  3.54034879E-12
  7980.64014  3.53317072E-12
  7983.37988  3.51813262E-12
  7986.12012  3.51714274E-12
  7988.85986  3.51869055E-12
  7991.6001  3.52493729E-12
  7994.33984  3.5189796E-12
  7997.08008  3.50024653E-12
  7999.81982  3.49378751E-12
  8002.56006  3.49316171E-12
  8005.2998  3.49665154E-12
  8008.04004  3.50132293E-12
  8010.77979  3.50627752E-12
  8013.52002  3.50510658E-12
  8016.26025  3.4926801E-12
  8019.  3.49143544E-12
  8021.74023  3.49625168E-12
  8024.47998  3.48824246E-12
  8027.22021  3.48056371E-12
  8029.95996  3.4914684E-12
  8032.7002  3.50268577E-12
  8035.43994  3.5136399E-12
  8038.18018  3.50434395E-12
  8040.91992  3.46953152E-12
  8043.66016  3.47101818E-12
  8046.3999  3.48894633E-12
  8049.14014  3.49859334E-12
  8051.87988  3.50405035E-12
  8054.62012  3.49805905E-12
  8057.35986  3.50048527E-12
  8060.1001  3.52172675E-12
  8062.83984  3.52405063E-12
  8065.58008  3.5139077E-12
  8068.31982  3.49941929E-12
  8071.06006  3.4854951E-12
  8073.7998  3.48859635E-12
  8076.54004  3.49362097E-12
  8079.27979  3.49713748E-12
  8082.02002  3.49442242E-12
  8084.76025  3.48650319E-12
  8087.5  3.46361047E-12
  8090.24023  3.43386604E-12
  8092.97998  3.43161393E-12
  8095.72021  3.43741984E-12
  8098.45996  3.4384559E-12
  8101.2002  3.44531131E-12
  8103.93994  3.46025964E-12
  8106.68018  3.47919024E-12
  8109.41992  3.50279896E-12
  8112.16016  3.51934801E-12
  8114.8999  3.52657508E-12
  8117.64014  3.5034098E-12
  8120.37988  3.48585917E-12
  8123.12012  3.5027428E-12
  8125.85986  3.49864235E-12
  8128.6001  3.46321301E-12
  8131.33984  3.46245927E-12
  8134.08008  3.47789028E-12
  8136.81982  3.47199157E-12
  8139.56006  3.46721978E-12
  8142.2998  3.48441068E-12
  8145.04004  3.4984344E-12
  8147.77979  3.50558731E-12
  8150.52002  3.50167898E-12
  8153.26025  3.48652834E-12
  8156.  3.48470992E-12
  8158.74023  3.4871253E-12
  8161.47998  3.48081308E-12
  8164.22021  3.48180794E-12
  8166.95996  3.50945835E-12
  8169.7002  3.51536226E-12
  8172.43994  3.49218571E-12
  8175.18018  3.46832328E-12
  8177.91992  3.44059742E-12
  8180.66016  3.43384566E-12
  8183.3999  3.43045275E-12
  8186.14014  3.4065307E-12
  8188.87988  3.3971311E-12
  8191.62012  3.41946501E-12
  8194.36035  3.43447276E-12
  8197.09961  3.44733183E-12
  8199.83984  3.42583449E-12
  8202.58008  3.39366382E-12
  8205.32031  3.4106318E-12
  8208.05957  3.43222954E-12
  8210.7998  3.43593838E-12
  8213.54004  3.43384414E-12
  8216.28027  3.41941319E-12
  8219.01953  3.42804994E-12
  8221.75977  3.45010132E-12
  8224.5  3.44720107E-12
  8227.24023  3.44267496E-12
  8229.98047  3.47310136E-12
  8232.71973  3.47881598E-12
  8235.45996  3.4182557E-12
  8238.2002  3.39862101E-12
  8240.94043  3.4183021E-12
  8243.67969  3.42139836E-12
  8246.41992  3.42576575E-12
  8249.16016  3.46959245E-12
  8251.90039  3.49902507E-12
  8254.63965  3.4567813E-12
  8257.37988  3.43110566E-12
  8260.12012  3.43582693E-12
  8262.86035  3.44811289E-12
  8265.59961  3.46945931E-12
  8268.33984  3.44812763E-12
  8271.08008  3.41808006E-12
  8273.82031  3.42132247E-12
  8276.55957  3.43566798E-12
  8279.2998  3.47122092E-12
  8282.04004  3.46561516E-12
  8284.78027  3.40932838E-12
  8287.51953  3.4028301E-12
  8290.25977  3.41569004E-12
  8293.  3.40185757E-12
  8295.74023  3.3870181E-12
  8298.48047  3.38782561E-12
  8301.21973  3.38759446E-12
  8303.95996  3.38080909E-12
  8306.7002  3.38509884E-12
  8309.44043  3.39786619E-12
  8312.17969  3.40696265E-12
  8314.91992  3.41307993E-12
  8317.66016  3.41277592E-12
  8320.40039  3.40321369E-12
  8323.13965  3.3715268E-12
  8325.87988  3.36446517E-12
  8328.62012  3.39056799E-12
  8331.36035  3.38526082E-12
  8334.09961  3.37037733E-12
  8336.83984  3.41392778E-12
  8339.58008  3.4491908E-12
  8342.32031  3.39264099E-12
  8345.05957  3.36586488E-12
  8347.7998  3.41290277E-12
  8350.54004  3.42738294E-12
  8353.28027  3.42195825E-12
  8356.01953  3.38691401E-12
  8358.75977  3.34636659E-12
  8361.5  3.36850014E-12
  8364.24023  3.38711025E-12
  8366.98047  3.36145565E-12
  8369.71973  3.34971135E-12
  8372.45996  3.36340027E-12
  8375.2002  3.33542243E-12
  8377.94043  3.28924778E-12
  8380.67969  3.31851343E-12
  8383.41992  3.36278618E-12
  8386.16016  3.36695103E-12
  8388.90039  3.37299524E-12
  8391.63965  3.39447003E-12
  8394.37988  3.39990991E-12
  8397.12012  3.39113698E-12
  8399.86035  3.3883135E-12
  8402.59961  3.38541348E-12
  8405.33984  3.37458165E-12
  8408.08008  3.36822931E-12
  8410.82031  3.38057729E-12
  8413.55957  3.38138328E-12
  8416.2998  3.36211311E-12
  8419.04004  3.35752194E-12
  8421.78027  3.36063035E-12
  8424.51953  3.37614832E-12
  8427.25977  3.3871495E-12
  8430.  3.3555604E-12
  8432.74023  3.34098114E-12
  8435.48047  3.37499928E-12
  8438.21973  3.38667592E-12
  8440.95996  3.37651977E-12
  8443.7002  3.40166567E-12
  8446.44043  3.43857972E-12
  8449.17969  3.44208321E-12
  8451.91992  3.44308436E-12
  8454.66016  3.46527017E-12
  8457.40039  3.47054547E-12
  8460.13965  3.44851773E-12
  8462.87988  3.43394128E-12
  8465.62012  3.4204924E-12
  8468.36035  3.39923445E-12
  8471.09961  3.38592912E-12
  8473.83984  3.42309796E-12
  8476.58008  3.43597048E-12
  8479.32031  3.38030493E-12
  8482.05957  3.34210892E-12
  8484.7998  3.31993179E-12
  8487.54004  3.29673745E-12
  8490.28027  3.26813836E-12
  8493.01953  3.17344198E-12
  8495.75977  3.11119208E-12
  8498.5  3.18780852E-12
  8501.24023  3.26722785E-12
  8503.98047  3.34665542E-12
  8506.71973  3.36402607E-12
  8509.45996  3.33308815E-12
  8512.2002  3.36637944E-12
  8514.94043  3.40808089E-12
  8517.67969  3.39131804E-12
  8520.41992  3.36569488E-12
  8523.16016  3.35273541E-12
  8525.90039  3.32108559E-12
  8528.63965  3.27867312E-12
  8531.37988  3.16720803E-12
  8534.12012  3.01045994E-12
  8536.86035  2.8249408E-12
  8539.59961  2.72155128E-12
  8542.33984  2.87135311E-12
  8545.08008  3.05853932E-12
  8547.82031  3.29022486E-12
  8550.55957  3.38481738E-12
  8553.2998  3.3690791E-12
  8556.04004  3.37791253E-12
  8558.78027  3.38093572E-12
  8561.51953  3.37545421E-12
  8564.25977  3.37733899E-12
  8567.  3.40939234E-12
  8569.74023  3.40996892E-12
  8572.48047  3.36475639E-12
  8575.21973  3.35864127E-12
  8577.95996  3.37055709E-12
  8580.7002  3.37743679E-12
  8583.44043  3.37948289E-12
  8586.17969  3.36276601E-12
  8588.91992  3.35494414E-12
  8591.66016  3.37007592E-12
  8594.40039  3.37001E-12
  8597.13965  3.35777673E-12
  8599.87988  3.35657435E-12
  8602.62012  3.36011492E-12
  8605.36035  3.36518075E-12
  8608.09961  3.37357681E-12
  8610.83984  3.39210799E-12
  8613.58008  3.39518864E-12
  8616.32031  3.37224736E-12
  8619.05957  3.37534644E-12
  8621.7998  3.39129983E-12
  8624.54004  3.39287452E-12
  8627.28027  3.39127207E-12
  8630.02051  3.39292656E-12
  8632.75977  3.39474607E-12
  8635.5  3.40800608E-12
  8638.24023  3.37834621E-12
  8640.98047  3.30381989E-12
  8643.71973  3.28056137E-12
  8646.45996  3.27429056E-12
  8649.2002  3.25509411E-12
  8651.94043  3.19818803E-12
  8654.67969  3.04401925E-12
  8657.41992  2.93597937E-12
  8660.16016  2.86198214E-12
  8662.90039  2.94584322E-12
  8665.63965  3.14734632E-12
  8668.37988  3.25978524E-12
  8671.12012  3.3343868E-12
  8673.86035  3.3636813E-12
  8676.59961  3.37353062E-12
  8679.33984  3.36968756E-12
  8682.08008  3.36370732E-12
  8684.82031  3.35266667E-12
  8687.55957  3.35630655E-12
  8690.2998  3.36665288E-12
  8693.04004  3.372853E-12
  8695.78027  3.37089016E-12
  8698.52051  3.34669597E-12
  8701.25977  3.33306147E-12
  8704.  3.33624621E-12
  8706.74023  3.34418951E-12
  8709.48047  3.35837846E-12
  8712.21973  3.3776584E-12
  8714.95996  3.39236278E-12
  8717.7002  3.37380449E-12
  8720.44043  3.36247631E-12
  8723.17969  3.38585822E-12
  8725.91992  3.38453657E-12
  8728.66016  3.35218116E-12
  8731.40039  3.35413685E-12
  8734.13965  3.37149557E-12
  8736.87988  3.38316289E-12
  8739.62012  3.38487203E-12
  8742.36035  3.35782075E-12
  8745.09961  3.33873033E-12
  8747.83984  3.34085949E-12
  8750.58008  3.32685897E-12
  8753.32031  3.30185597E-12
  8756.05957  3.28017127E-12
  8758.7998  3.26619873E-12
  8761.54004  3.27757092E-12
  8764.28027  3.30676935E-12
  8767.02051  3.37232499E-12
  8769.75977  3.39052853E-12
  8772.5  3.34453016E-12
  8775.24023  3.34960532E-12
  8777.98047  3.37366832E-12
  8780.71973  3.36098467E-12
  8783.45996  3.33862321E-12
  8786.2002  3.31761051E-12
  8788.94043  3.30731731E-12
  8791.67969  3.31312863E-12
  8794.41992  3.32632793E-12
  8797.16016  3.34953831E-12
  8799.90039  3.32795965E-12
  8802.63965  3.29429019E-12
  8805.37988  3.30254248E-12
  8808.12012  3.32649945E-12
  8810.86035  3.37719392E-12
  8813.59961  3.38271511E-12
  8816.33984  3.3224209E-12
  8819.08008  3.2986979E-12
  8821.82031  3.2903129E-12
  8824.55957  3.29573153E-12
  8827.2998  3.30947899E-12
  8830.04004  3.33075082E-12
  8832.78027  3.33580928E-12
  8835.52051  3.30179265E-12
  8838.25977  3.30142337E-12
  8841.  3.32976593E-12
  8843.74023  3.35996357E-12
  8846.48047  3.38343589E-12
  8849.21973  3.34246866E-12
  8851.95996  3.29617843E-12
  8854.7002  3.27643251E-12
  8857.44043  3.27197883E-12
  8860.17969  3.28783593E-12
  8862.91992  3.29993628E-12
  8865.66016  3.3131334E-12
  8868.40039  3.32352743E-12
  8871.13965  3.33496945E-12
  8873.87988  3.3594039E-12
  8876.62012  3.36821109E-12
  8879.36035  3.34007279E-12
  8882.09961  3.33210217E-12
  8884.83984  3.34389157E-12
  8887.58008  3.33668531E-12
  8890.32031  3.31936778E-12
  8893.05957  3.28760847E-12
  8895.7998  3.2609514E-12
  8898.54004  3.25564575E-12
  8901.28027  3.26372414E-12
  8904.02051  3.29537808E-12
  8906.75977  3.29664204E-12
  8909.5  3.28039722E-12
  8912.24023  3.32398649E-12
  8914.98047  3.37719392E-12
  8917.71973  3.37515801E-12
  8920.45996  3.36779194E-12
  8923.2002  3.37077653E-12
  8925.94043  3.36789537E-12
  8928.67969  3.35155861E-12
  8931.41992  3.40740955E-12
  8934.16016  3.48389221E-12
  8936.90039  3.40818042E-12
  8939.63965  3.30356966E-12
  8942.37988  3.2343646E-12
  8945.12012  3.21692607E-12
  8947.86035  3.28578744E-12
  8950.59961  3.30603557E-12
  8953.33984  3.29964853E-12
  8956.08008  3.31712674E-12
  8958.82031  3.33875592E-12
  8961.55957  3.3424704E-12
  8964.2998  3.35332066E-12
  8967.04004  3.40386226E-12
  8969.78027  3.39173741E-12
  8972.52051  3.29498516E-12
  8975.25977  3.28109328E-12
  8978.  3.30438303E-12
  8980.74023  3.30492795E-12
  8983.48047  3.30544446E-12
  8986.21973  3.32075253E-12
  8988.95996  3.32165393E-12
  8991.7002  3.2891927E-12
  8994.44043  3.28980007E-12
  8997.17969  3.31599353E-12
  8999.91992  3.30685522E-12
  9002.66016  3.28485481E-12
  9005.40039  3.26775022E-12
  9008.13965  3.2570357E-12
  9010.87988  3.25149933E-12
  9013.62012  3.27212714E-12
  9016.36035  3.33706673E-12
  9019.09961  3.3353242E-12
  9021.83984  3.2996533E-12
  9024.58008  3.30405473E-12
  9027.32031  3.31516108E-12
  9030.05957  3.31034093E-12
  9032.7998  3.31191671E-12
  9035.54004  3.33318139E-12
  9038.28027  3.33016557E-12
  9041.02051  3.3052209E-12
  9043.75977  3.30706296E-12
  9046.5  3.31729739E-12
  9049.24023  3.31123106E-12
  9051.98047  3.30854896E-12
  9054.71973  3.3326755E-12
  9057.45996  3.32116366E-12
  9060.2002  3.24435552E-12
  9062.94043  3.24637539E-12
  9065.67969  3.29065442E-12
  9068.41992  3.29817185E-12
  9071.16016  3.29623416E-12
  9073.90039  3.29648353E-12
  9076.63965  3.29210726E-12
  9079.37988  3.28344014E-12
  9082.12012  3.26344138E-12
  9084.86035  3.23018825E-12
  9087.59961  3.21206321E-12
  9090.33984  3.20796319E-12
  9093.08008  3.24531266E-12
  9095.82031  3.28877485E-12
  9098.55957  3.31936778E-12
  9101.2998  3.3317394E-12
  9104.04004  3.31746674E-12
  9106.78027  3.31154115E-12
  9109.52051  3.30691312E-12
  9112.25977  3.29314375E-12
  9115.  3.28609579E-12
  9117.74023  3.32252216E-12
  9120.48047  3.34365977E-12
  9123.21973  3.31800668E-12
  9125.95996  3.30434009E-12
  9128.7002  3.30062171E-12
  9131.44043  3.296572E-12
  9134.17969  3.29644797E-12
  9136.91992  3.32344807E-12
  9139.66016  3.33322432E-12
  9142.40039  3.27214904E-12
  9145.13965  3.22475878E-12
  9147.87988  3.20306954E-12
  9150.62012  3.19439917E-12
  9153.36035  3.19931993E-12
  9156.09961  3.19801629E-12
  9158.83984  3.20053489E-12
  9161.58008  3.21947221E-12
  9164.32031  3.24290096E-12
  9167.05957  3.27263303E-12
  9169.7998  3.28665697E-12
  9172.54004  3.29140578E-12
  9175.28027  3.22458098E-12
  9178.02051  3.13275295E-12
  9180.75977  3.22299869E-12
  9183.5  3.32681365E-12
  9186.24023  3.3016027E-12
  9188.98047  3.27476501E-12
  9191.71973  3.26210998E-12
  9194.45996  3.2585178E-12
  9197.2002  3.2632098E-12
  9199.94043  3.28959624E-12
  9202.67969  3.30750509E-12
  9205.41992  3.23329124E-12
  9208.16016  3.1639281E-12
  9210.90039  3.14451243E-12
  9213.63965  3.14494286E-12
  9216.37988  3.17372214E-12
  9219.12012  3.17420677E-12
  9221.86035  3.16447649E-12
  9224.59961  3.19768929E-12
  9227.33984  3.21602966E-12
  9230.08008  3.13071856E-12
  9232.82031  3.09347188E-12
  9235.55957  3.17217043E-12
  9238.2998  3.18783628E-12
  9241.04004  3.15727869E-12
  9243.78027  3.16883173E-12
  9246.52051  3.1938458E-12
  9249.25977  3.2077071E-12
  9252.  3.22186548E-12
  9254.74023  3.24428722E-12
  9257.48047  3.25339148E-12
  9260.21973  3.24470355E-12
  9262.95996  3.23923115E-12
  9265.7002  3.23206522E-12
  9268.44043  3.21350477E-12
  9271.17969  3.19339737E-12
  9273.91992  3.18176041E-12
  9276.66016  3.17593673E-12
  9279.40039  3.17594258E-12
  9282.13965  3.18374819E-12
  9284.87988  3.20162256E-12
  9287.62012  3.19042427E-12
  9290.36035  3.1686459E-12
  9293.09961  3.17060419E-12
  9295.83984  3.17248875E-12
  9298.58008  3.16112544E-12
  9301.32031  3.14964439E-12
  9304.05957  3.13243507E-12
  9306.7998  3.14181298E-12
  9309.54004  3.16878858E-12
  9312.28027  3.18231184E-12
  9315.02051  3.19346307E-12
  9317.75977  3.20987789E-12
  9320.5  3.22130517E-12
  9323.24023  3.22640916E-12
  9325.98047  3.21763449E-12
  9328.71973  3.191456E-12
  9331.45996  3.19235784E-12
  9334.2002  3.20542768E-12
  9336.94043  3.21388272E-12
  9339.67969  3.21748661E-12
  9342.41992  3.2108205E-12
  9345.16016  3.20025538E-12
  9347.90039  3.18208762E-12
  9350.63965  3.17774453E-12
  9353.37988  3.18241072E-12
  9356.12012  3.17131022E-12
  9358.86035  3.15775314E-12
  9361.59961  3.15971012E-12
  9364.33984  3.15642477E-12
  9367.08008  3.13826027E-12
  9369.82031  3.11812598E-12
  9372.55957  3.09103676E-12
  9375.2998  3.09587967E-12
  9378.04004  3.11926049E-12
  9380.78027  3.14308345E-12
  9383.52051  3.16274047E-12
  9386.25977  3.16549369E-12
  9389.  3.1675257E-12
  9391.74023  3.17116125E-12
  9394.48047  3.17415885E-12
  9397.21973  3.17665946E-12
  9399.95996  3.19050559E-12
  9402.7002  3.20253719E-12
  9405.44043  3.18036157E-12
  9408.17969  3.16739603E-12
  9410.91992  3.19672782E-12
  9413.66016  3.19771748E-12
  9416.40039  3.15974135E-12
  9419.13965  3.1623636E-12
  9421.87988  3.18303977E-12
  9424.62012  3.185963E-12
  9427.36035  3.18233547E-12
  9430.09961  3.17778312E-12
  9432.83984  3.15827095E-12
  9435.58008  3.10303476E-12
  9438.32031  3.09691942E-12
  9441.05957  3.13011574E-12
  9443.7998  3.15143636E-12
  9446.54004  3.16774428E-12
  9449.28027  3.16154221E-12
  9452.02051  3.15500425E-12
  9454.75977  3.15912053E-12
  9457.5  3.16923224E-12
  9460.24023  3.19747982E-12
  9462.98047  3.16641787E-12
  9465.71973  3.10300592E-12
  9468.45996  3.09570945E-12
  9471.2002  3.10469033E-12
  9473.94043  3.10680366E-12
  9476.67969  3.11224874E-12
  9479.41992  3.12600683E-12
  9482.16016  3.12874466E-12
  9484.90039  3.12167501E-12
  9487.63965  3.1210787E-12
  9490.37988  3.12027791E-12
  9493.12012  3.10761334E-12
  9495.86035  3.09518275E-12
  9498.59961  3.08711325E-12
  9501.33984  3.09004385E-12
  9504.08008  3.1091193E-12
  9506.82031  3.12004524E-12
  9509.55957  3.12870519E-12
  9512.2998  3.14518138E-12
  9515.04004  3.16824648E-12
  9517.78027  3.20986228E-12
  9520.52051  3.2329367E-12
  9523.25977  3.21718954E-12
  9526.  3.2034245E-12
  9528.74023  3.18752707E-12
  9531.48047  3.18363131E-12
  9534.21973  3.18641359E-12
  9536.95996  3.20018708E-12
  9539.7002  3.19268201E-12
  9542.44043  3.11043769E-12
  9545.17969  3.07296224E-12
  9547.91992  3.12235264E-12
  9550.66016  3.09985154E-12
  9553.40039  3.0392583E-12
  9556.13965  3.04575636E-12
  9558.87988  3.07158205E-12
  9561.62012  3.07650021E-12
  9564.36035  3.08151811E-12
  9567.09961  3.09014251E-12
  9569.83984  3.1028229E-12
  9572.58008  3.12237107E-12
  9575.32031  3.12118929E-12
  9578.05957  3.10924984E-12
  9580.7998  3.1010717E-12
  9583.54004  3.09727005E-12
  9586.28027  3.11146031E-12
  9589.02051  3.10575025E-12
  9591.75977  3.05508765E-12
  9594.5  3.05677163E-12
  9597.24023  3.09394199E-12
  9599.98047  3.11485928E-12
  9602.71973  3.13067259E-12
  9605.45996  3.13283405E-12
  9608.2002  3.14373354E-12
  9610.94043  3.1868258E-12
  9613.67969  3.20031913E-12
  9616.41992  3.17717012E-12
  9619.16016  3.18122135E-12
  9621.90039  3.1935381E-12
  9624.63965  3.17640575E-12
  9627.37988  3.16243884E-12
  9630.12012  3.19360597E-12
  9632.86035  3.19484478E-12
  9635.59961  3.13202762E-12
  9638.33984  3.1099563E-12
  9641.08008  3.11528125E-12
  9643.82031  3.08829633E-12
  9646.55957  3.05591641E-12
  9649.2998  3.05330197E-12
  9652.04004  3.05468671E-12
  9654.78027  3.04568827E-12
  9657.52051  3.05197013E-12
  9660.25977  3.08127135E-12
  9663.  3.0857658E-12
  9665.74023  3.07826616E-12
  9668.48047  3.08041591E-12
  9671.21973  3.08024222E-12
  9673.95996  3.06461996E-12
  9676.7002  3.05581558E-12
  9679.44043  3.06152412E-12
  9682.17969  3.06679486E-12
  9684.91992  3.0729063E-12
  9687.66016  3.08495287E-12
  9690.40039  3.10101359E-12
  9693.13965  3.13864126E-12
  9695.87988  3.13237869E-12
  9698.62012  2.98016755E-12
  9701.36035  2.94704625E-12
  9704.09961  3.10122869E-12
  9706.83984  3.12920957E-12
  9709.58008  3.10114174E-12
  9712.32031  3.09083401E-12
  9715.05957  3.07872759E-12
  9717.7998  3.06070772E-12
  9720.54004  3.04795295E-12
  9723.28027  3.0477901E-12
  9726.02051  3.04107195E-12
  9728.75977  3.02944171E-12
  9731.5  3.01156517E-12
  9734.24023  2.99116873E-12
  9736.98047  2.97009813E-12
  9739.71973  2.97404506E-12
  9742.45996  3.05007864E-12
  9745.2002  3.08428543E-12
  9747.94043  3.0500975E-12
  9750.67969  3.03610652E-12
  9753.41992  3.02588748E-12
  9756.16016  3.01737346E-12
  9758.90039  3.01291804E-12
  9761.63965  3.01870052E-12
  9764.37988  3.02236274E-12
  9767.12012  3.01520896E-12
  9769.86035  3.02023987E-12
  9772.59961  3.04169537E-12
  9775.33984  3.01399986E-12
  9778.08008  2.97184586E-12
  9780.82031  3.00800899E-12
  9783.55957  3.05453731E-12
  9786.2998  3.07046207E-12
  9789.04004  3.08013554E-12
  9791.78027  3.08257001E-12
  9794.52051  3.08806691E-12
  9797.25977  3.09465127E-12
  9800.  3.1128663E-12
  9802.74023  3.12392408E-12
  9805.48047  3.08839477E-12
  9808.21973  3.04797312E-12
  9810.95996  3.01101266E-12
  9813.7002  2.99684583E-12
  9816.44043  3.00863371E-12
  9819.17969  3.01139712E-12
  9821.91992  3.01808773E-12
  9824.66016  3.06911679E-12
  9827.40039  3.11394075E-12
  9830.13965  3.10355626E-12
  9832.87988  3.0842039E-12
  9835.62012  3.05544088E-12
  9838.36035  3.04310375E-12
  9841.09961  3.04255514E-12
  9843.83984  3.0521384E-12
  9846.58008  3.06217291E-12
  9849.32031  3.03673297E-12
  9852.05957  3.03173328E-12
  9854.7998  3.09440212E-12
  9857.54004  3.12134758E-12
  9860.28027  3.10227581E-12
  9863.02051  3.10924442E-12
  9865.75977  3.12550983E-12
  9868.5  3.14367629E-12
  9871.24023  3.14763775E-12
  9873.98047  3.10303107E-12
  9876.71973  3.06723874E-12
  9879.45996  3.05455813E-12
  9882.2002  3.04727077E-12
  9884.94043  3.04727272E-12
  9887.67969  3.04514552E-12
  9890.41992  3.03986827E-12
  9893.16016  3.02455348E-12
  9895.90039  2.99649975E-12
  9898.63965  2.93074462E-12
  9901.37988  2.91939216E-12
  9904.12012  2.98686791E-12
  9906.86035  3.00753281E-12
  9909.59961  3.01034133E-12
  9912.33984  3.02802596E-12
  9915.08008  3.04116411E-12
  9917.82031  3.02471589E-12
  9920.55957  3.0215819E-12
  9923.2998  3.05504949E-12
  9926.04004  3.06280283E-12
  9928.78027  3.04792368E-12
  9931.52051  3.06046291E-12
  9934.25977  3.08093741E-12
  9937.  3.08268884E-12
  9939.74023  3.07899366E-12
  9942.48047  3.07675651E-12
  9945.21973  3.06388075E-12
  9947.95996  3.02991291E-12
  9950.7002  3.02319845E-12
  9953.44043  3.0335632E-12
  9956.17969  3.07037425E-12
  9958.91992  3.10180115E-12
  9961.66016  3.07393911E-12
  9964.40039  3.0329335E-12
  9967.13965  2.97895042E-12
  9969.87988  2.9547829E-12
  9972.62012  2.95850323E-12
  9975.36035  2.97636416E-12
  9978.09961  2.99950581E-12
  9980.83984  2.97238883E-12
  9983.58008  2.95110225E-12
  9986.32031  2.97888884E-12
  9989.05957  3.00902098E-12
  9991.7998  3.0374943E-12
  9994.54004  3.069771E-12
  9997.28027  3.10403179E-12
  10000.0205  3.10134449E-12
  10002.7598  3.0854362E-12
  10005.5  3.07669211E-12
  10008.2402  3.08348919E-12
  10010.9805  3.14401478E-12
  10013.7197  3.11505964E-12
  10016.46  2.98156486E-12
  10019.2002  2.93360345E-12
  10021.9404  2.92078818E-12
  10024.6797  2.90415868E-12
  10027.4199  2.88882546E-12
  10030.1602  2.85770171E-12
  10032.9004  2.85895613E-12
  10035.6396  2.92384823E-12
  10038.3799  2.93368932E-12
  10041.1201  2.90815375E-12
  10043.8604  2.9097896E-12
  10046.5996  2.92736321E-12
  10049.3398  2.98471469E-12
  10052.0801  3.0220557E-12
  10054.8203  2.99416698E-12
  10057.5596  2.98785671E-12
  10060.2998  3.00744672E-12
  10063.04  3.01479566E-12
  10065.7803  3.01438605E-12
  10068.5205  2.97645285E-12
  10071.2598  2.94562291E-12
  10074.  2.98333775E-12
  10076.7402  2.99679942E-12
  10079.4805  2.94730603E-12
  10082.2197  2.94743722E-12
  10084.96  2.98372308E-12
  10087.7002  2.99613394E-12
  10090.4404  3.00314157E-12
  10093.1797  3.01471565E-12
  10095.9199  3.03119791E-12
  10098.6602  3.06913999E-12
  10101.4004  3.06627553E-12
  10104.1396  3.00368302E-12
  10106.8799  2.99546347E-12
  10109.6201  3.00896656E-12
  10112.3604  2.96221793E-12
  10115.0996  2.92138362E-12
  10117.8398  2.97889903E-12
  10120.5801  2.98296435E-12
  10123.3203  2.8454667E-12
  10126.0596  2.82960591E-12
  10128.7998  2.91568657E-12
  10131.54  2.92631717E-12
  10134.2803  2.90766131E-12
  10137.0205  2.86540301E-12
  10139.7598  2.83320481E-12
  10142.5  2.84531882E-12
  10145.2402  2.85253461E-12
  10147.9805  2.84355027E-12
  10150.7197  2.87530438E-12
  10153.46  2.92826484E-12
  10156.2002  2.90410014E-12
  10158.9404  2.86051803E-12
  10161.6797  2.83765849E-12
  10164.4199  2.84706351E-12
  10167.1602  2.92542509E-12
  10169.9004  2.93986515E-12
  10172.6396  2.89194645E-12
  10175.3799  2.9210473E-12
  10178.1201  2.96773565E-12
  10180.8604  2.91543525E-12
  10183.5996  2.86222955E-12
  10186.3398  2.86915045E-12
  10189.0801  2.8835055E-12
  10191.8203  2.90177431E-12
  10194.5596  3.03384206E-12
  10197.2998  3.1844965E-12
  10200.04  1.65313032E-12
  10202.7803 -1.1880232E-13
  10205.5205 -1.65636602E-13
