#*HD019445
#*
#*  HEAP-Lindler STIS
#set .z.units = "Ergs/s/cm**2/A"
#set .z.label = "Flux"
#set .table.bandwidth = 2.74
#*
  2950.  1.55078814E-12
  2952.73999  1.57774282E-12
  2955.47998  1.60818722E-12
  2958.21997  1.63378729E-12
  2960.95996  1.65941447E-12
  2963.69995  1.62589842E-12
  2966.43994  1.50503752E-12
  2969.17993  1.50685259E-12
  2971.91992  1.52245686E-12
  2974.65991  1.63384063E-12
  2977.3999  1.6956162E-12
  2980.13989  1.61384458E-12
  2982.87988  1.52895014E-12
  2985.62012  1.4731906E-12
  2988.36011  1.59575044E-12
  2991.1001  1.67961998E-12
  2993.84009  1.63006999E-12
  2996.58008  1.65893417E-12
  2999.32007  1.60682242E-12
  3002.06006  1.53241482E-12
  3004.80005  1.6049886E-12
  3007.54004  1.5944095E-12
  3010.28003  1.63621352E-12
  3013.02002  1.6646799E-12
  3015.76001  1.63559129E-12
  3018.5  1.54573446E-12
  3021.23999  1.46053287E-12
  3023.97998  1.60308615E-12
  3026.71997  1.64935806E-12
  3029.45996  1.69501219E-12
  3032.19995  1.67817702E-12
  3034.93994  1.72329046E-12
  3037.67993  1.67054261E-12
  3040.41992  1.68899606E-12
  3043.15991  1.67495694E-12
  3045.8999  1.69151856E-12
  3048.63989  1.67220849E-12
  3051.37988  1.71320803E-12
  3054.12012  1.69758955E-12
  3056.86011  1.62372828E-12
  3059.6001  1.57706855E-12
  3062.34009  1.60553049E-12
  3065.08008  1.54484433E-12
  3067.82007  1.45363062E-12
  3070.56006  1.51298819E-12
  3073.30005  1.56505386E-12
  3076.04004  1.62147953E-12
  3078.78003  1.62076125E-12
  3081.52002  1.61400472E-12
  3084.26001  1.65005379E-12
  3087.  1.62004687E-12
  3089.73999  1.56834214E-12
  3092.47998  1.49932031E-12
  3095.21997  1.49823795E-12
  3097.95996  1.51046309E-12
  3100.69995  1.4972768E-12
  3103.43994  1.53800128E-12
  3106.17993  1.61814648E-12
  3108.91992  1.68822432E-12
  3111.65991  1.70946449E-12
  3114.3999  1.70548439E-12
  3117.13989  1.68695385E-12
  3119.87988  1.63918358E-12
  3122.62012  1.62297161E-12
  3125.36011  1.61151236E-12
  3128.1001  1.6103773E-12
  3130.84009  1.62459987E-12
  3133.58008  1.64977699E-12
  3136.32007  1.6764514E-12
  3139.06006  1.70877299E-12
  3141.80005  1.68104723E-12
  3144.54004  1.5633457E-12
  3147.28003  1.60000095E-12
  3150.02002  1.67228861E-12
  3152.76001  1.68324371E-12
  3155.5  1.66028714E-12
  3158.23999  1.59764888E-12
  3160.97998  1.56080086E-12
  3163.71997  1.58895911E-12
  3166.45996  1.7047442E-12
  3169.19995  1.71658022E-12
  3171.93994  1.72467054E-12
  3174.67993  1.764742E-12
  3177.41992  1.73730474E-12
  3180.15991  1.65578326E-12
  3182.8999  1.6218357E-12
  3185.63989  1.65664693E-12
  3188.37988  1.69969789E-12
  3191.12012  1.69147769E-12
  3193.86011  1.6514626E-12
  3196.6001  1.66224608E-12
  3199.34009  1.70824271E-12
  3202.08008  1.74623423E-12
  3204.82007  1.78152957E-12
  3207.56006  1.80490562E-12
  3210.30005  1.75016663E-12
  3213.04004  1.68141824E-12
  3215.78003  1.68008391E-12
  3218.52002  1.71660873E-12
  3221.26001  1.74879989E-12
  3224.  1.75378993E-12
  3226.73999  1.72344159E-12
  3229.47998  1.68459506E-12
  3232.21997  1.68306092E-12
  3234.95996  1.68490688E-12
  3237.69995  1.68659357E-12
  3240.43994  1.72029556E-12
  3243.17993  1.76760971E-12
  3245.91992  1.81138644E-12
  3248.65991  1.78826756E-12
  3251.3999  1.77648272E-12
  3254.13989  1.77860125E-12
  3256.87988  1.82881965E-12
  3259.62012  1.87247548E-12
  3262.36011  1.87992525E-12
  3265.1001  1.87450164E-12
  3267.84009  1.88681102E-12
  3270.58008  1.88001698E-12
  3273.32007  1.84663938E-12
  3276.06006  1.86488889E-12
  3278.80005  1.84682087E-12
  3281.54004  1.85117221E-12
  3284.28003  1.88842301E-12
  3287.02002  1.88047364E-12
  3289.76001  1.87184448E-12
  3292.5  1.90718058E-12
  3295.23999  1.94993609E-12
  3297.97998  1.96170055E-12
  3300.71997  1.95120634E-12
  3303.45996  1.93389098E-12
  3306.19995  1.88723061E-12
  3308.93994  1.89933724E-12
  3311.67993  1.93821131E-12
  3314.41992  1.93656462E-12
  3317.15991  1.91526851E-12
  3319.8999  1.90265598E-12
  3322.63989  1.864092E-12
  3325.37988  1.85551769E-12
  3328.12012  1.87995995E-12
  3330.86011  1.87047491E-12
  3333.6001  1.87566282E-12
  3336.34009  1.87642523E-12
  3339.08008  1.87647814E-12
  3341.82007  1.86031659E-12
  3344.56006  1.86903899E-12
  3347.30005  1.88341421E-12
  3350.04004  1.83769319E-12
  3352.78003  1.86898999E-12
  3355.52002  1.94926107E-12
  3358.26001  1.94683852E-12
  3361.  1.87419026E-12
  3363.73999  1.84418843E-12
  3366.47998  1.86699809E-12
  3369.21997  1.86311383E-12
  3371.95996  1.82442061E-12
  3374.69995  1.83145795E-12
  3377.43994  1.90470426E-12
  3380.17993  1.88028347E-12
  3382.91992  1.85557993E-12
  3385.65991  1.88699924E-12
  3388.3999  1.91177022E-12
  3391.13989  1.90129553E-12
  3393.87988  1.87491103E-12
  3396.62012  1.91780012E-12
  3399.36011  1.9602243E-12
  3402.1001  1.96593241E-12
  3404.84009  1.92191684E-12
  3407.58008  1.87556806E-12
  3410.32007  1.87916002E-12
  3413.06006  1.87355925E-12
  3415.80005  1.87827033E-12
  3418.54004  1.91655459E-12
  3421.28003  1.94978278E-12
  3424.02002  1.94222004E-12
  3426.76001  1.92500941E-12
  3429.5  1.94084917E-12
  3432.23999  1.96187706E-12
  3434.97998  1.95620842E-12
  3437.71997  1.94214241E-12
  3440.45996  1.93029924E-12
  3443.19995  1.84813536E-12
  3445.93994  1.83488121E-12
  3448.67993  1.90897146E-12
  3451.41992  1.92057329E-12
  3454.15991  1.90896409E-12
  3456.8999  1.92837499E-12
  3459.63989  1.93554222E-12
  3462.37988  1.91252071E-12
  3465.12012  1.92364397E-12
  3467.86011  1.94825015E-12
  3470.6001  1.95796417E-12
  3473.34009  1.94027672E-12
  3476.08008  1.8814607E-12
  3478.82007  1.90554387E-12
  3481.56006  1.97312717E-12
  3484.30005  1.97813554E-12
  3487.04004  1.97826781E-12
  3489.78003  1.94428046E-12
  3492.52002  1.90438052E-12
  3495.26001  1.91292121E-12
  3498.  1.92534183E-12
  3500.73999  1.93348354E-12
  3503.47998  1.95521225E-12
  3506.21997  1.99626296E-12
  3508.95996  1.99055529E-12
  3511.69995  1.93759288E-12
  3514.43994  1.90818563E-12
  3517.17993  1.93125355E-12
  3519.91992  1.96698192E-12
  3522.65991  1.94038058E-12
  3525.3999  1.86693651E-12
  3528.13989  1.8539907E-12
  3530.87988  1.92981525E-12
  3533.62012  1.98565621E-12
  3536.36011  1.99973545E-12
  3539.1001  2.00896331E-12
  3541.84009  2.01366744E-12
  3544.58008  2.02395891E-12
  3547.32007  2.0348456E-12
  3550.06006  2.04314083E-12
  3552.80005  2.03376313E-12
  3555.54004  2.01343087E-12
  3558.28003  2.00972073E-12
  3561.02002  2.02857674E-12
  3563.76001  2.02062932E-12
  3566.5  1.95930078E-12
  3569.23999  1.90571994E-12
  3571.97998  1.87488957E-12
  3574.71997  1.90303264E-12
  3577.45996  1.94341852E-12
  3580.19995  1.93719541E-12
  3582.93994  1.91020225E-12
  3585.67993  1.86369063E-12
  3588.41992  1.85674935E-12
  3591.15991  1.94090685E-12
  3593.8999  1.99268119E-12
  3596.63989  1.99775244E-12
  3599.37988  2.03742535E-12
  3602.12012  2.03924139E-12
  3604.86011  1.99047701E-12
  3607.6001  1.96807284E-12
  3610.34009  1.96414868E-12
  3613.08008  1.96503599E-12
  3615.82007  1.98665563E-12
  3618.56006  1.97872383E-12
  3621.30005  1.95809102E-12
  3624.04004  1.98837691E-12
  3626.78003  2.040269E-12
  3629.52002  2.04514747E-12
  3632.26001  1.97712224E-12
  3635.  1.96707017E-12
  3637.73999  2.01841733E-12
  3640.47998  2.03961739E-12
  3643.21997  2.02147609E-12
  3645.95996  1.99436301E-12
  3648.69995  1.97695137E-12
  3651.43994  1.99712144E-12
  3654.17993  2.05832443E-12
  3656.91992  2.08549866E-12
  3659.65991  2.07892774E-12
  3662.3999  2.0739827E-12
  3665.13989  2.07826313E-12
  3667.87988  2.10187531E-12
  3670.62012  2.09202013E-12
  3673.36011  2.0731355E-12
  3676.1001  2.07959323E-12
  3678.84009  2.05512929E-12
  3681.58008  2.0248176E-12
  3684.32007  2.00242427E-12
  3687.06006  1.98346699E-12
  3689.80005  2.01019301E-12
  3692.54004  2.06812475E-12
  3695.28003  2.08926301E-12
  3698.02002  2.08932936E-12
  3700.76001  2.08665724E-12
  3703.5  2.07225925E-12
  3706.23999  1.98571801E-12
  3708.97998  1.97274207E-12
  3711.71997  1.99903332E-12
  3714.45996  2.05420143E-12
  3717.19995  2.14902445E-12
  3719.93994  2.06919573E-12
  3722.67993  1.92085952E-12
  3725.41992  1.99396641E-12
  3728.15991  2.14949521E-12
  3730.8999  2.14916474E-12
  3733.63989  1.97549399E-12
  3736.37988  1.80766654E-12
  3739.12012  1.96119596E-12
  3741.86011  2.19694879E-12
  3744.6001  2.17927998E-12
  3747.34009  2.02016268E-12
  3750.08008  1.84389201E-12
  3752.82007  1.88502035E-12
  3755.56006  2.15619471E-12
  3758.30005  2.25684488E-12
  3761.04004  2.24643069E-12
  3763.78003  2.2824223E-12
  3766.52002  2.23033571E-12
  3769.26001  2.04821229E-12
  3772.  1.93025413E-12
  3774.73999  2.07226944E-12
  3777.47998  2.31912883E-12
  3780.21997  2.4546786E-12
  3782.95996  2.51367113E-12
  3785.69995  2.50463387E-12
  3788.43994  2.45324789E-12
  3791.17993  2.39669742E-12
  3793.91992  2.29293212E-12
  3796.65991  2.03836492E-12
  3799.3999  1.85417393E-12
  3802.13989  2.04480508E-12
  3804.87988  2.33589168E-12
  3807.62012  2.43277056E-12
  3810.36011  2.48892248E-12
  3813.1001  2.51525862E-12
  3815.84009  2.46176734E-12
  3818.58008  2.46352396E-12
  3821.32007  2.46245125E-12
  3824.06006  2.39264641E-12
  3826.80005  2.30570641E-12
  3829.54004  2.21784115E-12
  3832.28003  2.04145078E-12
  3835.02002  1.78241547E-12
  3837.76001  1.7179551E-12
  3840.5  1.96547574E-12
  3843.23999  2.26278458E-12
  3845.97998  2.45883001E-12
  3848.71997  2.51452656E-12
  3851.45996  2.53375142E-12
  3854.19995  2.57067956E-12
  3856.93994  2.5653763E-12
  3859.67993  2.50886768E-12
  3862.41992  2.52642547E-12
  3865.15991  2.59987648E-12
  3867.8999  2.59943239E-12
  3870.63989  2.5734445E-12
  3873.37988  2.50355943E-12
  3876.12012  2.46807913E-12
  3878.86011  2.43427392E-12
  3881.6001  2.40969788E-12
  3884.34009  2.34993752E-12
  3887.08008  2.05903198E-12
  3889.82007  1.81792439E-12
  3892.56006  1.95181631E-12
  3895.30005  2.21654032E-12
  3898.04004  2.33654632E-12
  3900.78003  2.40156983E-12
  3903.52002  2.43640199E-12
  3906.26001  2.45111136E-12
  3909.  2.51860035E-12
  3911.73999  2.58651585E-12
  3914.47998  2.59051439E-12
  3917.21997  2.57440813E-12
  3919.95996  2.55253978E-12
  3922.69995  2.51958328E-12
  3925.43994  2.51052976E-12
  3928.17993  2.37349962E-12
  3930.91992  1.95888574E-12
  3933.65991  1.4353372E-12
  3936.3999  1.42725632E-12
  3939.13989  2.0623234E-12
  3941.87988  2.41878804E-12
  3944.62012  2.5190041E-12
  3947.36011  2.55691692E-12
  3950.1001  2.57306568E-12
  3952.84009  2.55254151E-12
  3955.58008  2.53847702E-12
  3958.32007  2.51113258E-12
  3961.06006  2.4407169E-12
  3963.80005  2.25770205E-12
  3966.54004  1.85495326E-12
  3969.28003  1.34929481E-12
  3972.02002  1.46915325E-12
  3974.76001  2.02890959E-12
  3977.5  2.35866253E-12
  3980.23999  2.52484058E-12
  3982.97998  2.57890215E-12
  3985.71997  2.60155005E-12
  3988.45996  2.64342454E-12
  3991.19995  2.69183504E-12
  3993.93994  2.67587124E-12
  3996.67993  2.65798733E-12
  3999.41992  2.65129108E-12
  4002.15991  2.67821377E-12
  4004.8999  2.67296341E-12
  4007.63989  2.67923639E-12
  4010.37988  2.69046135E-12
  4013.12012  2.68468407E-12
  4015.86011  2.71055487E-12
  4018.6001  2.72078302E-12
  4021.34009  2.72661147E-12
  4024.08008  2.71907822E-12
  4026.82007  2.72410371E-12
  4029.56006  2.71903637E-12
  4032.30005  2.66629817E-12
  4035.04004  2.67878861E-12
  4037.78003  2.70944573E-12
  4040.52002  2.72872241E-12
  4043.26001  2.70361598E-12
  4046.  2.66553207E-12
  4048.73999  2.67400295E-12
  4051.47998  2.7322877E-12
  4054.21997  2.73330382E-12
  4056.95996  2.69960313E-12
  4059.69995  2.69348259E-12
  4062.43994  2.68701402E-12
  4065.17993  2.64181949E-12
  4067.91992  2.67324032E-12
  4070.65991  2.68936479E-12
  4073.3999  2.65235273E-12
  4076.13989  2.65016589E-12
  4078.87988  2.65598914E-12
  4081.62012  2.67290769E-12
  4084.36011  2.66677956E-12
  4087.1001  2.65178201E-12
  4089.84009  2.6451816E-12
  4092.58008  2.60941962E-12
  4095.32007  2.52139E-12
  4098.06006  2.34678379E-12
  4100.7998  2.06572259E-12
  4103.54004  1.92672375E-12
  4106.27979  2.23322771E-12
  4109.02002  2.45356816E-12
  4111.75977  2.56598692E-12
  4114.5  2.62345484E-12
  4117.24023  2.64007241E-12
  4119.97998  2.64495478E-12
  4122.72021  2.65978559E-12
  4125.45996  2.67160426E-12
  4128.2002  2.68648428E-12
  4130.93994  2.68630192E-12
  4133.68018  2.65449121E-12
  4136.41992  2.67446698E-12
  4139.16016  2.68940577E-12
  4141.8999  2.67933353E-12
  4144.64014  2.65763518E-12
  4147.37988  2.67941398E-12
  4150.12012  2.68935113E-12
  4152.85986  2.68958965E-12
  4155.6001  2.66722668E-12
  4158.33984  2.66895729E-12
  4161.08008  2.70414268E-12
  4163.81982  2.71802828E-12
  4166.56006  2.69277396E-12
  4169.2998  2.68914361E-12
  4172.04004  2.67976266E-12
  4174.77979  2.65354969E-12
  4177.52002  2.66198738E-12
  4180.25977  2.66891934E-12
  4183.  2.6738581E-12
  4185.74023  2.65479284E-12
  4188.47998  2.63131422E-12
  4191.22021  2.65742051E-12
  4193.95996  2.67157867E-12
  4196.7002  2.64524665E-12
  4199.43994  2.61070787E-12
  4202.18018  2.63034147E-12
  4204.91992  2.65824624E-12
  4207.66016  2.68717622E-12
  4210.3999  2.67704999E-12
  4213.14014  2.67002718E-12
  4215.87988  2.64338096E-12
  4218.62012  2.62669747E-12
  4221.35986  2.64108397E-12
  4224.1001  2.61197184E-12
  4226.83984  2.55120317E-12
  4229.58008  2.5787057E-12
  4232.31982  2.63463058E-12
  4235.06006  2.61689997E-12
  4237.7998  2.61703896E-12
  4240.54004  2.63606866E-12
  4243.27979  2.65302494E-12
  4246.02002  2.64326408E-12
  4248.75977  2.59911428E-12
  4251.5  2.58821957E-12
  4254.24023  2.6144603E-12
  4256.97998  2.62878803E-12
  4259.72021  2.64152328E-12
  4262.45996  2.61435968E-12
  4265.2002  2.6489466E-12
  4267.93994  2.64157294E-12
  4270.68018  2.58598243E-12
  4273.41992  2.56502024E-12
  4276.16016  2.59964619E-12
  4278.8999  2.63618988E-12
  4281.64014  2.62155163E-12
  4284.37988  2.60551867E-12
  4287.12012  2.58989423E-12
  4289.85986  2.55105312E-12
  4292.6001  2.53306425E-12
  4295.33984  2.536074E-12
  4298.08008  2.49519155E-12
  4300.81982  2.41459088E-12
  4303.56006  2.42131749E-12
  4306.2998  2.42973371E-12
  4309.04004  2.39035419E-12
  4311.77979  2.44352455E-12
  4314.52002  2.51676609E-12
  4317.25977  2.57982806E-12
  4320.  2.59719525E-12
  4322.74023  2.57655399E-12
  4325.47998  2.51835727E-12
  4328.22021  2.52684527E-12
  4330.95996  2.56101043E-12
  4333.7002  2.47796336E-12
  4336.43994  2.30713213E-12
  4339.18018  2.02546617E-12
  4341.91992  1.89359769E-12
  4344.66016  2.2077444E-12
  4347.3999  2.4326847E-12
  4350.14014  2.50858514E-12
  4352.87988  2.53796398E-12
  4355.62012  2.57827201E-12
  4358.35986  2.6147732E-12
  4361.1001  2.63306976E-12
  4363.83984  2.64736713E-12
  4366.58008  2.63383217E-12
  4369.31982  2.63720035E-12
  4372.06006  2.62724499E-12
  4374.7998  2.59756843E-12
  4377.54004  2.61520753E-12
  4380.27979  2.62642685E-12
  4383.02002  2.60342225E-12
  4385.75977  2.57196564E-12
  4388.5  2.63031459E-12
  4391.24023  2.64441247E-12
  4393.97998  2.63797447E-12
  4396.72021  2.62692255E-12
  4399.45996  2.62817199E-12
  4402.2002  2.62789053E-12
  4404.93994  2.60100014E-12
  4407.68018  2.6131341E-12
  4410.41992  2.65170589E-12
  4413.16016  2.63897606E-12
  4415.8999  2.63688182E-12
  4418.64014  2.62802692E-12
  4421.37988  2.66504982E-12
  4424.12012  2.6475315E-12
  4426.85986  2.64349068E-12
  4429.6001  2.63732764E-12
  4432.33984  2.63652468E-12
  4435.08008  2.62767087E-12
  4437.81982  2.6506553E-12
  4440.56006  2.65613443E-12
  4443.2998  2.62255105E-12
  4446.04004  2.63590256E-12
  4448.77979  2.63887566E-12
  4451.52002  2.6316848E-12
  4454.25977  2.61889815E-12
  4457.  2.61012414E-12
  4459.74023  2.61491653E-12
  4462.47998  2.63028987E-12
  4465.22021  2.63941321E-12
  4467.95996  2.60542824E-12
  4470.7002  2.62025579E-12
  4473.43994  2.63270135E-12
  4476.18018  2.65188479E-12
  4478.91992  2.63791267E-12
  4481.66016  2.61101102E-12
  4484.3999  2.6278361E-12
  4487.14014  2.63431768E-12
  4489.87988  2.63575034E-12
  4492.62012  2.63157096E-12
  4495.35986  2.62262217E-12
  4498.1001  2.63231971E-12
  4500.83984  2.60324943E-12
  4503.58008  2.62419882E-12
  4506.31982  2.62850982E-12
  4509.06006  2.62238885E-12
  4511.7998  2.64203785E-12
  4514.54004  2.61643138E-12
  4517.27979  2.61756545E-12
  4520.02002  2.62150653E-12
  4522.75977  2.59732405E-12
  4525.5  2.59624223E-12
  4528.24023  2.58883041E-12
  4530.97998  2.56821062E-12
  4533.72021  2.55157093E-12
  4536.45996  2.58639225E-12
  4539.2002  2.5982595E-12
  4541.93994  2.61161644E-12
  4544.68018  2.61646022E-12
  4547.41992  2.57917776E-12
  4550.16016  2.57167573E-12
  4552.8999  2.57849167E-12
  4555.64014  2.58704885E-12
  4558.37988  2.62141155E-12
  4561.12012  2.6074184E-12
  4563.85986  2.60079284E-12
  4566.6001  2.61038868E-12
  4569.33984  2.59722322E-12
  4572.08008  2.58233083E-12
  4574.81982  2.60017745E-12
  4577.56006  2.60386439E-12
  4580.2998  2.60662217E-12
  4583.04004  2.60894062E-12
  4585.77979  2.59788111E-12
  4588.52002  2.61449347E-12
  4591.25977  2.61728183E-12
  4594.  2.60487573E-12
  4596.74023  2.61772223E-12
  4599.47998  2.59800753E-12
  4602.22021  2.58338034E-12
  4604.95996  2.6019627E-12
  4607.7002  2.60715755E-12
  4610.43994  2.62830708E-12
  4613.18018  2.60960654E-12
  4615.91992  2.60141626E-12
  4618.66016  2.60263555E-12
  4621.3999  2.61806939E-12
  4624.14014  2.60215092E-12
  4626.87988  2.61189442E-12
  4629.62012  2.59965942E-12
  4632.35986  2.59343502E-12
  4635.1001  2.59977868E-12
  4637.83984  2.6092583E-12
  4640.58008  2.60365601E-12
  4643.31982  2.59295103E-12
  4646.06006  2.59758534E-12
  4648.7998  2.58756298E-12
  4651.54004  2.59314987E-12
  4654.27979  2.58698878E-12
  4657.02002  2.60095157E-12
  4659.75977  2.59917066E-12
  4662.5  2.59622423E-12
  4665.24023  2.59670692E-12
  4667.97998  2.57860877E-12
  4670.72021  2.59000525E-12
  4673.45996  2.59812397E-12
  4676.2002  2.58255635E-12
  4678.93994  2.57837306E-12
  4681.68018  2.58189867E-12
  4684.41992  2.58671882E-12
  4687.16016  2.58800338E-12
  4689.8999  2.58698705E-12
  4692.64014  2.57604485E-12
  4695.37988  2.5736325E-12
  4698.12012  2.58200579E-12
  4700.85986  2.55570543E-12
  4703.6001  2.53837533E-12
  4706.33984  2.56010165E-12
  4709.08008  2.56735995E-12
  4711.81982  2.56262958E-12
  4714.56006  2.55347631E-12
  4717.2998  2.57735023E-12
  4720.04004  2.56863497E-12
  4722.77979  2.56599841E-12
  4725.52002  2.58520679E-12
  4728.25977  2.56339416E-12
  4731.  2.57049503E-12
  4733.74023  2.57932955E-12
  4736.47998  2.56260269E-12
  4739.22021  2.56278766E-12
  4741.95996  2.56966887E-12
  4744.7002  2.58296661E-12
  4747.43994  2.56583101E-12
  4750.18018  2.55555256E-12
  4752.91992  2.55128904E-12
  4755.66016  2.55833289E-12
  4758.3999  2.55843892E-12
  4761.14014  2.54079093E-12
  4763.87988  2.53081106E-12
  4766.62012  2.52915527E-12
  4769.35986  2.54380414E-12
  4772.1001  2.53508499E-12
  4774.83984  2.53691664E-12
  4777.58008  2.53205595E-12
  4780.31982  2.53254882E-12
  4783.06006  2.53360787E-12
  4785.7998  2.5208158E-12
  4788.54004  2.52482844E-12
  4791.27979  2.53722976E-12
  4794.02002  2.52451272E-12
  4796.75977  2.53622188E-12
  4799.5  2.52458471E-12
  4802.24023  2.52387846E-12
  4804.97998  2.53103029E-12
  4807.72021  2.52494098E-12
  4810.45996  2.51145242E-12
  4813.2002  2.51168465E-12
  4815.93994  2.52224695E-12
  4818.68018  2.52747476E-12
  4821.41992  2.52043417E-12
  4824.16016  2.51791296E-12
  4826.8999  2.52112112E-12
  4829.64014  2.5071451E-12
  4832.37988  2.51163413E-12
  4835.12012  2.49388899E-12
  4837.85986  2.49424092E-12
  4840.6001  2.49013397E-12
  4843.33984  2.45608178E-12
  4846.08008  2.44853812E-12
  4848.81982  2.44002713E-12
  4851.56006  2.39857786E-12
  4854.2998  2.30980816E-12
  4857.04004  2.16014576E-12
  4859.77979  1.88419289E-12
  4862.52002  1.86886574E-12
  4865.25977  2.11250722E-12
  4868.  2.28814407E-12
  4870.74023  2.34281886E-12
  4873.47998  2.39084555E-12
  4876.22021  2.43247935E-12
  4878.95996  2.44837072E-12
  4881.7002  2.46503035E-12
  4884.43994  2.47080394E-12
  4887.18018  2.46294825E-12
  4889.91992  2.44494095E-12
  4892.66016  2.50416289E-12
  4895.3999  2.49922392E-12
  4898.14014  2.48233942E-12
  4900.87988  2.47840507E-12
  4903.62012  2.48608924E-12
  4906.35986  2.49866751E-12
  4909.1001  2.49421837E-12
  4911.83984  2.49131878E-12
  4914.58008  2.48005587E-12
  4917.31982  2.45685568E-12
  4920.06006  2.43861572E-12
  4922.7998  2.44052521E-12
  4925.54004  2.45938426E-12
  4928.27979  2.4784441E-12
  4931.02002  2.48544674E-12
  4933.75977  2.46125971E-12
  4936.5  2.46295584E-12
  4939.24023  2.46610284E-12
  4941.97998  2.48243028E-12
  4944.72021  2.48837778E-12
  4947.45996  2.49608038E-12
  4950.2002  2.48473898E-12
  4952.93994  2.47610678E-12
  4955.68018  2.4512857E-12
  4958.41992  2.4244092E-12
  4961.16016  2.44701676E-12
  4963.8999  2.46985115E-12
  4966.64014  2.46182935E-12
  4969.37988  2.45694545E-12
  4972.12012  2.43599411E-12
  4974.85986  2.45659829E-12
  4977.6001  2.45719417E-12
  4980.33984  2.43761239E-12
  4983.08008  2.42993429E-12
  4985.81982  2.43898218E-12
  4988.56006  2.44288183E-12
  4991.2998  2.45567976E-12
  4994.04004  2.44120544E-12
  4996.77979  2.44075593E-12
  4999.52002  2.43440554E-12
  5002.25977  2.42914586E-12
  5005.  2.41907904E-12
  5007.74023  2.40087572E-12
  5010.47998  2.41957105E-12
  5013.22021  2.41258532E-12
  5015.95996  2.38627499E-12
  5018.7002  2.42891384E-12
  5021.43994  2.43428758E-12
  5024.18018  2.41748982E-12
  5026.91992  2.42665632E-12
  5029.66016  2.43052974E-12
  5032.3999  2.42423638E-12
  5035.14014  2.42107376E-12
  5037.87988  2.41271217E-12
  5040.62012  2.40022282E-12
  5043.35986  2.41218742E-12
  5046.1001  2.41742065E-12
  5048.83984  2.40224203E-12
  5051.58008  2.40416888E-12
  5054.31982  2.41753492E-12
  5057.06006  2.42350692E-12
  5059.7998  2.42568465E-12
  5062.54004  2.41637591E-12
  5065.27979  2.40738896E-12
  5068.02002  2.39975791E-12
  5070.75977  2.42339005E-12
  5073.5  2.4096222E-12
  5076.24023  2.38902149E-12
  5078.97998  2.39431738E-12
  5081.72021  2.39891852E-12
  5084.45996  2.3964756E-12
  5087.2002  2.39863966E-12
  5089.93994  2.39988845E-12
  5092.68018  2.40508871E-12
  5095.41992  2.40599554E-12
  5098.16016  2.39254233E-12
  5100.8999  2.39141736E-12
  5103.64014  2.38391728E-12
  5106.37988  2.37410569E-12
  5109.12012  2.37772258E-12
  5111.85986  2.37860903E-12
  5114.6001  2.38851538E-12
  5117.33984  2.3852348E-12
  5120.08008  2.37963208E-12
  5122.81982  2.37570402E-12
  5125.56006  2.38839222E-12
  5128.2998  2.38823913E-12
  5131.04004  2.38859757E-12
  5133.77979  2.37845442E-12
  5136.52002  2.3774498E-12
  5139.25977  2.35027709E-12
  5142.  2.35520913E-12
  5144.74023  2.3769244E-12
  5147.47998  2.37053909E-12
  5150.22021  2.37991766E-12
  5152.95996  2.38079131E-12
  5155.7002  2.37524735E-12
  5158.43994  2.37882522E-12
  5161.18018  2.35329573E-12
  5163.91992  2.3399299E-12
  5166.66016  2.26662894E-12
  5169.3999  2.22999397E-12
  5172.14014  2.23146458E-12
  5174.87988  2.28332826E-12
  5177.62012  2.34405919E-12
  5180.35986  2.33378898E-12
  5183.1001  2.25804249E-12
  5185.83984  2.27709279E-12
  5188.58008  2.3237948E-12
  5191.31982  2.32650856E-12
  5194.06006  2.33045592E-12
  5196.7998  2.350997E-12
  5199.54004  2.35438058E-12
  5202.27979  2.33984338E-12
  5205.02002  2.32140804E-12
  5207.75977  2.32246492E-12
  5210.5  2.33361898E-12
  5213.24023  2.34905064E-12
  5215.97998  2.35005895E-12
  5218.72021  2.35897348E-12
  5221.45996  2.36197325E-12
  5224.2002  2.33979351E-12
  5226.93994  2.31224198E-12
  5229.68018  2.32310894E-12
  5232.41992  2.32762746E-12
  5235.16016  2.33491958E-12
  5237.8999  2.34935292E-12
  5240.64014  2.34387162E-12
  5243.37988  2.34487907E-12
  5246.12012  2.35220632E-12
  5248.85986  2.35566623E-12
  5251.6001  2.34592922E-12
  5254.33984  2.34349931E-12
  5257.08008  2.33984923E-12
  5259.81982  2.33533635E-12
  5262.56006  2.31846096E-12
  5265.2998  2.29565E-12
  5268.04004  2.27127345E-12
  5270.77979  2.2707333E-12
  5273.52002  2.30327953E-12
  5276.25977  2.32519082E-12
  5279.  2.33538536E-12
  5281.74023  2.32436444E-12
  5284.47998  2.31403937E-12
  5287.22021  2.325515E-12
  5289.95996  2.33750085E-12
  5292.7002  2.33434019E-12
  5295.43994  2.32796399E-12
  5298.18018  2.32250395E-12
  5300.91992  2.32828123E-12
  5303.66016  2.33831682E-12
  5306.3999  2.33008252E-12
  5309.14014  2.32259437E-12
  5311.87988  2.32169709E-12
  5314.62012  2.31818145E-12
  5317.35986  2.31201907E-12
  5320.1001  2.29788411E-12
  5322.83984  2.28709825E-12
  5325.58008  2.27496212E-12
  5328.31982  2.25761142E-12
  5331.06006  2.2825279E-12
  5333.7998  2.30475166E-12
  5336.54004  2.30350634E-12
  5339.27979  2.29612683E-12
  5342.02002  2.29491794E-12
  5344.75977  2.30975915E-12
  5347.5  2.30119309E-12
  5350.24023  2.29440664E-12
  5352.97998  2.31531287E-12
  5355.72021  2.30211857E-12
  5358.45996  2.29640005E-12
  5361.2002  2.29964138E-12
  5363.93994  2.28625951E-12
  5366.68018  2.27900684E-12
  5369.41992  2.24827123E-12
  5372.16016  2.25152015E-12
  5374.8999  2.28559532E-12
  5377.64014  2.29071146E-12
  5380.37988  2.2799102E-12
  5383.12012  2.27626251E-12
  5385.85986  2.28232841E-12
  5388.6001  2.2734399E-12
  5391.33984  2.26952268E-12
  5394.08008  2.26701882E-12
  5396.81982  2.25703722E-12
  5399.56006  2.2615694E-12
  5402.2998  2.23610345E-12
  5405.04004  2.22375243E-12
  5407.77979  2.24093812E-12
  5410.52002  2.25419813E-12
  5413.25977  2.26760949E-12
  5416.  2.26283142E-12
  5418.74023  2.2675284E-12
  5421.47998  2.25913364E-12
  5424.22021  2.25184606E-12
  5426.95996  2.25225936E-12
  5429.7002  2.23901236E-12
  5432.43994  2.22922765E-12
  5435.18018  2.24022949E-12
  5437.91992  2.25496184E-12
  5440.66016  2.2528767E-12
  5443.3999  2.24385593E-12
  5446.14014  2.22197412E-12
  5448.87988  2.23214524E-12
  5451.62012  2.2570717E-12
  5454.35986  2.23492991E-12
  5457.1001  2.21072574E-12
  5459.83984  2.22785375E-12
  5462.58008  2.2436792E-12
  5465.31982  2.24976418E-12
  5468.06006  2.24846877E-12
  5470.7998  2.24256573E-12
  5473.54004  2.24706885E-12
  5476.27979  2.2359883E-12
  5479.02002  2.23761157E-12
  5481.75977  2.25258831E-12
  5484.5  2.24574265E-12
  5487.24023  2.24162919E-12
  5489.97998  2.24326655E-12
  5492.72021  2.23912729E-12
  5495.45996  2.23274849E-12
  5498.2002  2.24047842E-12
  5500.93994  2.23838417E-12
  5503.68018  2.21016239E-12
  5506.41992  2.20527524E-12
  5509.16016  2.2188076E-12
  5511.8999  2.22520461E-12
  5514.64014  2.22720475E-12
  5517.37988  2.22496891E-12
  5520.12012  2.22319559E-12
  5522.85986  2.21893467E-12
  5525.6001  2.20819153E-12
  5528.33984  2.20048372E-12
  5531.08008  2.20477196E-12
  5533.81982  2.21453758E-12
  5536.56006  2.21814884E-12
  5539.2998  2.22149035E-12
  5542.04004  2.24209215E-12
  5544.77979  2.23621078E-12
  5547.52002  2.22241735E-12
  5550.25977  2.23023726E-12
  5553.  2.2188308E-12
  5555.74023  2.20963959E-12
  5558.47998  2.21041956E-12
  5561.22021  2.21222931E-12
  5563.95996  2.20280912E-12
  5566.7002  2.18954217E-12
  5569.43994  2.18104679E-12
  5572.18018  2.18209175E-12
  5574.91992  2.19212148E-12
  5577.66016  2.19462989E-12
  5580.3999  2.19080938E-12
  5583.14014  2.19430507E-12
  5585.87988  2.1860261E-12
  5588.62012  2.17029996E-12
  5591.35986  2.16944128E-12
  5594.1001  2.17287603E-12
  5596.83984  2.16932418E-12
  5599.58008  2.17066512E-12
  5602.31982  2.18063653E-12
  5605.06006  2.19630043E-12
  5607.7998  2.21331243E-12
  5610.54004  2.21995664E-12
  5613.27979  2.19689783E-12
  5616.02002  2.17615162E-12
  5618.75977  2.17729263E-12
  5621.5  2.18114654E-12
  5624.24023  2.185672E-12
  5626.97998  2.18536083E-12
  5629.72021  2.18447612E-12
  5632.45996  2.18471161E-12
  5635.2002  2.18580796E-12
  5637.93994  2.18734774E-12
  5640.68018  2.18511233E-12
  5643.41992  2.18879862E-12
  5646.16016  2.21111345E-12
  5648.8999  2.18179663E-12
  5651.64014  2.14772341E-12
  5654.37988  2.14757617E-12
  5657.12012  2.16421152E-12
  5659.85986  2.16336909E-12
  5662.6001  2.14115769E-12
  5665.33984  2.12956736E-12
  5668.08008  2.12179102E-12
  5670.81982  2.11577479E-12
  5673.56006  2.11478903E-12
  5676.2998  2.12648562E-12
  5679.04004  2.13208054E-12
  5681.77979  2.1241368E-12
  5684.52002  2.12200114E-12
  5687.25977  2.12320027E-12
  5690.  2.12663242E-12
  5692.74023  2.13094343E-12
  5695.47998  2.12927809E-12
  5698.22021  2.13390308E-12
  5700.95996  2.16535123E-12
  5703.7002  2.16008613E-12
  5706.43994  2.0996965E-12
  5709.18018  2.0978076E-12
  5711.91992  2.1238007E-12
  5714.66016  2.12911264E-12
  5717.3999  2.12866378E-12
  5720.14014  2.12351816E-12
  5722.87988  2.11965515E-12
  5725.62012  2.1201632E-12
  5728.35986  2.11768277E-12
  5731.1001  2.11267874E-12
  5733.83984  2.11358058E-12
  5736.58008  2.1159578E-12
  5739.31982  2.11108431E-12
  5742.06006  2.10782997E-12
  5744.7998  2.11280429E-12
  5747.54004  2.11484693E-12
  5750.27979  2.11227043E-12
  5753.02002  2.11206833E-12
  5755.75977  2.11314343E-12
  5758.5  2.11971933E-12
  5761.24023  2.12555993E-12
  5763.97998  2.12153125E-12
  5766.72021  2.11733322E-12
  5769.45996  2.11476474E-12
  5772.2002  2.11481462E-12
  5774.93994  2.11765306E-12
  5777.68018  2.11654869E-12
  5780.41992  2.11579734E-12
  5783.16016  2.13063269E-12
  5785.8999  2.13658648E-12
  5788.64014  2.10645563E-12
  5791.37988  2.09385178E-12
  5794.12012  2.11285915E-12
  5796.85986  2.10846314E-12
  5799.6001  2.09322533E-12
  5802.33984  2.09000265E-12
  5805.08008  2.09912751E-12
  5807.81982  2.1503617E-12
  5810.56006  2.16689102E-12
  5813.2998  2.09666724E-12
  5816.04004  2.06680896E-12
  5818.77979  2.07174035E-12
  5821.52002  2.07774921E-12
  5824.26025  2.08997923E-12
  5827.  2.1063676E-12
  5829.74023  2.11762725E-12
  5832.47998  2.11154011E-12
  5835.22021  2.10638451E-12
  5837.95996  2.1064706E-12
  5840.7002  2.09820681E-12
  5843.43994  2.08417485E-12
  5846.18018  2.06748225E-12
  5848.91992  2.05417931E-12
  5851.66016  2.05976685E-12
  5854.3999  2.0678511E-12
  5857.14014  2.07456795E-12
  5859.87988  2.07630592E-12
  5862.62012  2.07197085E-12
  5865.35986  2.07474055E-12
  5868.1001  2.07945206E-12
  5870.83984  2.07222477E-12
  5873.58008  2.06853415E-12
  5876.31982  2.08919123E-12
  5879.06006  2.09290441E-12
  5881.7998  2.06445993E-12
  5884.54004  2.05235069E-12
  5887.27979  2.04867221E-12
  5890.02002  2.02942762E-12
  5892.76025  2.01166969E-12
  5895.5  2.02393419E-12
  5898.24023  2.03842238E-12
  5900.97998  2.04276591E-12
  5903.72021  2.05263909E-12
  5906.45996  2.07252206E-12
  5909.2002  2.06428299E-12
  5911.93994  2.04239967E-12
  5914.68018  2.04258442E-12
  5917.41992  2.04686441E-12
  5920.16016  2.04439417E-12
  5922.8999  2.04474523E-12
  5925.64014  2.05135822E-12
  5928.37988  2.0540247E-12
  5931.12012  2.05423612E-12
  5933.85986  2.04416649E-12
  5936.6001  2.03117839E-12
  5939.33984  2.02760031E-12
  5942.08008  2.02982986E-12
  5944.81982  2.043331E-12
  5947.56006  2.04493605E-12
  5950.2998  2.02979951E-12
  5953.04004  2.02889832E-12
  5955.77979  2.03426707E-12
  5958.52002  2.03634353E-12
  5961.26025  2.03579189E-12
  5964.  2.02837595E-12
  5966.74023  2.02257482E-12
  5969.47998  2.02341442E-12
  5972.22021  2.01393286E-12
  5974.95996  1.99477609E-12
  5977.7002  2.00544225E-12
  5980.43994  2.02696345E-12
  5983.18018  2.03387524E-12
  5985.91992  2.03411658E-12
  5988.66016  2.02766428E-12
  5991.3999  2.01619342E-12
  5994.14014  1.99528501E-12
  5996.87988  1.98857337E-12
  5999.62012  1.99196692E-12
  6002.35986  2.02520813E-12
  6005.1001  2.05418928E-12
  6007.83984  2.02823804E-12
  6010.58008  2.00258321E-12
  6013.31982  1.98862302E-12
  6016.06006  1.98470038E-12
  6018.7998  1.990925E-12
  6021.54004  2.00211289E-12
  6024.27979  2.01216973E-12
  6027.02002  1.98957365E-12
  6029.76025  1.97251633E-12
  6032.5  1.99080032E-12
  6035.24023  2.00347204E-12
  6037.97998  2.00860422E-12
  6040.72021  2.00469285E-12
  6043.45996  1.99386189E-12
  6046.2002  1.99375976E-12
  6048.93994  1.99388726E-12
  6051.68018  1.97875505E-12
  6054.41992  1.9742027E-12
  6057.16016  1.99766896E-12
  6059.8999  2.00281913E-12
  6062.64014  1.99159938E-12
  6065.37988  1.97510411E-12
  6068.12012  1.96306469E-12
  6070.85986  2.0199504E-12
  6073.6001  2.0607216E-12
  6076.33984  2.00534836E-12
  6079.08008  1.97019918E-12
  6081.81982  1.96803403E-12
  6084.56006  1.98541639E-12
  6087.2998  2.02008158E-12
  6090.04004  1.99812779E-12
  6092.77979  1.96266896E-12
  6095.52002  1.96110294E-12
  6098.26025  1.96244063E-12
  6101.  1.95873417E-12
  6103.74023  1.956816E-12
  6106.47998  1.95727766E-12
  6109.22021  1.95250023E-12
  6111.95996  1.94501706E-12
  6114.7002  1.93711757E-12
  6117.43994  1.93186656E-12
  6120.18018  1.93450421E-12
  6122.91992  1.93672899E-12
  6125.66016  1.93897134E-12
  6128.3999  1.93431274E-12
  6131.14014  1.92430598E-12
  6133.87988  1.91789076E-12
  6136.62012  1.91669749E-12
  6139.35986  1.93279789E-12
  6142.1001  1.94733834E-12
  6144.83984  1.9532325E-12
  6147.58008  1.95164631E-12
  6150.31982  1.9409409E-12
  6153.06006  1.93317085E-12
  6155.7998  1.92648219E-12
  6158.54004  1.92679466E-12
  6161.27979  1.92724092E-12
  6164.02002  1.91958038E-12
  6166.76025  1.91611527E-12
  6169.5  1.92042411E-12
  6172.24023  1.92382568E-12
  6174.97998  1.92746014E-12
  6177.72021  1.93645599E-12
  6180.45996  1.94311039E-12
  6183.2002  1.92736452E-12
  6185.93994  1.91330762E-12
  6188.68018  1.9167968E-12
  6191.41992  1.90962524E-12
  6194.16016  1.88555096E-12
  6196.8999  1.8876142E-12
  6199.64014  1.90318985E-12
  6202.37988  1.90949318E-12
  6205.12012  1.91365738E-12
  6207.85986  1.91681957E-12
  6210.6001  1.91955002E-12
  6213.33984  1.9237808E-12
  6216.08008  1.92080596E-12
  6218.81982  1.91114203E-12
  6221.56006  1.91585723E-12
  6224.2998  1.92315413E-12
  6227.04004  1.91014218E-12
  6229.77979  1.90080287E-12
  6232.52002  1.91344683E-12
  6235.26025  1.91390155E-12
  6238.  1.89602609E-12
  6240.74023  1.89174479E-12
  6243.47998  1.89301266E-12
  6246.22021  1.88426575E-12
  6248.95996  1.87516842E-12
  6251.7002  1.8738329E-12
  6254.43994  1.87542603E-12
  6257.18018  1.88074794E-12
  6259.91992  1.88355928E-12
  6262.66016  1.88458255E-12
  6265.3999  1.88400489E-12
  6268.14014  1.88154744E-12
  6270.87988  1.87475664E-12
  6273.62012  1.86929118E-12
  6276.35986  1.86799014E-12
  6279.1001  1.87251451E-12
  6281.83984  1.88830852E-12
  6284.58008  1.88729241E-12
  6287.31982  1.87674984E-12
  6290.06006  1.87385806E-12
  6292.7998  1.87096822E-12
  6295.54004  1.86056465E-12
  6298.27979  1.8537589E-12
  6301.02002  1.85486153E-12
  6303.76025  1.85738252E-12
  6306.5  1.86209598E-12
  6309.24023  1.8655084E-12
  6311.97998  1.86751764E-12
  6314.72021  1.86502962E-12
  6317.45996  1.85853112E-12
  6320.2002  1.84190055E-12
  6322.93994  1.83840334E-12
  6325.68018  1.85984539E-12
  6328.41992  1.85781663E-12
  6331.16016  1.84281691E-12
  6333.8999  1.83404312E-12
  6336.64014  1.83332082E-12
  6339.37988  1.86328231E-12
  6342.12012  1.87850668E-12
  6344.85986  1.85175573E-12
  6347.6001  1.83887996E-12
  6350.33984  1.83786905E-12
  6353.08008  1.84088291E-12
  6355.81982  1.84596891E-12
  6358.56006  1.83652009E-12
  6361.2998  1.82760881E-12
  6364.04004  1.83182267E-12
  6366.77979  1.83409581E-12
  6369.52002  1.83179882E-12
  6372.26025  1.83049886E-12
  6375.  1.82946887E-12
  6377.74023  1.83240467E-12
  6380.47998  1.83522923E-12
  6383.22021  1.83073305E-12
  6385.95996  1.82513401E-12
  6388.7002  1.81871358E-12
  6391.43994  1.81793469E-12
  6394.18018  1.82394638E-12
  6396.91992  1.82496488E-12
  6399.66016  1.82501562E-12
  6402.3999  1.83424543E-12
  6405.14014  1.84153127E-12
  6407.87988  1.83600379E-12
  6410.62012  1.82944393E-12
  6413.35986  1.82053591E-12
  6416.1001  1.82252759E-12
  6418.83984  1.83318053E-12
  6421.58008  1.84028357E-12
  6424.31982  1.84287459E-12
  6427.06006  1.82654564E-12
  6429.7998  1.8150647E-12
  6432.54004  1.82476018E-12
  6435.27979  1.8274065E-12
  6438.02002  1.82123847E-12
  6440.76025  1.81983638E-12
  6443.5  1.8200426E-12
  6446.24023  1.81845652E-12
  6448.97998  1.81708468E-12
  6451.72021  1.82004477E-12
  6454.45996  1.81614597E-12
  6457.2002  1.79569933E-12
  6459.93994  1.79451126E-12
  6462.68018  1.80865598E-12
  6465.41992  1.80912403E-12
  6468.16016  1.80481411E-12
  6470.8999  1.79913647E-12
  6473.64014  1.79713004E-12
  6476.37988  1.80540348E-12
  6479.12012  1.81058911E-12
  6481.85986  1.81232611E-12
  6484.6001  1.81163732E-12
  6487.33984  1.80833419E-12
  6490.08008  1.79996632E-12
  6492.81982  1.7906991E-12
  6495.56006  1.78351518E-12
  6498.2998  1.78271005E-12
  6501.04004  1.79401199E-12
  6503.77979  1.79779976E-12
  6506.52002  1.79603749E-12
  6509.26025  1.79084352E-12
  6512.  1.78529056E-12
  6514.74023  1.79198778E-12
  6517.47998  1.79847695E-12
  6520.22021  1.79859133E-12
  6522.95996  1.79436576E-12
  6525.7002  1.78256216E-12
  6528.43994  1.7816021E-12
  6531.18018  1.78574397E-12
  6533.91992  1.77242932E-12
  6536.66016  1.75567612E-12
  6539.3999  1.74962887E-12
  6542.14014  1.74254296E-12
  6544.87988  1.73541476E-12
  6547.62012  1.71329704E-12
  6550.35986  1.67621971E-12
  6553.1001  1.64832015E-12
  6555.83984  1.61267148E-12
  6558.58008  1.50711128E-12
  6561.31982  1.42195609E-12
  6564.06006  1.41449786E-12
  6566.7998  1.46480105E-12
  6569.54004  1.60674675E-12
  6572.27979  1.67747424E-12
  6575.02002  1.71193777E-12
  6577.76025  1.73291958E-12
  6580.5  1.74173425E-12
  6583.24023  1.75087896E-12
  6585.97998  1.7523667E-12
  6588.72021  1.7361376E-12
  6591.45996  1.74047148E-12
  6594.2002  1.76741868E-12
  6596.93994  1.77035253E-12
  6599.68018  1.76317869E-12
  6602.41992  1.75996208E-12
  6605.16016  1.75742645E-12
  6607.8999  1.75562863E-12
  6610.64014  1.75601135E-12
  6613.37988  1.7615667E-12
  6616.12012  1.75762324E-12
  6618.85986  1.74752129E-12
  6621.6001  1.75506116E-12
  6624.33984  1.7663709E-12
  6627.08008  1.76539827E-12
  6629.81982  1.76117161E-12
  6632.56006  1.75193594E-12
  6635.2998  1.75344136E-12
  6638.04004  1.76897082E-12
  6640.77979  1.76430084E-12
  6643.52002  1.75102521E-12
  6646.26025  1.75062146E-12
  6649.  1.75071654E-12
  6651.74023  1.74071228E-12
  6654.47998  1.73830785E-12
  6657.22021  1.75092005E-12
  6659.95996  1.75447244E-12
  6662.7002  1.75265401E-12
  6665.43994  1.75377074E-12
  6668.18018  1.75301202E-12
  6670.91992  1.74028912E-12
  6673.66016  1.73164662E-12
  6676.3999  1.73584508E-12
  6679.14014  1.74275275E-12
  6681.87988  1.75549299E-12
  6684.62012  1.75173493E-12
  6687.35986  1.73951294E-12
  6690.1001  1.7370518E-12
  6692.83984  1.73691226E-12
  6695.58008  1.73810868E-12
  6698.31982  1.73408987E-12
  6701.06006  1.72066983E-12
  6703.7998  1.7095238E-12
  6706.54004  1.69872796E-12
  6709.27979  1.71001256E-12
  6712.02002  1.72712582E-12
  6714.76025  1.71872813E-12
  6717.5  1.71004096E-12
  6720.24023  1.7136545E-12
  6722.97998  1.71364225E-12
  6725.72021  1.70374674E-12
  6728.45996  1.72716529E-12
  6731.2002  1.76566422E-12
  6733.93994  1.74094962E-12
  6736.68018  1.70683216E-12
  6739.41992  1.71273499E-12
  6742.16016  1.71720656E-12
  6744.8999  1.71065787E-12
  6747.64014  1.7074147E-12
  6750.37988  1.70615735E-12
  6753.12012  1.70932571E-12
  6755.85986  1.71314709E-12
  6758.6001  1.708298E-12
  6761.33984  1.69979547E-12
  6764.08008  1.68607478E-12
  6766.81982  1.67953542E-12
  6769.56006  1.6825559E-12
  6772.2998  1.68565682E-12
  6775.04004  1.69029168E-12
  6777.77979  1.69458902E-12
  6780.52002  1.69476249E-12
  6783.26025  1.67691729E-12
  6786.  1.67207329E-12
  6788.74023  1.70256821E-12
  6791.47998  1.70305588E-12
  6794.22021  1.67588263E-12
  6796.95996  1.67058815E-12
  6799.7002  1.67345012E-12
  6802.43994  1.67787431E-12
  6805.18018  1.67933061E-12
  6807.91992  1.66921273E-12
  6810.66016  1.66426204E-12
  6813.3999  1.6668637E-12
  6816.14014  1.67197961E-12
  6818.87988  1.67933939E-12
  6821.62012  1.66971515E-12
  6824.35986  1.65772073E-12
  6827.1001  1.66164554E-12
  6829.83984  1.66659449E-12
  6832.58008  1.66964294E-12
  6835.31982  1.66912859E-12
  6838.06006  1.66437816E-12
  6840.7998  1.66574881E-12
  6843.54004  1.66898786E-12
  6846.27979  1.66569503E-12
  6849.02002  1.66177608E-12
  6851.76025  1.66150058E-12
  6854.5  1.65924262E-12
  6857.24023  1.65364348E-12
  6859.97998  1.6485989E-12
  6862.72021  1.64359086E-12
  6865.45996  1.64129322E-12
  6868.2002  1.6431548E-12
  6870.93994  1.65916196E-12
  6873.68018  1.66605412E-12
  6876.41992  1.64599291E-12
  6879.16016  1.64091906E-12
  6881.8999  1.65239502E-12
  6884.64014  1.65029925E-12
  6887.37988  1.64436292E-12
  6890.12012  1.65508189E-12
  6892.85986  1.66149527E-12
  6895.6001  1.63921296E-12
  6898.33984  1.62990704E-12
  6901.08008  1.64895961E-12
  6903.81982  1.64724321E-12
  6906.56006  1.63260291E-12
  6909.2998  1.63071032E-12
  6912.04004  1.63347439E-12
  6914.77979  1.63767632E-12
  6917.52002  1.64162607E-12
  6920.26025  1.64377225E-12
  6923.  1.64577445E-12
  6925.74023  1.64950074E-12
  6928.47998  1.63932084E-12
  6931.22021  1.62236836E-12
  6933.95996  1.62093006E-12
  6936.7002  1.62312156E-12
  6939.43994  1.61967922E-12
  6942.18018  1.6231723E-12
  6944.91992  1.64202582E-12
  6947.66016  1.64512327E-12
  6950.3999  1.63648088E-12
  6953.14014  1.63994816E-12
  6955.87988  1.64396621E-12
  6958.62012  1.63035178E-12
  6961.35986  1.6180811E-12
  6964.1001  1.61603337E-12
  6966.83984  1.6176716E-12
  6969.58008  1.62455845E-12
  6972.31982  1.62759877E-12
  6975.06006  1.62815139E-12
  6977.7998  1.61854536E-12
  6980.54004  1.60915335E-12
  6983.27979  1.6137225E-12
  6986.02002  1.61565704E-12
  6988.76025  1.60768404E-12
  6991.5  1.61058937E-12
  6994.24023  1.62305119E-12
  6996.97998  1.61827995E-12
  6999.72021  1.60800746E-12
  7002.45996  1.60912353E-12
  7005.2002  1.60992671E-12
  7007.93994  1.60339385E-12
  7010.68018  1.60128269E-12
  7013.41992  1.60638592E-12
  7016.16016  1.60434155E-12
  7018.8999  1.59929925E-12
  7021.64014  1.6062286E-12
  7024.37988  1.61160332E-12
  7027.12012  1.59662442E-12
  7029.85986  1.58586816E-12
  7032.6001  1.58691365E-12
  7035.33984  1.59009644E-12
  7038.08008  1.59648358E-12
  7040.81982  1.60068324E-12
  7043.56006  1.60376649E-12
  7046.2998  1.60519026E-12
  7049.04004  1.6046049E-12
  7051.77979  1.60055671E-12
  7054.52002  1.59752062E-12
  7057.26025  1.59655026E-12
  7060.  1.59351243E-12
  7062.74023  1.58950294E-12
  7065.47998  1.58832994E-12
  7068.22021  1.58955119E-12
  7070.95996  1.59716272E-12
  7073.7002  1.59926705E-12
  7076.43994  1.58795492E-12
  7079.18018  1.58228367E-12
  7081.91992  1.58169658E-12
  7084.66016  1.57682699E-12
  7087.3999  1.57124075E-12
  7090.14014  1.57155343E-12
  7092.87988  1.57321183E-12
  7095.62012  1.57453813E-12
  7098.35986  1.57385801E-12
  7101.1001  1.56781738E-12
  7103.83984  1.57225253E-12
  7106.58008  1.58347001E-12
  7109.31982  1.58713754E-12
  7112.06006  1.58507615E-12
  7114.7998  1.56970064E-12
  7117.54004  1.55844521E-12
  7120.27979  1.56161683E-12
  7123.02002  1.5601202E-12
  7125.76025  1.55344097E-12
  7128.5  1.55486832E-12
  7131.24023  1.55928645E-12
  7133.97998  1.55583966E-12
  7136.72021  1.55041268E-12
  7139.45996  1.54466067E-12
  7142.2002  1.54208851E-12
  7144.93994  1.54481939E-12
  7147.68018  1.54538903E-12
  7150.41992  1.54508502E-12
  7153.16016  1.55015464E-12
  7155.8999  1.55576387E-12
  7158.64014  1.55467219E-12
  7161.37988  1.55124156E-12
  7164.12012  1.54294849E-12
  7166.85986  1.54531943E-12
  7169.6001  1.56236265E-12
  7172.33984  1.5565316E-12
  7175.08008  1.54441553E-12
  7177.81982  1.58678767E-12
  7180.56006  1.62055807E-12
  7183.2998  1.57680097E-12
  7186.04004  1.54539348E-12
  7188.77979  1.54730916E-12
  7191.52002  1.54310776E-12
  7194.26025  1.5374195E-12
  7197.  1.53554892E-12
  7199.74023  1.53597339E-12
  7202.47998  1.53969676E-12
  7205.22021  1.54057734E-12
  7207.95996  1.53235215E-12
  7210.7002  1.52865871E-12
  7213.43994  1.53095494E-12
  7216.18018  1.52939705E-12
  7218.91992  1.52686761E-12
  7221.66016  1.53061548E-12
  7224.3999  1.53510061E-12
  7227.14014  1.53535615E-12
  7229.87988  1.53514777E-12
  7232.62012  1.53394712E-12
  7235.35986  1.53741462E-12
  7238.1001  1.54556175E-12
  7240.83984  1.53358337E-12
  7243.58008  1.51649906E-12
  7246.31982  1.52150829E-12
  7249.06006  1.52969477E-12
  7251.7998  1.53554816E-12
  7254.54004  1.53466009E-12
  7257.27979  1.5229312E-12
  7260.02002  1.52350626E-12
  7262.76025  1.52970572E-12
  7265.5  1.52321124E-12
  7268.24023  1.51605649E-12
  7270.97998  1.52088606E-12
  7273.72021  1.52403307E-12
  7276.45996  1.5205595E-12
  7279.2002  1.52080475E-12
  7281.93994  1.52419754E-12
  7284.68018  1.52460943E-12
  7287.41992  1.52374565E-12
  7290.16016  1.52134067E-12
  7292.8999  1.52134945E-12
  7295.64014  1.53113232E-12
  7298.37988  1.53129722E-12
  7301.12012  1.51440351E-12
  7303.85986  1.51377825E-12
  7306.6001  1.52125101E-12
  7309.33984  1.51730061E-12
  7312.08008  1.51192307E-12
  7314.81982  1.51599241E-12
  7317.56006  1.51530448E-12
  7320.2998  1.50150628E-12
  7323.04004  1.49584045E-12
  7325.77979  1.49725067E-12
  7328.52002  1.49963928E-12
  7331.26025  1.50359174E-12
  7334.  1.50822822E-12
  7336.74023  1.50979305E-12
  7339.47998  1.50244866E-12
  7342.22021  1.49754016E-12
  7344.95996  1.49824814E-12
  7347.7002  1.49295203E-12
  7350.43994  1.4843259E-12
  7353.18018  1.48481824E-12
  7355.91992  1.48751215E-12
  7358.66016  1.48372699E-12
  7361.3999  1.48326891E-12
  7364.14014  1.49245969E-12
  7366.87988  1.49586636E-12
  7369.62012  1.49433341E-12
  7372.35986  1.48543526E-12
  7375.1001  1.47399302E-12
  7377.83984  1.48197633E-12
  7380.58008  1.48895143E-12
  7383.31982  1.47663609E-12
  7386.06006  1.46890464E-12
  7388.7998  1.4683453E-12
  7391.54004  1.4758109E-12
  7394.27979  1.49023805E-12
  7397.02002  1.48235135E-12
  7399.76025  1.46852907E-12
  7402.5  1.46878028E-12
  7405.24023  1.4696084E-12
  7407.97998  1.46879676E-12
  7410.72021  1.46106185E-12
  7413.45996  1.44274068E-12
  7416.2002  1.44529885E-12
  7418.93994  1.45809179E-12
  7421.68018  1.46128942E-12
  7424.41992  1.46383123E-12
  7427.16016  1.47109354E-12
  7429.8999  1.47576602E-12
  7432.64014  1.47682908E-12
  7435.37988  1.47380665E-12
  7438.12012  1.46681441E-12
  7440.85986  1.46918859E-12
  7443.6001  1.47331734E-12
  7446.33984  1.46749876E-12
  7449.08008  1.46182925E-12
  7451.81982  1.46153402E-12
  7454.56006  1.45869081E-12
  7457.2998  1.45212748E-12
  7460.04004  1.45042778E-12
  7462.77979  1.45072366E-12
  7465.52002  1.44447854E-12
  7468.26025  1.43907835E-12
  7471.  1.44162807E-12
  7473.74023  1.44590774E-12
  7476.47998  1.4537681E-12
  7479.22021  1.45234822E-12
  7481.95996  1.44303829E-12
  7484.7002  1.43867568E-12
  7487.43994  1.43585057E-12
  7490.18018  1.4331199E-12
  7492.91992  1.43198951E-12
  7495.66016  1.43337512E-12
  7498.3999  1.4362244E-12
  7501.14014  1.44320905E-12
  7503.87988  1.43765078E-12
  7506.62012  1.42491823E-12
  7509.35986  1.41803442E-12
  7512.1001  1.41663872E-12
  7514.83984  1.42928193E-12
  7517.58008  1.43730741E-12
  7520.31982  1.43318311E-12
  7523.06006  1.43158868E-12
  7525.7998  1.43109363E-12
  7528.54004  1.43380197E-12
  7531.27979  1.43667456E-12
  7534.02002  1.43019884E-12
  7536.76025  1.42447588E-12
  7539.5  1.42552907E-12
  7542.24023  1.42841912E-12
  7544.97998  1.43613984E-12
  7547.72021  1.4312954E-12
  7550.45996  1.4190269E-12
  7553.2002  1.41692463E-12
  7555.93994  1.41525561E-12
  7558.68018  1.40343672E-12
  7561.41992  1.39432237E-12
  7564.16016  1.39165318E-12
  7566.8999  1.3923398E-12
  7569.64014  1.39683534E-12
  7572.37988  1.40181952E-12
  7575.12012  1.40701502E-12
  7577.85986  1.40887356E-12
  7580.6001  1.40843706E-12
  7583.33984  1.40326281E-12
  7586.08008  1.40326379E-12
  7588.81982  1.41455077E-12
  7591.56006  1.40995538E-12
  7594.2998  1.39622407E-12
  7597.04004  1.40223716E-12
  7599.77979  1.41037908E-12
  7602.52002  1.39925647E-12
  7605.26025  1.38915973E-12
  7608.  1.38616722E-12
  7610.74023  1.38610607E-12
  7613.47998  1.38978087E-12
  7616.22021  1.39001668E-12
  7618.95996  1.38957877E-12
  7621.7002  1.39467984E-12
  7624.43994  1.39847682E-12
  7627.18018  1.39365917E-12
  7629.91992  1.39233482E-12
  7632.66016  1.39751622E-12
  7635.3999  1.40153579E-12
  7638.14014  1.4053241E-12
  7640.87988  1.39658467E-12
  7643.62012  1.38472502E-12
  7646.35986  1.38294009E-12
  7649.1001  1.38304223E-12
  7651.83984  1.38490803E-12
  7654.58008  1.3808079E-12
  7657.31982  1.36796911E-12
  7660.06006  1.37352369E-12
  7662.7998  1.38661478E-12
  7665.54004  1.38050834E-12
  7668.27979  1.37198369E-12
  7671.02002  1.37243851E-12
  7673.76025  1.37217462E-12
  7676.5  1.36696991E-12
  7679.24023  1.37303743E-12
  7681.97998  1.38787842E-12
  7684.72021  1.39038553E-12
  7687.45996  1.38625461E-12
  7690.2002  1.37493196E-12
  7692.93994  1.36273946E-12
  7695.68018  1.34977294E-12
  7698.41992  1.34854909E-12
  7701.16016  1.3627877E-12
  7703.8999  1.36598979E-12
  7706.64014  1.3646856E-12
  7709.37988  1.36315362E-12
  7712.12012  1.36294459E-12
  7714.85986  1.36886065E-12
  7717.6001  1.37311126E-12
  7720.33984  1.37364902E-12
  7723.08008  1.37445654E-12
  7725.81982  1.37537811E-12
  7728.56006  1.36258311E-12
  7731.2998  1.34642785E-12
  7734.04004  1.34772326E-12
  7736.77979  1.3489149E-12
  7739.52002  1.34026579E-12
  7742.26025  1.3355339E-12
  7745.  1.33613704E-12
  7747.74023  1.33420423E-12
  7750.47998  1.33197359E-12
  7753.22021  1.33596628E-12
  7755.95996  1.34117587E-12
  7758.7002  1.34247322E-12
  7761.43994  1.34461127E-12
  7764.18018  1.34943781E-12
  7766.91992  1.35235627E-12
  7769.66016  1.35395276E-12
  7772.3999  1.35188291E-12
  7775.14014  1.3475642E-12
  7777.87988  1.34412371E-12
  7780.62012  1.33827335E-12
  7783.35986  1.32440608E-12
  7786.1001  1.31921969E-12
  7788.83984  1.32722793E-12
  7791.58008  1.32793201E-12
  7794.31982  1.32615566E-12
  7797.06006  1.33184848E-12
  7799.7998  1.33605041E-12
  7802.54004  1.32519701E-12
  7805.27979  1.31830788E-12
  7808.02002  1.3210933E-12
  7810.76025  1.32890682E-12
  7813.5  1.34345117E-12
  7816.24023  1.34403458E-12
  7818.97998  1.33820732E-12
  7821.72021  1.33555764E-12
  7824.45996  1.33139506E-12
  7827.2002  1.32163941E-12
  7829.93994  1.31679606E-12
  7832.68018  1.31980603E-12
  7835.41992  1.32062146E-12
  7838.16016  1.32080805E-12
  7840.8999  1.31283005E-12
  7843.64014  1.30465061E-12
  7846.37988  1.31046053E-12
  7849.12012  1.31123053E-12
  7851.85986  1.29409688E-12
  7854.6001  1.29305236E-12
  7857.33984  1.30888573E-12
  7860.08008  1.31207664E-12
  7862.81982  1.30889483E-12
  7865.56006  1.2948993E-12
  7868.2998  1.28275873E-12
  7871.04004  1.2845777E-12
  7873.77979  1.28862188E-12
  7876.52002  1.29469547E-12
  7879.26025  1.3000781E-12
  7882.  1.30517884E-12
  7884.74023  1.30013882E-12
  7887.47998  1.29400657E-12
  7890.22021  1.30170842E-12
  7892.95996  1.30920654E-12
  7895.7002  1.31304917E-12
  7898.43994  1.31091026E-12
  7901.18018  1.30161084E-12
  7903.91992  1.29635289E-12
  7906.66016  1.29241626E-12
  7909.3999  1.28959972E-12
  7912.14014  1.28516111E-12
  7914.87988  1.27170171E-12
  7917.62012  1.2681696E-12
  7920.35986  1.28280784E-12
  7923.1001  1.28946094E-12
  7925.83984  1.29214955E-12
  7928.58008  1.29283455E-12
  7931.31982  1.29165558E-12
  7934.06006  1.28941107E-12
  7936.7998  1.28684292E-12
  7939.54004  1.28349924E-12
  7942.27979  1.28342963E-12
  7945.02002  1.28836167E-12
  7947.76025  1.28153E-12
  7950.5  1.27317818E-12
  7953.24023  1.31730282E-12
  7955.97998  1.3522228E-12
  7958.72021  1.30252178E-12
  7961.45996  1.27357185E-12
  7964.2002  1.29680392E-12
  7966.93994  1.30248004E-12
  7969.68018  1.29910384E-12
  7972.41992  1.28539443E-12
  7975.16016  1.26793183E-12
  7977.8999  1.26062843E-12
  7980.64014  1.25993617E-12
  7983.37988  1.27002272E-12
  7986.12012  1.27456411E-12
  7988.85986  1.27204822E-12
  7991.6001  1.27058726E-12
  7994.33984  1.26879995E-12
  7997.08008  1.26641395E-12
  7999.81982  1.26700419E-12
  8002.56006  1.28014689E-12
  8005.2998  1.28477036E-12
  8008.04004  1.27048513E-12
  8010.77979  1.26464833E-12
  8013.52002  1.26476639E-12
  8016.26025  1.25787152E-12
  8019.  1.25041785E-12
  8021.74023  1.25400179E-12
  8024.47998  1.25916508E-12
  8027.22021  1.26159901E-12
  8029.95996  1.26349517E-12
  8032.7002  1.2651219E-12
  8035.43994  1.26475599E-12
  8038.18018  1.26321468E-12
  8040.91992  1.26654741E-12
  8043.66016  1.26879822E-12
  8046.3999  1.26036237E-12
  8049.14014  1.25599412E-12
  8051.87988  1.26169507E-12
  8054.62012  1.26661756E-12
  8057.35986  1.27250641E-12
  8060.1001  1.26509469E-12
  8062.83984  1.25252846E-12
  8065.58008  1.25050393E-12
  8068.31982  1.25226121E-12
  8071.06006  1.25818475E-12
  8073.7998  1.26006757E-12
  8076.54004  1.25388068E-12
  8079.27979  1.25759136E-12
  8082.02002  1.26635757E-12
  8084.76025  1.26098134E-12
  8087.5  1.25140523E-12
  8090.24023  1.24517692E-12
  8092.97998  1.24156165E-12
  8095.72021  1.2403017E-12
  8098.45996  1.24578982E-12
  8101.2002  1.26033136E-12
  8103.93994  1.25313844E-12
  8106.68018  1.23693406E-12
  8109.41992  1.23438618E-12
  8112.16016  1.23461246E-12
  8114.8999  1.23366378E-12
  8117.64014  1.23268149E-12
  8120.37988  1.23240383E-12
  8123.12012  1.22845571E-12
  8125.85986  1.22209849E-12
  8128.6001  1.22470458E-12
  8131.33984  1.23067442E-12
  8134.08008  1.23593486E-12
  8136.81982  1.23889018E-12
  8139.56006  1.23695574E-12
  8142.2998  1.23662679E-12
  8145.04004  1.23864547E-12
  8147.77979  1.23185652E-12
  8150.52002  1.22277579E-12
  8153.26025  1.23378694E-12
  8156.  1.24578852E-12
  8158.74023  1.24509127E-12
  8161.47998  1.24045999E-12
  8164.22021  1.22885849E-12
  8166.95996  1.22805737E-12
  8169.7002  1.23478398E-12
  8172.43994  1.23560656E-12
  8175.18018  1.23412565E-12
  8177.91992  1.2308377E-12
  8180.66016  1.22649482E-12
  8183.3999  1.22134269E-12
  8186.14014  1.21591398E-12
  8188.87988  1.20910367E-12
  8191.62012  1.20992658E-12
  8194.36035  1.2143614E-12
  8197.09961  1.20920667E-12
  8199.83984  1.20475266E-12
  8202.58008  1.21101458E-12
  8205.32031  1.2152473E-12
  8208.05957  1.21550144E-12
  8210.7998  1.21181754E-12
  8213.54004  1.20419885E-12
  8216.28027  1.20475017E-12
  8219.01953  1.20859345E-12
  8221.75977  1.21147634E-12
  8224.5  1.21377973E-12
  8227.24023  1.21540571E-12
  8229.98047  1.2148842E-12
  8232.71973  1.21156264E-12
  8235.45996  1.21029532E-12
  8238.2002  1.20887089E-12
  8240.94043  1.19596477E-12
  8243.67969  1.18381075E-12
  8246.41992  1.18601504E-12
  8249.16016  1.18989443E-12
  8251.90039  1.1939668E-12
  8254.63965  1.19589516E-12
  8257.37988  1.19589961E-12
  8260.12012  1.20021744E-12
  8262.86035  1.2056738E-12
  8265.59961  1.20874632E-12
  8268.33984  1.20740722E-12
  8271.08008  1.19696603E-12
  8273.82031  1.18923751E-12
  8276.55957  1.18446648E-12
  8279.2998  1.18500674E-12
  8282.04004  1.18808858E-12
  8284.78027  1.16787385E-12
  8287.51953  1.15029839E-12
  8290.25977  1.17257614E-12
  8293.  1.18551913E-12
  8295.74023  1.16942426E-12
  8298.48047  1.16513103E-12
  8301.21973  1.16950286E-12
  8303.95996  1.17647678E-12
  8306.7002  1.18377931E-12
  8309.44043  1.17827135E-12
  8312.17969  1.17208077E-12
  8314.91992  1.17292092E-12
  8317.66016  1.17261734E-12
  8320.40039  1.16910886E-12
  8323.13965  1.17227257E-12
  8325.87988  1.17878212E-12
  8328.62012  1.16529995E-12
  8331.36035  1.15371504E-12
  8334.09961  1.1786828E-12
  8336.83984  1.19525505E-12
  8339.58008  1.18357028E-12
  8342.32031  1.18107596E-12
  8345.05957  1.18635679E-12
  8347.7998  1.18729646E-12
  8350.54004  1.18554624E-12
  8353.28027  1.17695979E-12
  8356.01953  1.16617241E-12
  8358.75977  1.15489009E-12
  8361.5  1.14682905E-12
  8364.24023  1.14182383E-12
  8366.98047  1.14339376E-12
  8369.71973  1.1503577E-12
  8372.45996  1.1548734E-12
  8375.2002  1.15721896E-12
  8377.94043  1.15236477E-12
  8380.67969  1.14899366E-12
  8383.41992  1.15217926E-12
  8386.16016  1.15158122E-12
  8388.90039  1.14599367E-12
  8391.63965  1.15212082E-12
  8394.37988  1.16340509E-12
  8397.12012  1.16654397E-12
  8399.86035  1.16853565E-12
  8402.59961  1.17395091E-12
  8405.33984  1.17631957E-12
  8408.08008  1.17597067E-12
  8410.82031  1.16683898E-12
  8413.55957  1.15044671E-12
  8416.2998  1.14947028E-12
  8419.04004  1.15047696E-12
  8421.78027  1.13051821E-12
  8424.51953  1.1207657E-12
  8427.25977  1.14075774E-12
  8430.  1.15371612E-12
  8432.74023  1.16046224E-12
  8435.48047  1.16115873E-12
  8438.21973  1.15770945E-12
  8440.95996  1.15736826E-12
  8443.7002  1.16004754E-12
  8446.44043  1.17187618E-12
  8449.17969  1.17603182E-12
  8451.91992  1.16565438E-12
  8454.66016  1.15995278E-12
  8457.40039  1.15626313E-12
  8460.13965  1.15458598E-12
  8462.87988  1.15298992E-12
  8465.62012  1.14671348E-12
  8468.36035  1.13919746E-12
  8471.09961  1.12796979E-12
  8473.83984  1.12815529E-12
  8476.58008  1.1449498E-12
  8479.32031  1.14355975E-12
  8482.05957  1.13342322E-12
  8484.7998  1.12821579E-12
  8487.54004  1.12255105E-12
  8490.28027  1.11453208E-12
  8493.01953  1.10391741E-12
  8495.75977  1.08365302E-12
  8498.5  1.08617781E-12
  8501.24023  1.10828729E-12
  8503.98047  1.11974351E-12
  8506.71973  1.12772888E-12
  8509.45996  1.13201722E-12
  8512.2002  1.13497265E-12
  8514.94043  1.13775656E-12
  8517.67969  1.14115304E-12
  8520.41992  1.14748651E-12
  8523.16016  1.14239336E-12
  8525.90039  1.1308078E-12
  8528.63965  1.13264985E-12
  8531.37988  1.13106692E-12
  8534.12012  1.10510895E-12
  8536.86035  1.07994516E-12
  8539.59961  1.0557062E-12
  8542.33984  1.05544826E-12
  8545.08008  1.07834217E-12
  8547.82031  1.09252321E-12
  8550.55957  1.10365298E-12
  8553.2998  1.10488344E-12
  8556.04004  1.10485514E-12
  8558.78027  1.10993777E-12
  8561.51953  1.11213642E-12
  8564.25977  1.10897326E-12
  8567.  1.11131124E-12
  8569.74023  1.11683785E-12
  8572.48047  1.12636983E-12
  8575.21973  1.13392206E-12
  8577.95996  1.12761254E-12
  8580.7002  1.12221332E-12
  8583.44043  1.12563626E-12
  8586.17969  1.11762238E-12
  8588.91992  1.09692149E-12
  8591.66016  1.09992495E-12
  8594.40039  1.11216949E-12
  8597.13965  1.10775115E-12
  8599.87988  1.10723963E-12
  8602.62012  1.13039602E-12
  8605.36035  1.13813505E-12
  8608.09961  1.11675046E-12
  8610.83984  1.11857149E-12
  8613.58008  1.13260692E-12
  8616.32031  1.13819696E-12
  8619.05957  1.13820368E-12
  8621.7998  1.12328267E-12
  8624.54004  1.1147422E-12
  8627.28027  1.12767922E-12
  8630.02051  1.12608783E-12
  8632.75977  1.10920225E-12
  8635.5  1.10327275E-12
  8638.24023  1.10139014E-12
  8640.98047  1.09786659E-12
  8643.71973  1.09545066E-12
  8646.45996  1.09784805E-12
  8649.2002  1.09450751E-12
  8651.94043  1.0839489E-12
  8654.67969  1.06556224E-12
  8657.41992  1.04027475E-12
  8660.16016  1.03377365E-12
  8662.90039  1.03906499E-12
  8665.63965  1.05785107E-12
  8668.37988  1.07976085E-12
  8671.12012  1.10497082E-12
  8673.86035  1.11425745E-12
  8676.59961  1.1053542E-12
  8679.33984  1.1012776E-12
  8682.08008  1.09729933E-12
  8684.82031  1.09460065E-12
  8687.55957  1.09157009E-12
  8690.2998  1.08295762E-12
  8693.04004  1.0843236E-12
  8695.78027  1.10905089E-12
  8698.52051  1.1036713E-12
  8701.25977  1.07624825E-12
  8704.  1.07737192E-12
  8706.74023  1.0878156E-12
  8709.48047  1.09096673E-12
  8712.21973  1.09517506E-12
  8714.95996  1.10785231E-12
  8717.7002  1.10452467E-12
  8720.44043  1.07778413E-12
  8723.17969  1.08031585E-12
  8725.91992  1.09686988E-12
  8728.66016  1.10406129E-12
  8731.40039  1.10565712E-12
  8734.13965  1.09474918E-12
  8736.87988  1.08828105E-12
  8739.62012  1.09291927E-12
  8742.36035  1.09262111E-12
  8745.09961  1.08923818E-12
  8747.83984  1.08604044E-12
  8750.58008  1.08052098E-12
  8753.32031  1.06422076E-12
  8756.05957  1.05212302E-12
  8758.7998  1.05618715E-12
  8761.54004  1.05596575E-12
  8764.28027  1.04672065E-12
  8767.02051  1.05733293E-12
  8769.75977  1.07752164E-12
  8772.5  1.06817105E-12
  8775.24023  1.05438943E-12
  8777.98047  1.05935529E-12
  8780.71973  1.0625293E-12
  8783.45996  1.05828052E-12
  8786.2002  1.05607569E-12
  8788.94043  1.05462319E-12
  8791.67969  1.06380931E-12
  8794.41992  1.07691915E-12
  8797.16016  1.08182679E-12
  8799.90039  1.08142336E-12
  8802.63965  1.0727607E-12
  8805.37988  1.06651992E-12
  8808.12012  1.06503326E-12
  8810.86035  1.05763326E-12
  8813.59961  1.04764428E-12
  8816.33984  1.05135497E-12
  8819.08008  1.0565213E-12
  8821.82031  1.04616175E-12
  8824.55957  1.04324784E-12
  8827.2998  1.05902353E-12
  8830.04004  1.06848146E-12
  8832.78027  1.07434298E-12
  8835.52051  1.06524934E-12
  8838.25977  1.04909809E-12
  8841.  1.0435885E-12
  8843.74023  1.04101981E-12
  8846.48047  1.0409514E-12
  8849.21973  1.03705748E-12
  8851.95996  1.02605424E-12
  8854.7002  1.02047353E-12
  8857.44043  1.01819963E-12
  8860.17969  1.02746999E-12
  8862.91992  1.03858263E-12
  8865.66016  1.03532081E-12
  8868.40039  1.0351816E-12
  8871.13965  1.0479213E-12
  8873.87988  1.05052837E-12
  8876.62012  1.04284344E-12
  8879.36035  1.03951179E-12
  8882.09961  1.03819709E-12
  8884.83984  1.04490418E-12
  8887.58008  1.04933391E-12
  8890.32031  1.041133E-12
  8893.05957  1.03347268E-12
  8895.7998  1.02614651E-12
  8898.54004  1.02599504E-12
  8901.28027  1.03141497E-12
  8904.02051  1.03817215E-12
  8906.75977  1.04559861E-12
  8909.5  1.05094633E-12
  8912.24023  1.05385568E-12
  8914.98047  1.0528465E-12
  8917.71973  1.05219826E-12
  8920.45996  1.05215923E-12
  8923.2002  1.04917312E-12
  8925.94043  1.04440946E-12
  8928.67969  1.04152483E-12
  8931.41992  1.03472244E-12
  8934.16016  1.01290937E-12
  8936.90039  1.00202767E-12
  8939.63965  1.00905406E-12
  8942.37988  1.01958307E-12
  8945.12012  1.03548105E-12
  8947.86035  1.03842857E-12
  8950.59961  1.03666359E-12
  8953.33984  1.03800822E-12
  8956.08008  1.04030998E-12
  8958.82031  1.04707345E-12
  8961.55957  1.04329826E-12
  8964.2998  1.02430976E-12
  8967.04004  1.02582157E-12
  8969.78027  1.03623707E-12
  8972.52051  1.02728449E-12
  8975.25977  1.02213702E-12
  8978.  1.05064124E-12
  8980.74023  1.0604048E-12
  8983.48047  1.02692973E-12
  8986.21973  1.02390958E-12
  8988.95996  1.0426601E-12
  8991.7002  1.04146368E-12
  8994.44043  1.03453769E-12
  8997.17969  1.03505767E-12
  8999.91992  1.03238316E-12
  9002.66016  1.01946565E-12
  9005.40039  1.01000664E-12
  9008.13965  1.00563058E-12
  9010.87988  9.96553534E-13
  9013.62012  9.86066697E-13
  9016.36035  9.84637068E-13
  9019.09961  9.8802173E-13
  9021.83984  9.97943915E-13
  9024.58008  1.00134148E-12
  9027.32031  9.86718519E-13
  9030.05957  9.93461281E-13
  9032.7998  1.01917932E-12
  9035.54004  1.01838449E-12
  9038.28027  1.00876187E-12
  9041.02051  1.01200862E-12
  9043.75977  1.01634055E-12
  9046.5  1.01692157E-12
  9049.24023  1.01916284E-12
  9051.98047  1.02500712E-12
  9054.71973  1.02438392E-12
  9057.45996  1.02012745E-12
  9060.2002  1.02218819E-12
  9062.94043  1.02147013E-12
  9065.67969  1.00253161E-12
  9068.41992  9.91105093E-13
  9071.16016  9.97232136E-13
  9073.90039  1.00464309E-12
  9076.63965  1.01559212E-12
  9079.37988  1.01565316E-12
  9082.12012  1.01012373E-12
  9084.86035  1.00334704E-12
  9087.59961  9.98824612E-13
  9090.33984  1.00044094E-12
  9093.08008  1.00576882E-12
  9095.82031  1.0193427E-12
  9098.55957  1.01741976E-12
  9101.2998  1.00637706E-12
  9104.04004  1.00980042E-12
  9106.78027  1.01397515E-12
  9109.52051  1.00152742E-12
  9112.25977  9.94332546E-13
  9115.  1.00252922E-12
  9117.74023  1.0070922E-12
  9120.48047  1.00873205E-12
  9123.21973  1.0123934E-12
  9125.95996  1.01663708E-12
  9128.7002  1.02056991E-12
  9131.44043  1.02194295E-12
  9134.17969  1.01865359E-12
  9136.91992  1.01127798E-12
  9139.66016  9.96118444E-13
  9142.40039  9.91204406E-13
  9145.13965  9.92746033E-13
  9147.87988  9.90905817E-13
  9150.62012  9.87050394E-13
  9153.36035  9.75920191E-13
  9156.09961  9.70244284E-13
  9158.83984  9.79491661E-13
  9161.58008  9.82175821E-13
  9164.32031  9.77627159E-13
  9167.05957  9.79245222E-13
  9169.7998  9.83827061E-13
  9172.54004  9.90780049E-13
  9175.28027  9.96683855E-13
  9178.02051  9.96881939E-13
  9180.75977  9.97181721E-13
  9183.5  9.97873333E-13
  9186.24023  1.0010701E-12
  9188.98047  1.0062682E-12
  9191.71973  1.00661677E-12
  9194.45996  1.00359976E-12
  9197.2002  9.94779237E-13
  9199.94043  9.87569076E-13
  9202.67969  9.88992525E-13
  9205.41992  9.82262015E-13
  9208.16016  9.65113948E-13
  9210.90039  9.55927286E-13
  9213.63965  9.5047505E-13
  9216.37988  9.46987931E-13
  9219.12012  9.45328126E-13
  9221.86035  9.4697904E-13
  9224.59961  9.44001387E-13
  9227.33984  9.28716197E-13
  9230.08008  9.30574519E-13
  9232.82031  9.4574717E-13
  9235.55957  9.55265381E-13
  9238.2998  9.61975616E-13
  9241.04004  9.59320622E-13
  9243.78027  9.58485244E-13
  9246.52051  9.66766055E-13
  9249.25977  9.74416186E-13
  9252.  9.82344414E-13
  9254.74023  9.83898835E-13
  9257.48047  9.81837224E-13
  9260.21973  9.86492355E-13
  9262.95996  9.89612906E-13
  9265.7002  9.83265335E-13
  9268.44043  9.73922115E-13
  9271.17969  9.59381121E-13
  9273.91992  9.54637519E-13
  9276.66016  9.58594207E-13
  9279.40039  9.48695549E-13
  9282.13965  9.37348615E-13
  9284.87988  9.48774045E-13
  9287.62012  9.60138978E-13
  9290.36035  9.61274463E-13
  9293.09961  9.54211211E-13
  9295.83984  9.31565372E-13
  9298.58008  9.35646851E-13
  9301.32031  9.54195382E-13
  9304.05957  9.56121033E-13
  9306.7998  9.5261223E-13
  9309.54004  9.45168423E-13
  9312.28027  9.4341028E-13
  9315.02051  9.53703262E-13
  9317.75977  9.60899871E-13
  9320.5  9.66655683E-13
  9323.24023  9.65283083E-13
  9325.98047  9.61582268E-13
  9328.71973  9.68436269E-13
  9331.45996  9.74732122E-13
  9334.2002  9.74716293E-13
  9336.94043  9.70891228E-13
  9339.67969  9.60570707E-13
  9342.41992  9.5784795E-13
  9345.16016  9.58961534E-13
  9347.90039  9.51587333E-13
  9350.63965  9.43454516E-13
  9353.37988  9.42443931E-13
  9356.12012  9.43710496E-13
  9358.86035  9.47173221E-13
  9361.59961  9.49632734E-13
  9364.33984  9.51373312E-13
  9367.08008  9.53107276E-13
  9369.82031  9.53305685E-13
  9372.55957  9.46488005E-13
  9375.2998  9.35445298E-13
  9378.04004  9.16010432E-13
  9380.78027  9.08570799E-13
  9383.52051  9.20254541E-13
  9386.25977  9.27057259E-13
  9389.  9.33189507E-13
  9391.74023  9.38055514E-13
  9394.48047  9.40573791E-13
  9397.21973  9.35982195E-13
  9399.95996  9.3414393E-13
  9402.7002  9.41589146E-13
  9405.44043  9.44263656E-13
  9408.17969  9.41757631E-13
  9410.91992  9.44735718E-13
  9413.66016  9.48450411E-13
  9416.40039  9.37748577E-13
  9419.13965  9.29710735E-13
  9421.87988  9.42660771E-13
  9424.62012  9.48916943E-13
  9427.36035  9.42529475E-13
  9430.09961  9.36381398E-13
  9432.83984  9.28747097E-13
  9435.58008  9.24221203E-13
  9438.32031  9.21990565E-13
  9441.05957  9.24515022E-13
  9443.7998  9.25275156E-13
  9446.54004  9.18873701E-13
  9449.28027  9.17151338E-13
  9452.02051  9.20547167E-13
  9454.75977  9.24107253E-13
  9457.5  9.28271999E-13
  9460.24023  9.30438235E-13
  9462.98047  9.30901081E-13
  9465.71973  9.28683779E-13
  9468.45996  9.26078983E-13
  9471.2002  9.22179E-13
  9473.94043  9.23534578E-13
  9476.67969  9.29267188E-13
  9479.41992  9.26019569E-13
  9482.16016  9.18835212E-13
  9484.90039  9.10167232E-13
  9487.63965  9.04781783E-13
  9490.37988  9.08113808E-13
  9493.12012  9.09184024E-13
  9495.86035  9.06740449E-13
  9498.59961  9.09858668E-13
  9501.33984  9.15021639E-13
  9504.08008  9.08745301E-13
  9506.82031  9.01525599E-13
  9509.55957  9.01756317E-13
  9512.2998  9.06425651E-13
  9515.04004  9.211605E-13
  9517.78027  9.18695784E-13
  9520.52051  9.01311686E-13
  9523.25977  9.04848408E-13
  9526.  9.14353879E-13
  9528.74023  9.10922704E-13
  9531.48047  9.05656789E-13
  9534.21973  9.04131262E-13
  9536.95996  8.9719226E-13
  9539.7002  8.82470692E-13
  9542.44043  8.71813093E-13
  9545.17969  8.62870322E-13
  9547.91992  8.5348086E-13
  9550.66016  8.51608606E-13
  9553.40039  8.76475054E-13
  9556.13965  8.90323676E-13
  9558.87988  8.74547017E-13
  9561.62012  8.73571072E-13
  9564.36035  8.84167956E-13
  9567.09961  8.91762467E-13
  9569.83984  8.96945333E-13
  9572.58008  8.88494139E-13
  9575.32031  8.80926354E-13
  9578.05957  8.86003619E-13
  9580.7998  8.86648394E-13
  9583.54004  8.79270506E-13
  9586.28027  8.77804556E-13
  9589.02051  8.79473957E-13
  9591.75977  8.83996544E-13
  9594.5  8.89744767E-13
  9597.24023  8.94748847E-13
  9599.98047  8.97693649E-13
  9602.71973  8.97570863E-13
  9605.45996  8.95615667E-13
  9608.2002  8.90704394E-13
  9610.94043  8.96382361E-13
  9613.67969  9.06453894E-13
  9616.41992  9.11862599E-13
  9619.16016  9.10263076E-13
  9621.90039  8.90436108E-13
  9624.63965  8.82625461E-13
  9627.37988  8.96264454E-13
  9630.12012  8.98752969E-13
  9632.86035  8.96111798E-13
  9635.59961  8.89444551E-13
  9638.33984  8.80241409E-13
  9641.08008  8.70489824E-13
  9643.82031  8.62704981E-13
  9646.55957  8.57374447E-13
  9649.2998  8.57795443E-13
  9652.04004  8.6502821E-13
  9654.78027  8.66692243E-13
  9657.52051  8.66911415E-13
  9660.25977  8.73070984E-13
  9663.  8.78062E-13
  9665.74023  8.76090921E-13
  9668.48047  8.7302767E-13
  9671.21973  8.68672701E-13
  9673.95996  8.6667083E-13
  9676.7002  8.66211942E-13
  9679.44043  8.62597699E-13
  9682.17969  8.58915966E-13
  9684.91992  8.59876948E-13
  9687.66016  8.6091827E-13
  9690.40039  8.58226793E-13
  9693.13965  8.62462174E-13
  9695.87988  8.75618317E-13
  9698.62012  8.79317344E-13
  9701.36035  8.78985036E-13
  9704.09961  8.84160854E-13
  9706.83984  8.85822177E-13
  9709.58008  8.71971874E-13
  9712.32031  8.65224884E-13
  9715.05957  8.75738663E-13
  9717.7998  8.7051411E-13
  9720.54004  8.54218497E-13
  9723.28027  8.51372738E-13
  9726.02051  8.53901964E-13
  9728.75977  8.58941715E-13
  9731.5  8.6062109E-13
  9734.24023  8.51336146E-13
  9736.98047  8.49214254E-13
  9739.71973  8.58197953E-13
  9742.45996  8.48759377E-13
  9745.2002  8.32079414E-13
  9747.94043  8.44220039E-13
  9750.67969  8.60895068E-13
  9753.41992  8.63660651E-13
  9756.16016  8.62633044E-13
  9758.90039  8.57999056E-13
  9761.63965  8.52732978E-13
  9764.37988  8.46196594E-13
  9767.12012  8.43149715E-13
  9769.86035  8.42894764E-13
  9772.59961  8.48435688E-13
  9775.33984  8.53067074E-13
  9778.08008  8.51278358E-13
  9780.82031  8.52140949E-13
  9783.55957  8.57995315E-13
  9786.2998  8.54976626E-13
  9789.04004  8.47819482E-13
  9791.78027  8.54534217E-13
  9794.52051  8.62391213E-13
  9797.25977  8.58513618E-13
  9800.  8.54921223E-13
  9802.74023  8.52583574E-13
  9805.48047  8.57761995E-13
  9808.21973  8.71195368E-13
  9810.95996  8.62434093E-13
  9813.7002  8.45636766E-13
  9816.44043  8.42843427E-13
  9819.17969  8.42892217E-13
  9821.91992  8.42346538E-13
  9824.66016  8.42044913E-13
  9827.40039  8.40560206E-13
  9830.13965  8.46150624E-13
  9832.87988  8.55965472E-13
  9835.62012  8.55193466E-13
  9838.36035  8.54036731E-13
  9841.09961  8.66964432E-13
  9843.83984  8.72656494E-13
  9846.58008  8.59054093E-13
  9849.32031  8.56492774E-13
  9852.05957  8.64133092E-13
  9854.7998  8.61037966E-13
  9857.54004  8.54733602E-13
  9860.28027  8.55337123E-13
  9863.02051  8.59275379E-13
  9865.75977  8.71418768E-13
  9868.5  8.70095825E-13
  9871.24023  8.43346768E-13
  9873.98047  8.42000135E-13
  9876.71973  8.54334019E-13
  9879.45996  8.44618971E-13
  9882.2002  8.31738975E-13
  9884.94043  8.34911242E-13
  9887.67969  8.3937436E-13
  9890.41992  8.42818274E-13
  9893.16016  8.40310623E-13
  9895.90039  8.29628304E-13
  9898.63965  8.4017629E-13
  9901.37988  8.57293295E-13
  9904.12012  8.42059875E-13
  9906.86035  8.25478466E-13
  9909.59961  8.29212729E-13
  9912.33984  8.33965817E-13
  9915.08008  8.37666525E-13
  9917.82031  8.44000217E-13
  9920.55957  8.52131787E-13
  9923.2998  8.46113652E-13
  9926.04004  8.34216214E-13
  9928.78027  8.19466782E-13
  9931.52051  8.1748486E-13
  9934.25977  8.48808925E-13
  9937.  8.54812694E-13
  9939.74023  8.31169606E-13
  9942.48047  8.30278988E-13
  9945.21973  8.38031792E-13
  9947.95996  8.39356254E-13
  9950.7002  8.3971713E-13
  9953.44043  8.42764443E-13
  9956.17969  8.39597543E-13
  9958.91992  8.21929655E-13
  9961.66016  8.23674082E-13
  9964.40039  8.39514059E-13
  9967.13965  8.41150283E-13
  9969.87988  8.37692112E-13
  9972.62012  8.356498E-13
  9975.36035  8.28502577E-13
  9978.09961  8.04117027E-13
  9980.83984  8.0483157E-13
  9983.58008  8.39224577E-13
  9986.32031  8.44490222E-13
  9989.05957  8.37188283E-13
  9991.7998  8.38120101E-13
  9994.54004  8.3805391E-13
  9997.28027  8.29522377E-13
  10000.0205  8.26028265E-13
  10002.7598  8.33594966E-13
  10005.5  8.35468576E-13
  10008.2402  8.33796248E-13
  10010.9805  8.25458029E-13
  10013.7197  8.16826045E-13
  10016.46  8.2718603E-13
  10019.2002  8.32651981E-13
  10021.9404  8.17235385E-13
  10024.6797  8.04983467E-13
  10027.4199  7.9639458E-13
  10030.1602  7.90095528E-13
  10032.9004  7.86258049E-13
  10035.6396  7.88014294E-13
  10038.3799  7.89537381E-13
  10041.1201  7.81496721E-13
  10043.8604  7.77046396E-13
  10046.5996  7.82710051E-13
  10049.3398  7.79860172E-13
  10052.0801  7.69312186E-13
  10054.8203  7.75554588E-13
  10057.5596  7.89423106E-13
  10060.2998  8.02004622E-13
  10063.04  8.13021579E-13
  10065.7803  8.25090647E-13
  10068.5205  8.20250768E-13
  10071.2598  7.85281399E-13
  10074.  7.88529452E-13
  10076.7402  8.11792528E-13
  10079.4805  8.10899254E-13
  10082.2197  8.06454458E-13
  10084.96  8.12703529E-13
  10087.7002  8.22303217E-13
  10090.4404  8.40068249E-13
  10093.1797  8.39512325E-13
  10095.9199  8.20219923E-13
  10098.6602  8.23600465E-13
  10101.4004  8.34336344E-13
  10104.1396  8.31906159E-13
  10106.8799  8.25694602E-13
  10109.6201  8.19681291E-13
  10112.3604  8.08488367E-13
  10115.0996  7.82525791E-13
  10117.8398  7.9173495E-13
  10120.5801  8.21360178E-13
  10123.3203  7.87598502E-13
  10126.0596  7.48480271E-13
  10128.7998  7.78183345E-13
  10131.54  8.05280809E-13
  10134.2803  8.09908022E-13
  10137.0205  8.01567471E-13
  10139.7598  7.75026202E-13
  10142.5  7.89556734E-13
  10145.2402  8.17131519E-13
  10147.9805  7.90305213E-13
  10150.7197  7.63211705E-13
  10153.46  7.76918514E-13
  10156.2002  7.81962657E-13
  10158.9404  7.68034779E-13
  10161.6797  7.64100155E-13
  10164.4199  7.65380381E-13
  10167.1602  7.70079475E-13
  10169.9004  7.77975774E-13
  10172.6396  7.91329242E-13
  10175.3799  7.98466707E-13
  10178.1201  7.89763383E-13
  10180.8604  7.87344745E-13
  10183.5996  7.91964151E-13
  10186.3398  8.27162232E-13
  10189.0801  8.25153368E-13
  10191.8203  3.79287124E-13
  10194.5596 -4.86595763E-14
  10197.2998 -3.33755206E-14
  10200.04  0.
  10202.7803  0.
  10205.5205  0.
