HD200654 G230LB+G430L+G750L Bohlin 20Sep2013
HST GO12813 FILE WRITTEN BY STISREDUCE.PRO ON 20-Sep-2013 15:52:18.00
2863
  1667.222290   2.6297E-14
  1668.592529   2.3943E-14
  1669.962891   6.5556E-15
  1671.333252   3.8410E-14
  1672.703613   3.0723E-14
  1674.073975   1.6604E-14
  1675.444336   1.8663E-14
  1676.814697   2.9363E-14
  1678.185181  -2.1632E-15
  1679.555542   3.1149E-15
  1680.926025   2.9932E-14
  1682.296509   2.2557E-14
  1683.666992   2.2929E-14
  1685.037476   2.6472E-14
  1686.407959   2.0052E-14
  1687.778442   2.2175E-14
  1689.149048   3.4909E-15
  1690.519531   1.9273E-14
  1691.890137   8.4562E-15
  1693.260620   1.4047E-14
  1694.631226   7.0869E-15
  1696.001831   6.9760E-15
  1697.372437   1.5049E-14
  1698.743164   1.1952E-14
  1700.113770   2.0796E-14
  1701.484375   1.2183E-14
  1702.855103   1.5405E-14
  1704.225830   1.1908E-14
  1705.596436   1.3878E-14
  1706.967163   1.3178E-14
  1708.337891   3.6058E-15
  1709.708618   9.5887E-15
  1711.079468   1.0050E-14
  1712.450195   6.0093E-15
  1713.820923   6.6947E-15
  1715.191772   1.0496E-14
  1716.562622   1.3036E-14
  1717.933350   4.9783E-15
  1719.304199   1.0047E-14
  1720.675049   1.1751E-14
  1722.046021   1.0900E-14
  1723.416870   1.4672E-14
  1724.787720   1.6723E-14
  1726.158691   1.2949E-14
  1727.529541   8.4936E-15
  1728.900513   1.2464E-14
  1730.271484   1.1157E-14
  1731.642456   1.2222E-14
  1733.013428   6.8371E-15
  1734.384399   1.0851E-14
  1735.755371   1.0399E-14
  1737.126465   6.6635E-15
  1738.497437   1.0572E-14
  1739.868530   1.6691E-14
  1741.239502   4.0315E-15
  1742.610596   1.0983E-14
  1743.981689   7.7206E-15
  1745.352783   1.3811E-14
  1746.723877   1.0238E-14
  1748.094971   8.1320E-15
  1749.466187   1.4580E-14
  1750.837280   5.6204E-15
  1752.208496   8.2690E-15
  1753.579590   1.2880E-14
  1754.950806   7.5854E-15
  1756.322021   8.6654E-15
  1757.693237   7.0869E-15
  1759.064453   6.8709E-15
  1760.435669   6.6232E-15
  1761.806885   9.7196E-15
  1763.178223   1.1753E-14
  1764.549438   9.8423E-15
  1765.920776   1.3498E-14
  1767.292114   6.6594E-15
  1768.663330   1.1964E-14
  1770.034668   6.0528E-15
  1771.406006   6.9864E-15
  1772.777344   1.3305E-14
  1774.148804   4.2310E-15
  1775.520142   7.8345E-15
  1776.891479   9.0989E-15
  1778.262939   9.8714E-15
  1779.634399   4.2945E-15
  1781.005737   9.9068E-15
  1782.377197   1.2073E-14
  1783.748657   1.4271E-14
  1785.120117   9.3827E-15
  1786.491577   8.1763E-15
  1787.863037   6.7205E-15
  1789.234619   3.2743E-15
  1790.606079   5.4252E-15
  1791.977661   8.7919E-15
  1793.349121   4.4363E-15
  1794.720703   7.0726E-15
  1796.092285   8.0297E-15
  1797.463867   1.0350E-14
  1798.835449   8.9092E-15
  1800.207031   9.6994E-15
  1801.578613   6.3537E-15
  1802.950195   7.2403E-15
  1804.321899   1.3630E-14
  1805.693481   7.9171E-15
  1807.065186   6.0114E-15
  1808.436890   9.9920E-15
  1809.808472   7.7738E-15
  1811.180176   1.2143E-14
  1812.551880   6.3037E-15
  1813.923584   5.0846E-15
  1815.295288   8.8965E-15
  1816.667114   7.2049E-15
  1818.038818   7.7743E-15
  1819.410522   1.0159E-14
  1820.782349   1.3461E-14
  1822.154175   1.1000E-14
  1823.525879   7.0531E-15
  1824.897705   9.2209E-15
  1826.269531   9.0774E-15
  1827.641357   8.5781E-15
  1829.013184   7.8397E-15
  1830.385010   8.9263E-15
  1831.756958   9.5065E-15
  1833.128784   5.3740E-15
  1834.500732   1.1863E-14
  1835.872559   1.1416E-14
  1837.244507   9.5348E-15
  1838.616333   8.3514E-15
  1839.988281   8.8892E-15
  1841.360229   9.4132E-15
  1842.732178   3.4562E-15
  1844.104126   9.9128E-15
  1845.476074   1.0378E-14
  1846.848145   9.2900E-15
  1848.220093   5.4202E-15
  1849.592041   6.6462E-15
  1850.964111   6.7929E-15
  1852.336182   6.3779E-15
  1853.708130   1.1188E-14
  1855.080200   9.9888E-15
  1856.452271   7.3857E-15
  1857.824341   8.4687E-15
  1859.196411   1.1034E-14
  1860.568481   1.1019E-14
  1861.940552   6.0134E-15
  1863.312744   8.1752E-15
  1864.684814   1.1594E-14
  1866.057007   9.9684E-15
  1867.429077   7.7489E-15
  1868.801270   1.1939E-14
  1870.173462   1.1164E-14
  1871.545532   6.9987E-15
  1872.917725   1.0123E-14
  1874.289917   1.2033E-14
  1875.662109   9.0715E-15
  1877.034302   1.1405E-14
  1878.406616   1.0176E-14
  1879.778809   1.1056E-14
  1881.151001   8.9289E-15
  1882.523315   1.2165E-14
  1883.895508   1.0618E-14
  1885.267822   1.1026E-14
  1886.640137   9.8935E-15
  1888.012451   1.2347E-14
  1889.384644   1.0933E-14
  1890.756958   1.0444E-14
  1892.129272   1.6569E-14
  1893.501709   1.5439E-14
  1894.874023   1.0159E-14
  1896.246338   1.0799E-14
  1897.618652   1.0355E-14
  1898.991089   1.2887E-14
  1900.363403   1.0836E-14
  1901.735840   1.3580E-14
  1903.108276   1.4972E-14
  1904.480591   1.2053E-14
  1905.853027   1.3796E-14
  1907.225464   1.3608E-14
  1908.597900   1.1369E-14
  1909.970337   1.2849E-14
  1911.342773   1.4198E-14
  1912.715332   1.7628E-14
  1914.087769   1.5042E-14
  1915.460205   1.4276E-14
  1916.832764   1.5731E-14
  1918.205200   1.5308E-14
  1919.577759   1.4464E-14
  1920.950195   1.4740E-14
  1922.322754   1.4772E-14
  1923.695312   1.6179E-14
  1925.067871   1.6038E-14
  1926.440430   1.6237E-14
  1927.812988   1.6146E-14
  1929.185547   1.1451E-14
  1930.558105   1.2310E-14
  1931.930664   1.4779E-14
  1933.303345   1.5562E-14
  1934.675903   1.4550E-14
  1936.048462   1.5541E-14
  1937.421143   1.7598E-14
  1938.793823   1.8094E-14
  1940.166382   1.6619E-14
  1941.539062   2.0981E-14
  1942.911743   2.1331E-14
  1944.284424   1.7720E-14
  1945.657104   1.6628E-14
  1947.029785   1.8003E-14
  1948.402466   1.7350E-14
  1949.775146   1.9475E-14
  1951.147827   1.6855E-14
  1952.520508   1.7657E-14
  1953.893311   1.6528E-14
  1955.265991   1.9271E-14
  1956.638794   1.8471E-14
  1958.011475   1.6714E-14
  1959.384277   1.8178E-14
  1960.757080   1.7990E-14
  1962.129761   1.9405E-14
  1963.502563   1.9168E-14
  1964.875366   2.1257E-14
  1966.248169   2.1872E-14
  1967.620972   2.0920E-14
  1968.993774   2.2147E-14
  1970.366577   2.2159E-14
  1971.739502   2.3609E-14
  1973.112305   2.2366E-14
  1974.485107   2.1953E-14
  1975.858032   2.1791E-14
  1977.230835   2.1160E-14
  1978.603760   2.2143E-14
  1979.976562   2.2649E-14
  1981.349487   2.3424E-14
  1982.722412   2.2396E-14
  1984.095337   2.4210E-14
  1985.468262   2.3692E-14
  1986.841064   2.2899E-14
  1988.213989   2.1802E-14
  1989.586914   2.5093E-14
  1990.959961   2.3922E-14
  1992.332886   2.3008E-14
  1993.705811   2.5072E-14
  1995.078735   2.7201E-14
  1996.451782   2.4389E-14
  1997.824707   2.5557E-14
  1999.197754   2.5527E-14
  2000.570679   2.5281E-14
  2001.943726   2.6000E-14
  2003.316650   2.5311E-14
  2004.689697   2.6103E-14
  2006.062744   2.7691E-14
  2007.435791   2.5990E-14
  2008.808716   2.7981E-14
  2010.181763   2.7884E-14
  2011.554810   2.8191E-14
  2012.927856   2.9873E-14
  2014.301025   2.8311E-14
  2015.674072   2.5970E-14
  2017.047119   2.7846E-14
  2018.420166   3.0330E-14
  2019.793335   2.9594E-14
  2021.166382   3.1311E-14
  2022.539429   3.1573E-14
  2023.912598   3.2076E-14
  2025.285645   2.6955E-14
  2026.658813   3.1030E-14
  2028.031982   3.3526E-14
  2029.405029   3.2486E-14
  2030.778198   3.5166E-14
  2032.151367   3.5850E-14
  2033.524536   3.3657E-14
  2034.897705   3.3651E-14
  2036.270874   3.4533E-14
  2037.644043   3.6246E-14
  2039.017212   3.5686E-14
  2040.390381   3.6729E-14
  2041.763550   3.7642E-14
  2043.136719   3.9943E-14
  2044.510010   3.9170E-14
  2045.883179   4.1485E-14
  2047.256348   4.0411E-14
  2048.629639   3.8098E-14
  2050.002930   3.8240E-14
  2051.375977   3.8998E-14
  2052.749268   3.9571E-14
  2054.122559   3.8148E-14
  2055.495850   3.8541E-14
  2056.869141   3.6458E-14
  2058.242432   3.3608E-14
  2059.615723   3.6569E-14
  2060.989014   3.6427E-14
  2062.362061   3.6774E-14
  2063.735352   3.8112E-14
  2065.108643   3.8853E-14
  2066.482178   3.8088E-14
  2067.855469   3.9089E-14
  2069.228760   4.1355E-14
  2070.602051   4.1790E-14
  2071.975342   4.3093E-14
  2073.348633   4.4002E-14
  2074.721924   4.4098E-14
  2076.095215   4.6165E-14
  2077.468750   4.6496E-14
  2078.842041   4.4987E-14
  2080.215332   4.6536E-14
  2081.588623   4.8315E-14
  2082.962158   4.6327E-14
  2084.335449   4.6382E-14
  2085.708740   4.7791E-14
  2087.082275   4.9234E-14
  2088.455566   4.7309E-14
  2089.828857   4.9243E-14
  2091.202393   4.9387E-14
  2092.575684   4.9057E-14
  2093.949219   4.8819E-14
  2095.322510   5.1173E-14
  2096.696045   5.2440E-14
  2098.069336   5.1535E-14
  2099.442871   5.2917E-14
  2100.816406   5.1668E-14
  2102.189697   5.2568E-14
  2103.563232   5.1377E-14
  2104.936523   5.3608E-14
  2106.310059   5.1591E-14
  2107.683594   4.8861E-14
  2109.056885   5.0540E-14
  2110.430420   5.1443E-14
  2111.803955   5.0400E-14
  2113.177490   5.1370E-14
  2114.550781   5.2390E-14
  2115.924316   5.6110E-14
  2117.297852   5.6006E-14
  2118.671387   5.8786E-14
  2120.044922   5.7893E-14
  2121.418213   5.6982E-14
  2122.791748   5.0662E-14
  2124.165283   4.6485E-14
  2125.538818   5.1711E-14
  2126.912354   5.5381E-14
  2128.285889   5.6237E-14
  2129.659424   5.6545E-14
  2131.032959   5.2971E-14
  2132.406494   5.2432E-14
  2133.780029   5.1754E-14
  2135.153564   5.2093E-14
  2136.527100   5.6271E-14
  2137.900635   5.6941E-14
  2139.274170   5.6100E-14
  2140.647705   6.0573E-14
  2142.021240   6.0656E-14
  2143.394775   6.2184E-14
  2144.768555   6.1363E-14
  2146.142090   5.9369E-14
  2147.515625   5.9745E-14
  2148.889160   6.0877E-14
  2150.262695   5.9442E-14
  2151.636475   5.9188E-14
  2153.010010   6.2874E-14
  2154.383545   6.0436E-14
  2155.757080   6.3742E-14
  2157.130859   6.0942E-14
  2158.504395   5.6845E-14
  2159.877930   5.9321E-14
  2161.251709   6.1915E-14
  2162.625244   6.6126E-14
  2163.998779   6.2193E-14
  2165.372559   6.1428E-14
  2166.746094   6.1079E-14
  2168.119629   6.3645E-14
  2169.493408   6.6550E-14
  2170.866943   6.7447E-14
  2172.240723   6.6762E-14
  2173.614258   6.3561E-14
  2174.988037   6.3825E-14
  2176.361572   6.6618E-14
  2177.735107   6.8331E-14
  2179.108887   7.0657E-14
  2180.482422   7.3433E-14
  2181.856201   7.6728E-14
  2183.229980   7.5697E-14
  2184.603516   7.4008E-14
  2185.977295   7.1684E-14
  2187.350830   6.9362E-14
  2188.724609   7.3744E-14
  2190.098145   7.4959E-14
  2191.471924   7.5486E-14
  2192.845703   7.9250E-14
  2194.219238   8.3500E-14
  2195.593018   8.4465E-14
  2196.966797   8.2886E-14
  2198.340332   8.4688E-14
  2199.714111   8.0333E-14
  2201.087891   7.9951E-14
  2202.461426   8.6276E-14
  2203.835205   8.7480E-14
  2205.208984   8.3979E-14
  2206.582520   8.0699E-14
  2207.956299   7.7510E-14
  2209.330078   7.5499E-14
  2210.703857   6.9416E-14
  2212.077393   7.2584E-14
  2213.451172   8.1098E-14
  2214.824951   8.0978E-14
  2216.198730   7.8006E-14
  2217.572266   7.6299E-14
  2218.946045   8.1792E-14
  2220.319824   8.5753E-14
  2221.693604   8.6385E-14
  2223.067383   8.8391E-14
  2224.441162   8.8646E-14
  2225.814697   9.0430E-14
  2227.188477   9.1672E-14
  2228.562256   9.1474E-14
  2229.936035   9.4086E-14
  2231.309814   9.4329E-14
  2232.683594   9.5700E-14
  2234.057373   9.6075E-14
  2235.430908   1.0015E-13
  2236.804688   9.9426E-14
  2238.178467   1.0233E-13
  2239.552246   1.0068E-13
  2240.926025   9.9302E-14
  2242.299805   9.6472E-14
  2243.673584   9.3978E-14
  2245.047363   9.2379E-14
  2246.421143   9.6917E-14
  2247.794922   9.7030E-14
  2249.168701   9.3010E-14
  2250.542480   9.0484E-14
  2251.916260   8.9978E-14
  2253.290039   9.0728E-14
  2254.663818   8.9588E-14
  2256.037598   9.2947E-14
  2257.411377   9.4368E-14
  2258.785156   9.6737E-14
  2260.158936   9.0141E-14
  2261.532715   9.1844E-14
  2262.906494   9.7184E-14
  2264.280273   9.5707E-14
  2265.654053   9.2928E-14
  2267.027832   9.1434E-14
  2268.401611   9.3046E-14
  2269.775391   9.4700E-14
  2271.149170   9.7832E-14
  2272.522949   9.9497E-14
  2273.896729   1.0158E-13
  2275.270508   9.7064E-14
  2276.644287   9.7674E-14
  2278.018066   1.0144E-13
  2279.391846   1.0193E-13
  2280.765625   1.0537E-13
  2282.139404   1.0972E-13
  2283.513184   1.0347E-13
  2284.886963   1.0893E-13
  2286.260742   1.0399E-13
  2287.634766   1.0193E-13
  2289.008545   1.0255E-13
  2290.382324   1.0171E-13
  2291.756104   1.0354E-13
  2293.129883   1.0454E-13
  2294.503662   1.0512E-13
  2295.877441   1.0389E-13
  2297.251221   9.4089E-14
  2298.625000   9.4618E-14
  2299.998779   9.9698E-14
  2301.372559   1.0336E-13
  2302.746338   1.0452E-13
  2304.120117   1.0845E-13
  2305.494141   1.1431E-13
  2306.867920   1.1424E-13
  2308.241699   1.1430E-13
  2309.615479   1.1365E-13
  2310.989258   1.0993E-13
  2312.363037   1.0443E-13
  2313.736816   1.0647E-13
  2315.110596   1.1325E-13
  2316.484375   1.1496E-13
  2317.858154   1.1636E-13
  2319.231934   1.1387E-13
  2320.605713   1.1401E-13
  2321.979736   1.1728E-13
  2323.353516   1.2105E-13
  2324.727295   1.1801E-13
  2326.101074   1.1224E-13
  2327.474854   1.1300E-13
  2328.848633   1.2112E-13
  2330.222412   1.1486E-13
  2331.596191   1.0856E-13
  2332.969971   1.0639E-13
  2334.343750   1.1512E-13
  2335.717529   1.1650E-13
  2337.091309   1.1119E-13
  2338.465088   1.0579E-13
  2339.838867   1.1428E-13
  2341.212646   1.1927E-13
  2342.586670   1.0305E-13
  2343.960449   8.1594E-14
  2345.334229   9.1967E-14
  2346.708008   1.0022E-13
  2348.081787   9.4882E-14
  2349.455566   1.1427E-13
  2350.829346   1.2468E-13
  2352.203125   1.2910E-13
  2353.576904   1.2702E-13
  2354.950684   1.1993E-13
  2356.324463   1.2467E-13
  2357.698242   1.2696E-13
  2359.072021   1.1091E-13
  2360.445801   1.0561E-13
  2361.819580   1.1783E-13
  2363.193359   1.2208E-13
  2364.567139   1.1660E-13
  2365.940918   1.2053E-13
  2367.314697   1.2196E-13
  2368.688477   1.2677E-13
  2370.062256   1.3176E-13
  2371.435791   1.3417E-13
  2372.809570   1.2544E-13
  2374.183350   1.1442E-13
  2375.557129   1.2432E-13
  2376.930908   1.3297E-13
  2378.304688   1.2566E-13
  2379.678467   1.1027E-13
  2381.052246   9.0628E-14
  2382.426025   7.3717E-14
  2383.799805   9.4649E-14
  2385.173584   1.2011E-13
  2386.547119   1.2710E-13
  2387.920898   1.1642E-13
  2389.294678   1.1555E-13
  2390.668457   1.3523E-13
  2392.042236   1.3940E-13
  2393.416016   1.3694E-13
  2394.789795   1.0910E-13
  2396.163330   1.0507E-13
  2397.537109   1.2633E-13
  2398.910889   1.2042E-13
  2400.284668   1.2847E-13
  2401.658447   1.3583E-13
  2403.031982   1.3071E-13
  2404.405762   1.1157E-13
  2405.779541   1.0701E-13
  2407.153320   1.1344E-13
  2408.526855   1.3071E-13
  2409.900635   1.1773E-13
  2411.274414   1.0521E-13
  2412.647949   1.1962E-13
  2414.021729   1.2625E-13
  2415.395508   1.4324E-13
  2416.769287   1.4792E-13
  2418.142822   1.5119E-13
  2419.516602   1.5796E-13
  2420.890381   1.6279E-13
  2422.263916   1.6192E-13
  2423.637695   1.4933E-13
  2425.011230   1.5059E-13
  2426.385010   1.5970E-13
  2427.758789   1.5968E-13
  2429.132324   1.5446E-13
  2430.506104   1.6141E-13
  2431.879639   1.6372E-13
  2433.253418   1.5616E-13
  2434.626953   1.4677E-13
  2436.000732   1.4691E-13
  2437.374268   1.5244E-13
  2438.748047   1.4934E-13
  2440.121582   1.5340E-13
  2441.495361   1.6354E-13
  2442.868896   1.6095E-13
  2444.242676   1.6094E-13
  2445.616211   1.6014E-13
  2446.989990   1.6431E-13
  2448.363525   1.6383E-13
  2449.737061   1.6034E-13
  2451.110840   1.5534E-13
  2452.484375   1.5793E-13
  2453.857910   1.6197E-13
  2455.231689   1.6604E-13
  2456.605225   1.6934E-13
  2457.978760   1.6996E-13
  2459.352539   1.6812E-13
  2460.726074   1.6544E-13
  2462.099609   1.5226E-13
  2463.473389   1.5219E-13
  2464.846924   1.5572E-13
  2466.220459   1.5904E-13
  2467.593994   1.5993E-13
  2468.967529   1.6159E-13
  2470.341309   1.6131E-13
  2471.714844   1.5944E-13
  2473.088379   1.5010E-13
  2474.461914   1.6144E-13
  2475.835449   1.6316E-13
  2477.208984   1.5538E-13
  2478.582520   1.5229E-13
  2479.956055   1.5082E-13
  2481.329590   1.6289E-13
  2482.703125   1.4497E-13
  2484.076660   1.3614E-13
  2485.450195   1.4414E-13
  2486.823730   1.4479E-13
  2488.197266   1.3974E-13
  2489.570801   1.3257E-13
  2490.944336   1.2595E-13
  2492.317871   1.5093E-13
  2493.691406   1.6489E-13
  2495.064941   1.7924E-13
  2496.438477   1.8018E-13
  2497.812012   1.7801E-13
  2499.185303   1.8153E-13
  2500.558838   1.7860E-13
  2501.932373   1.7218E-13
  2503.305908   1.7491E-13
  2504.679199   1.6404E-13
  2506.052734   1.4586E-13
  2507.426270   1.4251E-13
  2508.799805   1.7447E-13
  2510.173096   1.7351E-13
  2511.546631   1.6122E-13
  2512.919922   1.5536E-13
  2514.293457   1.2363E-13
  2515.666992   1.0703E-13
  2517.040283   1.1448E-13
  2518.413818   1.2668E-13
  2519.787109   1.3842E-13
  2521.160645   1.5393E-13
  2522.533936   1.3452E-13
  2523.907471   1.1915E-13
  2525.280762   1.3014E-13
  2526.654297   1.2940E-13
  2528.027588   1.1706E-13
  2529.400879   1.1784E-13
  2530.774414   1.5416E-13
  2532.147705   1.6617E-13
  2533.520996   1.6841E-13
  2534.894531   1.6368E-13
  2536.267822   1.5892E-13
  2537.641113   1.6542E-13
  2539.014648   1.6678E-13
  2540.387939   1.6918E-13
  2541.761230   1.6934E-13
  2543.134521   1.7980E-13
  2544.507812   1.7127E-13
  2545.881104   1.6967E-13
  2547.254395   1.7496E-13
  2548.627930   1.6341E-13
  2550.001221   1.7100E-13
  2551.374512   1.9145E-13
  2552.747803   1.9771E-13
  2554.121094   2.0563E-13
  2555.494385   2.0141E-13
  2556.867676   2.0428E-13
  2558.240723   2.0934E-13
  2559.614014   2.0668E-13
  2560.987305   1.9683E-13
  2562.360596   1.8007E-13
  2563.733887   1.8653E-13
  2565.107178   2.0897E-13
  2566.480225   2.0742E-13
  2567.853516   2.0837E-13
  2569.226807   2.0836E-13
  2570.600098   2.1020E-13
  2571.973145   2.0926E-13
  2573.346436   2.1703E-13
  2574.719482   2.0823E-13
  2576.092773   1.9358E-13
  2577.466064   2.0101E-13
  2578.839111   2.1827E-13
  2580.212402   2.1505E-13
  2581.585449   2.1341E-13
  2582.958740   2.1027E-13
  2584.331787   2.0596E-13
  2585.704834   1.7506E-13
  2587.078125   2.0096E-13
  2588.451172   2.1956E-13
  2589.824219   2.2748E-13
  2591.197510   2.2449E-13
  2592.570557   2.2075E-13
  2593.943604   2.1148E-13
  2595.316650   2.2611E-13
  2596.689941   2.1064E-13
  2598.062988   1.5418E-13
  2599.436035   1.5431E-13
  2600.809082   1.8839E-13
  2602.182129   2.2475E-13
  2603.555176   2.2750E-13
  2604.928223   2.0354E-13
  2606.301270   1.8754E-13
  2607.674316   1.8560E-13
  2609.047363   2.0527E-13
  2610.420410   1.9449E-13
  2611.793457   1.6489E-13
  2613.166504   1.7331E-13
  2614.539551   1.8993E-13
  2615.912354   2.0770E-13
  2617.285400   2.0443E-13
  2618.658447   2.0753E-13
  2620.031494   2.1485E-13
  2621.404297   2.1656E-13
  2622.777344   2.1916E-13
  2624.150146   2.1959E-13
  2625.523193   2.1271E-13
  2626.896240   2.0369E-13
  2628.269043   1.9306E-13
  2629.642090   1.8613E-13
  2631.014893   1.7316E-13
  2632.387695   1.9913E-13
  2633.760742   2.3687E-13
  2635.133545   2.4677E-13
  2636.506592   2.5087E-13
  2637.879395   2.6071E-13
  2639.252197   2.6467E-13
  2640.625000   2.6165E-13
  2641.998047   2.6143E-13
  2643.370850   2.6551E-13
  2644.743652   2.6443E-13
  2646.116455   2.6411E-13
  2647.489258   2.6543E-13
  2648.862061   2.6812E-13
  2650.234863   2.7061E-13
  2651.607666   2.6901E-13
  2652.980469   2.6958E-13
  2654.353271   2.7479E-13
  2655.726074   2.7804E-13
  2657.098877   2.6961E-13
  2658.471680   2.7087E-13
  2659.844238   2.6828E-13
  2661.217041   2.6066E-13
  2662.589844   2.5676E-13
  2663.962402   2.5414E-13
  2665.335205   2.5545E-13
  2666.708008   2.4602E-13
  2668.080566   2.5346E-13
  2669.453369   2.6404E-13
  2670.825928   2.6695E-13
  2672.198730   2.6080E-13
  2673.571289   2.6802E-13
  2674.944092   2.7687E-13
  2676.316650   2.7132E-13
  2677.689209   2.5715E-13
  2679.062012   2.5391E-13
  2680.434570   2.6617E-13
  2681.807129   2.7240E-13
  2683.179688   2.7178E-13
  2684.552246   2.7020E-13
  2685.925049   2.7437E-13
  2687.297607   2.6915E-13
  2688.670166   2.6341E-13
  2690.042725   2.5923E-13
  2691.415283   2.6104E-13
  2692.787842   2.6682E-13
  2694.160156   2.6605E-13
  2695.532715   2.6645E-13
  2696.905273   2.6770E-13
  2698.277832   2.6345E-13
  2699.650391   2.7163E-13
  2701.022705   2.7476E-13
  2702.395264   2.7500E-13
  2703.767822   2.7862E-13
  2705.140137   2.7381E-13
  2706.512695   2.6843E-13
  2707.885010   2.7038E-13
  2709.257568   2.7128E-13
  2710.629883   2.6801E-13
  2712.002441   2.6543E-13
  2713.374756   2.6872E-13
  2714.747070   2.6165E-13
  2716.119629   2.6320E-13
  2717.491943   2.6231E-13
  2718.864258   2.5486E-13
  2720.236572   2.5709E-13
  2721.608887   2.6537E-13
  2722.981445   2.6724E-13
  2724.353760   2.6512E-13
  2725.726074   2.6425E-13
  2727.098389   2.6380E-13
  2728.470703   2.6560E-13
  2729.842773   2.7833E-13
  2731.215088   2.7666E-13
  2732.587402   2.7175E-13
  2733.959717   2.6019E-13
  2735.332031   2.6449E-13
  2736.704102   2.5482E-13
  2738.076416   2.5169E-13
  2739.448730   2.5014E-13
  2740.820801   2.4993E-13
  2742.193115   2.4517E-13
  2743.565186   2.3361E-13
  2744.937500   2.4979E-13
  2746.309570   2.4191E-13
  2747.681641   2.3133E-13
  2749.053955   2.3157E-13
  2750.426025   2.3223E-13
  2751.798096   2.5577E-13
  2753.170166   2.7430E-13
  2754.542480   2.6140E-13
  2755.914551   2.4495E-13
  2757.286621   2.5781E-13
  2758.658691   2.8483E-13
  2760.030762   2.8739E-13
  2761.402832   2.8519E-13
  2762.774658   2.7266E-13
  2764.146729   2.8736E-13
  2765.518799   2.8478E-13
  2766.890869   2.8125E-13
  2768.262939   2.8148E-13
  2769.634766   2.8384E-13
  2771.006836   2.9495E-13
  2772.378662   2.9313E-13
  2773.750732   3.0026E-13
  2775.122803   2.9120E-13
  2776.494629   2.8942E-13
  2777.866455   2.8193E-13
  2779.238525   2.7579E-13
  2780.610352   2.7829E-13
  2781.982178   2.8034E-13
  2783.354248   2.8360E-13
  2784.726074   2.8933E-13
  2786.097900   2.8558E-13
  2787.469727   2.7362E-13
  2788.841553   2.5360E-13
  2790.213379   2.2964E-13
  2791.585205   1.8455E-13
  2792.957031   1.3083E-13
  2794.328857   7.4682E-14
  2795.700439   4.3642E-14
  2797.072266   5.4677E-14
  2798.444092   8.5083E-14
  2799.815918   1.0274E-13
  2801.187500   8.6209E-14
  2802.559326   5.7301E-14
  2803.930908   7.5466E-14
  2805.302734   1.4285E-13
  2806.674316   2.0529E-13
  2808.046143   2.4969E-13
  2809.417725   2.7620E-13
  2810.789307   2.7540E-13
  2812.160889   2.7434E-13
  2813.532715   2.8362E-13
  2814.904297   2.9589E-13
  2816.275879   2.9720E-13
  2817.647461   2.9980E-13
  2819.019043   3.0133E-13
  2820.390625   3.0176E-13
  2821.762207   3.0323E-13
  2823.133789   3.0482E-13
  2824.505127   3.0281E-13
  2825.876709   3.0131E-13
  2827.248291   3.0827E-13
  2828.619873   3.0233E-13
  2829.991211   3.0257E-13
  2831.362793   3.0744E-13
  2832.734131   3.0227E-13
  2834.105713   3.0661E-13
  2835.477051   2.9855E-13
  2836.848389   3.0346E-13
  2838.219971   3.1818E-13
  2839.591309   3.0897E-13
  2840.962646   3.0339E-13
  2842.333984   3.0634E-13
  2843.705322   2.9317E-13
  2845.076660   3.0768E-13
  2846.447998   3.0489E-13
  2847.819336   3.0040E-13
  2849.190674   2.7902E-13
  2850.562012   2.3425E-13
  2851.933350   1.6360E-13
  2853.304688   2.0214E-13
  2854.675781   2.7720E-13
  2856.047119   2.9501E-13
  2857.418457   3.1061E-13
  2858.789551   3.1021E-13
  2860.160889   3.2185E-13
  2861.531982   3.1835E-13
  2862.903076   3.1710E-13
  2864.274414   3.2160E-13
  2865.645508   3.1368E-13
  2867.016602   3.1082E-13
  2868.387695   3.1243E-13
  2869.758789   3.1857E-13
  2871.129883   3.3068E-13
  2872.500977   3.3380E-13
  2873.872070   3.2405E-13
  2875.243164   3.1236E-13
  2876.614258   3.0339E-13
  2877.985352   3.0774E-13
  2879.356445   3.0560E-13
  2880.727295   2.7432E-13
  2882.098389   2.5949E-13
  2883.469238   3.0830E-13
  2884.840332   3.2737E-13
  2886.211182   3.3674E-13
  2887.582275   3.4482E-13
  2888.953125   3.3619E-13
  2890.323975   3.2534E-13
  2891.695068   3.2060E-13
  2893.065918   3.0723E-13
  2894.436768   3.2917E-13
  2895.807617   3.3667E-13
  2897.178467   3.4902E-13
  2898.549316   3.5020E-13
  2899.920166   3.5721E-13
  2901.291016   3.5842E-13
  2902.661865   3.6206E-13
  2904.032471   3.6128E-13
  2905.403320   3.6780E-13
  2906.774170   3.5242E-13
  2908.144775   3.3881E-13
  2909.515625   3.3859E-13
  2910.886230   3.4896E-13
  2912.256836   3.5762E-13
  2913.627686   3.6086E-13
  2914.998291   3.7075E-13
  2916.368896   3.6111E-13
  2917.739502   3.5207E-13
  2919.110107   3.5069E-13
  2920.480713   3.6129E-13
  2921.851318   3.6658E-13
  2923.221924   3.5625E-13
  2924.592529   3.5135E-13
  2925.963135   3.5382E-13
  2927.333740   3.5558E-13
  2928.704102   3.4734E-13
  2930.074707   3.6343E-13
  2931.445312   3.7339E-13
  2932.815674   3.7255E-13
  2934.186279   3.7032E-13
  2935.556641   3.6165E-13
  2936.927002   3.4751E-13
  2938.297607   3.4562E-13
  2939.667969   3.5368E-13
  2941.038330   3.5710E-13
  2942.408691   3.6602E-13
  2943.779053   3.6041E-13
  2945.149414   3.5496E-13
  2946.519775   3.6555E-13
  2947.890137   3.4940E-13
  2949.260254   3.5260E-13
  2950.630615   3.6821E-13
  2952.000977   3.7059E-13
  2953.371094   3.6040E-13
  2954.741455   3.6278E-13
  2956.111572   3.7714E-13
  2957.481934   3.7407E-13
  2958.852051   3.8246E-13
  2960.222412   3.7311E-13
  2961.592529   3.8578E-13
  2962.962646   3.8458E-13
  2964.332764   3.6441E-13
  2965.702881   3.5669E-13
  2967.072998   3.5607E-13
  2968.443115   3.6008E-13
  2969.813232   3.4383E-13
  2971.183350   3.5058E-13
  2972.553223   3.6118E-13
  2973.923340   3.7414E-13
  2975.293457   3.8792E-13
  2976.663330   3.9224E-13
  2978.033447   3.9561E-13
  2979.403320   3.8655E-13
  2980.773193   3.7707E-13
  2982.143311   3.7379E-13
  2983.513184   3.5932E-13
  2984.883057   3.4954E-13
  2986.252930   3.5918E-13
  2987.622803   3.6556E-13
  2988.992676   3.8630E-13
  2990.362549   3.9607E-13
  2991.732422   3.9539E-13
  2993.102051   3.9107E-13
  2994.471924   3.8140E-13
  2995.841797   3.9744E-13
  2997.211426   4.0641E-13
  2998.581299   3.9963E-13
  2999.950928   3.8469E-13
  3001.320801   3.7313E-13
  3002.690430   3.6773E-13
  3004.060059   3.8852E-13
  3005.429688   4.0116E-13
  3006.799316   3.9131E-13
  3008.168945   3.8371E-13
  3009.538574   3.9739E-13
  3010.908203   4.0880E-13
  3012.277832   4.0636E-13
  3013.647461   4.0669E-13
  3015.017090   3.9997E-13
  3016.386475   3.9181E-13
  3017.756104   3.8208E-13
  3019.125488   3.6744E-13
  3020.495117   3.4749E-13
  3021.864502   3.7506E-13
  3023.233887   4.0452E-13
  3024.603516   3.9384E-13
  3025.972900   3.9083E-13
  3027.342285   4.1143E-13
  3028.711670   4.2008E-13
  3030.081055   4.0968E-13
  3031.450439   4.0432E-13
  3032.819824   4.1593E-13
  3034.188965   4.2514E-13
  3035.558350   4.2511E-13
  3036.927734   4.0945E-13
  3038.296875   4.0513E-13
  3039.666260   4.2068E-13
  3041.035400   4.0070E-13
  3042.404541   3.9550E-13
  3043.773926   4.0619E-13
  3045.143066   4.1191E-13
  3046.512207   4.1613E-13
  3047.881348   4.1181E-13
  3049.250488   4.2005E-13
  3050.619629   4.2418E-13
  3051.988770   4.3085E-13
  3053.357666   4.2169E-13
  3054.726807   4.1429E-13
  3056.095947   4.1072E-13
  3057.464844   3.8811E-13
  3058.833984   3.9477E-13
  3060.202881   4.1048E-13
  3066.975586   3.5220E-13
  3069.721436   3.7233E-13
  3072.467529   3.8956E-13
  3075.213379   3.9146E-13
  3077.959473   3.9033E-13
  3080.705322   3.8935E-13
  3083.451416   3.9508E-13
  3086.197510   3.7877E-13
  3088.943604   3.5474E-13
  3091.689697   3.5566E-13
  3094.435791   3.6331E-13
  3097.181885   3.6184E-13
  3099.927979   3.6087E-13
  3102.674072   3.8613E-13
  3105.420166   3.9831E-13
  3108.166504   4.0792E-13
  3110.912598   4.0934E-13
  3113.658691   4.0263E-13
  3116.405029   3.9017E-13
  3119.151367   3.8289E-13
  3121.897461   3.8057E-13
  3124.643799   3.8146E-13
  3127.390137   3.9609E-13
  3130.136475   4.0481E-13
  3132.882812   4.0657E-13
  3135.629150   4.0595E-13
  3138.375488   3.9486E-13
  3141.121826   3.8075E-13
  3143.868164   3.5768E-13
  3146.614746   3.9553E-13
  3149.361084   4.0657E-13
  3152.107666   4.0848E-13
  3154.854004   3.9838E-13
  3157.600586   3.8929E-13
  3160.346924   3.9014E-13
  3163.093506   4.0653E-13
  3165.840088   4.2206E-13
  3168.586670   4.3315E-13
  3171.333252   4.3971E-13
  3174.079834   4.4342E-13
  3176.826416   4.3165E-13
  3179.572998   4.0808E-13
  3182.319580   4.1012E-13
  3185.066162   4.2145E-13
  3187.812988   4.2810E-13
  3190.559570   4.1217E-13
  3193.306152   4.2173E-13
  3196.052979   4.3301E-13
  3198.799805   4.4473E-13
  3201.546387   4.5149E-13
  3204.293213   4.6520E-13
  3207.040039   4.5519E-13
  3209.786865   4.3424E-13
  3212.533447   4.3565E-13
  3215.280273   4.4170E-13
  3218.027100   4.5192E-13
  3220.773926   4.5446E-13
  3223.520996   4.5345E-13
  3226.267822   4.4229E-13
  3229.014648   4.3886E-13
  3231.761475   4.3931E-13
  3234.508545   4.4200E-13
  3237.255371   4.5446E-13
  3240.002441   4.6789E-13
  3242.749268   4.7452E-13
  3245.496338   4.6991E-13
  3248.243408   4.6299E-13
  3250.990234   4.7117E-13
  3253.737305   4.7643E-13
  3256.484375   5.0105E-13
  3259.231445   5.0199E-13
  3261.978516   4.9561E-13
  3264.725586   4.9909E-13
  3267.472656   5.0260E-13
  3270.219727   4.9553E-13
  3272.966797   4.9437E-13
  3275.714111   4.8853E-13
  3278.461182   4.8443E-13
  3281.208252   4.9248E-13
  3283.955566   5.0126E-13
  3286.702637   4.9982E-13
  3289.449951   5.1425E-13
  3292.197021   5.2257E-13
  3294.944336   5.2688E-13
  3297.691650   5.2866E-13
  3300.438721   5.2608E-13
  3303.186035   5.1376E-13
  3305.933350   5.1258E-13
  3308.680664   5.2275E-13
  3311.427979   5.2710E-13
  3314.175293   5.1975E-13
  3316.922607   5.1038E-13
  3319.669922   5.1212E-13
  3322.417236   5.0870E-13
  3325.164795   5.1346E-13
  3327.912109   5.1623E-13
  3330.659424   5.1682E-13
  3333.406738   5.1692E-13
  3336.154297   5.1704E-13
  3338.901611   5.1374E-13
  3341.649170   5.1256E-13
  3344.396484   5.2387E-13
  3347.144043   5.1075E-13
  3349.891602   5.1293E-13
  3352.639160   5.2501E-13
  3355.386475   5.3185E-13
  3358.134033   5.1588E-13
  3360.881592   5.0696E-13
  3363.629150   5.2473E-13
  3366.376709   5.1773E-13
  3369.124268   5.0533E-13
  3371.871826   5.0085E-13
  3374.619385   5.2825E-13
  3377.366943   5.2054E-13
  3380.114502   5.1115E-13
  3382.862305   5.1917E-13
  3385.609863   5.2236E-13
  3388.357422   5.2785E-13
  3391.105225   5.2224E-13
  3393.852783   5.2924E-13
  3396.600586   5.4721E-13
  3399.348145   5.4752E-13
  3402.095947   5.3868E-13
  3404.843506   5.2867E-13
  3407.591309   5.2622E-13
  3410.339111   5.2428E-13
  3413.086670   5.1710E-13
  3415.834473   5.3826E-13
  3418.582275   5.5065E-13
  3421.330078   5.4195E-13
  3424.077881   5.4261E-13
  3426.825684   5.4601E-13
  3429.573486   5.5339E-13
  3432.321289   5.4608E-13
  3435.069092   5.4566E-13
  3437.816895   5.3280E-13
  3440.564697   5.1709E-13
  3443.312500   5.1652E-13
  3446.060303   5.3924E-13
  3448.808350   5.4520E-13
  3451.556152   5.4464E-13
  3454.303955   5.4836E-13
  3457.052002   5.5322E-13
  3459.799805   5.4295E-13
  3462.547852   5.5252E-13
  3465.295654   5.5284E-13
  3468.043701   5.5399E-13
  3470.791504   5.5924E-13
  3473.539551   5.3654E-13
  3476.287598   5.3947E-13
  3479.035400   5.6494E-13
  3481.783447   5.6314E-13
  3484.531494   5.6112E-13
  3487.279541   5.5338E-13
  3490.027344   5.4670E-13
  3492.775391   5.5013E-13
  3495.523438   5.4865E-13
  3498.271484   5.5350E-13
  3501.019531   5.5279E-13
  3503.767578   5.6067E-13
  3506.515625   5.6151E-13
  3509.263672   5.4885E-13
  3512.011719   5.4678E-13
  3514.759766   5.5414E-13
  3517.508057   5.5957E-13
  3520.256104   5.5114E-13
  3523.004150   5.4527E-13
  3525.752197   5.4404E-13
  3528.500488   5.5852E-13
  3531.248535   5.7061E-13
  3533.996582   5.8081E-13
  3536.744873   5.8678E-13
  3539.492920   5.8264E-13
  3542.241211   5.8584E-13
  3544.989258   5.9193E-13
  3547.737549   5.8933E-13
  3550.485596   5.8844E-13
  3553.233887   5.8328E-13
  3555.981934   5.8247E-13
  3558.730225   5.8136E-13
  3561.478516   5.8168E-13
  3564.226562   5.6994E-13
  3566.974854   5.6563E-13
  3569.723145   5.5327E-13
  3572.471436   5.5444E-13
  3575.219727   5.6743E-13
  3577.967773   5.7178E-13
  3580.716064   5.6305E-13
  3583.464355   5.6310E-13
  3586.212646   5.4560E-13
  3588.960938   5.6229E-13
  3591.709229   5.7812E-13
  3594.457520   5.8538E-13
  3597.205811   5.9123E-13
  3599.954102   5.9751E-13
  3602.702393   5.9029E-13
  3605.450684   5.8141E-13
  3608.198975   5.7305E-13
  3610.947510   5.7942E-13
  3613.695801   5.8523E-13
  3616.444092   5.8641E-13
  3619.192383   5.8338E-13
  3621.940674   5.8928E-13
  3624.689209   6.0117E-13
  3627.437500   6.0326E-13
  3630.185791   5.8997E-13
  3632.934326   5.9089E-13
  3635.682617   6.0189E-13
  3638.430908   6.0001E-13
  3641.179443   5.9995E-13
  3643.927734   5.8911E-13
  3646.676270   5.8838E-13
  3649.424561   5.8475E-13
  3652.173096   6.0544E-13
  3654.921387   6.1540E-13
  3657.669922   6.1687E-13
  3660.418213   6.1531E-13
  3663.166748   6.1925E-13
  3665.915039   6.2078E-13
  3668.663574   6.1616E-13
  3671.411865   6.1934E-13
  3674.160400   6.1770E-13
  3676.908936   6.1088E-13
  3679.657227   6.0826E-13
  3682.405762   6.0424E-13
  3685.154297   5.9796E-13
  3687.902588   6.0832E-13
  3690.651123   6.2564E-13
  3693.399658   6.3224E-13
  3696.148193   6.4190E-13
  3698.896484   6.4535E-13
  3701.645020   6.4497E-13
  3704.393555   6.1255E-13
  3707.142090   6.2714E-13
  3709.890625   6.2777E-13
  3712.639160   6.2969E-13
  3715.387451   6.8439E-13
  3718.135986   6.6568E-13
  3720.884521   6.0482E-13
  3723.633057   6.3711E-13
  3726.381592   6.8827E-13
  3729.130127   7.0019E-13
  3731.878662   6.4281E-13
  3734.627197   5.8808E-13
  3737.375732   6.4073E-13
  3740.124268   6.9077E-13
  3742.872803   7.0429E-13
  3745.621338   6.6011E-13
  3748.369873   6.1042E-13
  3751.118408   6.4634E-13
  3753.866943   6.8638E-13
  3756.615479   7.2656E-13
  3759.364014   7.1318E-13
  3762.112549   7.2713E-13
  3764.861084   7.2347E-13
  3767.609619   6.8143E-13
  3770.358154   6.3347E-13
  3773.106934   6.8967E-13
  3775.855469   7.4704E-13
  3778.604004   7.7685E-13
  3781.352539   7.8021E-13
  3784.101074   7.7165E-13
  3786.849609   7.6164E-13
  3789.598145   7.5940E-13
  3792.346924   7.3842E-13
  3795.095459   6.8109E-13
  3797.843994   6.2993E-13
  3800.592529   6.9917E-13
  3803.341064   7.5603E-13
  3806.089600   7.5863E-13
  3808.838379   7.7343E-13
  3811.586914   7.7284E-13
  3814.335449   7.6179E-13
  3817.083984   7.6675E-13
  3819.832520   7.6623E-13
  3822.581299   7.6956E-13
  3825.329834   7.3969E-13
  3828.078369   7.3338E-13
  3830.826904   7.0447E-13
  3833.575684   6.3894E-13
  3836.324219   6.2616E-13
  3839.072754   6.8633E-13
  3841.821289   7.4369E-13
  3844.570068   7.6758E-13
  3847.318604   7.8052E-13
  3850.067139   7.8611E-13
  3852.815674   7.9300E-13
  3855.564209   7.8629E-13
  3858.312988   7.7155E-13
  3861.061523   7.9108E-13
  3863.810059   8.0248E-13
  3866.558594   8.0606E-13
  3869.307373   7.9345E-13
  3872.055908   7.6296E-13
  3874.804443   7.6618E-13
  3877.552979   7.5469E-13
  3880.301758   7.5932E-13
  3883.050293   7.5238E-13
  3885.798828   6.9452E-13
  3888.547363   6.3038E-13
  3891.296143   6.8154E-13
  3894.044678   7.2572E-13
  3896.793213   7.4436E-13
  3899.541748   7.5130E-13
  3902.290283   7.5548E-13
  3905.039062   7.6006E-13
  3907.787598   7.8131E-13
  3910.536133   7.9816E-13
  3913.284668   7.9201E-13
  3916.033203   7.8781E-13
  3918.781982   7.8438E-13
  3921.530518   7.5702E-13
  3924.279053   7.7144E-13
  3927.027588   7.4195E-13
  3929.776123   6.3516E-13
  3932.524658   4.6153E-13
  3935.273438   4.9992E-13
  3938.021973   6.8680E-13
  3940.770508   7.6636E-13
  3943.519043   7.7778E-13
  3946.267578   7.9612E-13
  3949.016113   8.0160E-13
  3951.764648   8.0013E-13
  3954.513184   8.0166E-13
  3957.261719   7.9622E-13
  3960.010498   7.7853E-13
  3962.759033   7.3988E-13
  3965.507568   6.2143E-13
  3968.256104   4.5544E-13
  3971.004639   5.4644E-13
  3973.753174   6.7331E-13
  3976.501709   7.7327E-13
  3979.250244   7.9809E-13
  3981.998779   8.0822E-13
  3984.747314   8.2229E-13
  3987.495850   8.2512E-13
  3990.244385   8.2448E-13
  3992.992920   8.3427E-13
  3995.741211   8.3372E-13
  3998.489746   8.3011E-13
  4001.238281   8.3422E-13
  4003.986816   8.2752E-13
  4006.735352   8.2934E-13
  4009.483887   8.4369E-13
  4012.232422   8.4200E-13
  4014.980957   8.4311E-13
  4017.729248   8.4837E-13
  4020.477783   8.4954E-13
  4023.226318   8.4682E-13
  4025.974854   8.4285E-13
  4028.723145   8.2902E-13
  4031.471680   8.2406E-13
  4034.220215   8.2580E-13
  4036.968750   8.4045E-13
  4039.717041   8.4826E-13
  4042.465576   8.4979E-13
  4045.214111   8.3043E-13
  4047.962402   8.3876E-13
  4050.710938   8.4445E-13
  4053.459229   8.4902E-13
  4056.207764   8.4101E-13
  4058.956299   8.4607E-13
  4061.704590   8.4293E-13
  4064.453125   8.3668E-13
  4067.201416   8.3860E-13
  4069.949951   8.4679E-13
  4072.698242   8.3469E-13
  4075.446533   8.4124E-13
  4078.195068   8.3807E-13
  4080.943359   8.4942E-13
  4083.691895   8.5214E-13
  4086.440186   8.4828E-13
  4089.188477   8.4892E-13
  4091.937012   8.4130E-13
  4094.685303   8.1983E-13
  4097.433594   7.9367E-13
  4100.182129   7.2383E-13
  4102.930176   7.0663E-13
  4105.678711   7.8781E-13
  4108.427246   8.1445E-13
  4111.175293   8.3342E-13
  4113.923828   8.4957E-13
  4116.671875   8.5321E-13
  4119.420410   8.4655E-13
  4122.168457   8.5092E-13
  4124.916992   8.5689E-13
  4127.665039   8.5917E-13
  4130.413574   8.5059E-13
  4133.161621   8.5010E-13
  4135.910156   8.5691E-13
  4138.658203   8.6188E-13
  4141.406738   8.5501E-13
  4144.154785   8.4318E-13
  4146.902832   8.5410E-13
  4149.651367   8.6583E-13
  4152.399414   8.6175E-13
  4155.147949   8.5938E-13
  4157.895996   8.6161E-13
  4160.644043   8.6526E-13
  4163.392578   8.6448E-13
  4166.140625   8.6449E-13
  4168.888672   8.6725E-13
  4171.636719   8.5959E-13
  4174.385254   8.5110E-13
  4177.133301   8.5211E-13
  4179.881348   8.5273E-13
  4182.629395   8.5442E-13
  4185.377930   8.5279E-13
  4188.125977   8.4899E-13
  4190.874023   8.4099E-13
  4193.622070   8.5779E-13
  4196.370117   8.4955E-13
  4199.118164   8.4111E-13
  4201.866211   8.3586E-13
  4204.614746   8.5060E-13
  4207.362793   8.5532E-13
  4210.110840   8.5753E-13
  4212.858887   8.5271E-13
  4215.606934   8.5005E-13
  4218.354980   8.5073E-13
  4221.103027   8.4730E-13
  4223.851074   8.3970E-13
  4226.599121   8.3008E-13
  4229.347168   8.4601E-13
  4232.094727   8.4805E-13
  4234.842773   8.4553E-13
  4237.590820   8.4632E-13
  4240.338867   8.5599E-13
  4243.086914   8.4551E-13
  4245.834961   8.4224E-13
  4248.583008   8.2901E-13
  4251.330566   8.3246E-13
  4254.078613   8.3885E-13
  4256.826660   8.4147E-13
  4259.574707   8.4549E-13
  4262.322266   8.4935E-13
  4265.070312   8.5538E-13
  4267.818359   8.4136E-13
  4270.565918   8.2535E-13
  4273.313965   8.2136E-13
  4276.062012   8.3208E-13
  4278.809570   8.3673E-13
  4281.557617   8.3494E-13
  4284.305176   8.2753E-13
  4287.053223   8.1871E-13
  4289.800781   8.0425E-13
  4292.548828   7.9748E-13
  4295.296387   7.9511E-13
  4298.044434   7.7726E-13
  4300.791992   7.5300E-13
  4303.540039   7.5032E-13
  4306.287598   7.4616E-13
  4309.035156   7.3438E-13
  4311.783203   7.5081E-13
  4314.530762   7.9933E-13
  4317.278320   8.3401E-13
  4320.026367   8.4321E-13
  4322.773926   8.3046E-13
  4325.521484   8.1265E-13
  4328.269043   8.3361E-13
  4331.017090   8.4266E-13
  4333.764648   8.3322E-13
  4336.512207   7.9594E-13
  4339.259766   7.2169E-13
  4342.007324   7.1723E-13
  4344.754883   7.9534E-13
  4347.502441   8.3060E-13
  4350.250000   8.4835E-13
  4352.997559   8.3741E-13
  4355.745117   8.5063E-13
  4358.492676   8.5320E-13
  4361.240234   8.5520E-13
  4363.987793   8.6404E-13
  4366.735352   8.5843E-13
  4369.482910   8.5284E-13
  4372.230469   8.5132E-13
  4374.977539   8.4692E-13
  4377.725098   8.5273E-13
  4380.472656   8.5803E-13
  4383.220215   8.4188E-13
  4385.967285   8.4741E-13
  4388.714844   8.5182E-13
  4391.462402   8.6158E-13
  4394.209473   8.5870E-13
  4396.957031   8.6031E-13
  4399.704590   8.6075E-13
  4402.451660   8.6136E-13
  4405.199219   8.6138E-13
  4407.946289   8.7402E-13
  4410.693848   8.7767E-13
  4413.440918   8.7494E-13
  4416.188477   8.6075E-13
  4418.935547   8.7162E-13
  4421.682617   8.7212E-13
  4424.430176   8.7617E-13
  4427.177246   8.7490E-13
  4429.924316   8.7638E-13
  4432.671875   8.8153E-13
  4435.418945   8.8142E-13
  4438.166016   8.7953E-13
  4440.913086   8.7835E-13
  4443.660156   8.7175E-13
  4446.407227   8.7931E-13
  4449.154785   8.6408E-13
  4451.901855   8.7722E-13
  4454.648926   8.7090E-13
  4457.395996   8.8179E-13
  4460.143066   8.7466E-13
  4462.890137   8.7907E-13
  4465.637207   8.7940E-13
  4468.383789   8.6703E-13
  4471.130859   8.7945E-13
  4473.877930   8.7954E-13
  4476.625000   8.8093E-13
  4479.372070   8.8276E-13
  4482.118652   8.7721E-13
  4484.865723   8.8285E-13
  4487.612793   8.8558E-13
  4490.359863   8.8333E-13
  4493.106445   8.8215E-13
  4495.853516   8.8528E-13
  4498.600098   8.8280E-13
  4501.347168   8.8200E-13
  4504.093750   8.8788E-13
  4506.840820   8.9147E-13
  4509.587402   8.9211E-13
  4512.334473   8.9563E-13
  4515.081055   8.7919E-13
  4517.827637   8.8791E-13
  4520.574707   8.8841E-13
  4523.321289   8.7085E-13
  4526.067871   8.7949E-13
  4528.814941   8.7384E-13
  4531.561523   8.7462E-13
  4534.308105   8.7407E-13
  4537.054688   8.8023E-13
  4539.801270   8.8583E-13
  4542.547852   8.9039E-13
  4545.294434   8.8661E-13
  4548.041016   8.7842E-13
  4550.787598   8.7896E-13
  4553.534180   8.7994E-13
  4556.280762   8.8663E-13
  4559.027344   8.9024E-13
  4561.773926   8.8951E-13
  4564.520020   8.8464E-13
  4567.266602   8.9052E-13
  4570.013184   8.8836E-13
  4572.759766   8.8458E-13
  4575.505859   8.9290E-13
  4578.252441   8.9658E-13
  4580.998535   8.9067E-13
  4583.745117   8.8518E-13
  4586.491699   8.8712E-13
  4589.237793   8.8732E-13
  4591.984375   8.8717E-13
  4594.730469   8.8806E-13
  4597.476562   8.9293E-13
  4600.223145   8.9334E-13
  4602.969238   8.9225E-13
  4605.715332   8.9130E-13
  4608.461426   8.9291E-13
  4611.208008   8.9550E-13
  4613.954102   8.9480E-13
  4616.700195   8.9322E-13
  4619.446289   8.9280E-13
  4622.192383   8.8703E-13
  4624.938477   8.9606E-13
  4627.684570   8.9293E-13
  4630.430664   8.9221E-13
  4633.176758   8.9356E-13
  4635.922852   8.9478E-13
  4638.668945   8.9607E-13
  4641.415039   9.0460E-13
  4644.160645   8.8701E-13
  4646.906738   8.8987E-13
  4649.652832   8.9295E-13
  4652.398438   8.8645E-13
  4655.144531   8.9656E-13
  4657.890625   8.9405E-13
  4660.636230   8.8916E-13
  4663.382324   8.9396E-13
  4666.127930   8.9402E-13
  4668.873535   8.8927E-13
  4671.619629   8.9130E-13
  4674.365234   8.9092E-13
  4677.110840   8.9509E-13
  4679.856934   8.9309E-13
  4682.602539   8.9538E-13
  4685.348145   8.8906E-13
  4688.093750   8.8707E-13
  4690.839355   8.9694E-13
  4693.584961   8.9715E-13
  4696.330566   8.9505E-13
  4699.076172   8.9658E-13
  4701.821777   8.9097E-13
  4704.567383   8.8558E-13
  4707.312988   8.8048E-13
  4710.058594   8.9489E-13
  4712.804199   8.9241E-13
  4715.549316   8.9588E-13
  4718.294922   8.8922E-13
  4721.040527   8.9614E-13
  4723.785645   8.8391E-13
  4726.531250   8.8095E-13
  4729.276855   8.8814E-13
  4732.021973   8.8883E-13
  4734.767578   8.9251E-13
  4737.512695   8.9199E-13
  4740.257812   8.8883E-13
  4743.003418   8.9061E-13
  4745.748535   8.9817E-13
  4748.493652   9.0144E-13
  4751.238770   8.9575E-13
  4753.984375   8.9320E-13
  4756.729492   8.8751E-13
  4759.474609   8.8456E-13
  4762.219727   8.8723E-13
  4764.964844   8.8958E-13
  4767.709961   8.9442E-13
  4770.455078   8.9525E-13
  4773.199707   8.8235E-13
  4775.944824   8.8790E-13
  4778.689941   8.8707E-13
  4781.435059   8.8922E-13
  4784.179688   8.8767E-13
  4786.924805   8.8757E-13
  4789.669922   8.8568E-13
  4792.414551   8.8019E-13
  4795.159668   8.8632E-13
  4797.904297   8.8828E-13
  4800.648926   8.8411E-13
  4803.394043   8.8230E-13
  4806.138672   8.8258E-13
  4808.883301   8.8375E-13
  4811.628418   8.8991E-13
  4814.373047   8.8262E-13
  4817.117676   8.7165E-13
  4819.862305   8.7758E-13
  4822.606934   8.8118E-13
  4825.351562   8.8672E-13
  4828.096191   8.8841E-13
  4830.840820   8.9005E-13
  4833.585449   8.8468E-13
  4836.330078   8.8213E-13
  4839.074219   8.8101E-13
  4841.818848   8.8403E-13
  4844.563477   8.8472E-13
  4847.307617   8.7666E-13
  4850.052246   8.7390E-13
  4852.796875   8.6962E-13
  4855.541016   8.4633E-13
  4858.285156   7.9660E-13
  4861.029785   7.4439E-13
  4863.773926   7.6433E-13
  4866.518555   8.2292E-13
  4869.262695   8.6135E-13
  4872.006836   8.6585E-13
  4874.750977   8.7153E-13
  4877.495117   8.6775E-13
  4880.239258   8.8013E-13
  4882.983398   8.7684E-13
  4885.727539   8.7006E-13
  4888.471680   8.8166E-13
  4891.215820   8.7869E-13
  4893.959961   8.8119E-13
  4896.704102   8.8237E-13
  4899.447754   8.7860E-13
  4902.191895   8.8162E-13
  4904.935547   8.8672E-13
  4907.679688   8.8624E-13
  4910.423828   8.8222E-13
  4913.167480   8.8437E-13
  4915.911133   8.8726E-13
  4918.655273   8.7102E-13
  4921.398926   8.7197E-13
  4924.142578   8.7933E-13
  4926.886719   8.8035E-13
  4929.630371   8.8302E-13
  4932.374023   8.8127E-13
  4935.117676   8.8714E-13
  4937.861328   8.8582E-13
  4940.604980   8.8784E-13
  4943.348633   8.8817E-13
  4946.091797   8.8854E-13
  4948.835449   8.9039E-13
  4951.579102   8.8530E-13
  4954.322754   8.8376E-13
  4957.065918   8.7936E-13
  4959.809570   8.7999E-13
  4962.552734   8.8617E-13
  4965.296387   8.8688E-13
  4968.039551   8.8710E-13
  4970.783203   8.9008E-13
  4973.526367   8.8743E-13
  4976.269531   8.8970E-13
  4979.013184   8.9187E-13
  4981.756348   8.8447E-13
  4984.499512   8.8542E-13
  4987.242676   8.8500E-13
  4989.985840   8.8530E-13
  4992.729004   8.8601E-13
  4995.472168   8.8978E-13
  4998.214844   8.8502E-13
  5000.958008   8.8108E-13
  5003.701172   8.8544E-13
  5006.444336   8.8061E-13
  5009.187012   8.7837E-13
  5011.930176   8.7962E-13
  5014.672852   8.7940E-13
  5017.416016   8.8253E-13
  5020.158691   8.8687E-13
  5022.901855   8.9198E-13
  5025.644531   8.8032E-13
  5028.387207   8.8097E-13
  5031.129883   8.6973E-13
  5033.872559   8.8069E-13
  5036.615234   8.8627E-13
  5039.357910   8.7763E-13
  5042.100586   8.7645E-13
  5044.843262   8.8477E-13
  5047.585938   8.8778E-13
  5050.328613   8.8063E-13
  5053.071289   8.8051E-13
  5055.813477   8.8632E-13
  5058.556152   8.8413E-13
  5061.298340   8.8333E-13
  5064.041016   8.8335E-13
  5066.783203   8.8414E-13
  5069.525879   8.8328E-13
  5072.268066   8.8576E-13
  5075.010254   8.8283E-13
  5077.752441   8.8215E-13
  5080.495117   8.8022E-13
  5083.237305   8.7309E-13
  5085.979492   8.8217E-13
  5088.721680   8.8252E-13
  5091.463867   8.8476E-13
  5094.205566   8.6852E-13
  5096.947754   8.7547E-13
  5099.689941   8.7854E-13
  5102.432129   8.8387E-13
  5105.173828   8.8338E-13
  5107.916016   8.7764E-13
  5110.657715   8.7618E-13
  5113.399902   8.7888E-13
  5116.141602   8.8005E-13
  5118.883301   8.7999E-13
  5121.625488   8.8292E-13
  5124.367188   8.7821E-13
  5127.108887   8.7460E-13
  5129.850586   8.8271E-13
  5132.592285   8.8009E-13
  5135.333984   8.7466E-13
  5138.075684   8.7225E-13
  5140.817383   8.7201E-13
  5143.559082   8.7912E-13
  5146.300293   8.7867E-13
  5149.041992   8.7950E-13
  5151.783203   8.7567E-13
  5154.524902   8.7622E-13
  5157.266113   8.8021E-13
  5160.007812   8.7836E-13
  5162.749023   8.7090E-13
  5165.490723   8.5968E-13
  5168.231934   8.3064E-13
  5170.973145   8.4501E-13
  5173.714355   8.4681E-13
  5176.455566   8.7161E-13
  5179.196777   8.7452E-13
  5181.937988   8.6368E-13
  5184.679199   8.5973E-13
  5187.419922   8.6501E-13
  5190.161133   8.6932E-13
  5192.902344   8.6995E-13
  5195.643066   8.6883E-13
  5198.384277   8.7595E-13
  5201.125000   8.6798E-13
  5203.866211   8.6548E-13
  5206.606934   8.6811E-13
  5209.347656   8.6992E-13
  5212.088867   8.7289E-13
  5214.829590   8.7412E-13
  5217.570312   8.7691E-13
  5220.311035   8.7415E-13
  5223.051758   8.7266E-13
  5225.792480   8.6766E-13
  5228.532715   8.6650E-13
  5231.273438   8.6803E-13
  5234.014160   8.6815E-13
  5236.754395   8.7420E-13
  5239.495117   8.7885E-13
  5242.235840   8.7725E-13
  5244.976074   8.7135E-13
  5247.716309   8.7306E-13
  5250.457031   8.7335E-13
  5253.197266   8.7425E-13
  5255.937500   8.7394E-13
  5258.677734   8.7490E-13
  5261.417969   8.6964E-13
  5264.158203   8.6386E-13
  5266.898438   8.5657E-13
  5269.638672   8.4180E-13
  5272.378418   8.6588E-13
  5275.118652   8.6959E-13
  5277.858887   8.7198E-13
  5280.598633   8.7258E-13
  5283.338867   8.6774E-13
  5286.078613   8.7470E-13
  5288.818848   8.7689E-13
  5291.558594   8.7885E-13
  5294.298340   8.7082E-13
  5297.038086   8.7527E-13
  5299.777832   8.6820E-13
  5302.517578   8.7168E-13
  5305.257324   8.7489E-13
  5307.997070   8.7650E-13
  5310.736816   8.7195E-13
  5313.476562   8.6749E-13
  5316.215820   8.6771E-13
  5318.955566   8.7195E-13
  5321.694824   8.6463E-13
  5324.434570   8.6139E-13
  5327.173828   8.5309E-13
  5329.913574   8.5925E-13
  5332.652832   8.6279E-13
  5335.392090   8.6567E-13
  5338.131348   8.6797E-13
  5340.870605   8.6082E-13
  5343.609863   8.6629E-13
  5346.349121   8.6683E-13
  5349.088379   8.7058E-13
  5351.827637   8.7516E-13
  5354.566406   8.6235E-13
  5357.305664   8.7237E-13
  5360.044434   8.7017E-13
  5362.783691   8.6565E-13
  5365.522461   8.7275E-13
  5368.261719   8.6657E-13
  5371.000488   8.5361E-13
  5373.739258   8.5898E-13
  5376.478027   8.6604E-13
  5379.216797   8.6805E-13
  5381.955566   8.6630E-13
  5384.694336   8.6447E-13
  5387.433105   8.6476E-13
  5390.171387   8.6581E-13
  5392.910156   8.6292E-13
  5395.648926   8.5678E-13
  5398.387207   8.5031E-13
  5401.125977   8.5015E-13
  5403.864258   8.5441E-13
  5406.602539   8.5719E-13
  5409.341309   8.6106E-13
  5412.079590   8.6580E-13
  5414.817871   8.6654E-13
  5417.556152   8.6823E-13
  5420.294434   8.6545E-13
  5423.032715   8.6663E-13
  5425.770508   8.6142E-13
  5428.508789   8.5822E-13
  5431.247070   8.5774E-13
  5433.984863   8.5235E-13
  5436.723145   8.5901E-13
  5439.460938   8.5733E-13
  5442.199219   8.5805E-13
  5444.937012   8.6162E-13
  5447.674805   8.5337E-13
  5454.175781   8.4652E-13
  5459.046387   8.4749E-13
  5463.916992   8.5922E-13
  5468.788086   8.5402E-13
  5473.658691   8.5042E-13
  5478.529297   8.5479E-13
  5483.400391   8.5784E-13
  5488.271484   8.5630E-13
  5493.142090   8.5770E-13
  5498.013184   8.5179E-13
  5502.884277   8.5129E-13
  5507.755371   8.5502E-13
  5512.626953   8.5423E-13
  5517.498047   8.5724E-13
  5522.369141   8.5747E-13
  5527.240723   8.5858E-13
  5532.112305   8.5477E-13
  5536.983398   8.5205E-13
  5541.854980   8.4218E-13
  5546.726562   8.5250E-13
  5551.598145   8.5682E-13
  5556.470215   8.5482E-13
  5561.341797   8.4948E-13
  5566.213379   8.4600E-13
  5571.085449   8.4990E-13
  5575.957520   8.4687E-13
  5580.829102   8.5097E-13
  5585.701172   8.4579E-13
  5590.573242   8.4242E-13
  5595.445312   8.4389E-13
  5600.317871   8.4261E-13
  5605.189941   8.4510E-13
  5610.062012   8.4329E-13
  5614.934570   8.4198E-13
  5619.806641   8.4102E-13
  5624.679199   8.4825E-13
  5629.551758   8.4859E-13
  5634.424316   8.4063E-13
  5639.296875   8.3610E-13
  5644.169434   8.4133E-13
  5649.041992   8.4305E-13
  5653.915039   8.3922E-13
  5658.787598   8.4137E-13
  5663.660645   8.4051E-13
  5668.533691   8.3990E-13
  5673.406250   8.3991E-13
  5678.279297   8.3838E-13
  5683.152344   8.3915E-13
  5688.025391   8.3637E-13
  5692.898926   8.3999E-13
  5697.771973   8.3816E-13
  5702.645020   8.3901E-13
  5707.518555   8.4044E-13
  5712.391602   8.3415E-13
  5717.265137   8.3891E-13
  5722.138672   8.3533E-13
  5727.012207   8.3445E-13
  5731.885742   8.3331E-13
  5736.759277   8.3526E-13
  5741.632812   8.3660E-13
  5746.506836   8.3461E-13
  5751.380371   8.3475E-13
  5756.254395   8.3711E-13
  5761.127930   8.3207E-13
  5766.001953   8.3510E-13
  5770.875977   8.3193E-13
  5775.750000   8.3452E-13
  5780.624023   8.3573E-13
  5785.498047   8.2954E-13
  5790.372070   8.3007E-13
  5795.246094   8.3267E-13
  5800.120605   8.2918E-13
  5804.994629   8.3038E-13
  5809.869141   8.2468E-13
  5814.743652   8.2746E-13
  5819.617676   8.3254E-13
  5824.492188   8.2865E-13
  5829.366699   8.2750E-13
  5834.241211   8.2261E-13
  5839.116211   8.2615E-13
  5843.990723   8.2391E-13
  5848.865234   8.2492E-13
  5853.740234   8.1903E-13
  5858.614746   8.1360E-13
  5863.489746   8.1971E-13
  5868.364746   8.2263E-13
  5873.239746   8.2567E-13
  5878.114746   8.2286E-13
  5882.989746   8.2216E-13
  5887.864746   8.1264E-13
  5892.739746   8.0124E-13
  5897.614746   8.0558E-13
  5902.490234   8.1407E-13
  5907.365234   8.1489E-13
  5912.240723   8.2154E-13
  5917.116211   8.2013E-13
  5921.991211   8.2149E-13
  5926.866699   8.1301E-13
  5931.742188   8.1710E-13
  5936.617676   8.1797E-13
  5941.493652   8.2053E-13
  5946.369141   8.0986E-13
  5951.244629   8.1663E-13
  5956.120605   8.1752E-13
  5960.996094   8.1499E-13
  5965.872070   8.1568E-13
  5970.748047   8.1544E-13
  5975.623535   8.1538E-13
  5980.499512   8.1560E-13
  5985.375488   8.1320E-13
  5990.251465   8.1347E-13
  5995.127441   8.1004E-13
  6000.003906   8.1117E-13
  6004.879883   8.0915E-13
  6009.755859   8.0762E-13
  6014.632324   8.0764E-13
  6019.508789   8.1022E-13
  6024.384766   8.0943E-13
  6029.261230   8.0738E-13
  6034.137695   8.0866E-13
  6039.014160   8.0524E-13
  6043.890625   8.1695E-13
  6048.767090   8.0628E-13
  6053.643555   8.0560E-13
  6058.520508   8.0213E-13
  6063.396973   8.0404E-13
  6068.273438   8.0266E-13
  6073.150391   8.0144E-13
  6078.027344   8.0069E-13
  6082.903809   8.0663E-13
  6087.780762   7.9899E-13
  6092.657715   7.9578E-13
  6097.534668   7.9697E-13
  6102.411621   7.9847E-13
  6107.288574   8.0116E-13
  6112.165527   7.9555E-13
  6117.042969   7.9403E-13
  6121.919922   7.9446E-13
  6126.797363   7.9052E-13
  6131.674316   7.9402E-13
  6136.551758   7.9884E-13
  6141.429199   7.9602E-13
  6146.306152   7.9610E-13
  6151.183594   7.9412E-13
  6156.061035   7.9421E-13
  6160.938477   7.9456E-13
  6165.815918   7.9212E-13
  6170.693848   7.9156E-13
  6175.571289   7.9581E-13
  6180.448730   7.9481E-13
  6185.326660   7.8796E-13
  6190.204102   7.9440E-13
  6195.082031   7.9109E-13
  6199.959961   7.9274E-13
  6204.837402   7.9249E-13
  6209.715332   7.8946E-13
  6214.593262   7.9100E-13
  6219.471191   7.8700E-13
  6224.349121   7.8784E-13
  6229.227051   7.8824E-13
  6234.105469   7.9211E-13
  6238.983398   7.9193E-13
  6243.861328   7.8394E-13
  6248.739746   7.8497E-13
  6253.617676   7.8252E-13
  6258.496094   7.8724E-13
  6263.374512   7.8189E-13
  6268.252930   7.7911E-13
  6273.130859   7.8731E-13
  6278.009277   7.8487E-13
  6282.887695   7.8314E-13
  6287.766113   7.8144E-13
  6292.645020   7.8429E-13
  6297.523438   7.8482E-13
  6302.401855   7.8631E-13
  6307.280273   7.7540E-13
  6312.159180   7.7590E-13
  6317.037598   7.7141E-13
  6321.916504   7.6571E-13
  6326.795410   7.6354E-13
  6331.673828   7.6115E-13
  6336.552734   7.5918E-13
  6341.431641   7.6709E-13
  6346.310547   7.7228E-13
  6351.189453   7.7281E-13
  6356.068359   7.7773E-13
  6360.947754   7.7512E-13
  6365.826660   7.7392E-13
  6370.705566   7.6966E-13
  6375.584473   7.7020E-13
  6380.463867   7.6932E-13
  6385.342773   7.7271E-13
  6390.222168   7.7346E-13
  6395.101562   7.7076E-13
  6399.980957   7.7588E-13
  6404.859863   7.6919E-13
  6409.739258   7.6216E-13
  6414.618652   7.6162E-13
  6419.498047   7.6503E-13
  6424.377441   7.6547E-13
  6429.256836   7.6355E-13
  6434.136719   7.6416E-13
  6439.016113   7.6124E-13
  6443.895508   7.5973E-13
  6448.775391   7.5047E-13
  6453.654785   7.5731E-13
  6458.534668   7.5710E-13
  6463.414551   7.5600E-13
  6468.293945   7.5981E-13
  6473.173828   7.5922E-13
  6478.053711   7.5711E-13
  6482.933594   7.5329E-13
  6487.813477   7.5750E-13
  6492.693359   7.5526E-13
  6497.573242   7.5545E-13
  6502.453125   7.5627E-13
  6507.333008   7.5454E-13
  6512.213379   7.5526E-13
  6517.093262   7.5505E-13
  6521.973145   7.4743E-13
  6526.853516   7.4758E-13
  6531.733398   7.5380E-13
  6536.613770   7.5481E-13
  6541.494141   7.4959E-13
  6546.374023   7.4182E-13
  6551.254395   7.3388E-13
  6556.134766   7.0447E-13
  6561.015137   6.7692E-13
  6565.895508   6.6759E-13
  6570.775879   7.0375E-13
  6575.656250   7.2471E-13
  6580.536621   7.3882E-13
  6585.417480   7.4116E-13
  6590.297852   7.4832E-13
  6595.178223   7.4122E-13
  6600.059082   7.4780E-13
  6604.939453   7.4386E-13
  6609.820312   7.4573E-13
  6614.700684   7.4358E-13
  6619.581543   7.4548E-13
  6624.462402   7.4503E-13
  6629.342773   7.4707E-13
  6634.223633   7.3851E-13
  6639.104492   7.3699E-13
  6643.985352   7.3823E-13
  6648.866211   7.3842E-13
  6653.747070   7.4089E-13
  6658.627930   7.4063E-13
  6663.508789   7.4168E-13
  6668.390137   7.4116E-13
  6673.270996   7.4165E-13
  6678.151855   7.3978E-13
  6683.033203   7.4012E-13
  6687.914062   7.4108E-13
  6692.795410   7.4002E-13
  6697.676270   7.3835E-13
  6702.557617   7.3688E-13
  6707.438965   7.3421E-13
  6712.319824   7.3218E-13
  6717.201172   7.3343E-13
  6722.082520   7.3190E-13
  6726.963867   7.2933E-13
  6731.845215   7.3274E-13
  6736.726562   7.3402E-13
  6741.607910   7.3588E-13
  6746.489258   7.3632E-13
  6751.370605   7.3385E-13
  6756.251953   7.3355E-13
  6761.133789   7.3143E-13
  6766.015137   7.3386E-13
  6770.896484   7.2862E-13
  6775.778320   7.3165E-13
  6780.659668   7.3081E-13
  6785.541504   7.2727E-13
  6790.422852   7.2335E-13
  6795.304688   7.2399E-13
  6800.186523   7.2660E-13
  6805.067871   7.2471E-13
  6809.949707   7.2424E-13
  6814.831543   7.2623E-13
  6819.713379   7.2422E-13
  6824.595215   7.2374E-13
  6829.477051   7.2403E-13
  6834.358887   7.2209E-13
  6839.240723   7.1957E-13
  6844.122559   7.2188E-13
  6849.004395   7.1984E-13
  6853.886719   7.1837E-13
  6858.768555   7.1575E-13
  6863.650391   7.1485E-13
  6868.532715   7.2038E-13
  6873.414551   7.1965E-13
  6878.296387   7.1847E-13
  6883.178711   7.1549E-13
  6888.061035   7.1701E-13
  6892.942871   7.1494E-13
  6897.825195   7.1543E-13
  6902.707031   7.1507E-13
  6907.589355   7.1522E-13
  6912.471680   7.1312E-13
  6917.354004   7.1512E-13
  6922.236328   7.1114E-13
  6927.118652   7.1015E-13
  6932.000977   7.1259E-13
  6936.883301   7.1087E-13
  6941.765625   7.1074E-13
  6946.647949   7.0989E-13
  6951.530273   7.0544E-13
  6956.412598   7.0574E-13
  6961.294922   7.0749E-13
  6966.177734   7.1050E-13
  6971.060059   7.0752E-13
  6975.942383   7.0358E-13
  6980.825195   7.0674E-13
  6985.707520   7.0781E-13
  6990.590332   7.0175E-13
  6995.472656   7.0523E-13
  7000.355469   7.0167E-13
  7005.237793   7.0136E-13
  7010.120605   7.0116E-13
  7015.003418   7.0543E-13
  7019.886230   7.0030E-13
  7024.768555   7.0144E-13
  7029.651367   6.9810E-13
  7034.534180   6.9991E-13
  7039.416992   6.9945E-13
  7044.299805   7.0037E-13
  7049.182617   6.9459E-13
  7054.065430   6.9797E-13
  7058.948242   6.9868E-13
  7063.831055   6.9692E-13
  7068.713867   6.9613E-13
  7073.596680   6.9323E-13
  7078.479492   6.9388E-13
  7083.362793   6.9577E-13
  7088.245605   6.8978E-13
  7093.128418   6.9248E-13
  7098.011719   6.9154E-13
  7102.894531   6.8991E-13
  7107.777344   6.9069E-13
  7112.660645   6.8775E-13
  7117.543457   6.8960E-13
  7122.426758   6.8992E-13
  7127.309570   6.9019E-13
  7132.192871   6.8690E-13
  7137.076172   6.8580E-13
  7141.958984   6.8616E-13
  7146.842285   6.8848E-13
  7151.725586   6.8790E-13
  7156.608887   6.8637E-13
  7161.491699   6.8509E-13
  7166.375000   6.8718E-13
  7171.258301   6.8184E-13
  7176.141602   6.8337E-13
  7181.024902   6.8052E-13
  7185.908203   6.8095E-13
  7190.791504   6.8075E-13
  7195.674805   6.8065E-13
  7200.558105   6.8114E-13
  7205.441406   6.8509E-13
  7210.324707   6.8447E-13
  7215.208008   6.8422E-13
  7220.091309   6.7963E-13
  7224.975098   6.7810E-13
  7229.858398   6.8174E-13
  7234.741699   6.7826E-13
  7239.625488   6.7578E-13
  7244.508789   6.7428E-13
  7249.392090   6.7094E-13
  7254.275879   6.7329E-13
  7259.159180   6.7292E-13
  7264.042969   6.7307E-13
  7268.926270   6.7209E-13
  7273.810059   6.7564E-13
  7278.693359   6.7310E-13
  7283.577148   6.7421E-13
  7288.460449   6.6999E-13
  7293.344238   6.6934E-13
  7298.227539   6.7260E-13
  7303.111328   6.6749E-13
  7307.995117   6.6528E-13
  7312.878906   6.6407E-13
  7317.762207   6.6530E-13
  7322.645996   6.6313E-13
  7327.529785   6.6656E-13
  7332.413574   6.6632E-13
  7337.297363   6.6493E-13
  7342.180664   6.6558E-13
  7347.064453   6.6192E-13
  7351.948242   6.6409E-13
  7356.832031   6.6178E-13
  7361.715820   6.6666E-13
  7366.599609   6.6268E-13
  7371.483398   6.6019E-13
  7376.367188   6.6238E-13
  7381.250977   6.6227E-13
  7386.134766   6.6289E-13
  7391.019043   6.5773E-13
  7395.902832   6.5931E-13
  7400.786621   6.5853E-13
  7405.670410   6.5629E-13
  7410.554199   6.5343E-13
  7415.437988   6.5628E-13
  7420.322266   6.5707E-13
  7425.206055   6.5527E-13
  7430.089844   6.5237E-13
  7434.974121   6.5560E-13
  7439.857910   6.5554E-13
  7444.741699   6.5511E-13
  7449.625977   6.5383E-13
  7454.509766   6.5354E-13
  7459.393555   6.5185E-13
  7464.277832   6.5339E-13
  7469.161621   6.5034E-13
  7474.045898   6.5086E-13
  7478.929688   6.5039E-13
  7483.813965   6.4926E-13
  7488.697754   6.4742E-13
  7493.582031   6.4790E-13
  7498.465820   6.4445E-13
  7503.350098   6.4523E-13
  7508.233887   6.4334E-13
  7513.118164   6.4565E-13
  7518.002441   6.4674E-13
  7522.886230   6.4540E-13
  7527.770508   6.4368E-13
  7532.654785   6.4408E-13
  7537.538574   6.4323E-13
  7542.422852   6.4292E-13
  7547.307129   6.4285E-13
  7552.190918   6.4055E-13
  7557.075195   6.4160E-13
  7561.959473   6.4122E-13
  7566.843750   6.3942E-13
  7571.728027   6.3852E-13
  7576.611816   6.3731E-13
  7581.496094   6.3820E-13
  7586.380371   6.4003E-13
  7591.264648   6.3933E-13
  7596.148926   6.3430E-13
  7601.033203   6.3653E-13
  7605.916992   6.3363E-13
  7610.801270   6.3296E-13
  7615.685547   6.3141E-13
  7620.569824   6.3544E-13
  7625.454102   6.3391E-13
  7630.338379   6.3361E-13
  7635.222656   6.3418E-13
  7640.106934   6.3182E-13
  7644.991211   6.3322E-13
  7649.875488   6.3110E-13
  7654.759766   6.2899E-13
  7659.644043   6.2912E-13
  7664.528320   6.2754E-13
  7669.412598   6.2848E-13
  7674.296875   6.3111E-13
  7679.181152   6.3162E-13
  7684.065430   6.2822E-13
  7688.949707   6.2828E-13
  7693.833984   6.2444E-13
  7698.718262   6.2726E-13
  7703.602539   6.2539E-13
  7708.486816   6.2656E-13
  7713.371094   6.2681E-13
  7718.255371   6.2297E-13
  7723.139648   6.2649E-13
  7728.024414   6.2539E-13
  7732.908691   6.2753E-13
  7737.792969   6.2656E-13
  7742.677246   6.2283E-13
  7747.561523   6.1959E-13
  7752.445801   6.2251E-13
  7757.330078   6.1864E-13
  7762.214355   6.2561E-13
  7767.099121   6.2210E-13
  7771.983398   6.2076E-13
  7776.867676   6.1913E-13
  7781.751953   6.1924E-13
  7786.636230   6.1812E-13
  7791.520508   6.1776E-13
  7796.405273   6.1472E-13
  7801.289551   6.1649E-13
  7806.173828   6.1677E-13
  7811.058105   6.1713E-13
  7815.942383   6.1565E-13
  7820.826660   6.1548E-13
  7825.711426   6.1588E-13
  7830.595703   6.1877E-13
  7835.479980   6.1543E-13
  7840.364258   6.1609E-13
  7845.248535   6.1324E-13
  7850.133301   6.0726E-13
  7855.017578   6.1025E-13
  7859.901855   6.0918E-13
  7864.786133   6.0953E-13
  7869.670410   6.1118E-13
  7874.554688   6.0468E-13
  7879.439453   6.0565E-13
  7884.323730   6.0886E-13
  7889.208008   6.1054E-13
  7894.092285   6.1154E-13
  7898.976562   6.1331E-13
  7903.861328   6.1402E-13
  7908.745605   6.0855E-13
  7913.629883   6.0154E-13
  7918.514160   6.0402E-13
  7923.398438   6.0165E-13
  7928.282715   6.0327E-13
  7933.167480   6.0176E-13
  7938.051758   6.0136E-13
  7942.936035   6.0045E-13
  7947.820312   5.9801E-13
  7952.704590   6.0296E-13
  7957.588867   5.9702E-13
  7962.473145   5.9705E-13
  7967.357910   5.9959E-13
  7972.242188   5.9836E-13
  7977.126465   6.0281E-13
  7982.010742   6.0019E-13
  7986.895020   6.0083E-13
  7991.779297   5.9851E-13
  7996.663574   5.9541E-13
  8001.547852   5.9303E-13
  8006.432129   5.9167E-13
  8011.316406   5.9543E-13
  8016.201172   5.9479E-13
  8021.085449   5.9701E-13
  8025.969727   5.9785E-13
  8030.854004   6.0138E-13
  8035.738281   5.9234E-13
  8040.622559   5.8824E-13
  8045.506836   5.9121E-13
  8050.391113   5.8838E-13
  8055.275391   5.8746E-13
  8060.159668   5.8753E-13
  8065.043945   5.8633E-13
  8069.928223   5.8918E-13
  8074.812500   5.8566E-13
  8079.696777   5.8501E-13
  8084.581055   5.8654E-13
  8089.464844   5.8266E-13
  8094.349121   5.8598E-13
  8099.233398   5.8357E-13
  8104.117676   5.8271E-13
  8109.001953   5.8727E-13
  8113.886230   5.8281E-13
  8118.770508   5.8382E-13
  8123.654785   5.8489E-13
  8128.538574   5.8428E-13
  8133.422852   5.8486E-13
  8138.307129   5.7900E-13
  8143.191406   5.7855E-13
  8148.075684   5.7816E-13
  8152.959473   5.7683E-13
  8157.843750   5.7933E-13
  8162.728027   5.7831E-13
  8167.612305   5.7847E-13
  8172.496094   5.7672E-13
  8177.380371   5.7846E-13
  8182.264648   5.7624E-13
  8187.148438   5.7490E-13
  8192.032227   5.7652E-13
  8196.916992   5.7330E-13
  8201.800781   5.7405E-13
  8206.684570   5.7297E-13
  8211.569336   5.7360E-13
  8216.453125   5.7123E-13
  8221.336914   5.7235E-13
  8226.221680   5.7202E-13
  8231.105469   5.6911E-13
  8235.989258   5.6780E-13
  8240.873047   5.6727E-13
  8245.756836   5.6868E-13
  8250.641602   5.6943E-13
  8255.525391   5.6817E-13
  8260.409180   5.6685E-13
  8265.292969   5.6509E-13
  8270.176758   5.6560E-13
  8275.061523   5.6586E-13
  8279.945312   5.6807E-13
  8284.829102   5.6654E-13
  8289.712891   5.6442E-13
  8294.596680   5.6056E-13
  8299.480469   5.6357E-13
  8304.364258   5.6368E-13
  8309.248047   5.6447E-13
  8314.132812   5.6412E-13
  8319.016602   5.6419E-13
  8323.900391   5.6147E-13
  8328.784180   5.5806E-13
  8333.667969   5.5928E-13
  8338.551758   5.6017E-13
  8343.435547   5.5706E-13
  8348.319336   5.6019E-13
  8353.203125   5.5908E-13
  8358.086914   5.5517E-13
  8362.970703   5.5132E-13
  8367.854492   5.5063E-13
  8372.738281   5.5501E-13
  8377.622070   5.5507E-13
  8382.505859   5.5638E-13
  8387.388672   5.5865E-13
  8392.272461   5.5300E-13
  8397.156250   5.5674E-13
  8402.040039   5.5693E-13
  8406.923828   5.5258E-13
  8411.807617   5.5294E-13
  8416.691406   5.5395E-13
  8421.574219   5.5257E-13
  8426.458008   5.5471E-13
  8431.341797   5.5132E-13
  8436.225586   5.5241E-13
  8441.109375   5.4419E-13
  8445.992188   5.4344E-13
  8450.875977   5.4568E-13
  8455.759766   5.4441E-13
  8460.642578   5.4532E-13
  8465.526367   5.4958E-13
  8470.410156   5.5107E-13
  8475.292969   5.4772E-13
  8480.176758   5.4684E-13
  8485.060547   5.4308E-13
  8489.943359   5.4524E-13
  8494.827148   5.4317E-13
  8499.710938   5.3562E-13
  8504.593750   5.3625E-13
  8509.477539   5.4228E-13
  8514.360352   5.4262E-13
  8519.244141   5.4152E-13
  8524.126953   5.3752E-13
  8529.010742   5.3323E-13
  8533.893555   5.3007E-13
  8538.777344   5.2441E-13
  8543.660156   5.2161E-13
  8548.543945   5.2160E-13
  8553.426758   5.3612E-13
  8558.309570   5.3737E-13
  8563.193359   5.3877E-13
  8568.076172   5.4563E-13
  8572.958984   5.4305E-13
  8577.842773   5.4565E-13
  8582.725586   5.4056E-13
  8587.608398   5.3955E-13
  8592.492188   5.3714E-13
  8597.375000   5.3486E-13
  8602.257812   5.3098E-13
  8607.140625   5.2803E-13
  8612.023438   5.3251E-13
  8616.907227   5.3304E-13
  8621.790039   5.3662E-13
  8626.672852   5.3049E-13
  8631.555664   5.3200E-13
  8636.438477   5.3135E-13
  8641.321289   5.2922E-13
  8646.204102   5.3101E-13
  8651.086914   5.2979E-13
  8655.969727   5.2910E-13
  8660.852539   5.1270E-13
  8665.735352   5.0990E-13
  8670.618164   5.1766E-13
  8675.500977   5.2194E-13
  8680.383789   5.2415E-13
  8685.266602   5.2715E-13
  8690.149414   5.2590E-13
  8695.032227   5.2718E-13
  8699.915039   5.2991E-13
  8704.797852   5.3023E-13
  8709.680664   5.3043E-13
  8714.562500   5.2484E-13
  8719.445312   5.2489E-13
  8724.328125   5.2315E-13
  8729.210938   5.2062E-13
  8734.092773   5.2203E-13
  8738.975586   5.2298E-13
  8743.858398   5.2137E-13
  8748.740234   5.1777E-13
  8753.623047   5.1995E-13
  8758.505859   5.2079E-13
  8763.387695   5.2681E-13
  8768.270508   5.2634E-13
  8773.152344   5.2570E-13
  8778.035156   5.2309E-13
  8782.916992   5.2291E-13
  8787.799805   5.1873E-13
  8792.681641   5.1844E-13
  8797.564453   5.1836E-13
  8802.446289   5.1641E-13
  8807.328125   5.1725E-13
  8812.210938   5.1963E-13
  8817.092773   5.1731E-13
  8821.974609   5.1802E-13
  8826.857422   5.1509E-13
  8831.739258   5.1566E-13
  8836.621094   5.1660E-13
  8841.502930   5.1568E-13
  8846.385742   5.1817E-13
  8851.267578   5.1481E-13
  8856.149414   5.1310E-13
  8861.031250   5.0646E-13
  8865.913086   5.0683E-13
  8870.794922   5.0873E-13
  8875.676758   5.1059E-13
  8880.558594   5.1103E-13
  8885.440430   5.1189E-13
  8890.322266   5.1265E-13
  8895.204102   5.0970E-13
  8900.085938   5.0614E-13
  8904.967773   5.0518E-13
  8909.849609   5.0741E-13
  8914.731445   5.0804E-13
  8919.613281   5.1260E-13
  8924.494141   5.1518E-13
  8929.375977   5.1116E-13
  8934.257812   5.0821E-13
  8939.139648   5.0358E-13
  8944.020508   4.9864E-13
  8948.902344   5.0360E-13
  8953.784180   5.0467E-13
  8958.665039   5.0993E-13
  8963.546875   5.0776E-13
  8968.428711   5.0616E-13
  8973.309570   5.0214E-13
  8978.191406   5.0343E-13
  8983.072266   5.0542E-13
  8987.954102   5.0132E-13
  8992.834961   5.0445E-13
  8997.715820   4.9848E-13
  9002.597656   5.0210E-13
  9007.478516   4.9765E-13
  9012.359375   4.9348E-13
  9017.241211   4.9370E-13
  9022.122070   4.9799E-13
  9027.002930   5.0159E-13
  9031.883789   5.0094E-13
  9036.765625   5.0426E-13
  9041.646484   5.0113E-13
  9046.527344   4.9894E-13
  9051.408203   4.9848E-13
  9056.289062   4.9523E-13
  9061.169922   4.9591E-13
  9066.050781   4.9726E-13
  9070.931641   4.9406E-13
  9075.812500   5.0002E-13
  9080.693359   4.9965E-13
  9085.574219   4.9353E-13
  9090.455078   4.9222E-13
  9095.335938   4.9131E-13
  9100.215820   4.9289E-13
  9105.096680   4.9212E-13
  9109.977539   4.9449E-13
  9114.858398   4.9495E-13
  9119.738281   4.9175E-13
  9124.619141   4.8855E-13
  9129.500000   4.8668E-13
  9134.379883   4.9254E-13
  9139.260742   4.9260E-13
  9144.140625   4.9237E-13
  9149.021484   4.9709E-13
  9153.901367   4.9431E-13
  9158.782227   4.9854E-13
  9163.662109   4.9652E-13
  9168.542969   4.8973E-13
  9173.422852   4.8562E-13
  9178.302734   4.8644E-13
  9183.183594   4.8584E-13
  9188.063477   4.9093E-13
  9192.943359   4.9160E-13
  9197.823242   4.9233E-13
  9202.703125   4.8937E-13
  9207.583008   4.8559E-13
  9212.463867   4.8283E-13
  9217.343750   4.7770E-13
  9222.223633   4.8099E-13
  9227.103516   4.7921E-13
  9231.983398   4.7910E-13
  9236.863281   4.8107E-13
  9241.742188   4.8054E-13
  9246.622070   4.7579E-13
  9251.501953   4.7689E-13
  9256.381836   4.7907E-13
  9261.261719   4.8188E-13
  9266.140625   4.7823E-13
  9271.020508   4.7602E-13
  9275.900391   4.7715E-13
  9280.779297   4.7847E-13
  9285.659180   4.8084E-13
  9290.539062   4.8702E-13
  9295.417969   4.8360E-13
  9300.297852   4.8081E-13
  9305.176758   4.7877E-13
  9310.055664   4.7554E-13
  9314.935547   4.7155E-13
  9319.814453   4.7081E-13
  9324.694336   4.7111E-13
  9329.573242   4.7016E-13
  9334.452148   4.7184E-13
  9339.331055   4.7157E-13
  9344.209961   4.6770E-13
  9349.089844   4.6655E-13
  9353.968750   4.6743E-13
  9358.847656   4.7244E-13
  9363.726562   4.7058E-13
  9368.605469   4.6913E-13
  9373.484375   4.6925E-13
  9378.363281   4.6807E-13
  9383.242188   4.6717E-13
  9388.120117   4.6478E-13
  9392.999023   4.6820E-13
  9397.877930   4.6733E-13
  9402.756836   4.6746E-13
  9407.634766   4.6528E-13
  9412.513672   4.6451E-13
  9417.392578   4.6356E-13
  9422.270508   4.5964E-13
  9427.149414   4.6311E-13
  9432.027344   4.6438E-13
  9436.906250   4.6406E-13
  9441.784180   4.6819E-13
  9446.663086   4.6729E-13
  9451.541016   4.6405E-13
  9456.418945   4.6018E-13
  9461.297852   4.6310E-13
  9466.175781   4.6426E-13
  9471.053711   4.6477E-13
  9475.931641   4.6443E-13
  9480.809570   4.6245E-13
  9485.688477   4.5879E-13
  9490.566406   4.5932E-13
  9495.444336   4.5768E-13
  9500.322266   4.5919E-13
  9505.200195   4.5524E-13
  9510.077148   4.5639E-13
  9514.955078   4.5676E-13
  9519.833008   4.5501E-13
  9524.710938   4.5073E-13
  9529.588867   4.5250E-13
  9534.465820   4.5402E-13
  9539.343750   4.5262E-13
  9544.221680   4.5036E-13
  9549.098633   4.4604E-13
  9553.976562   4.4616E-13
  9558.853516   4.4823E-13
  9563.731445   4.5258E-13
  9568.608398   4.5095E-13
  9573.486328   4.5151E-13
  9578.363281   4.5398E-13
  9583.240234   4.4609E-13
  9588.117188   4.4976E-13
  9592.995117   4.5144E-13
  9597.872070   4.5299E-13
  9602.749023   4.5358E-13
  9607.625977   4.5018E-13
  9612.502930   4.4920E-13
  9617.379883   4.5525E-13
  9622.256836   4.4753E-13
  9627.133789   4.4851E-13
  9632.010742   4.4668E-13
  9636.887695   4.4714E-13
  9641.763672   4.4812E-13
  9646.640625   4.4046E-13
  9651.517578   4.4390E-13
  9656.394531   4.4256E-13
  9661.270508   4.4114E-13
  9666.147461   4.4188E-13
  9671.023438   4.4371E-13
  9675.900391   4.4332E-13
  9680.776367   4.4179E-13
  9685.653320   4.4342E-13
  9690.529297   4.4184E-13
  9695.405273   4.4426E-13
  9700.282227   4.4723E-13
  9705.158203   4.4684E-13
  9710.034180   4.3800E-13
  9714.910156   4.3943E-13
  9719.786133   4.3898E-13
  9724.662109   4.3335E-13
  9729.538086   4.3767E-13
  9734.414062   4.3993E-13
  9739.290039   4.3704E-13
  9744.166016   4.3956E-13
  9749.041992   4.3835E-13
  9753.917969   4.3916E-13
  9758.792969   4.4105E-13
  9763.668945   4.3933E-13
  9768.544922   4.4041E-13
  9773.419922   4.3600E-13
  9778.295898   4.3922E-13
  9783.170898   4.3595E-13
  9788.046875   4.3804E-13
  9792.921875   4.3290E-13
  9797.797852   4.3066E-13
  9802.672852   4.3073E-13
  9807.547852   4.3359E-13
  9812.423828   4.2863E-13
  9817.298828   4.2839E-13
  9822.173828   4.2701E-13
  9827.048828   4.2569E-13
  9831.923828   4.2611E-13
  9836.798828   4.3054E-13
  9841.673828   4.2874E-13
  9846.548828   4.2596E-13
  9851.423828   4.3484E-13
  9856.297852   4.2934E-13
  9861.172852   4.3007E-13
  9866.047852   4.2918E-13
  9870.922852   4.2248E-13
  9875.796875   4.2250E-13
  9880.671875   4.3042E-13
  9885.545898   4.3044E-13
  9890.420898   4.2756E-13
  9895.294922   4.2913E-13
  9900.169922   4.2771E-13
  9905.043945   4.1826E-13
  9909.917969   4.2270E-13
  9914.791992   4.2480E-13
  9919.666992   4.1833E-13
  9924.541016   4.2321E-13
  9929.415039   4.2429E-13
  9934.289062   4.2704E-13
  9939.163086   4.2188E-13
  9944.037109   4.2258E-13
  9948.911133   4.2467E-13
  9953.784180   4.2281E-13
  9958.658203   4.2316E-13
  9963.532227   4.2453E-13
  9968.406250   4.2135E-13
  9973.279297   4.1941E-13
  9978.153320   4.2096E-13
  9983.026367   4.1910E-13
  9987.900391   4.1888E-13
  9992.773438   4.1755E-13
  9997.647461   4.1946E-13
 10002.520508   4.1914E-13
 10007.393555   4.2171E-13
 10012.266602   4.1633E-13
 10017.140625   4.1713E-13
 10022.013672   4.1818E-13
 10026.886719   4.1314E-13
 10031.759766   4.1523E-13
 10036.632812   4.1073E-13
 10041.505859   4.0813E-13
 10046.378906   4.0554E-13
 10051.250977   4.0049E-13
 10056.124023   4.0909E-13
 10060.997070   4.0906E-13
 10065.869141   4.0797E-13
 10070.742188   4.1287E-13
 10075.615234   4.1317E-13
 10080.487305   4.1075E-13
 10085.360352   4.0914E-13
 10090.232422   4.0779E-13
 10095.104492   4.0879E-13
 10099.977539   4.1104E-13
 10104.849609   4.0802E-13
 10109.721680   4.0720E-13
 10114.593750   4.0917E-13
 10119.465820   4.0701E-13
 10124.337891   4.0743E-13
 10129.209961   4.0962E-13
 10134.082031   4.1434E-13
 10138.954102   4.1027E-13
 10143.826172   4.0428E-13
 10148.697266   4.0706E-13
 10153.569336   4.0945E-13
 10158.441406   4.0437E-13
 10163.312500   4.0429E-13
 10168.184570   4.0470E-13
 10173.055664   4.0565E-13
 10177.927734   4.0961E-13
 10182.798828   4.1037E-13
 10187.669922   4.0668E-13
 10192.541992   4.1320E-13
 10197.413086   4.0849E-13
 10202.284180   4.0721E-13
 10207.155273   4.1155E-13
 10212.026367   4.1128E-13
 10216.897461   4.1437E-13
 10221.768555   4.0796E-13
 10226.639648   4.1302E-13
