#*HD204543
#*
#*  Heap-Lindler STIS
#set .z.units = "Ergs/s/cm**2/A"
#set .z.label = "Flux"
#set .table.bandwidth = 2.74
#*
  2950.  1.21815142E-13
  2952.73999  1.29923063E-13
  2955.47998  1.46061846E-13
  2958.21997  1.52352184E-13
  2960.95996  1.45956869E-13
  2963.69995  1.41075601E-13
  2966.43994  1.12355864E-13
  2969.17993  1.11987669E-13
  2971.91992  1.30474272E-13
  2974.65991  1.57768831E-13
  2977.3999  1.72518602E-13
  2980.13989  1.37626482E-13
  2982.87988  1.21597976E-13
  2985.62012  1.16017263E-13
  2988.36011  1.46861568E-13
  2991.1001  1.76205743E-13
  2993.84009  1.65347635E-13
  2996.58008  1.72807949E-13
  2999.32007  1.56181762E-13
  3002.06006  1.40342558E-13
  3004.80005  1.60743299E-13
  3007.54004  1.60345966E-13
  3010.28003  1.87660326E-13
  3013.02002  1.81297672E-13
  3015.76001  1.65063343E-13
  3018.5  1.47286141E-13
  3021.23999  1.35520054E-13
  3023.97998  1.7501819E-13
  3026.71997  1.84875918E-13
  3029.45996  1.82524311E-13
  3032.19995  1.86117913E-13
  3034.93994  2.03924497E-13
  3037.67993  1.86442875E-13
  3040.41992  1.83477962E-13
  3043.15991  1.82955945E-13
  3045.8999  1.92890707E-13
  3048.63989  1.91730773E-13
  3051.37988  2.10533495E-13
  3054.12012  1.95381783E-13
  3056.86011  1.71980025E-13
  3059.6001  1.52310957E-13
  3062.34009  1.71581743E-13
  3065.08008  1.43443701E-13
  3067.82007  1.31467035E-13
  3070.56006  1.50878455E-13
  3073.30005  1.7771582E-13
  3076.04004  1.9136251E-13
  3078.78003  1.95698126E-13
  3081.52002  1.86861065E-13
  3084.26001  1.78169816E-13
  3087.  1.77989771E-13
  3089.73999  1.63728812E-13
  3092.47998  1.51803686E-13
  3095.21997  1.49371685E-13
  3097.95996  1.51415271E-13
  3100.69995  1.44596818E-13
  3103.43994  1.68004309E-13
  3106.17993  1.96149574E-13
  3108.91992  2.10327063E-13
  3111.65991  2.21737938E-13
  3114.3999  2.21215787E-13
  3117.13989  2.01643796E-13
  3119.87988  1.75482025E-13
  3122.62012  1.69012834E-13
  3125.36011  1.74387943E-13
  3128.1001  1.66341048E-13
  3130.84009  1.79803953E-13
  3133.58008  1.97269989E-13
  3136.32007  2.01960342E-13
  3139.06006  2.09953623E-13
  3141.80005  2.08288614E-13
  3144.54004  1.74566863E-13
  3147.28003  1.68171304E-13
  3150.02002  2.06183418E-13
  3152.76001  2.21141099E-13
  3155.5  2.01091734E-13
  3158.23999  1.8007335E-13
  3160.97998  1.67092983E-13
  3163.71997  1.77532671E-13
  3166.45996  2.04757421E-13
  3169.19995  2.22230857E-13
  3171.93994  2.4810232E-13
  3174.67993  2.63550547E-13
  3177.41992  2.60609405E-13
  3180.15991  2.24608255E-13
  3182.8999  2.00154726E-13
  3185.63989  2.00503419E-13
  3188.37988  2.15555397E-13
  3191.12012  2.17960592E-13
  3193.86011  2.04938443E-13
  3196.6001  2.26772228E-13
  3199.34009  2.61647041E-13
  3202.08008  2.74089752E-13
  3204.82007  2.84780771E-13
  3207.56006  2.79687135E-13
  3210.30005  2.56370798E-13
  3213.04004  2.25776781E-13
  3215.78003  2.34234805E-13
  3218.52002  2.65762672E-13
  3221.26001  2.67556783E-13
  3224.  2.55633459E-13
  3226.73999  2.44141567E-13
  3229.47998  2.27878534E-13
  3232.21997  2.23145612E-13
  3234.95996  2.27825083E-13
  3237.69995  2.40882753E-13
  3240.43994  2.59528537E-13
  3243.17993  2.75916415E-13
  3245.91992  2.95602654E-13
  3248.65991  2.92152749E-13
  3251.3999  2.83648945E-13
  3254.13989  2.97451354E-13
  3256.87988  3.30207893E-13
  3259.62012  3.59450181E-13
  3262.36011  3.44989526E-13
  3265.1001  3.31939635E-13
  3267.84009  3.47452427E-13
  3270.58008  3.45184303E-13
  3273.32007  3.35642809E-13
  3276.06006  3.19283337E-13
  3278.80005  3.04075585E-13
  3281.54004  3.09864466E-13
  3284.28003  3.27355086E-13
  3287.02002  3.21117563E-13
  3289.76001  3.34838114E-13
  3292.5  3.75793797E-13
  3295.23999  3.86098651E-13
  3297.97998  3.76753967E-13
  3300.71997  3.71620838E-13
  3303.45996  3.56987524E-13
  3306.19995  3.34924606E-13
  3308.93994  3.3273815E-13
  3311.67993  3.37043951E-13
  3314.41992  3.36459837E-13
  3317.15991  3.37033678E-13
  3319.8999  3.39386505E-13
  3322.63989  3.30733786E-13
  3325.37988  3.28870069E-13
  3328.12012  3.31337469E-13
  3330.86011  3.37202027E-13
  3333.6001  3.38660279E-13
  3336.34009  3.1417463E-13
  3339.08008  3.10695669E-13
  3341.82007  3.25205818E-13
  3344.56006  3.30953906E-13
  3347.30005  3.2675498E-13
  3350.04004  3.16059814E-13
  3352.78003  3.34463658E-13
  3355.52002  3.46355838E-13
  3358.26001  2.78316107E-13
  3361.  2.00896659E-13
  3363.73999  2.40099119E-13
  3366.47998  3.01593928E-13
  3369.21997  2.70962479E-13
  3371.95996  2.34982037E-13
  3374.69995  2.7573202E-13
  3377.43994  3.22988218E-13
  3380.17993  3.14244941E-13
  3382.91992  3.09143471E-13
  3385.65991  3.17825491E-13
  3388.3999  3.23679451E-13
  3391.13989  3.31443288E-13
  3393.87988  3.33305188E-13
  3396.62012  3.63015526E-13
  3399.36011  4.14371689E-13
  3402.1001  4.23118002E-13
  3404.84009  3.90164274E-13
  3407.58008  3.60015593E-13
  3410.32007  3.57427982E-13
  3413.06006  3.65873727E-13
  3415.80005  3.69192957E-13
  3418.54004  3.92219514E-13
  3421.28003  4.15184624E-13
  3424.02002  4.10272294E-13
  3426.76001  4.16160921E-13
  3429.5  4.41593187E-13
  3432.23999  4.42518879E-13
  3434.97998  4.41766957E-13
  3437.71997  4.41234262E-13
  3440.45996  3.96180701E-13
  3443.19995  3.62307325E-13
  3445.93994  3.94247216E-13
  3448.67993  4.4377452E-13
  3451.41992  4.55603762E-13
  3454.15991  4.4369269E-13
  3456.8999  4.47659921E-13
  3459.63989  4.41945173E-13
  3462.37988  4.33854043E-13
  3465.12012  4.53584029E-13
  3467.86011  4.63664155E-13
  3470.6001  4.72936469E-13
  3473.34009  4.57050522E-13
  3476.08008  4.09797386E-13
  3478.82007  4.19741092E-13
  3481.56006  4.57329541E-13
  3484.30005  4.65004554E-13
  3487.04004  4.82211276E-13
  3489.78003  4.68952351E-13
  3492.52002  4.39545102E-13
  3495.26001  4.33585053E-13
  3498.  4.39250931E-13
  3500.73999  4.71813235E-13
  3503.47998  4.95252006E-13
  3506.21997  4.92558902E-13
  3508.95996  4.84716434E-13
  3511.69995  4.82689518E-13
  3514.43994  4.65706304E-13
  3517.17993  4.82147471E-13
  3519.91992  4.93280709E-13
  3522.65991  4.59082859E-13
  3525.3999  4.33490808E-13
  3528.13989  4.45812387E-13
  3530.87988  4.90333685E-13
  3533.62012  5.15092146E-13
  3536.36011  5.23239275E-13
  3539.1001  5.39210115E-13
  3541.84009  5.49621546E-13
  3544.58008  5.54509075E-13
  3547.32007  5.60633571E-13
  3550.06006  5.46332619E-13
  3552.80005  5.31400824E-13
  3555.54004  5.32266885E-13
  3558.28003  5.47703484E-13
  3561.02002  5.44352269E-13
  3563.76001  5.30777841E-13
  3566.5  4.94570639E-13
  3569.23999  4.60104502E-13
  3571.97998  4.67771438E-13
  3574.71997  4.73818413E-13
  3577.45996  4.86899692E-13
  3580.19995  4.90695646E-13
  3582.93994  4.70914648E-13
  3585.67993  4.36260349E-13
  3588.41992  4.21947037E-13
  3591.15991  4.7499938E-13
  3593.8999  5.30262357E-13
  3596.63989  5.5512642E-13
  3599.37988  5.72631623E-13
  3602.12012  5.5792827E-13
  3604.86011  5.36533437E-13
  3607.6001  5.27687865E-13
  3610.34009  5.08848551E-13
  3613.08008  4.98347511E-13
  3615.82007  5.2365756E-13
  3618.56006  5.26282034E-13
  3621.30005  5.17502111E-13
  3624.04004  5.60374013E-13
  3626.78003  5.88549988E-13
  3629.52002  5.82532774E-13
  3632.26001  5.29948047E-13
  3635.  5.13365012E-13
  3637.73999  5.50147276E-13
  3640.47998  5.93999893E-13
  3643.21997  5.83133639E-13
  3645.95996  5.45105519E-13
  3648.69995  5.35068192E-13
  3651.43994  5.58978048E-13
  3654.17993  5.99688105E-13
  3656.91992  6.20670561E-13
  3659.65991  6.30524008E-13
  3662.3999  6.28545068E-13
  3665.13989  6.2083948E-13
  3667.87988  6.19593352E-13
  3670.62012  6.07344361E-13
  3673.36011  6.23530416E-13
  3676.1001  6.39038898E-13
  3678.84009  6.14051399E-13
  3681.58008  6.13141645E-13
  3684.32007  6.21749722E-13
  3687.06006  6.05419577E-13
  3689.80005  6.22693303E-13
  3692.54004  6.70450078E-13
  3695.28003  6.94196653E-13
  3698.02002  7.08634486E-13
  3700.76001  7.20488068E-13
  3703.5  6.8903726E-13
  3706.23999  6.14934969E-13
  3708.97998  6.1899162E-13
  3711.71997  6.57517823E-13
  3714.45996  7.1104136E-13
  3717.19995  7.50354911E-13
  3719.93994  6.85766981E-13
  3722.67993  6.11601264E-13
  3725.41992  6.62834479E-13
  3728.15991  7.15665754E-13
  3730.8999  6.86361775E-13
  3733.63989  6.27492524E-13
  3736.37988  5.67190392E-13
  3739.12012  6.34448982E-13
  3741.86011  7.06979614E-13
  3744.6001  6.81061652E-13
  3747.34009  6.11481026E-13
  3750.08008  5.81401843E-13
  3752.82007  6.60854943E-13
  3755.56006  7.65124346E-13
  3758.30005  7.24068863E-13
  3761.04004  6.61941151E-13
  3763.78003  7.34002486E-13
  3766.52002  7.66830609E-13
  3769.26001  7.41398587E-13
  3772.  7.46579231E-13
  3774.73999  7.73352302E-13
  3777.47998  7.9334087E-13
  3780.21997  8.26322246E-13
  3782.95996  8.56325807E-13
  3785.69995  8.18321268E-13
  3788.43994  7.73434485E-13
  3791.17993  7.6284454E-13
  3793.91992  7.47337196E-13
  3796.65991  7.10981783E-13
  3799.3999  7.00945974E-13
  3802.13989  7.88586644E-13
  3804.87988  8.68632586E-13
  3807.62012  8.46250153E-13
  3810.36011  8.39176927E-13
  3813.1001  8.20230765E-13
  3815.84009  7.56576496E-13
  3818.58008  7.56810196E-13
  3821.32007  7.51958229E-13
  3824.06006  7.2971349E-13
  3826.80005  7.00453801E-13
  3829.54004  7.07627262E-13
  3832.28003  6.86363509E-13
  3835.02002  6.3710338E-13
  3837.76001  6.53865254E-13
  3840.5  6.97267331E-13
  3843.23999  7.55647986E-13
  3845.97998  8.22273944E-13
  3848.71997  8.15902304E-13
  3851.45996  8.01862537E-13
  3854.19995  8.18621429E-13
  3856.93994  8.07456424E-13
  3859.67993  7.66347381E-13
  3862.41992  7.85821712E-13
  3865.15991  8.55133726E-13
  3867.8999  8.54513454E-13
  3870.63989  8.03670065E-13
  3873.37988  7.48785691E-13
  3876.12012  7.7013374E-13
  3878.86011  7.77823823E-13
  3881.6001  7.55538319E-13
  3884.34009  7.4598254E-13
  3887.08008  7.32650214E-13
  3889.82007  7.17977652E-13
  3892.56006  7.69408246E-13
  3895.30005  8.0779605E-13
  3898.04004  8.08079461E-13
  3900.78003  8.18417003E-13
  3903.52002  8.20493575E-13
  3906.26001  8.02910635E-13
  3909.  8.18210408E-13
  3911.73999  8.63149829E-13
  3914.47998  8.47286976E-13
  3917.21997  7.98089025E-13
  3919.95996  7.69683796E-13
  3922.69995  7.36109361E-13
  3925.43994  6.92228826E-13
  3928.17993  5.38847558E-13
  3930.91992  3.21969773E-13
  3933.65991  1.91753473E-13
  3936.3999  2.36436521E-13
  3939.13989  4.20713486E-13
  3941.87988  5.95518318E-13
  3944.62012  7.03690686E-13
  3947.36011  7.73202628E-13
  3950.1001  7.97460513E-13
  3952.84009  8.26457555E-13
  3955.58008  8.4297776E-13
  3958.32007  8.34385946E-13
  3961.06006  7.92259867E-13
  3963.80005  6.08934669E-13
  3966.54004  3.91318E-13
  3969.28003  2.53943459E-13
  3972.02002  3.80702251E-13
  3974.76001  6.33351661E-13
  3977.5  8.17795647E-13
  3980.23999  9.10381145E-13
  3982.97998  9.33963627E-13
  3985.71997  9.72016196E-13
  3988.45996  9.9567121E-13
  3991.19995  1.01639736E-12
  3993.93994  1.01713299E-12
  3996.67993  9.79864193E-13
  3999.41992  9.86550468E-13
  4002.15991  1.03228504E-12
  4004.8999  1.0292586E-12
  4007.63989  1.0101916E-12
  4010.37988  1.07248412E-12
  4013.12012  1.075054E-12
  4015.86011  1.07375762E-12
  4018.6001  1.09663786E-12
  4021.34009  1.084066E-12
  4024.08008  1.06975344E-12
  4026.82007  1.08585428E-12
  4029.56006  1.07650878E-12
  4032.30005  1.01751008E-12
  4035.04004  1.05547873E-12
  4037.78003  1.12344617E-12
  4040.52002  1.1422226E-12
  4043.26001  1.09087164E-12
  4046.  1.05112642E-12
  4048.73999  1.08869131E-12
  4051.47998  1.12965084E-12
  4054.21997  1.115368E-12
  4056.95996  1.09227547E-12
  4059.69995  1.10011588E-12
  4062.43994  1.11453902E-12
  4065.17993  1.06015511E-12
  4067.91992  1.09202621E-12
  4070.65991  1.12777875E-12
  4073.3999  1.09919257E-12
  4076.13989  1.07219247E-12
  4078.87988  1.02104555E-12
  4081.62012  1.09918205E-12
  4084.36011  1.13113848E-12
  4087.1001  1.1502483E-12
  4089.84009  1.19620047E-12
  4092.58008  1.18934062E-12
  4095.32007  1.17889661E-12
  4098.06006  1.1226199E-12
  4100.7998  1.03666674E-12
  4103.54004  1.00329087E-12
  4106.27979  1.1344763E-12
  4109.02002  1.14652374E-12
  4111.75977  1.14491728E-12
  4114.5  1.18852866E-12
  4117.24023  1.19165973E-12
  4119.97998  1.13936855E-12
  4122.72021  1.13492679E-12
  4125.45996  1.14716786E-12
  4128.2002  1.15096539E-12
  4130.93994  1.12787546E-12
  4133.68018  1.10335298E-12
  4136.41992  1.15400007E-12
  4139.16016  1.20415483E-12
  4141.8999  1.1811653E-12
  4144.64014  1.13439672E-12
  4147.37988  1.18115576E-12
  4150.12012  1.16266567E-12
  4152.85986  1.15578608E-12
  4155.6001  1.14930591E-12
  4158.33984  1.17764576E-12
  4161.08008  1.21060497E-12
  4163.81982  1.22010518E-12
  4166.56006  1.22459269E-12
  4169.2998  1.21320185E-12
  4172.04004  1.14004411E-12
  4174.77979  1.08504254E-12
  4177.52002  1.12290786E-12
  4180.25977  1.16030373E-12
  4183.  1.18181246E-12
  4185.74023  1.17358705E-12
  4188.47998  1.1591741E-12
  4191.22021  1.19454023E-12
  4193.95996  1.21326245E-12
  4196.7002  1.17863759E-12
  4199.43994  1.12945092E-12
  4202.18018  1.13387251E-12
  4204.91992  1.1445699E-12
  4207.66016  1.17359714E-12
  4210.3999  1.2089431E-12
  4213.14014  1.21099604E-12
  4215.87988  1.17618274E-12
  4218.62012  1.1996452E-12
  4221.35986  1.21776146E-12
  4224.1001  1.14790024E-12
  4226.83984  1.08103966E-12
  4229.58008  1.16933633E-12
  4232.31982  1.21252054E-12
  4235.06006  1.1615677E-12
  4237.7998  1.15762283E-12
  4240.54004  1.18983187E-12
  4243.27979  1.22368879E-12
  4246.02002  1.19822186E-12
  4248.75977  1.15044617E-12
  4251.5  1.17230032E-12
  4254.24023  1.21018028E-12
  4256.97998  1.20121122E-12
  4259.72021  1.1945424E-12
  4262.45996  1.21238219E-12
  4265.2002  1.26639497E-12
  4267.93994  1.23649561E-12
  4270.68018  1.1873678E-12
  4273.41992  1.14970208E-12
  4276.16016  1.19412845E-12
  4278.8999  1.23645126E-12
  4281.64014  1.18935764E-12
  4284.37988  1.18536279E-12
  4287.12012  1.1465734E-12
  4289.85986  1.07103215E-12
  4292.6001  1.0878375E-12
  4295.33984  1.10843116E-12
  4298.08008  1.03078939E-12
  4300.81982  9.3744435E-13
  4303.56006  9.48552326E-13
  4306.2998  9.66408594E-13
  4309.04004  9.31741012E-13
  4311.77979  9.90109579E-13
  4314.52002  1.09601737E-12
  4317.25977  1.25311924E-12
  4320.  1.27823099E-12
  4322.74023  1.23978909E-12
  4325.47998  1.18128456E-12
  4328.22021  1.25204892E-12
  4330.95996  1.31313211E-12
  4333.7002  1.31323977E-12
  4336.43994  1.25077151E-12
  4339.18018  1.09771404E-12
  4341.91992  1.08641644E-12
  4344.66016  1.25006288E-12
  4347.3999  1.30983354E-12
  4350.14014  1.30405148E-12
  4352.87988  1.23455933E-12
  4355.62012  1.30165627E-12
  4358.35986  1.31557059E-12
  4361.1001  1.32592169E-12
  4363.83984  1.36298384E-12
  4366.58008  1.3551212E-12
  4369.31982  1.2915824E-12
  4372.06006  1.29637598E-12
  4374.7998  1.25569444E-12
  4377.54004  1.286486E-12
  4380.27979  1.3112198E-12
  4383.02002  1.25331776E-12
  4385.75977  1.21377019E-12
  4388.5  1.27337886E-12
  4391.24023  1.28264131E-12
  4393.97998  1.29177658E-12
  4396.72021  1.2961805E-12
  4399.45996  1.29740652E-12
  4402.2002  1.30108673E-12
  4404.93994  1.29778295E-12
  4407.68018  1.30779589E-12
  4410.41992  1.3351914E-12
  4413.16016  1.37022913E-12
  4415.8999  1.43976931E-12
  4418.64014  1.33650155E-12
  4421.37988  1.37630196E-12
  4424.12012  1.37732458E-12
  4426.85986  1.36079006E-12
  4429.6001  1.35869929E-12
  4432.33984  1.36464483E-12
  4435.08008  1.33503885E-12
  4437.81982  1.38590105E-12
  4440.56006  1.38997624E-12
  4443.2998  1.30917076E-12
  4446.04004  1.34654343E-12
  4448.77979  1.38388357E-12
  4451.52002  1.37047697E-12
  4454.25977  1.35661371E-12
  4457.  1.342697E-12
  4459.74023  1.33836681E-12
  4462.47998  1.34847699E-12
  4465.22021  1.35011696E-12
  4467.95996  1.35425612E-12
  4470.7002  1.36635115E-12
  4473.43994  1.44119428E-12
  4476.18018  1.45600014E-12
  4478.91992  1.46205368E-12
  4481.66016  1.40683645E-12
  4484.3999  1.43950498E-12
  4487.14014  1.45258263E-12
  4489.87988  1.40951226E-12
  4492.62012  1.41571618E-12
  4495.35986  1.42571935E-12
  4498.1001  1.44649147E-12
  4500.83984  1.45589259E-12
  4503.58008  1.48769256E-12
  4506.31982  1.50207125E-12
  4509.06006  1.48900727E-12
  4511.7998  1.48193448E-12
  4514.54004  1.4646537E-12
  4517.27979  1.45059876E-12
  4520.02002  1.44210967E-12
  4522.75977  1.42390722E-12
  4525.5  1.3988718E-12
  4528.24023  1.37547038E-12
  4530.97998  1.3754411E-12
  4533.72021  1.35582279E-12
  4536.45996  1.39947374E-12
  4539.2002  1.47876243E-12
  4541.93994  1.47465059E-12
  4544.68018  1.43425625E-12
  4547.41992  1.40972011E-12
  4550.16016  1.38452639E-12
  4552.8999  1.40251374E-12
  4555.64014  1.3991049E-12
  4558.37988  1.4952604E-12
  4561.12012  1.48616471E-12
  4563.85986  1.46569844E-12
  4566.6001  1.48646622E-12
  4569.33984  1.48992201E-12
  4572.08008  1.46699623E-12
  4574.81982  1.50000845E-12
  4577.56006  1.49964915E-12
  4580.2998  1.4692286E-12
  4583.04004  1.45705214E-12
  4585.77979  1.47437195E-12
  4588.52002  1.49322297E-12
  4591.25977  1.48453699E-12
  4594.  1.49986425E-12
  4596.74023  1.51264548E-12
  4599.47998  1.50607987E-12
  4602.22021  1.49234813E-12
  4604.95996  1.52270427E-12
  4607.7002  1.53304409E-12
  4610.43994  1.53610696E-12
  4613.18018  1.52414528E-12
  4615.91992  1.52500235E-12
  4618.66016  1.53046044E-12
  4621.3999  1.54595217E-12
  4624.14014  1.54845776E-12
  4626.87988  1.53957825E-12
  4629.62012  1.52869449E-12
  4632.35986  1.52995086E-12
  4635.1001  1.53184399E-12
  4637.83984  1.53356971E-12
  4640.58008  1.56774214E-12
  4643.31982  1.55387313E-12
  4646.06006  1.52432364E-12
  4648.7998  1.54567548E-12
  4651.54004  1.52951057E-12
  4654.27979  1.5050153E-12
  4657.02002  1.52074772E-12
  4659.75977  1.57575428E-12
  4662.5  1.5714319E-12
  4665.24023  1.54766239E-12
  4667.97998  1.48511715E-12
  4670.72021  1.53140066E-12
  4673.45996  1.56484623E-12
  4676.2002  1.5821643E-12
  4678.93994  1.56174618E-12
  4681.68018  1.54387961E-12
  4684.41992  1.57414522E-12
  4687.16016  1.59408988E-12
  4689.8999  1.58874032E-12
  4692.64014  1.5916025E-12
  4695.37988  1.60218095E-12
  4698.12012  1.58884364E-12
  4700.85986  1.56003671E-12
  4703.6001  1.5453616E-12
  4706.33984  1.52852459E-12
  4709.08008  1.53540115E-12
  4711.81982  1.57925073E-12
  4714.56006  1.58427091E-12
  4717.2998  1.60072498E-12
  4720.04004  1.59868961E-12
  4722.77979  1.61472008E-12
  4725.52002  1.61949165E-12
  4728.25977  1.58575757E-12
  4731.  1.57833675E-12
  4733.74023  1.56910867E-12
  4736.47998  1.58663902E-12
  4739.22021  1.59415948E-12
  4741.95996  1.6044903E-12
  4744.7002  1.6084419E-12
  4747.43994  1.61365029E-12
  4750.18018  1.62348997E-12
  4752.91992  1.59791017E-12
  4755.66016  1.59083922E-12
  4758.3999  1.5913025E-12
  4761.14014  1.56524696E-12
  4763.87988  1.55395998E-12
  4766.62012  1.58698933E-12
  4769.35986  1.61345796E-12
  4772.1001  1.60714671E-12
  4774.83984  1.61630746E-12
  4777.58008  1.6119468E-12
  4780.31982  1.6051469E-12
  4783.06006  1.6020476E-12
  4785.7998  1.5832446E-12
  4788.54004  1.59004873E-12
  4791.27979  1.60608712E-12
  4794.02002  1.62424837E-12
  4796.75977  1.61454639E-12
  4799.5  1.60872802E-12
  4802.24023  1.59943662E-12
  4804.97998  1.59838863E-12
  4807.72021  1.61130701E-12
  4810.45996  1.62421411E-12
  4813.2002  1.63670412E-12
  4815.93994  1.64015633E-12
  4818.68018  1.64212751E-12
  4821.41992  1.62522177E-12
  4824.16016  1.60713218E-12
  4826.8999  1.62843935E-12
  4829.64014  1.64218097E-12
  4832.37988  1.63777152E-12
  4835.12012  1.62190389E-12
  4837.85986  1.6112078E-12
  4840.6001  1.61976335E-12
  4843.33984  1.63005579E-12
  4846.08008  1.62584789E-12
  4848.81982  1.61874854E-12
  4851.56006  1.62331151E-12
  4854.2998  1.60006817E-12
  4857.04004  1.54282761E-12
  4859.77979  1.37788045E-12
  4862.52002  1.37290223E-12
  4865.25977  1.51368653E-12
  4868.  1.59687476E-12
  4870.74023  1.57221989E-12
  4873.47998  1.56572151E-12
  4876.22021  1.58129E-12
  4878.95996  1.60387762E-12
  4881.7002  1.61234838E-12
  4884.43994  1.60564324E-12
  4887.18018  1.6030031E-12
  4889.91992  1.57893338E-12
  4892.66016  1.60783236E-12
  4895.3999  1.65960323E-12
  4898.14014  1.65431612E-12
  4900.87988  1.63207208E-12
  4903.62012  1.62723491E-12
  4906.35986  1.65306614E-12
  4909.1001  1.63248939E-12
  4911.83984  1.63584532E-12
  4914.58008  1.64636826E-12
  4917.31982  1.61610276E-12
  4920.06006  1.55875573E-12
  4922.7998  1.56299799E-12
  4925.54004  1.61356204E-12
  4928.27979  1.65144786E-12
  4931.02002  1.64968831E-12
  4933.75977  1.61283476E-12
  4936.5  1.6129486E-12
  4939.24023  1.61117886E-12
  4941.97998  1.64885651E-12
  4944.72021  1.66754457E-12
  4947.45996  1.67578874E-12
  4950.2002  1.67778443E-12
  4952.93994  1.67777576E-12
  4955.68018  1.64072206E-12
  4958.41992  1.61015374E-12
  4961.16016  1.65090879E-12
  4963.8999  1.66404932E-12
  4966.64014  1.65487036E-12
  4969.37988  1.65466436E-12
  4972.12012  1.66642112E-12
  4974.85986  1.68182677E-12
  4977.6001  1.67139414E-12
  4980.33984  1.62146728E-12
  4983.08008  1.58171718E-12
  4985.81982  1.6024635E-12
  4988.56006  1.63488916E-12
  4991.2998  1.63137169E-12
  4994.04004  1.63364211E-12
  4996.77979  1.6464833E-12
  4999.52002  1.6272592E-12
  5002.25977  1.61753748E-12
  5005.  1.6056452E-12
  5007.74023  1.5982118E-12
  5010.47998  1.61374885E-12
  5013.22021  1.57202213E-12
  5015.95996  1.56122901E-12
  5018.7002  1.59495138E-12
  5021.43994  1.62174896E-12
  5024.18018  1.63955167E-12
  5026.91992  1.65656193E-12
  5029.66016  1.65583725E-12
  5032.3999  1.65817371E-12
  5035.14014  1.64022561E-12
  5037.87988  1.61594273E-12
  5040.62012  1.5670425E-12
  5043.35986  1.60042032E-12
  5046.1001  1.66897019E-12
  5048.83984  1.65471673E-12
  5051.58008  1.63854314E-12
  5054.31982  1.67950246E-12
  5057.06006  1.70235093E-12
  5059.7998  1.69438313E-12
  5062.54004  1.70633559E-12
  5065.27979  1.67610175E-12
  5068.02002  1.65897352E-12
  5070.75977  1.67339525E-12
  5073.5  1.67203913E-12
  5076.24023  1.66125111E-12
  5078.97998  1.6093291E-12
  5081.72021  1.59410018E-12
  5084.45996  1.64039756E-12
  5087.2002  1.67476796E-12
  5089.93994  1.6944548E-12
  5092.68018  1.69821221E-12
  5095.41992  1.68422481E-12
  5098.16016  1.65555319E-12
  5100.8999  1.66544317E-12
  5103.64014  1.67644728E-12
  5106.37988  1.64205791E-12
  5109.12012  1.61747644E-12
  5111.85986  1.65273557E-12
  5114.6001  1.69557608E-12
  5117.33984  1.71936239E-12
  5120.08008  1.70031827E-12
  5122.81982  1.65448189E-12
  5125.56006  1.62976349E-12
  5128.2998  1.62969378E-12
  5131.04004  1.6440691E-12
  5133.77979  1.66838667E-12
  5136.52002  1.64910197E-12
  5139.25977  1.61754876E-12
  5142.  1.6219066E-12
  5144.74023  1.65030641E-12
  5147.47998  1.66756257E-12
  5150.22021  1.6432012E-12
  5152.95996  1.63201657E-12
  5155.7002  1.6859115E-12
  5158.43994  1.72103282E-12
  5161.18018  1.6932883E-12
  5163.91992  1.64809843E-12
  5166.66016  1.53270821E-12
  5169.3999  1.50500098E-12
  5172.14014  1.54166567E-12
  5174.87988  1.62834091E-12
  5177.62012  1.69754651E-12
  5180.35986  1.69126952E-12
  5183.1001  1.60128909E-12
  5185.83984  1.60404849E-12
  5188.58008  1.64381551E-12
  5191.31982  1.62256786E-12
  5194.06006  1.60964753E-12
  5196.7998  1.63488342E-12
  5199.54004  1.65816308E-12
  5202.27979  1.64158943E-12
  5205.02002  1.60611661E-12
  5207.75977  1.60343071E-12
  5210.5  1.64934418E-12
  5213.24023  1.69016884E-12
  5215.97998  1.67526561E-12
  5218.72021  1.69345473E-12
  5221.45996  1.71026539E-12
  5224.2002  1.65790352E-12
  5226.93994  1.60117145E-12
  5229.68018  1.64236832E-12
  5232.41992  1.67502665E-12
  5235.16016  1.67959158E-12
  5237.8999  1.71366458E-12
  5240.64014  1.72887171E-12
  5243.37988  1.72642749E-12
  5246.12012  1.70671571E-12
  5248.85986  1.67119703E-12
  5251.6001  1.67738273E-12
  5254.33984  1.69475827E-12
  5257.08008  1.71401467E-12
  5259.81982  1.69712974E-12
  5262.56006  1.62685371E-12
  5265.2998  1.59332606E-12
  5268.04004  1.59404716E-12
  5270.77979  1.61106328E-12
  5273.52002  1.6559795E-12
  5276.25977  1.70175668E-12
  5279.  1.71883894E-12
  5281.74023  1.70587101E-12
  5284.47998  1.70772218E-12
  5287.22021  1.75070895E-12
  5289.95996  1.76146977E-12
  5292.7002  1.74674858E-12
  5295.43994  1.72618907E-12
  5298.18018  1.70884791E-12
  5300.91992  1.71647755E-12
  5303.66016  1.73621653E-12
  5306.3999  1.7417709E-12
  5309.14014  1.7456363E-12
  5311.87988  1.75487999E-12
  5314.62012  1.7352466E-12
  5317.35986  1.72267886E-12
  5320.1001  1.72713536E-12
  5322.83984  1.7065237E-12
  5325.58008  1.66654321E-12
  5328.31982  1.64397619E-12
  5331.06006  1.67813213E-12
  5333.7998  1.7156838E-12
  5336.54004  1.7138876E-12
  5339.27979  1.69747495E-12
  5342.02002  1.70677209E-12
  5344.75977  1.73480653E-12
  5347.5  1.72513165E-12
  5350.24023  1.72887724E-12
  5352.97998  1.75201216E-12
  5355.72021  1.76270175E-12
  5358.45996  1.76292032E-12
  5361.2002  1.74199793E-12
  5363.93994  1.71767299E-12
  5366.68018  1.70501352E-12
  5369.41992  1.68854817E-12
  5372.16016  1.70750707E-12
  5374.8999  1.74980375E-12
  5377.64014  1.75108832E-12
  5380.37988  1.72918385E-12
  5383.12012  1.73025808E-12
  5385.85986  1.74919205E-12
  5388.6001  1.75170262E-12
  5391.33984  1.72902393E-12
  5394.08008  1.71800801E-12
  5396.81982  1.71295562E-12
  5399.56006  1.70894614E-12
  5402.2998  1.69947314E-12
  5405.04004  1.68215658E-12
  5407.77979  1.69295047E-12
  5410.52002  1.7115389E-12
  5413.25977  1.72862983E-12
  5416.  1.73914442E-12
  5418.74023  1.73661281E-12
  5421.47998  1.73801262E-12
  5424.22021  1.73357888E-12
  5426.95996  1.71941248E-12
  5429.7002  1.71495337E-12
  5432.43994  1.70015694E-12
  5435.18018  1.70913912E-12
  5437.91992  1.75215181E-12
  5440.66016  1.77699327E-12
  5443.3999  1.75175662E-12
  5446.14014  1.71041805E-12
  5448.87988  1.72212917E-12
  5451.62012  1.75211798E-12
  5454.35986  1.72332114E-12
  5457.1001  1.72328319E-12
  5459.83984  1.7552857E-12
  5462.58008  1.74958323E-12
  5465.31982  1.75954769E-12
  5468.06006  1.77361565E-12
  5470.7998  1.77701972E-12
  5473.54004  1.74870285E-12
  5476.27979  1.70941711E-12
  5479.02002  1.72570779E-12
  5481.75977  1.76473712E-12
  5484.5  1.77186239E-12
  5487.24023  1.76398935E-12
  5489.97998  1.77022882E-12
  5492.72021  1.77242943E-12
  5495.45996  1.7468956E-12
  5498.2002  1.73973607E-12
  5500.93994  1.74673611E-12
  5503.68018  1.73125294E-12
  5506.41992  1.72549724E-12
  5509.16016  1.73172197E-12
  5511.8999  1.75100169E-12
  5514.64014  1.76082965E-12
  5517.37988  1.77074392E-12
  5520.12012  1.77477152E-12
  5522.85986  1.767016E-12
  5525.6001  1.74741515E-12
  5528.33984  1.7371368E-12
  5531.08008  1.75777698E-12
  5533.81982  1.77592424E-12
  5536.56006  1.77800071E-12
  5539.2998  1.78204847E-12
  5542.04004  1.78528871E-12
  5544.77979  1.78385204E-12
  5547.52002  1.78600862E-12
  5550.25977  1.79215117E-12
  5553.  1.78871566E-12
  5555.74023  1.78348948E-12
  5558.47998  1.78609785E-12
  5561.22021  1.78185645E-12
  5563.95996  1.76953634E-12
  5566.7002  1.74979736E-12
  5569.43994  1.73539351E-12
  5572.18018  1.73588509E-12
  5574.91992  1.75486568E-12
  5577.66016  1.77189058E-12
  5580.3999  1.7659897E-12
  5583.14014  1.75735403E-12
  5585.87988  1.73785042E-12
  5588.62012  1.72679785E-12
  5591.35986  1.73966147E-12
  5594.1001  1.75233862E-12
  5596.83984  1.7585524E-12
  5599.58008  1.75624836E-12
  5602.31982  1.75302839E-12
  5605.06006  1.76836378E-12
  5607.7998  1.78050988E-12
  5610.54004  1.78010048E-12
  5613.27979  1.76717094E-12
  5616.02002  1.76140168E-12
  5618.75977  1.76973334E-12
  5621.5  1.77468923E-12
  5624.24023  1.77525984E-12
  5626.97998  1.79452156E-12
  5629.72021  1.80701786E-12
  5632.45996  1.79247784E-12
  5635.2002  1.79284376E-12
  5637.93994  1.78689594E-12
  5640.68018  1.78144316E-12
  5643.41992  1.79802245E-12
  5646.16016  1.81769411E-12
  5648.8999  1.78794403E-12
  5651.64014  1.74496019E-12
  5654.37988  1.73799278E-12
  5657.12012  1.72739449E-12
  5659.85986  1.72604281E-12
  5662.6001  1.75225915E-12
  5665.33984  1.76854972E-12
  5668.08008  1.76262021E-12
  5670.81982  1.76535219E-12
  5673.56006  1.77270622E-12
  5676.2998  1.77476913E-12
  5679.04004  1.77168588E-12
  5681.77979  1.74898388E-12
  5684.52002  1.74170704E-12
  5687.25977  1.78500671E-12
  5690.  1.79694313E-12
  5692.74023  1.7664056E-12
  5695.47998  1.76928806E-12
  5698.22021  1.78438503E-12
  5700.95996  1.77072441E-12
  5703.7002  1.75221708E-12
  5706.43994  1.74361068E-12
  5709.18018  1.74300938E-12
  5711.91992  1.75296344E-12
  5714.66016  1.76549704E-12
  5717.3999  1.78201345E-12
  5720.14014  1.79293982E-12
  5722.87988  1.79691548E-12
  5725.62012  1.77744267E-12
  5728.35986  1.76148939E-12
  5731.1001  1.76692417E-12
  5733.83984  1.77341843E-12
  5736.58008  1.78139231E-12
  5739.31982  1.78780829E-12
  5742.06006  1.79190311E-12
  5744.7998  1.77373546E-12
  5747.54004  1.75481895E-12
  5750.27979  1.76116359E-12
  5753.02002  1.76985184E-12
  5755.75977  1.77775579E-12
  5758.5  1.78052191E-12
  5761.24023  1.77812918E-12
  5763.97998  1.78389953E-12
  5766.72021  1.79182819E-12
  5769.45996  1.79328145E-12
  5772.2002  1.79059014E-12
  5774.93994  1.78078136E-12
  5777.68018  1.77565124E-12
  5780.41992  1.77687639E-12
  5783.16016  1.77943587E-12
  5785.8999  1.78406183E-12
  5788.64014  1.78717197E-12
  5791.37988  1.79504426E-12
  5794.12012  1.82738438E-12
  5796.85986  1.83900421E-12
  5799.6001  1.79870951E-12
  5802.33984  1.78917124E-12
  5805.08008  1.80763781E-12
  5807.81982  1.81035037E-12
  5810.56006  1.80827944E-12
  5813.2998  1.80750738E-12
  5816.04004  1.80454013E-12
  5818.77979  1.79351737E-12
  5821.52002  1.79231391E-12
  5824.26025  1.80897658E-12
  5827.  1.81269203E-12
  5829.74023  1.8092292E-12
  5832.47998  1.79339551E-12
  5835.22021  1.77729511E-12
  5837.95996  1.78408568E-12
  5840.7002  1.79033025E-12
  5843.43994  1.78719452E-12
  5846.18018  1.78644003E-12
  5848.91992  1.78901338E-12
  5851.66016  1.77924711E-12
  5854.3999  1.76465711E-12
  5857.14014  1.76281331E-12
  5859.87988  1.76617933E-12
  5862.62012  1.77098744E-12
  5865.35986  1.78279754E-12
  5868.1001  1.80789227E-12
  5870.83984  1.82064823E-12
  5873.58008  1.8252498E-12
  5876.31982  1.80269547E-12
  5879.06006  1.77260073E-12
  5881.7998  1.77160446E-12
  5884.54004  1.76234775E-12
  5887.27979  1.7205844E-12
  5890.02002  1.70009883E-12
  5892.76025  1.69989066E-12
  5895.5  1.71776807E-12
  5898.24023  1.74915919E-12
  5900.97998  1.7754692E-12
  5903.72021  1.79150553E-12
  5906.45996  1.77675127E-12
  5909.2002  1.77355873E-12
  5911.93994  1.7958805E-12
  5914.68018  1.81003379E-12
  5917.41992  1.82075882E-12
  5920.16016  1.78875241E-12
  5922.8999  1.74963787E-12
  5925.64014  1.7766152E-12
  5928.37988  1.79562376E-12
  5931.12012  1.76204689E-12
  5933.85986  1.75277241E-12
  5936.6001  1.77480741E-12
  5939.33984  1.77819727E-12
  5942.08008  1.77539298E-12
  5944.81982  1.78544798E-12
  5947.56006  1.79170611E-12
  5950.2998  1.77344782E-12
  5953.04004  1.76233941E-12
  5955.77979  1.76801108E-12
  5958.52002  1.7713539E-12
  5961.26025  1.77435757E-12
  5964.  1.78218952E-12
  5966.74023  1.79090878E-12
  5969.47998  1.79448177E-12
  5972.22021  1.79172898E-12
  5974.95996  1.77520737E-12
  5977.7002  1.76886142E-12
  5980.43994  1.77632442E-12
  5983.18018  1.78027601E-12
  5985.91992  1.78345208E-12
  5988.66016  1.77632334E-12
  5991.3999  1.77307604E-12
  5994.14014  1.79941121E-12
  5996.87988  1.81164014E-12
  5999.62012  1.79416519E-12
  6002.35986  1.77229553E-12
  6005.1001  1.74104557E-12
  6007.83984  1.75496987E-12
  6010.58008  1.7858847E-12
  6013.31982  1.7874298E-12
  6016.06006  1.77965086E-12
  6018.7998  1.76150565E-12
  6021.54004  1.75573022E-12
  6024.27979  1.76677759E-12
  6027.02002  1.77992723E-12
  6029.76025  1.79635994E-12
  6032.5  1.79766781E-12
  6035.24023  1.79223921E-12
  6037.97998  1.7822021E-12
  6040.72021  1.77810512E-12
  6043.45996  1.78932292E-12
  6046.2002  1.78980279E-12
  6048.93994  1.78058328E-12
  6051.68018  1.76928448E-12
  6054.41992  1.76525125E-12
  6057.16016  1.83168324E-12
  6059.8999  1.87184556E-12
  6062.64014  1.78646843E-12
  6065.37988  1.74058229E-12
  6068.12012  1.75927892E-12
  6070.85986  1.78409967E-12
  6073.6001  1.82094986E-12
  6076.33984  1.80278687E-12
  6079.08008  1.76937794E-12
  6081.81982  1.75973548E-12
  6084.56006  1.7590482E-12
  6087.2998  1.7717891E-12
  6090.04004  1.77345259E-12
  6092.77979  1.76384113E-12
  6095.52002  1.76003775E-12
  6098.26025  1.75784008E-12
  6101.  1.75493571E-12
  6103.74023  1.7518942E-12
  6106.47998  1.74794662E-12
  6109.22021  1.74592903E-12
  6111.95996  1.74543474E-12
  6114.7002  1.75179999E-12
  6117.43994  1.76329925E-12
  6120.18018  1.7477017E-12
  6122.91992  1.72749857E-12
  6125.66016  1.7342229E-12
  6128.3999  1.74494685E-12
  6131.14014  1.7606551E-12
  6133.87988  1.75101123E-12
  6136.62012  1.70812962E-12
  6139.35986  1.70443206E-12
  6142.1001  1.72095769E-12
  6144.83984  1.74975204E-12
  6147.58008  1.77180904E-12
  6150.31982  1.75627189E-12
  6153.06006  1.74692769E-12
  6155.7998  1.75901221E-12
  6158.54004  1.74562806E-12
  6161.27979  1.71355801E-12
  6164.02002  1.71213315E-12
  6166.76025  1.72111121E-12
  6169.5  1.71837317E-12
  6172.24023  1.72311915E-12
  6174.97998  1.75078192E-12
  6177.72021  1.76239123E-12
  6180.45996  1.75246612E-12
  6183.2002  1.76506021E-12
  6185.93994  1.7833159E-12
  6188.68018  1.74782779E-12
  6191.41992  1.71188281E-12
  6194.16016  1.72901049E-12
  6196.8999  1.74505603E-12
  6199.64014  1.75014604E-12
  6202.37988  1.75318332E-12
  6205.12012  1.75332698E-12
  6207.85986  1.76483719E-12
  6210.6001  1.7755863E-12
  6213.33984  1.75871893E-12
  6216.08008  1.73938446E-12
  6218.81982  1.72668011E-12
  6221.56006  1.72353744E-12
  6224.2998  1.73430562E-12
  6227.04004  1.73438423E-12
  6229.77979  1.72924468E-12
  6232.52002  1.71686829E-12
  6235.26025  1.708692E-12
  6238.  1.72746355E-12
  6240.74023  1.73589853E-12
  6243.47998  1.71735868E-12
  6246.22021  1.71191295E-12
  6248.95996  1.71608431E-12
  6251.7002  1.71866005E-12
  6254.43994  1.72151453E-12
  6257.18018  1.72153795E-12
  6259.91992  1.724701E-12
  6262.66016  1.73901692E-12
  6265.3999  1.74499206E-12
  6268.14014  1.73673868E-12
  6270.87988  1.74242326E-12
  6273.62012  1.75414479E-12
  6276.35986  1.74478661E-12
  6279.1001  1.73057337E-12
  6281.83984  1.72370603E-12
  6284.58008  1.72464799E-12
  6287.31982  1.74067911E-12
  6290.06006  1.74534128E-12
  6292.7998  1.7403738E-12
  6295.54004  1.73141742E-12
  6298.27979  1.72180152E-12
  6301.02002  1.73159544E-12
  6303.76025  1.73862736E-12
  6306.5  1.72285862E-12
  6309.24023  1.71670382E-12
  6311.97998  1.73031338E-12
  6314.72021  1.72284821E-12
  6317.45996  1.70426726E-12
  6320.2002  1.71057103E-12
  6322.93994  1.7279921E-12
  6325.68018  1.75882475E-12
  6328.41992  1.76899261E-12
  6331.16016  1.73030795E-12
  6333.8999  1.71295259E-12
  6336.64014  1.71421417E-12
  6339.37988  1.71938061E-12
  6342.12012  1.72953167E-12
  6344.85986  1.74135999E-12
  6347.6001  1.74697247E-12
  6350.33984  1.73362149E-12
  6353.08008  1.72351976E-12
  6355.81982  1.71945043E-12
  6358.56006  1.71854848E-12
  6361.2998  1.72101591E-12
  6364.04004  1.7303922E-12
  6366.77979  1.73949798E-12
  6369.52002  1.73442001E-12
  6372.26025  1.7268371E-12
  6375.  1.7177015E-12
  6377.74023  1.71667942E-12
  6380.47998  1.72514748E-12
  6383.22021  1.7295038E-12
  6385.95996  1.7310734E-12
  6388.7002  1.71812629E-12
  6391.43994  1.70610748E-12
  6394.18018  1.71247532E-12
  6396.91992  1.71298034E-12
  6399.66016  1.6987284E-12
  6402.3999  1.69761243E-12
  6405.14014  1.7054176E-12
  6407.87988  1.71067023E-12
  6410.62012  1.71538424E-12
  6413.35986  1.71837989E-12
  6416.1001  1.71928227E-12
  6418.83984  1.71499295E-12
  6421.58008  1.71753107E-12
  6424.31982  1.73087803E-12
  6427.06006  1.72342663E-12
  6429.7998  1.70733783E-12
  6432.54004  1.71989495E-12
  6435.27979  1.73372774E-12
  6438.02002  1.72220528E-12
  6440.76025  1.71820435E-12
  6443.5  1.7341804E-12
  6446.24023  1.73530786E-12
  6448.97998  1.72565261E-12
  6451.72021  1.72194984E-12
  6454.45996  1.71917114E-12
  6457.2002  1.71468211E-12
  6459.93994  1.70852113E-12
  6462.68018  1.69374465E-12
  6465.41992  1.69779154E-12
  6468.16016  1.72784389E-12
  6470.8999  1.74418292E-12
  6473.64014  1.75443102E-12
  6476.37988  1.75331787E-12
  6479.12012  1.74501516E-12
  6481.85986  1.72973701E-12
  6484.6001  1.71875968E-12
  6487.33984  1.71896449E-12
  6490.08008  1.7116059E-12
  6492.81982  1.69791188E-12
  6495.56006  1.69357562E-12
  6498.2998  1.69510272E-12
  6501.04004  1.7065881E-12
  6503.77979  1.71498211E-12
  6506.52002  1.70634795E-12
  6509.26025  1.70739876E-12
  6512.  1.72494213E-12
  6514.74023  1.72762347E-12
  6517.47998  1.72273242E-12
  6520.22021  1.71788202E-12
  6522.95996  1.71761346E-12
  6525.7002  1.73735971E-12
  6528.43994  1.75113678E-12
  6531.18018  1.75096125E-12
  6533.91992  1.74276793E-12
  6536.66016  1.72392027E-12
  6539.3999  1.73188189E-12
  6542.14014  1.74620821E-12
  6544.87988  1.72157189E-12
  6547.62012  1.69328017E-12
  6550.35986  1.68134983E-12
  6553.1001  1.66979256E-12
  6555.83984  1.66775784E-12
  6558.58008  1.61986201E-12
  6561.31982  1.54438062E-12
  6564.06006  1.54754584E-12
  6566.7998  1.58688731E-12
  6569.54004  1.64777285E-12
  6572.27979  1.69888116E-12
  6575.02002  1.72613735E-12
  6577.76025  1.73493316E-12
  6580.5  1.72201587E-12
  6583.24023  1.72072372E-12
  6585.97998  1.72314918E-12
  6588.72021  1.73215403E-12
  6591.45996  1.73490356E-12
  6594.2002  1.71108809E-12
  6596.93994  1.70300861E-12
  6599.68018  1.72206043E-12
  6602.41992  1.73602116E-12
  6605.16016  1.74935403E-12
  6607.8999  1.72853626E-12
  6610.64014  1.70465757E-12
  6613.37988  1.7336551E-12
  6616.12012  1.75060097E-12
  6618.85986  1.71879752E-12
  6621.6001  1.71163355E-12
  6624.33984  1.73178464E-12
  6627.08008  1.73241608E-12
  6629.81982  1.72552424E-12
  6632.56006  1.71984996E-12
  6635.2998  1.71691426E-12
  6638.04004  1.72291348E-12
  6640.77979  1.72715759E-12
  6643.52002  1.72720963E-12
  6646.26025  1.72810106E-12
  6649.  1.7291639E-12
  6651.74023  1.73177195E-12
  6654.47998  1.73196017E-12
  6657.22021  1.7157739E-12
  6659.95996  1.70819001E-12
  6662.7002  1.72753869E-12
  6665.43994  1.73815389E-12
  6668.18018  1.74068182E-12
  6670.91992  1.73329309E-12
  6673.66016  1.71912994E-12
  6676.3999  1.71011404E-12
  6679.14014  1.70623975E-12
  6681.87988  1.71428421E-12
  6684.62012  1.72035433E-12
  6687.35986  1.72076882E-12
  6690.1001  1.72150434E-12
  6692.83984  1.72183958E-12
  6695.58008  1.72749673E-12
  6698.31982  1.7326533E-12
  6701.06006  1.7237533E-12
  6703.7998  1.71461716E-12
  6706.54004  1.71298446E-12
  6709.27979  1.70882622E-12
  6712.02002  1.70087664E-12
  6714.76025  1.69588323E-12
  6717.5  1.69307428E-12
  6720.24023  1.69747018E-12
  6722.97998  1.70533336E-12
  6725.72021  1.71629074E-12
  6728.45996  1.72140893E-12
  6731.2002  1.71630418E-12
  6733.93994  1.71037164E-12
  6736.68018  1.70230952E-12
  6739.41992  1.69948127E-12
  6742.16016  1.6986885E-12
  6744.8999  1.69432187E-12
  6747.64014  1.69346362E-12
  6750.37988  1.70345942E-12
  6753.12012  1.70804365E-12
  6755.85986  1.70502317E-12
  6758.6001  1.70153106E-12
  6761.33984  1.6979816E-12
  6764.08008  1.71901924E-12
  6766.81982  1.73608166E-12
  6769.56006  1.70384659E-12
  6772.2998  1.68498028E-12
  6775.04004  1.70684029E-12
  6777.77979  1.71024349E-12
  6780.52002  1.69821882E-12
  6783.26025  1.70137266E-12
  6786.  1.70869883E-12
  6788.74023  1.70490163E-12
  6791.47998  1.69952876E-12
  6794.22021  1.69643184E-12
  6796.95996  1.69486983E-12
  6799.7002  1.69181368E-12
  6802.43994  1.7055386E-12
  6805.18018  1.72929423E-12
  6807.91992  1.71638105E-12
  6810.66016  1.69298451E-12
  6813.3999  1.67838172E-12
  6816.14014  1.67803813E-12
  6818.87988  1.70892434E-12
  6821.62012  1.71304735E-12
  6824.35986  1.69054137E-12
  6827.1001  1.68375372E-12
  6829.83984  1.68293233E-12
  6832.58008  1.68768233E-12
  6835.31982  1.69255159E-12
  6838.06006  1.6921152E-12
  6840.7998  1.69070259E-12
  6843.54004  1.68948883E-12
  6846.27979  1.68367425E-12
  6849.02002  1.6744169E-12
  6851.76025  1.66874121E-12
  6854.5  1.66557295E-12
  6857.24023  1.66597769E-12
  6859.97998  1.66991898E-12
  6862.72021  1.68117245E-12
  6865.45996  1.68368021E-12
  6868.2002  1.67622762E-12
  6870.93994  1.6763265E-12
  6873.68018  1.67893358E-12
  6876.41992  1.67827601E-12
  6879.16016  1.67618838E-12
  6881.8999  1.66812853E-12
  6884.64014  1.67271058E-12
  6887.37988  1.70681015E-12
  6890.12012  1.69990172E-12
  6892.85986  1.66431745E-12
  6895.6001  1.67241698E-12
  6898.33984  1.69250952E-12
  6901.08008  1.69492057E-12
  6903.81982  1.69123212E-12
  6906.56006  1.68043129E-12
  6909.2998  1.672273E-12
  6912.04004  1.66596901E-12
  6914.77979  1.6666912E-12
  6917.52002  1.67111886E-12
  6920.26025  1.66667407E-12
  6923.  1.66092509E-12
  6925.74023  1.6568358E-12
  6928.47998  1.65912629E-12
  6931.22021  1.67536026E-12
  6933.95996  1.6746925E-12
  6936.7002  1.66115711E-12
  6939.43994  1.66008787E-12
  6942.18018  1.66378575E-12
  6944.91992  1.6704369E-12
  6947.66016  1.6734731E-12
  6950.3999  1.66552254E-12
  6953.14014  1.66161735E-12
  6955.87988  1.6615163E-12
  6958.62012  1.66868082E-12
  6961.35986  1.67993711E-12
  6964.1001  1.67904601E-12
  6966.83984  1.6729567E-12
  6969.58008  1.66225128E-12
  6972.31982  1.65619298E-12
  6975.06006  1.65758347E-12
  6977.7998  1.66482941E-12
  6980.54004  1.6787613E-12
  6983.27979  1.67916516E-12
  6986.02002  1.67445279E-12
  6988.76025  1.67674533E-12
  6991.5  1.67488853E-12
  6994.24023  1.65839239E-12
  6996.97998  1.65124273E-12
  6999.72021  1.65691983E-12
  7002.45996  1.66177087E-12
  7005.2002  1.66700432E-12
  7007.93994  1.65607719E-12
  7010.68018  1.6442558E-12
  7013.41992  1.65011527E-12
  7016.16016  1.65597354E-12
  7018.8999  1.65497531E-12
  7021.64014  1.66386447E-12
  7024.37988  1.68337859E-12
  7027.12012  1.67713488E-12
  7029.85986  1.66038819E-12
  7032.6001  1.65443614E-12
  7035.33984  1.65303773E-12
  7038.08008  1.65907425E-12
  7040.81982  1.66003572E-12
  7043.56006  1.65007298E-12
  7046.2998  1.65637426E-12
  7049.04004  1.67118825E-12
  7051.77979  1.65876384E-12
  7054.52002  1.64340872E-12
  7057.26025  1.65588246E-12
  7060.  1.6628914E-12
  7062.74023  1.64915141E-12
  7065.47998  1.64685203E-12
  7068.22021  1.65552229E-12
  7070.95996  1.65542753E-12
  7073.7002  1.65287012E-12
  7076.43994  1.65784259E-12
  7079.18018  1.65986094E-12
  7081.91992  1.6481469E-12
  7084.66016  1.64184096E-12
  7087.3999  1.64392729E-12
  7090.14014  1.64848473E-12
  7092.87988  1.65607588E-12
  7095.62012  1.66136278E-12
  7098.35986  1.66361835E-12
  7101.1001  1.65673248E-12
  7103.83984  1.65086586E-12
  7106.58008  1.65313412E-12
  7109.31982  1.64628749E-12
  7112.06006  1.62796577E-12
  7114.7998  1.62821948E-12
  7117.54004  1.63600372E-12
  7120.27979  1.62934542E-12
  7123.02002  1.62249652E-12
  7125.76025  1.6244342E-12
  7128.5  1.62823596E-12
  7131.24023  1.63385202E-12
  7133.97998  1.6393242E-12
  7136.72021  1.6449781E-12
  7139.45996  1.64470965E-12
  7142.2002  1.64073085E-12
  7144.93994  1.63235094E-12
  7147.68018  1.62655046E-12
  7150.41992  1.63001839E-12
  7153.16016  1.62679863E-12
  7155.8999  1.61293667E-12
  7158.64014  1.62018446E-12
  7161.37988  1.64099355E-12
  7164.12012  1.68452329E-12
  7166.85986  1.71236712E-12
  7169.6001  1.66826958E-12
  7172.33984  1.63414096E-12
  7175.08008  1.6272257E-12
  7177.81982  1.62284238E-12
  7180.56006  1.62357508E-12
  7183.2998  1.62447529E-12
  7186.04004  1.6255492E-12
  7188.77979  1.62497489E-12
  7191.52002  1.62015225E-12
  7194.26025  1.60306913E-12
  7197.  1.60087796E-12
  7199.74023  1.62057477E-12
  7202.47998  1.61519192E-12
  7205.22021  1.59932527E-12
  7207.95996  1.60802079E-12
  7210.7002  1.62126378E-12
  7213.43994  1.62584518E-12
  7216.18018  1.62669997E-12
  7218.91992  1.62351599E-12
  7221.66016  1.61768233E-12
  7224.3999  1.6084639E-12
  7227.14014  1.61197032E-12
  7229.87988  1.61950499E-12
  7232.62012  1.61416215E-12
  7235.35986  1.61403562E-12
  7238.1001  1.63436549E-12
  7240.83984  1.64469111E-12
  7243.58008  1.64090681E-12
  7246.31982  1.64168982E-12
  7249.06006  1.64300203E-12
  7251.7998  1.64100808E-12
  7254.54004  1.63629158E-12
  7257.27979  1.62550745E-12
  7260.02002  1.61925399E-12
  7262.76025  1.62254151E-12
  7265.5  1.62520138E-12
  7268.24023  1.62857716E-12
  7270.97998  1.62399955E-12
  7273.72021  1.61795284E-12
  7276.45996  1.62770882E-12
  7279.2002  1.63605219E-12
  7281.93994  1.63054899E-12
  7284.68018  1.62804156E-12
  7287.41992  1.63244776E-12
  7290.16016  1.6275657E-12
  7292.8999  1.61727543E-12
  7295.64014  1.60837576E-12
  7298.37988  1.60388499E-12
  7301.12012  1.61630605E-12
  7303.85986  1.62390164E-12
  7306.6001  1.61599998E-12
  7309.33984  1.61395626E-12
  7312.08008  1.61739014E-12
  7314.81982  1.61264632E-12
  7317.56006  1.60471896E-12
  7320.2998  1.59869644E-12
  7323.04004  1.59917695E-12
  7325.77979  1.6158548E-12
  7328.52002  1.62814705E-12
  7331.26025  1.63501211E-12
  7334.  1.63223862E-12
  7336.74023  1.62162894E-12
  7339.47998  1.61634421E-12
  7342.22021  1.61236757E-12
  7344.95996  1.60712806E-12
  7347.7002  1.60555532E-12
  7350.43994  1.61363143E-12
  7353.18018  1.61203798E-12
  7355.91992  1.59982216E-12
  7358.66016  1.59371171E-12
  7361.3999  1.59205516E-12
  7364.14014  1.60838801E-12
  7366.87988  1.62315322E-12
  7369.62012  1.61708689E-12
  7372.35986  1.61281578E-12
  7375.1001  1.6150243E-12
  7377.83984  1.61250462E-12
  7380.58008  1.60684508E-12
  7383.31982  1.59140182E-12
  7386.06006  1.5761253E-12
  7388.7998  1.57879623E-12
  7391.54004  1.58863276E-12
  7394.27979  1.61261868E-12
  7397.02002  1.60940933E-12
  7399.76025  1.57067003E-12
  7402.5  1.57234425E-12
  7405.24023  1.59075932E-12
  7407.97998  1.58551872E-12
  7410.72021  1.57668518E-12
  7413.45996  1.57377594E-12
  7416.2002  1.57456079E-12
  7418.93994  1.58159423E-12
  7421.68018  1.5832085E-12
  7424.41992  1.58108216E-12
  7427.16016  1.58981855E-12
  7429.8999  1.60072498E-12
  7432.64014  1.59940052E-12
  7435.37988  1.59911591E-12
  7438.12012  1.61071774E-12
  7440.85986  1.60771049E-12
  7443.6001  1.58422385E-12
  7446.33984  1.57935297E-12
  7449.08008  1.5832343E-12
  7451.81982  1.58562226E-12
  7454.56006  1.58851209E-12
  7457.2998  1.59163741E-12
  7460.04004  1.59330535E-12
  7462.77979  1.59278873E-12
  7465.52002  1.59148096E-12
  7468.26025  1.58916825E-12
  7471.  1.58711412E-12
  7473.74023  1.58609183E-12
  7476.47998  1.59179646E-12
  7479.22021  1.59339957E-12
  7481.95996  1.58040898E-12
  7484.7002  1.5742055E-12
  7487.43994  1.57818572E-12
  7490.18018  1.57542946E-12
  7492.91992  1.56986577E-12
  7495.66016  1.56472567E-12
  7498.3999  1.56353901E-12
  7501.14014  1.57656917E-12
  7503.87988  1.58518251E-12
  7506.62012  1.58419122E-12
  7509.35986  1.57738286E-12
  7512.1001  1.56351006E-12
  7514.83984  1.56183356E-12
  7517.58008  1.56497244E-12
  7520.31982  1.56310002E-12
  7523.06006  1.56324986E-12
  7525.7998  1.5706491E-12
  7528.54004  1.57551413E-12
  7531.27979  1.5762232E-12
  7534.02002  1.57905373E-12
  7536.76025  1.58236683E-12
  7539.5  1.57975748E-12
  7542.24023  1.57557669E-12
  7544.97998  1.57620358E-12
  7547.72021  1.5719071E-12
  7550.45996  1.55424892E-12
  7553.2002  1.54976552E-12
  7555.93994  1.5576673E-12
  7558.68018  1.56280414E-12
  7561.41992  1.56677687E-12
  7564.16016  1.56283038E-12
  7566.8999  1.55603731E-12
  7569.64014  1.54646315E-12
  7572.37988  1.54327137E-12
  7575.12012  1.55074315E-12
  7577.85986  1.55213559E-12
  7580.6001  1.55100249E-12
  7583.33984  1.55618118E-12
  7586.08008  1.56182445E-12
  7588.81982  1.56154029E-12
  7591.56006  1.55810293E-12
  7594.2998  1.54857344E-12
  7597.04004  1.54717764E-12
  7599.77979  1.55398405E-12
  7602.52002  1.56197841E-12
  7605.26025  1.5696602E-12
  7608.  1.56294194E-12
  7610.74023  1.55188004E-12
  7613.47998  1.53955527E-12
  7616.22021  1.5342597E-12
  7618.95996  1.54008403E-12
  7621.7002  1.54436273E-12
  7624.43994  1.54897091E-12
  7627.18018  1.54243426E-12
  7629.91992  1.5347529E-12
  7632.66016  1.54446985E-12
  7635.3999  1.55011073E-12
  7638.14014  1.53807772E-12
  7640.87988  1.53724353E-12
  7643.62012  1.55028724E-12
  7646.35986  1.5492321E-12
  7649.1001  1.54136111E-12
  7651.83984  1.53052213E-12
  7654.58008  1.52370998E-12
  7657.31982  1.53604137E-12
  7660.06006  1.53818386E-12
  7662.7998  1.51749956E-12
  7665.54004  1.51310865E-12
  7668.27979  1.51935626E-12
  7671.02002  1.52924537E-12
  7673.76025  1.54115609E-12
  7676.5  1.54825306E-12
  7679.24023  1.5525053E-12
  7681.97998  1.55453948E-12
  7684.72021  1.55159544E-12
  7687.45996  1.54248305E-12
  7690.2002  1.5348868E-12
  7692.93994  1.5274134E-12
  7695.68018  1.52164414E-12
  7698.41992  1.5170687E-12
  7701.16016  1.51071787E-12
  7703.8999  1.51343944E-12
  7706.64014  1.53410563E-12
  7709.37988  1.54175425E-12
  7712.12012  1.54004966E-12
  7714.85986  1.54052151E-12
  7717.6001  1.5401184E-12
  7720.33984  1.53903886E-12
  7723.08008  1.53297546E-12
  7725.81982  1.51224931E-12
  7728.56006  1.50712027E-12
  7731.2998  1.52538626E-12
  7734.04004  1.52384908E-12
  7736.77979  1.51391139E-12
  7739.52002  1.52005318E-12
  7742.26025  1.5241249E-12
  7745.  1.50035941E-12
  7747.74023  1.49243129E-12
  7750.47998  1.52261678E-12
  7753.22021  1.53259014E-12
  7755.95996  1.52725835E-12
  7758.7002  1.52479765E-12
  7761.43994  1.52267554E-12
  7764.18018  1.52446122E-12
  7766.91992  1.53004855E-12
  7769.66016  1.54645665E-12
  7772.3999  1.54746734E-12
  7775.14014  1.52326903E-12
  7777.87988  1.51890978E-12
  7780.62012  1.52367973E-12
  7783.35986  1.51836703E-12
  7786.1001  1.51218166E-12
  7788.83984  1.51424197E-12
  7791.58008  1.51241942E-12
  7794.31982  1.4977957E-12
  7797.06006  1.497909E-12
  7799.7998  1.5131273E-12
  7802.54004  1.5073125E-12
  7805.27979  1.49507566E-12
  7808.02002  1.50116584E-12
  7810.76025  1.50975825E-12
  7813.5  1.51210847E-12
  7816.24023  1.51700766E-12
  7818.97998  1.52739919E-12
  7821.72021  1.53227626E-12
  7824.45996  1.53336783E-12
  7827.2002  1.52021765E-12
  7829.93994  1.50493734E-12
  7832.68018  1.50212904E-12
  7835.41992  1.51072568E-12
  7838.16016  1.54449912E-12
  7840.8999  1.54766998E-12
  7843.64014  1.51766067E-12
  7846.37988  1.51512993E-12
  7849.12012  1.52244038E-12
  7851.85986  1.52195628E-12
  7854.6001  1.51878206E-12
  7857.33984  1.51192091E-12
  7860.08008  1.50637218E-12
  7862.81982  1.51102275E-12
  7865.56006  1.48117271E-12
  7868.2998  1.42720655E-12
  7871.04004  1.4414907E-12
  7873.77979  1.47689304E-12
  7876.52002  1.48346884E-12
  7879.26025  1.48970647E-12
  7882.  1.50731587E-12
  7884.74023  1.51026294E-12
  7887.47998  1.4944556E-12
  7890.22021  1.50231292E-12
  7892.95996  1.51884722E-12
  7895.7002  1.51327128E-12
  7898.43994  1.50284906E-12
  7901.18018  1.4956234E-12
  7903.91992  1.49275167E-12
  7906.66016  1.49753007E-12
  7909.3999  1.49763817E-12
  7912.14014  1.49498393E-12
  7914.87988  1.49151893E-12
  7917.62012  1.48698751E-12
  7920.35986  1.47888299E-12
  7923.1001  1.47707606E-12
  7925.83984  1.49261083E-12
  7928.58008  1.49752086E-12
  7931.31982  1.48861251E-12
  7934.06006  1.48734822E-12
  7936.7998  1.49212684E-12
  7939.54004  1.53447567E-12
  7942.27979  1.56395621E-12
  7945.02002  1.50890574E-12
  7947.76025  1.47592984E-12
  7950.5  1.50927328E-12
  7953.24023  1.48048121E-12
  7955.97998  1.40223651E-12
  7958.72021  1.41963958E-12
  7961.45996  1.47179827E-12
  7964.2002  1.49561364E-12
  7966.93994  1.50222011E-12
  7969.68018  1.47500144E-12
  7972.41992  1.46701141E-12
  7975.16016  1.48520616E-12
  7977.8999  1.49421198E-12
  7980.64014  1.50042652E-12
  7983.37988  1.49846314E-12
  7986.12012  1.49442925E-12
  7988.85986  1.49697811E-12
  7991.6001  1.49427974E-12
  7994.33984  1.47809998E-12
  7997.08008  1.47545116E-12
  7999.81982  1.48413508E-12
  8002.56006  1.49061351E-12
  8005.2998  1.49524165E-12
  8008.04004  1.48785628E-12
  8010.77979  1.47978017E-12
  8013.52002  1.47736348E-12
  8016.26025  1.47647931E-12
  8019.  1.47791577E-12
  8021.74023  1.47706999E-12
  8024.47998  1.47502507E-12
  8027.22021  1.47180044E-12
  8029.95996  1.46928314E-12
  8032.7002  1.46998288E-12
  8035.43994  1.47377629E-12
  8038.18018  1.48573103E-12
  8040.91992  1.48332952E-12
  8043.66016  1.4662786E-12
  8046.3999  1.46732702E-12
  8049.14014  1.47447549E-12
  8051.87988  1.4711574E-12
  8054.62012  1.46648232E-12
  8057.35986  1.46394561E-12
  8060.1001  1.46249245E-12
  8062.83984  1.46245082E-12
  8065.58008  1.46221056E-12
  8068.31982  1.46219376E-12
  8071.06006  1.46439534E-12
  8073.7998  1.46705055E-12
  8076.54004  1.46890952E-12
  8079.27979  1.46772958E-12
  8082.02002  1.46038086E-12
  8084.76025  1.45642829E-12
  8087.5  1.45557438E-12
  8090.24023  1.45547604E-12
  8092.97998  1.4550055E-12
  8095.72021  1.44353279E-12
  8098.45996  1.4373691E-12
  8101.2002  1.45477012E-12
  8103.93994  1.46629735E-12
  8106.68018  1.46584687E-12
  8109.41992  1.46864888E-12
  8112.16016  1.47246679E-12
  8114.8999  1.4849555E-12
  8117.64014  1.49479853E-12
  8120.37988  1.47692698E-12
  8123.12012  1.46442494E-12
  8125.85986  1.47497346E-12
  8128.6001  1.47842903E-12
  8131.33984  1.47534665E-12
  8134.08008  1.46849666E-12
  8136.81982  1.46006742E-12
  8139.56006  1.46479855E-12
  8142.2998  1.46991447E-12
  8145.04004  1.46624499E-12
  8147.77979  1.45839504E-12
  8150.52002  1.4398928E-12
  8153.26025  1.44380287E-12
  8156.  1.46452739E-12
  8158.74023  1.46750266E-12
  8161.47998  1.46415356E-12
  8164.22021  1.46165252E-12
  8166.95996  1.4560034E-12
  8169.7002  1.44029526E-12
  8172.43994  1.44055395E-12
  8175.18018  1.46363824E-12
  8177.91992  1.45643035E-12
  8180.66016  1.43586976E-12
  8183.3999  1.43633152E-12
  8186.14014  1.44154415E-12
  8188.87988  1.44531609E-12
  8191.62012  1.4431646E-12
  8194.36035  1.42760229E-12
  8197.09961  1.42751663E-12
  8199.83984  1.43929942E-12
  8202.58008  1.44660217E-12
  8205.32031  1.45230106E-12
  8208.05957  1.45473108E-12
  8210.7998  1.45301729E-12
  8213.54004  1.44350601E-12
  8216.28027  1.43821738E-12
  8219.01953  1.43727012E-12
  8221.75977  1.44221581E-12
  8224.5  1.45062792E-12
  8227.24023  1.44798182E-12
  8229.98047  1.43949479E-12
  8232.71973  1.42312616E-12
  8235.45996  1.41280618E-12
  8238.2002  1.41518134E-12
  8240.94043  1.41465572E-12
  8243.67969  1.41222299E-12
  8246.41992  1.42281467E-12
  8249.16016  1.43910957E-12
  8251.90039  1.45322773E-12
  8254.63965  1.45888054E-12
  8257.37988  1.44440471E-12
  8260.12012  1.43590088E-12
  8262.86035  1.43506084E-12
  8265.59961  1.4401915E-12
  8268.33984  1.44893255E-12
  8271.08008  1.43215333E-12
  8273.82031  1.41351091E-12
  8276.55957  1.42259696E-12
  8279.2998  1.42746242E-12
  8282.04004  1.41416913E-12
  8284.78027  1.41549587E-12
  8287.51953  1.43083462E-12
  8290.25977  1.4289042E-12
  8293.  1.42003737E-12
  8295.74023  1.41414972E-12
  8298.48047  1.41049921E-12
  8301.21973  1.4131091E-12
  8303.95996  1.41145418E-12
  8306.7002  1.39991155E-12
  8309.44043  1.40361713E-12
  8312.17969  1.41614541E-12
  8314.91992  1.41639218E-12
  8317.66016  1.41279837E-12
  8320.40039  1.40807819E-12
  8323.13965  1.40901082E-12
  8325.87988  1.42621917E-12
  8328.62012  1.42379663E-12
  8331.36035  1.39998581E-12
  8334.09961  1.40036062E-12
  8336.83984  1.41040738E-12
  8339.58008  1.41235493E-12
  8342.32031  1.41410527E-12
  8345.05957  1.42024315E-12
  8347.7998  1.42226411E-12
  8350.54004  1.41923506E-12
  8353.28027  1.4111712E-12
  8356.01953  1.39852474E-12
  8358.75977  1.3878743E-12
  8361.5  1.38219872E-12
  8364.24023  1.39358414E-12
  8366.98047  1.40584365E-12
  8369.71973  1.41541162E-12
  8372.45996  1.41503736E-12
  8375.2002  1.40164096E-12
  8377.94043  1.4077886E-12
  8380.67969  1.42037044E-12
  8383.41992  1.40780334E-12
  8386.16016  1.39315686E-12
  8388.90039  1.39268122E-12
  8391.63965  1.39362415E-12
  8394.37988  1.394915E-12
  8397.12012  1.39595909E-12
  8399.86035  1.39704394E-12
  8402.59961  1.40593591E-12
  8405.33984  1.41496602E-12
  8408.08008  1.41019553E-12
  8410.82031  1.40263452E-12
  8413.55957  1.39343658E-12
  8416.2998  1.39155766E-12
  8419.04004  1.3986542E-12
  8421.78027  1.40266433E-12
  8424.51953  1.40468073E-12
  8427.25977  1.39250894E-12
  8430.  1.38135445E-12
  8432.74023  1.38780524E-12
  8435.48047  1.39415736E-12
  8438.21973  1.39804878E-12
  8440.95996  1.39890519E-12
  8443.7002  1.39690744E-12
  8446.44043  1.3987225E-12
  8449.17969  1.4037622E-12
  8451.91992  1.41770981E-12
  8454.66016  1.42834833E-12
  8457.40039  1.42713998E-12
  8460.13965  1.4262724E-12
  8462.87988  1.4284742E-12
  8465.62012  1.4150572E-12
  8468.36035  1.393433E-12
  8471.09961  1.39237309E-12
  8473.83984  1.3925844E-12
  8476.58008  1.37468379E-12
  8479.32031  1.36156537E-12
  8482.05957  1.35958421E-12
  8484.7998  1.35924702E-12
  8487.54004  1.36230241E-12
  8490.28027  1.34698524E-12
  8493.01953  1.32385802E-12
  8495.75977  1.30019964E-12
  8498.5  1.2958586E-12
  8501.24023  1.33834849E-12
  8503.98047  1.36961547E-12
  8506.71973  1.38975084E-12
  8509.45996  1.38513799E-12
  8512.2002  1.36304618E-12
  8514.94043  1.3568363E-12
  8517.67969  1.35681657E-12
  8520.41992  1.36728779E-12
  8523.16016  1.36676076E-12
  8525.90039  1.34083716E-12
  8528.63965  1.32970176E-12
  8531.37988  1.33370745E-12
  8534.12012  1.28659269E-12
  8536.86035  1.22092462E-12
  8539.59961  1.18334346E-12
  8542.33984  1.18376457E-12
  8545.08008  1.26192947E-12
  8547.82031  1.32111477E-12
  8550.55957  1.3525575E-12
  8553.2998  1.36827279E-12
  8556.04004  1.36871688E-12
  8558.78027  1.37184437E-12
  8561.51953  1.37499289E-12
  8564.25977  1.384502E-12
  8567.  1.38683628E-12
  8569.74023  1.37138478E-12
  8572.48047  1.36768483E-12
  8575.21973  1.37552925E-12
  8577.95996  1.37437587E-12
  8580.7002  1.36987752E-12
  8583.44043  1.36652452E-12
  8586.17969  1.36296248E-12
  8588.91992  1.35744747E-12
  8591.66016  1.35645672E-12
  8594.40039  1.3614756E-12
  8597.13965  1.36915262E-12
  8599.87988  1.37966938E-12
  8602.62012  1.38531352E-12
  8605.36035  1.38693495E-12
  8608.09961  1.37968434E-12
  8610.83984  1.37479947E-12
  8613.58008  1.37801066E-12
  8616.32031  1.38164718E-12
  8619.05957  1.38718139E-12
  8621.7998  1.38256648E-12
  8624.54004  1.37424642E-12
  8627.28027  1.38401389E-12
  8630.02051  1.38941137E-12
  8632.75977  1.36717677E-12
  8635.5  1.35148522E-12
  8638.24023  1.35040666E-12
  8640.98047  1.34446718E-12
  8643.71973  1.33649895E-12
  8646.45996  1.32804369E-12
  8649.2002  1.32018409E-12
  8651.94043  1.32482014E-12
  8654.67969  1.3093013E-12
  8657.41992  1.23585018E-12
  8660.16016  1.20792059E-12
  8662.90039  1.22702868E-12
  8665.63965  1.27214287E-12
  8668.37988  1.33547362E-12
  8671.12012  1.3517219E-12
  8673.86035  1.35394918E-12
  8676.59961  1.35934894E-12
  8679.33984  1.36146856E-12
  8682.08008  1.35996151E-12
  8684.82031  1.3546254E-12
  8687.55957  1.34523187E-12
  8690.2998  1.35481372E-12
  8693.04004  1.36706239E-12
  8695.78027  1.34856167E-12
  8698.52051  1.33685142E-12
  8701.25977  1.35782932E-12
  8704.  1.36411314E-12
  8706.74023  1.35000355E-12
  8709.48047  1.35101435E-12
  8712.21973  1.35862925E-12
  8714.95996  1.36579376E-12
  8717.7002  1.36858591E-12
  8720.44043  1.35418098E-12
  8723.17969  1.34704769E-12
  8725.91992  1.35790402E-12
  8728.66016  1.35899484E-12
  8731.40039  1.35267817E-12
  8734.13965  1.36309486E-12
  8736.87988  1.37485834E-12
  8739.62012  1.35481697E-12
  8742.36035  1.33537821E-12
  8745.09961  1.33847534E-12
  8747.83984  1.33001834E-12
  8750.58008  1.29891996E-12
  8753.32031  1.30550475E-12
  8756.05957  1.33185086E-12
  8758.7998  1.3210457E-12
  8761.54004  1.30989685E-12
  8764.28027  1.34035936E-12
  8767.02051  1.35932216E-12
  8769.75977  1.34581701E-12
  8772.5  1.34379584E-12
  8775.24023  1.35082852E-12
  8777.98047  1.34142274E-12
  8780.71973  1.3273898E-12
  8783.45996  1.33042308E-12
  8786.2002  1.33532085E-12
  8788.94043  1.33374139E-12
  8791.67969  1.33446303E-12
  8794.41992  1.33892431E-12
  8797.16016  1.34322176E-12
  8799.90039  1.34695933E-12
  8802.63965  1.33066095E-12
  8805.37988  1.31271534E-12
  8808.12012  1.31782172E-12
  8810.86035  1.32469914E-12
  8813.59961  1.32811091E-12
  8816.33984  1.33153536E-12
  8819.08008  1.33615699E-12
  8821.82031  1.3243716E-12
  8824.55957  1.30702328E-12
  8827.2998  1.31073928E-12
  8830.04004  1.32117852E-12
  8832.78027  1.33535023E-12
  8835.52051  1.34387651E-12
  8838.25977  1.34478312E-12
  8841.  1.34218331E-12
  8843.74023  1.33557E-12
  8846.48047  1.32388371E-12
  8849.21973  1.31461389E-12
  8851.95996  1.32759765E-12
  8854.7002  1.33263658E-12
  8857.44043  1.30986292E-12
  8860.17969  1.30501198E-12
  8862.91992  1.31936953E-12
  8865.66016  1.3206194E-12
  8868.40039  1.3179631E-12
  8871.13965  1.32261205E-12
  8873.87988  1.3280207E-12
  8876.62012  1.33161743E-12
  8879.36035  1.33165375E-12
  8882.09961  1.32518367E-12
  8884.83984  1.32528092E-12
  8887.58008  1.32943602E-12
  8890.32031  1.31695523E-12
  8893.05957  1.30314618E-12
  8895.7998  1.31534714E-12
  8898.54004  1.32222748E-12
  8901.28027  1.3055749E-12
  8904.02051  1.29847326E-12
  8906.75977  1.30083314E-12
  8909.5  1.3077742E-12
  8912.24023  1.31914867E-12
  8914.98047  1.33247992E-12
  8917.71973  1.34259411E-12
  8920.45996  1.33960399E-12
  8923.2002  1.33993803E-12
  8925.94043  1.34966756E-12
  8928.67969  1.35278648E-12
  8931.41992  1.35160719E-12
  8934.16016  1.33105972E-12
  8936.90039  1.30260332E-12
  8939.63965  1.27979658E-12
  8942.37988  1.27062206E-12
  8945.12012  1.28870417E-12
  8947.86035  1.30261405E-12
  8950.59961  1.31119876E-12
  8953.33984  1.32344212E-12
  8956.08008  1.33592345E-12
  8958.82031  1.33367547E-12
  8961.55957  1.32875275E-12
  8964.2998  1.33508428E-12
  8967.04004  1.33337503E-12
  8969.78027  1.31401563E-12
  8972.52051  1.30582567E-12
  8975.25977  1.30581635E-12
  8978.  1.29782567E-12
  8980.74023  1.29147235E-12
  8983.48047  1.30834221E-12
  8986.21973  1.32256088E-12
  8988.95996  1.31946819E-12
  8991.7002  1.31181329E-12
  8994.44043  1.2958727E-12
  8997.17969  1.29452959E-12
  8999.91992  1.30146794E-12
  9002.66016  1.30659784E-12
  9005.40039  1.31054922E-12
  9008.13965  1.3144492E-12
  9010.87988  1.30533247E-12
  9013.62012  1.26541627E-12
  9016.36035  1.25961774E-12
  9019.09961  1.2833455E-12
  9021.83984  1.30534971E-12
  9024.58008  1.3249111E-12
  9027.32031  1.31045359E-12
  9030.05957  1.29898273E-12
  9032.7998  1.32027863E-12
  9035.54004  1.32921029E-12
  9038.28027  1.31859248E-12
  9041.02051  1.31391989E-12
  9043.75977  1.31013722E-12
  9046.5  1.30182464E-12
  9049.24023  1.29432869E-12
  9051.98047  1.29459128E-12
  9054.71973  1.29719E-12
  9057.45996  1.30359406E-12
  9060.2002  1.30236924E-12
  9062.94043  1.29353928E-12
  9065.67969  1.2880131E-12
  9068.41992  1.28399266E-12
  9071.16016  1.28349436E-12
  9073.90039  1.28613266E-12
  9076.63965  1.29714674E-12
  9079.37988  1.29625195E-12
  9082.12012  1.27395902E-12
  9084.86035  1.26691951E-12
  9087.59961  1.26806324E-12
  9090.33984  1.27496798E-12
  9093.08008  1.28595062E-12
  9095.82031  1.3015061E-12
  9098.55957  1.30734453E-12
  9101.2998  1.28894107E-12
  9104.04004  1.28645141E-12
  9106.78027  1.30078543E-12
  9109.52051  1.30324234E-12
  9112.25977  1.30090773E-12
  9115.  1.29674125E-12
  9117.74023  1.29321228E-12
  9120.48047  1.29394119E-12
  9123.21973  1.29547555E-12
  9125.95996  1.29847196E-12
  9128.7002  1.29780605E-12
  9131.44043  1.29464148E-12
  9134.17969  1.30253544E-12
  9136.91992  1.308651E-12
  9139.66016  1.2884393E-12
  9142.40039  1.26949091E-12
  9145.13965  1.26346828E-12
  9147.87988  1.25825034E-12
  9150.62012  1.2520937E-12
  9153.36035  1.26318942E-12
  9156.09961  1.2825111E-12
  9158.83984  1.2796899E-12
  9161.58008  1.27696736E-12
  9164.32031  1.29519648E-12
  9167.05957  1.30575184E-12
  9169.7998  1.30292869E-12
  9172.54004  1.29404365E-12
  9175.28027  1.27824335E-12
  9178.02051  1.27826178E-12
  9180.75977  1.28425666E-12
  9183.5  1.28813128E-12
  9186.24023  1.28781003E-12
  9188.98047  1.2778911E-12
  9191.71973  1.27162733E-12
  9194.45996  1.26876894E-12
  9197.2002  1.27245632E-12
  9199.94043  1.27891166E-12
  9202.67969  1.26822316E-12
  9205.41992  1.25044788E-12
  9208.16016  1.22593819E-12
  9210.90039  1.2128832E-12
  9213.63965  1.21958552E-12
  9216.37988  1.22716854E-12
  9219.12012  1.2380664E-12
  9221.86035  1.24539517E-12
  9224.59961  1.25000195E-12
  9227.33984  1.24850217E-12
  9230.08008  1.24559412E-12
  9232.82031  1.24201062E-12
  9235.55957  1.24357545E-12
  9238.2998  1.25227281E-12
  9241.04004  1.25815981E-12
  9243.78027  1.26274956E-12
  9246.52051  1.26038741E-12
  9249.25977  1.25629227E-12
  9252.  1.25651735E-12
  9254.74023  1.25526629E-12
  9257.48047  1.24986024E-12
  9260.21973  1.24759849E-12
  9262.95996  1.24773336E-12
  9265.7002  1.25117635E-12
  9268.44043  1.25576947E-12
  9271.17969  1.2565708E-12
  9273.91992  1.25331993E-12
  9276.66016  1.23980318E-12
  9279.40039  1.23695108E-12
  9282.13965  1.25358556E-12
  9284.87988  1.24873235E-12
  9287.62012  1.23241478E-12
  9290.36035  1.22419783E-12
  9293.09961  1.21804314E-12
  9295.83984  1.21141226E-12
  9298.58008  1.2081666E-12
  9301.32031  1.20963374E-12
  9304.05957  1.21458453E-12
  9306.7998  1.22379656E-12
  9309.54004  1.22703854E-12
  9312.28027  1.22993694E-12
  9315.02051  1.24927445E-12
  9317.75977  1.2632599E-12
  9320.5  1.25221231E-12
  9323.24023  1.24453941E-12
  9325.98047  1.24566091E-12
  9328.71973  1.23723622E-12
  9331.45996  1.22384427E-12
  9334.2002  1.2343465E-12
  9336.94043  1.24805721E-12
  9339.67969  1.23745003E-12
  9342.41992  1.22764353E-12
  9345.16016  1.22720367E-12
  9347.90039  1.22594556E-12
  9350.63965  1.22414383E-12
  9353.37988  1.22348258E-12
  9356.12012  1.22357127E-12
  9358.86035  1.22691429E-12
  9361.59961  1.22459367E-12
  9364.33984  1.20206612E-12
  9367.08008  1.18972074E-12
  9369.82031  1.1929856E-12
  9372.55957  1.20363984E-12
  9375.2998  1.22200308E-12
  9378.04004  1.21954172E-12
  9380.78027  1.21220688E-12
  9383.52051  1.21839149E-12
  9386.25977  1.22744675E-12
  9389.  1.24138926E-12
  9391.74023  1.24170856E-12
  9394.48047  1.22593266E-12
  9397.21973  1.21878213E-12
  9399.95996  1.21466899E-12
  9402.7002  1.21137356E-12
  9405.44043  1.21156861E-12
  9408.17969  1.22157395E-12
  9410.91992  1.2244808E-12
  9413.66016  1.21126698E-12
  9416.40039  1.21347095E-12
  9419.13965  1.22640635E-12
  9421.87988  1.22121757E-12
  9424.62012  1.21016229E-12
  9427.36035  1.20291515E-12
  9430.09961  1.20259423E-12
  9432.83984  1.21679576E-12
  9435.58008  1.22607545E-12
  9438.32031  1.23168348E-12
  9441.05957  1.22458131E-12
  9443.7998  1.21009225E-12
  9446.54004  1.20528967E-12
  9449.28027  1.2098225E-12
  9452.02051  1.23894081E-12
  9454.75977  1.25105373E-12
  9457.5  1.23134033E-12
  9460.24023  1.20996822E-12
  9462.98047  1.18264806E-12
  9465.71973  1.1810262E-12
  9468.45996  1.18990896E-12
  9471.2002  1.19027726E-12
  9473.94043  1.18932208E-12
  9476.67969  1.18696535E-12
  9479.41992  1.18770954E-12
  9482.16016  1.19348151E-12
  9484.90039  1.19311006E-12
  9487.63965  1.18964712E-12
  9490.37988  1.18663564E-12
  9493.12012  1.1884816E-12
  9495.86035  1.21019416E-12
  9498.59961  1.21900016E-12
  9501.33984  1.19788662E-12
  9504.08008  1.19067549E-12
  9506.82031  1.19321707E-12
  9509.55957  1.19882934E-12
  9512.2998  1.20740733E-12
  9515.04004  1.21516924E-12
  9517.78027  1.22262964E-12
  9520.52051  1.23160347E-12
  9523.25977  1.23326197E-12
  9526.  1.22294796E-12
  9528.74023  1.22419306E-12
  9531.48047  1.23036813E-12
  9534.21973  1.22025632E-12
  9536.95996  1.20505992E-12
  9539.7002  1.19436611E-12
  9542.44043  1.18124412E-12
  9545.17969  1.15813858E-12
  9547.91992  1.15408638E-12
  9550.66016  1.16918552E-12
  9553.40039  1.16649561E-12
  9556.13965  1.16048393E-12
  9558.87988  1.17616192E-12
  9561.62012  1.19265145E-12
  9564.36035  1.19731297E-12
  9567.09961  1.20060374E-12
  9569.83984  1.20455371E-12
  9572.58008  1.20164425E-12
  9575.32031  1.19351566E-12
  9578.05957  1.18136317E-12
  9580.7998  1.1711141E-12
  9583.54004  1.17891829E-12
  9586.28027  1.17996574E-12
  9589.02051  1.16189231E-12
  9591.75977  1.14577911E-12
  9594.5  1.1264505E-12
  9597.24023  1.1496624E-12
  9599.98047  1.19179395E-12
  9602.71973  1.1983704E-12
  9605.45996  1.19494464E-12
  9608.2002  1.18674992E-12
  9610.94043  1.18753E-12
  9613.67969  1.20316745E-12
  9616.41992  1.21565952E-12
  9619.16016  1.22777569E-12
  9621.90039  1.23295796E-12
  9624.63965  1.23062715E-12
  9627.37988  1.21200077E-12
  9630.12012  1.19491906E-12
  9632.86035  1.18774554E-12
  9635.59961  1.18199135E-12
  9638.33984  1.17770539E-12
  9641.08008  1.17800821E-12
  9643.82031  1.17944359E-12
  9646.55957  1.1650212E-12
  9649.2998  1.1500243E-12
  9652.04004  1.14803967E-12
  9654.78027  1.14438081E-12
  9657.52051  1.13269821E-12
  9660.25977  1.13547258E-12
  9663.  1.1492092E-12
  9665.74023  1.16232338E-12
  9668.48047  1.17224427E-12
  9671.21973  1.16335273E-12
  9673.95996  1.15467401E-12
  9676.7002  1.15430679E-12
  9679.44043  1.15748828E-12
  9682.17969  1.16486573E-12
  9684.91992  1.17333563E-12
  9687.66016  1.18202225E-12
  9690.40039  1.18083202E-12
  9693.13965  1.17500877E-12
  9695.87988  1.16416577E-12
  9698.62012  1.15988957E-12
  9701.36035  1.16920221E-12
  9704.09961  1.17066187E-12
  9706.83984  1.16692181E-12
  9709.58008  1.16433122E-12
  9712.32031  1.16095371E-12
  9715.05957  1.15419978E-12
  9717.7998  1.14899344E-12
  9720.54004  1.14556845E-12
  9723.28027  1.15292769E-12
  9726.02051  1.17906076E-12
  9728.75977  1.17423443E-12
  9731.5  1.15368175E-12
  9734.24023  1.15312415E-12
  9736.98047  1.159084E-12
  9739.71973  1.16960261E-12
  9742.45996  1.17363367E-12
  9745.2002  1.16261753E-12
  9747.94043  1.16296708E-12
  9750.67969  1.17318785E-12
  9753.41992  1.16196614E-12
  9756.16016  1.14372986E-12
  9758.90039  1.14087667E-12
  9761.63965  1.13972417E-12
  9764.37988  1.13126674E-12
  9767.12012  1.13361198E-12
  9769.86035  1.15623353E-12
  9772.59961  1.14968853E-12
  9775.33984  1.12793097E-12
  9778.08008  1.13099927E-12
  9780.82031  1.14126829E-12
  9783.55957  1.14948014E-12
  9786.2998  1.15410969E-12
  9789.04004  1.15143398E-12
  9791.78027  1.1516776E-12
  9794.52051  1.15333903E-12
  9797.25977  1.16898418E-12
  9800.  1.18627048E-12
  9802.74023  1.16809112E-12
  9805.48047  1.14600527E-12
  9808.21973  1.13793144E-12
  9810.95996  1.13214744E-12
  9813.7002  1.12728826E-12
  9816.44043  1.12718006E-12
  9819.17969  1.13162962E-12
  9821.91992  1.15469136E-12
  9824.66016  1.17628303E-12
  9827.40039  1.1623133E-12
  9830.13965  1.14850219E-12
  9832.87988  1.1440458E-12
  9835.62012  1.14836851E-12
  9838.36035  1.16304319E-12
  9841.09961  1.16947695E-12
  9843.83984  1.17210386E-12
  9846.58008  1.17133668E-12
  9849.32031  1.16852318E-12
  9852.05957  1.16281366E-12
  9854.7998  1.16209408E-12
  9857.54004  1.16926586E-12
  9860.28027  1.17585369E-12
  9863.02051  1.18284126E-12
  9865.75977  1.17482413E-12
  9868.5  1.16215002E-12
  9871.24023  1.15650946E-12
  9873.98047  1.15484911E-12
  9876.71973  1.16224435E-12
  9879.45996  1.15702164E-12
  9882.2002  1.13616321E-12
  9884.94043  1.13515816E-12
  9887.67969  1.14117364E-12
  9890.41992  1.12601497E-12
  9893.16016  1.11128847E-12
  9895.90039  1.11280397E-12
  9898.63965  1.11801302E-12
  9901.37988  1.12718764E-12
  9904.12012  1.13450807E-12
  9906.86035  1.14101621E-12
  9909.59961  1.13229304E-12
  9912.33984  1.12293497E-12
  9915.08008  1.1425226E-12
  9917.82031  1.16039578E-12
  9920.55957  1.16566685E-12
  9923.2998  1.16015596E-12
  9926.04004  1.14002687E-12
  9928.78027  1.13237837E-12
  9931.52051  1.13062934E-12
  9934.25977  1.13262459E-12
  9937.  1.13492375E-12
  9939.74023  1.13209127E-12
  9942.48047  1.12951586E-12
  9945.21973  1.13050595E-12
  9947.95996  1.12128297E-12
  9950.7002  1.10303769E-12
  9953.44043  1.11579279E-12
  9956.17969  1.13927455E-12
  9958.91992  1.15230492E-12
  9961.66016  1.14821217E-12
  9964.40039  1.10178761E-12
  9967.13965  1.0899775E-12
  9969.87988  1.12840434E-12
  9972.62012  1.12285094E-12
  9975.36035  1.0984062E-12
  9978.09961  1.09602139E-12
  9980.83984  1.10397921E-12
  9983.58008  1.12391108E-12
  9986.32031  1.14486014E-12
  9989.05957  1.16906051E-12
  9991.7998  1.1736546E-12
  9994.54004  1.16011053E-12
  9997.28027  1.16642243E-12
  10000.0205  1.17063108E-12
  10002.7598  1.12161213E-12
  10005.5  1.08169138E-12
  10008.2402  1.09449277E-12
  10010.9805  1.10146462E-12
  10013.7197  1.0999913E-12
  10016.46  1.09333766E-12
  10019.2002  1.08309054E-12
  10021.9404  1.0857052E-12
  10024.6797  1.09203954E-12
  10027.4199  1.09461995E-12
  10030.1602  1.09777909E-12
  10032.9004  1.10748921E-12
  10035.6396  1.09778397E-12
  10038.3799  1.06725642E-12
  10041.1201  1.07563405E-12
  10043.8604  1.09944324E-12
  10046.5996  1.10596493E-12
  10049.3398  1.11004413E-12
  10052.0801  1.11798082E-12
  10054.8203  1.12057022E-12
  10057.5596  1.11406153E-12
  10060.2998  1.11506258E-12
  10063.04  1.11930409E-12
  10065.7803  1.11345427E-12
  10068.5205  1.10173817E-12
  10071.2598  1.07566701E-12
  10074.  1.07062525E-12
  10076.7402  1.11552022E-12
  10079.4805  1.13294031E-12
  10082.2197  1.12526405E-12
  10084.96  1.12330772E-12
  10087.7002  1.12106602E-12
  10090.4404  1.11962197E-12
  10093.1797  1.11930441E-12
  10095.9199  1.12170971E-12
  10098.6602  1.12245391E-12
  10101.4004  1.11905667E-12
  10104.1396  1.12023704E-12
  10106.8799  1.12489705E-12
  10109.6201  1.15279748E-12
  10112.3604  1.18027029E-12
  10115.0996  1.17382883E-12
  10117.8398  1.14425028E-12
  10120.5801  1.06719787E-12
  10123.3203  1.05108424E-12
  10126.0596  1.10560215E-12
  10128.7998  1.09939282E-12
  10131.54  1.07000801E-12
  10134.2803  1.05443475E-12
  10137.0205  1.05356771E-12
  10139.7598  1.09224804E-12
  10142.5  1.11069704E-12
  10145.2402  1.08789757E-12
  10147.9805  1.08676815E-12
  10150.7197  1.0974109E-12
  10153.46  1.09538843E-12
  10156.2002  1.0933124E-12
  10158.9404  1.11239349E-12
  10161.6797  1.1224293E-12
  10164.4199  1.10917894E-12
  10167.1602  1.08509892E-12
  10169.9004  1.04231977E-12
  10172.6396  1.03758538E-12
  10175.3799  1.05411578E-12
  10178.1201  1.07721308E-12
  10180.8604  1.08924621E-12
  10183.5996  1.05010152E-12
  10186.3398  1.03209401E-12
  10189.0801  1.181849E-12
  10191.8203  8.25921254E-13
  10194.5596  4.63519197E-14
  10197.2998 -9.65085284E-14
  10200.04  0.
  10202.7803  0.
  10205.5205  0.
