#*HD26169
#*
#*  BESSELL 2008 from Heap-Lindler STIS standards
#set .z.units = "Ergs/s/cm**2/A"
#set .z.label = "Flambda"
#set .table.bandwidth = 2.00
#*
 3200.00    3.62849E-13
 3202.00    3.66087E-13
 3204.00    3.76271E-13
 3206.00    3.87785E-13
 3208.00    3.89028E-13
 3210.00    3.70578E-13
 3212.00    3.57687E-13
 3214.00    3.55782E-13
 3216.00    3.68261E-13
 3218.00    3.77594E-13
 3220.00    3.77966E-13
 3222.00    3.72672E-13
 3224.00    3.69600E-13
 3226.00    3.63031E-13
 3228.00    3.57370E-13
 3230.00    3.55990E-13
 3232.00    3.57298E-13
 3234.00    3.59680E-13
 3236.00    3.68077E-13
 3238.00    3.77511E-13
 3240.00    3.82370E-13
 3242.00    3.88867E-13
 3244.00    3.99424E-13
 3246.00    4.01982E-13
 3248.00    3.93507E-13
 3250.00    3.84686E-13
 3252.00    3.88195E-13
 3254.00    3.97501E-13
 3256.00    4.16251E-13
 3258.00    4.37464E-13
 3260.00    4.53701E-13
 3262.00    4.54126E-13
 3264.00    4.48119E-13
 3266.00    4.49833E-13
 3268.00    4.54842E-13
 3270.00    4.53632E-13
 3272.00    4.47372E-13
 3274.00    4.40138E-13
 3276.00    4.32711E-13
 3278.00    4.19887E-13
 3280.00    4.22840E-13
 3282.00    4.36394E-13
 3284.00    4.51143E-13
 3286.00    4.53904E-13
 3288.00    4.64081E-13
 3290.00    4.78628E-13
 3292.00    4.90547E-13
 3294.00    4.91542E-13
 3296.00    4.89995E-13
 3298.00    4.89936E-13
 3300.00    4.91137E-13
 3302.00    4.87787E-13
 3304.00    4.78684E-13
 3306.00    4.70856E-13
 3308.00    4.72636E-13
 3310.00    4.77779E-13
 3312.00    4.80581E-13
 3314.00    4.81001E-13
 3316.00    4.84644E-13
 3318.00    4.87199E-13
 3320.00    4.83617E-13
 3322.00    4.77271E-13
 3324.00    4.77086E-13
 3326.00    4.78324E-13
 3328.00    4.77393E-13
 3330.00    4.75681E-13
 3332.00    4.77766E-13
 3334.00    4.75520E-13
 3336.00    4.67270E-13
 3338.00    4.62294E-13
 3340.00    4.61394E-13
 3342.00    4.67949E-13
 3344.00    4.76468E-13
 3346.00    4.76674E-13
 3348.00    4.65311E-13
 3350.00    4.59756E-13
 3352.00    4.66849E-13
 3354.00    4.83020E-13
 3356.00    4.85851E-13
 3358.00    4.69856E-13
 3360.00    4.44331E-13
 3362.00    4.41372E-13
 3364.00    4.60380E-13
 3366.00    4.71634E-13
 3368.00    4.64738E-13
 3370.00    4.46944E-13
 3372.00    4.44175E-13
 3374.00    4.55386E-13
 3376.00    4.79395E-13
 3378.00    4.86597E-13
 3380.00    4.80125E-13
 3382.00    4.76235E-13
 3384.00    4.87600E-13
 3386.00    5.00555E-13
 3388.00    5.04321E-13
 3390.00    4.99886E-13
 3392.00    4.94061E-13
 3394.00    4.94361E-13
 3396.00    5.05280E-13
 3398.00    5.21841E-13
 3400.00    5.29191E-13
 3402.00    5.21642E-13
 3404.00    5.06839E-13
 3406.00    4.95093E-13
 3408.00    4.90979E-13
 3410.00    4.89768E-13
 3412.00    4.90614E-13
 3414.00    4.91756E-13
 3416.00    4.95720E-13
 3418.00    5.09256E-13
 3420.00    5.21216E-13
 3422.00    5.20138E-13
 3424.00    5.10446E-13
 3426.00    5.08204E-13
 3428.00    5.21660E-13
 3430.00    5.28540E-13
 3432.00    5.34070E-13
 3434.00    5.33794E-13
 3436.00    5.35652E-13
 3438.00    5.24027E-13
 3440.00    5.00663E-13
 3442.00    4.82937E-13
 3444.00    4.81409E-13
 3446.00    5.00992E-13
 3448.00    5.19581E-13
 3450.00    5.28643E-13
 3452.00    5.25953E-13
 3454.00    5.30184E-13
 3456.00    5.36682E-13
 3458.00    5.37424E-13
 3460.00    5.29896E-13
 3462.00    5.25243E-13
 3464.00    5.28724E-13
 3466.00    5.34238E-13
 3468.00    5.38352E-13
 3470.00    5.39258E-13
 3472.00    5.32509E-13
 3474.00    5.13328E-13
 3476.00    4.96506E-13
 3478.00    5.02906E-13
 3480.00    5.24731E-13
 3482.00    5.38028E-13
 3484.00    5.42065E-13
 3486.00    5.45102E-13
 3488.00    5.39023E-13
 3490.00    5.25284E-13
 3492.00    5.16430E-13
 3494.00    5.16639E-13
 3496.00    5.18534E-13
 3498.00    5.24661E-13
 3500.00    5.38257E-13
 3502.00    5.46230E-13
 3504.00    5.44878E-13
 3506.00    5.43356E-13
 3508.00    5.48669E-13
 3510.00    5.45011E-13
 3512.00    5.34216E-13
 3514.00    5.28209E-13
 3516.00    5.38357E-13
 3518.00    5.44312E-13
 3520.00    5.37252E-13
 3522.00    5.24961E-13
 3524.00    5.09784E-13
 3526.00    5.03090E-13
 3528.00    5.10838E-13
 3530.00    5.32908E-13
 3532.00    5.53194E-13
 3534.00    5.62480E-13
 3536.00    5.67201E-13
 3538.00    5.72076E-13
 3540.00    5.76266E-13
 3542.00    5.76188E-13
 3544.00    5.76761E-13
 3546.00    5.79414E-13
 3548.00    5.84622E-13
 3550.00    5.85263E-13
 3552.00    5.81468E-13
 3554.00    5.75394E-13
 3556.00    5.72661E-13
 3558.00    5.75293E-13
 3560.00    5.79991E-13
 3562.00    5.81685E-13
 3564.00    5.71848E-13
 3566.00    5.55245E-13
 3568.00    5.41944E-13
 3570.00    5.34164E-13
 3572.00    5.31587E-13
 3574.00    5.35142E-13
 3576.00    5.49427E-13
 3578.00    5.59603E-13
 3580.00    5.59424E-13
 3582.00    5.50039E-13
 3584.00    5.33988E-13
 3586.00    5.15825E-13
 3588.00    5.10614E-13
 3590.00    5.26012E-13
 3592.00    5.51828E-13
 3594.00    5.67944E-13
 3596.00    5.80357E-13
 3598.00    5.91429E-13
 3600.00    5.96332E-13
 3602.00    5.84974E-13
 3604.00    5.71111E-13
 3606.00    5.63894E-13
 3608.00    5.61645E-13
 3610.00    5.54423E-13
 3612.00    5.53341E-13
 3614.00    5.62646E-13
 3616.00    5.71680E-13
 3618.00    5.67518E-13
 3620.00    5.63314E-13
 3622.00    5.70735E-13
 3624.00    5.89210E-13
 3626.00    6.03365E-13
 3628.00    6.01712E-13
 3630.00    5.82738E-13
 3632.00    5.63302E-13
 3634.00    5.61462E-13
 3636.00    5.75263E-13
 3638.00    5.88541E-13
 3640.00    5.92005E-13
 3642.00    5.86617E-13
 3644.00    5.77064E-13
 3646.00    5.70177E-13
 3648.00    5.69335E-13
 3650.00    5.77372E-13
 3652.00    5.90380E-13
 3654.00    6.06572E-13
 3656.00    6.19630E-13
 3658.00    6.25713E-13
 3660.00    6.24714E-13
 3662.00    6.20256E-13
 3664.00    6.21055E-13
 3666.00    6.23474E-13
 3668.00    6.24544E-13
 3670.00    6.20545E-13
 3672.00    6.18122E-13
 3674.00    6.20723E-13
 3676.00    6.21777E-13
 3678.00    6.18963E-13
 3680.00    6.13709E-13
 3682.00    6.14089E-13
 3684.00    6.09692E-13
 3686.00    6.05967E-13
 3688.00    6.09823E-13
 3690.00    6.26987E-13
 3692.00    6.43281E-13
 3694.00    6.50866E-13
 3696.00    6.49892E-13
 3698.00    6.61179E-13
 3700.00    6.76874E-13
 3702.00    6.75151E-13
 3704.00    6.42592E-13
 3706.00    6.22920E-13
 3708.00    6.31157E-13
 3710.00    6.44070E-13
 3712.00    6.51978E-13
 3714.00    6.77705E-13
 3716.00    7.16171E-13
 3718.00    7.20328E-13
 3720.00    6.75744E-13
 3722.00    6.33889E-13
 3724.00    6.44861E-13
 3726.00    6.91904E-13
 3728.00    7.28104E-13
 3730.00    7.25088E-13
 3732.00    6.84563E-13
 3734.00    6.27650E-13
 3736.00    6.05250E-13
 3738.00    6.42187E-13
 3740.00    7.07190E-13
 3742.00    7.42684E-13
 3744.00    7.31868E-13
 3746.00    6.91111E-13
 3748.00    6.44840E-13
 3750.00    6.26284E-13
 3752.00    6.56679E-13
 3754.00    7.18174E-13
 3756.00    7.54853E-13
 3758.00    7.48444E-13
 3760.00    7.33423E-13
 3762.00    7.38278E-13
 3764.00    7.55216E-13
 3766.00    7.54322E-13
 3768.00    7.25521E-13
 3770.00    6.93092E-13
 3772.00    6.92733E-13
 3774.00    7.17474E-13
 3776.00    7.52601E-13
 3778.00    7.83261E-13
 3780.00    8.13898E-13
 3782.00    8.25819E-13
 3784.00    8.14918E-13
 3786.00    7.96442E-13
 3788.00    7.80764E-13
 3790.00    7.77984E-13
 3792.00    7.72501E-13
 3794.00    7.50712E-13
 3796.00    7.02131E-13
 3798.00    6.63216E-13
 3800.00    6.75070E-13
 3802.00    7.31637E-13
 3804.00    7.83910E-13
 3806.00    8.02567E-13
 3808.00    8.07901E-13
 3810.00    8.16944E-13
 3812.00    8.13173E-13
 3814.00    7.97654E-13
 3816.00    7.86418E-13
 3818.00    7.89783E-13
 3820.00    7.93528E-13
 3822.00    7.88211E-13
 3824.00    7.79890E-13
 3826.00    7.73046E-13
 3828.00    7.69057E-13
 3830.00    7.58807E-13
 3832.00    7.25826E-13
 3834.00    6.76103E-13
 3836.00    6.46925E-13
 3838.00    6.64127E-13
 3840.00    7.12381E-13
 3842.00    7.61049E-13
 3844.00    7.98431E-13
 3846.00    8.24725E-13
 3848.00    8.37639E-13
 3850.00    8.40335E-13
 3852.00    8.42607E-13
 3854.00    8.45317E-13
 3856.00    8.38490E-13
 3858.00    8.23576E-13
 3860.00    8.15565E-13
 3862.00    8.32507E-13
 3864.00    8.52381E-13
 3866.00    8.65169E-13
 3868.00    8.59850E-13
 3870.00    8.36833E-13
 3872.00    7.96501E-13
 3874.00    7.68928E-13
 3876.00    7.64783E-13
 3878.00    7.77665E-13
 3880.00    7.94627E-13
 3882.00    8.11544E-13
 3884.00    8.05086E-13
 3886.00    7.56710E-13
 3888.00    7.00109E-13
 3890.00    6.82311E-13
 3892.00    7.14347E-13
 3894.00    7.52313E-13
 3896.00    7.72315E-13
 3898.00    7.79613E-13
 3900.00    7.88203E-13
 3902.00    7.95464E-13
 3904.00    7.97564E-13
 3906.00    8.02149E-13
 3908.00    8.16268E-13
 3910.00    8.35632E-13
 3912.00    8.46584E-13
 3914.00    8.46070E-13
 3916.00    8.41448E-13
 3918.00    8.31721E-13
 3920.00    8.19685E-13
 3922.00    8.15949E-13
 3924.00    8.20869E-13
 3926.00    8.04614E-13
 3928.00    7.35482E-13
 3930.00    6.00081E-13
 3932.00    4.29684E-13
 3934.00    3.19600E-13
 3936.00    3.55515E-13
 3938.00    5.15746E-13
 3940.00    6.81993E-13
 3942.00    7.74279E-13
 3944.00    8.10340E-13
 3946.00    8.29221E-13
 3948.00    8.45421E-13
 3950.00    8.50249E-13
 3952.00    8.51635E-13
 3954.00    8.54143E-13
 3956.00    8.58793E-13
 3958.00    8.60435E-13
 3960.00    8.49672E-13
 3962.00    8.15730E-13
 3964.00    7.35321E-13
 3966.00    5.90389E-13
 3968.00    4.34276E-13
 3970.00    3.81934E-13
 3972.00    4.82395E-13
 3974.00    6.50943E-13
 3976.00    7.78784E-13
 3978.00    8.44470E-13
 3980.00    8.65962E-13
 3982.00    8.66008E-13
 3984.00    8.68090E-13
 3986.00    8.78811E-13
 3988.00    8.93135E-13
 3990.00    9.02874E-13
 3992.00    9.09476E-13
 3994.00    9.09192E-13
 3996.00    8.98233E-13
 3998.00    8.88514E-13
 4000.00    8.90563E-13
 4002.00    9.02011E-13
 4004.00    9.06565E-13
 4006.00    9.04876E-13
 4008.00    9.07671E-13
 4010.00    9.17357E-13
 4012.00    9.22905E-13
 4014.00    9.20724E-13
 4016.00    9.19048E-13
 4018.00    9.20262E-13
 4020.00    9.23411E-13
 4022.00    9.20887E-13
 4024.00    9.15477E-13
 4026.00    9.13861E-13
 4028.00    9.14734E-13
 4030.00    9.08409E-13
 4032.00    8.93714E-13
 4034.00    8.88714E-13
 4036.00    9.03808E-13
 4038.00    9.28669E-13
 4040.00    9.42579E-13
 4042.00    9.38773E-13
 4044.00    9.21448E-13
 4046.00    9.09730E-13
 4048.00    9.16705E-13
 4050.00    9.35845E-13
 4052.00    9.47932E-13
 4054.00    9.46388E-13
 4056.00    9.41191E-13
 4058.00    9.38771E-13
 4060.00    9.36320E-13
 4062.00    9.27452E-13
 4064.00    9.15331E-13
 4066.00    9.08896E-13
 4068.00    9.13737E-13
 4070.00    9.18098E-13
 4072.00    9.17998E-13
 4074.00    9.11993E-13
 4076.00    9.02741E-13
 4078.00    8.99955E-13
 4080.00    9.09957E-13
 4082.00    9.30078E-13
 4084.00    9.41879E-13
 4086.00    9.46777E-13
 4088.00    9.53162E-13
 4090.00    9.58582E-13
 4092.00    9.58497E-13
 4094.00    9.49390E-13
 4096.00    9.36118E-13
 4098.00    9.06948E-13
 4100.00    8.49173E-13
 4102.00    7.97698E-13
 4104.00    8.04392E-13
 4106.00    8.63820E-13
 4108.00    9.16335E-13
 4110.00    9.37768E-13
 4112.00    9.48076E-13
 4114.00    9.59347E-13
 4116.00    9.61325E-13
 4118.00    9.54829E-13
 4120.00    9.44041E-13
 4122.00    9.41168E-13
 4124.00    9.46360E-13
 4126.00    9.53515E-13
 4128.00    9.55392E-13
 4130.00    9.47552E-13
 4132.00    9.35938E-13
 4134.00    9.32423E-13
 4136.00    9.44386E-13
 4138.00    9.60888E-13
 4140.00    9.66805E-13
 4142.00    9.57410E-13
 4144.00    9.46041E-13
 4146.00    9.45478E-13
 4148.00    9.53074E-13
 4150.00    9.56506E-13
 4152.00    9.51791E-13
 4154.00    9.47437E-13
 4156.00    9.47996E-13
 4158.00    9.54063E-13
 4160.00    9.59213E-13
 4162.00    9.60319E-13
 4164.00    9.62632E-13
 4166.00    9.64997E-13
 4168.00    9.65453E-13
 4170.00    9.57176E-13
 4172.00    9.41289E-13
 4174.00    9.25564E-13
 4176.00    9.20221E-13
 4178.00    9.29280E-13
 4180.00    9.39384E-13
 4182.00    9.45182E-13
 4184.00    9.44282E-13
 4186.00    9.40192E-13
 4188.00    9.38336E-13
 4190.00    9.44291E-13
 4192.00    9.54498E-13
 4194.00    9.62761E-13
 4196.00    9.57667E-13
 4198.00    9.47702E-13
 4200.00    9.35868E-13
 4202.00    9.34390E-13
 4204.00    9.37793E-13
 4206.00    9.43288E-13
 4208.00    9.48344E-13
 4210.00    9.48586E-13
 4212.00    9.48219E-13
 4214.00    9.40758E-13
 4216.00    9.32638E-13
 4218.00    9.34219E-13
 4220.00    9.49785E-13
 4222.00    9.62545E-13
 4224.00    9.46122E-13
 4226.00    9.21434E-13
 4228.00    9.17610E-13
 4230.00    9.38339E-13
 4232.00    9.56232E-13
 4234.00    9.52329E-13
 4236.00    9.40956E-13
 4238.00    9.40785E-13
 4240.00    9.49811E-13
 4242.00    9.53544E-13
 4244.00    9.49656E-13
 4246.00    9.40270E-13
 4248.00    9.25005E-13
 4250.00    9.16759E-13
 4252.00    9.22359E-13
 4254.00    9.32084E-13
 4256.00    9.39014E-13
 4258.00    9.43364E-13
 4260.00    9.45300E-13
 4262.00    9.45741E-13
 4264.00    9.54909E-13
 4266.00    9.63760E-13
 4268.00    9.54586E-13
 4270.00    9.31640E-13
 4272.00    9.12990E-13
 4274.00    9.09242E-13
 4276.00    9.21655E-13
 4278.00    9.33467E-13
 4280.00    9.32461E-13
 4282.00    9.23147E-13
 4284.00    9.14479E-13
 4286.00    9.04530E-13
 4288.00    8.86916E-13
 4290.00    8.70852E-13
 4292.00    8.68676E-13
 4294.00    8.72743E-13
 4296.00    8.61853E-13
 4298.00    8.24699E-13
 4300.00    7.81466E-13
 4302.00    7.57724E-13
 4304.00    7.53538E-13
 4306.00    7.48560E-13
 4308.00    7.32945E-13
 4310.00    7.22712E-13
 4312.00    7.42284E-13
 4314.00    8.02817E-13
 4316.00    8.85567E-13
 4318.00    9.52525E-13
 4320.00    9.74602E-13
 4322.00    9.47178E-13
 4324.00    9.10961E-13
 4326.00    9.02528E-13
 4328.00    9.31598E-13
 4330.00    9.67749E-13
 4332.00    9.84344E-13
 4334.00    9.80941E-13
 4336.00    9.50514E-13
 4338.00    8.83772E-13
 4340.00    8.14768E-13
 4342.00    8.04913E-13
 4344.00    8.62842E-13
 4346.00    9.31800E-13
 4348.00    9.65180E-13
 4350.00    9.63547E-13
 4352.00    9.49651E-13
 4354.00    9.41178E-13
 4356.00    9.48649E-13
 4358.00    9.60910E-13
 4360.00    9.72411E-13
 4362.00    9.81957E-13
 4364.00    9.86471E-13
 4366.00    9.84527E-13
 4368.00    9.80619E-13
 4370.00    9.76979E-13
 4372.00    9.66466E-13
 4374.00    9.52773E-13
 4376.00    9.46633E-13
 4378.00    9.54197E-13
 4380.00    9.61846E-13
 4382.00    9.51153E-13
 4384.00    9.33160E-13
 4386.00    9.30956E-13
 4388.00    9.47153E-13
 4390.00    9.63033E-13
 4392.00    9.64782E-13
 4394.00    9.58330E-13
 4396.00    9.54290E-13
 4398.00    9.54204E-13
 4400.00    9.58888E-13
 4402.00    9.63367E-13
 4404.00    9.68961E-13
 4406.00    9.72803E-13
 4408.00    9.77866E-13
 4410.00    9.86960E-13
 4412.00    9.92943E-13
 4414.00    9.88254E-13
 4416.00    9.76886E-13
 4418.00    9.74749E-13
 4420.00    9.87115E-13
 4422.00    1.00250E-12
 4424.00    1.00731E-12
 4426.00    1.00119E-12
 4428.00    9.99282E-13
 4430.00    1.00340E-12
 4432.00    1.00589E-12
 4434.00    1.00327E-12
 4436.00    1.00703E-12
 4438.00    1.02068E-12
 4440.00    1.02266E-12
 4442.00    1.00729E-12
 4444.00    9.91444E-13
 4446.00    9.95179E-13
 4448.00    1.00759E-12
 4450.00    1.01602E-12
 4452.00    1.01485E-12
 4454.00    1.01047E-12
 4456.00    1.00752E-12
 4458.00    1.00895E-12
 4460.00    1.01254E-12
 4462.00    1.01472E-12
 4464.00    1.01942E-12
 4466.00    1.02033E-12
 4468.00    1.01536E-12
 4470.00    1.01383E-12
 4472.00    1.02496E-12
 4474.00    1.03818E-12
 4476.00    1.04405E-12
 4478.00    1.04284E-12
 4480.00    1.03529E-12
 4482.00    1.02795E-12
 4484.00    1.02992E-12
 4486.00    1.03839E-12
 4488.00    1.04082E-12
 4490.00    1.03765E-12
 4492.00    1.03224E-12
 4494.00    1.02684E-12
 4496.00    1.02627E-12
 4498.00    1.03029E-12
 4500.00    1.03284E-12
 4502.00    1.03077E-12
 4504.00    1.03392E-12
 4506.00    1.04151E-12
 4508.00    1.04662E-12
 4510.00    1.04974E-12
 4512.00    1.05190E-12
 4514.00    1.05160E-12
 4516.00    1.04893E-12
 4518.00    1.04577E-12
 4520.00    1.04587E-12
 4522.00    1.04415E-12
 4524.00    1.04304E-12
 4526.00    1.03747E-12
 4528.00    1.03022E-12
 4530.00    1.02176E-12
 4532.00    1.01626E-12
 4534.00    1.01253E-12
 4536.00    1.01845E-12
 4538.00    1.03451E-12
 4540.00    1.04997E-12
 4542.00    1.05404E-12
 4544.00    1.05183E-12
 4546.00    1.04710E-12
 4548.00    1.03595E-12
 4550.00    1.02594E-12
 4552.00    1.02524E-12
 4554.00    1.03057E-12
 4556.00    1.03623E-12
 4558.00    1.04386E-12
 4560.00    1.05209E-12
 4562.00    1.05423E-12
 4564.00    1.05184E-12
 4566.00    1.05362E-12
 4568.00    1.05380E-12
 4570.00    1.04703E-12
 4572.00    1.03944E-12
 4574.00    1.04085E-12
 4576.00    1.05030E-12
 4578.00    1.05760E-12
 4580.00    1.05887E-12
 4582.00    1.05561E-12
 4584.00    1.04984E-12
 4586.00    1.04924E-12
 4588.00    1.05425E-12
 4590.00    1.05885E-12
 4592.00    1.06183E-12
 4594.00    1.06615E-12
 4596.00    1.07118E-12
 4598.00    1.07313E-12
 4600.00    1.06760E-12
 4602.00    1.06238E-12
 4604.00    1.05951E-12
 4606.00    1.06476E-12
 4608.00    1.07176E-12
 4610.00    1.07702E-12
 4612.00    1.07579E-12
 4614.00    1.07199E-12
 4616.00    1.06876E-12
 4618.00    1.06956E-12
 4620.00    1.07373E-12
 4622.00    1.07644E-12
 4624.00    1.07701E-12
 4626.00    1.07255E-12
 4628.00    1.06870E-12
 4630.00    1.06693E-12
 4632.00    1.06949E-12
 4634.00    1.07013E-12
 4636.00    1.06699E-12
 4638.00    1.06418E-12
 4640.00    1.06666E-12
 4642.00    1.07077E-12
 4644.00    1.06999E-12
 4646.00    1.06408E-12
 4648.00    1.06158E-12
 4650.00    1.06250E-12
 4652.00    1.06537E-12
 4654.00    1.06445E-12
 4656.00    1.06425E-12
 4658.00    1.06843E-12
 4660.00    1.07655E-12
 4662.00    1.08308E-12
 4664.00    1.08548E-12
 4666.00    1.08110E-12
 4668.00    1.07527E-12
 4670.00    1.07234E-12
 4672.00    1.07500E-12
 4674.00    1.07857E-12
 4676.00    1.08058E-12
 4678.00    1.08047E-12
 4680.00    1.07945E-12
 4682.00    1.07991E-12
 4684.00    1.08323E-12
 4686.00    1.08604E-12
 4688.00    1.08543E-12
 4690.00    1.08249E-12
 4692.00    1.08124E-12
 4694.00    1.08083E-12
 4696.00    1.07967E-12
 4698.00    1.07561E-12
 4700.00    1.06931E-12
 4702.00    1.06349E-12
 4704.00    1.06211E-12
 4706.00    1.06673E-12
 4708.00    1.07297E-12
 4710.00    1.07726E-12
 4712.00    1.08087E-12
 4714.00    1.08417E-12
 4716.00    1.08567E-12
 4718.00    1.08623E-12
 4720.00    1.08741E-12
 4722.00    1.09250E-12
 4724.00    1.09741E-12
 4726.00    1.09765E-12
 4728.00    1.09337E-12
 4730.00    1.09060E-12
 4732.00    1.08916E-12
 4734.00    1.08731E-12
 4736.00    1.08498E-12
 4738.00    1.08507E-12
 4740.00    1.08567E-12
 4742.00    1.08721E-12
 4744.00    1.08964E-12
 4746.00    1.09377E-12
 4748.00    1.09623E-12
 4750.00    1.09662E-12
 4752.00    1.09216E-12
 4754.00    1.08893E-12
 4756.00    1.08716E-12
 4758.00    1.08891E-12
 4760.00    1.09038E-12
 4762.00    1.08629E-12
 4764.00    1.08181E-12
 4766.00    1.08150E-12
 4768.00    1.09046E-12
 4770.00    1.09489E-12
 4772.00    1.09525E-12
 4774.00    1.09144E-12
 4776.00    1.09361E-12
 4778.00    1.09457E-12
 4780.00    1.09357E-12
 4782.00    1.08944E-12
 4784.00    1.08807E-12
 4786.00    1.08616E-12
 4788.00    1.08794E-12
 4790.00    1.08994E-12
 4792.00    1.09634E-12
 4794.00    1.09775E-12
 4796.00    1.09578E-12
 4798.00    1.09215E-12
 4800.00    1.09180E-12
 4802.00    1.09391E-12
 4804.00    1.09734E-12
 4806.00    1.10232E-12
 4808.00    1.10696E-12
 4810.00    1.10714E-12
 4812.00    1.10577E-12
 4814.00    1.10533E-12
 4816.00    1.10706E-12
 4818.00    1.10648E-12
 4820.00    1.10190E-12
 4822.00    1.09310E-12
 4824.00    1.08796E-12
 4826.00    1.08948E-12
 4828.00    1.09249E-12
 4830.00    1.09331E-12
 4832.00    1.09371E-12
 4834.00    1.09648E-12
 4836.00    1.09884E-12
 4838.00    1.09837E-12
 4840.00    1.09877E-12
 4842.00    1.09971E-12
 4844.00    1.10098E-12
 4846.00    1.10027E-12
 4848.00    1.09616E-12
 4850.00    1.09226E-12
 4852.00    1.08825E-12
 4854.00    1.08287E-12
 4856.00    1.06596E-12
 4858.00    1.01627E-12
 4860.00    9.38763E-13
 4862.00    8.92248E-13
 4864.00    9.24364E-13
 4866.00    1.00327E-12
 4868.00    1.05691E-12
 4870.00    1.06734E-12
 4872.00    1.06528E-12
 4874.00    1.06668E-12
 4876.00    1.06975E-12
 4878.00    1.07106E-12
 4880.00    1.07376E-12
 4882.00    1.07825E-12
 4884.00    1.07998E-12
 4886.00    1.07898E-12
 4888.00    1.07304E-12
 4890.00    1.06395E-12
 4892.00    1.06167E-12
 4894.00    1.07249E-12
 4896.00    1.08812E-12
 4898.00    1.09573E-12
 4900.00    1.09344E-12
 4902.00    1.08968E-12
 4904.00    1.08868E-12
 4906.00    1.09141E-12
 4908.00    1.09502E-12
 4910.00    1.09760E-12
 4912.00    1.10192E-12
 4914.00    1.10156E-12
 4916.00    1.09743E-12
 4918.00    1.08270E-12
 4920.00    1.07276E-12
 4922.00    1.06842E-12
 4924.00    1.07463E-12
 4926.00    1.08742E-12
 4928.00    1.09969E-12
 4930.00    1.10399E-12
 4932.00    1.09503E-12
 4934.00    1.08481E-12
 4936.00    1.08003E-12
 4938.00    1.07815E-12
 4940.00    1.07941E-12
 4942.00    1.08007E-12
 4944.00    1.08672E-12
 4946.00    1.08984E-12
 4948.00    1.09366E-12
 4950.00    1.09312E-12
 4952.00    1.09522E-12
 4954.00    1.09282E-12
 4956.00    1.08302E-12
 4958.00    1.07487E-12
 4960.00    1.08110E-12
 4962.00    1.09484E-12
 4964.00    1.10251E-12
 4966.00    1.10103E-12
 4968.00    1.10028E-12
 4970.00    1.10139E-12
 4972.00    1.10158E-12
 4974.00    1.10268E-12
 4976.00    1.10112E-12
 4978.00    1.09411E-12
 4980.00    1.08215E-12
 4982.00    1.07255E-12
 4984.00    1.07110E-12
 4986.00    1.07746E-12
 4988.00    1.08582E-12
 4990.00    1.08886E-12
 4992.00    1.08666E-12
 4994.00    1.08523E-12
 4996.00    1.08828E-12
 4998.00    1.09126E-12
 5000.00    1.09172E-12
 5002.00    1.08915E-12
 5004.00    1.08375E-12
 5006.00    1.07734E-12
 5008.00    1.07518E-12
 5010.00    1.07576E-12
 5012.00    1.07515E-12
 5014.00    1.07161E-12
 5016.00    1.06858E-12
 5018.00    1.06694E-12
 5020.00    1.06925E-12
 5022.00    1.07608E-12
 5024.00    1.08308E-12
 5026.00    1.08804E-12
 5028.00    1.09154E-12
 5030.00    1.09536E-12
 5032.00    1.09536E-12
 5034.00    1.09128E-12
 5036.00    1.08429E-12
 5038.00    1.07458E-12
 5040.00    1.06395E-12
 5042.00    1.06114E-12
 5044.00    1.07142E-12
 5046.00    1.08809E-12
 5048.00    1.09160E-12
 5050.00    1.08582E-12
 5052.00    1.08226E-12
 5054.00    1.08764E-12
 5056.00    1.09309E-12
 5058.00    1.09882E-12
 5060.00    1.10155E-12
 5062.00    1.10353E-12
 5064.00    1.09695E-12
 5066.00    1.09620E-12
 5068.00    1.09691E-12
 5070.00    1.10432E-12
 5072.00    1.10317E-12
 5074.00    1.10243E-12
 5076.00    1.09751E-12
 5078.00    1.09312E-12
 5080.00    1.08532E-12
 5082.00    1.08283E-12
 5084.00    1.08724E-12
 5086.00    1.09372E-12
 5088.00    1.09528E-12
 5090.00    1.09897E-12
 5092.00    1.10096E-12
 5094.00    1.10047E-12
 5096.00    1.09624E-12
 5098.00    1.09314E-12
 5100.00    1.09528E-12
 5102.00    1.09814E-12
 5104.00    1.10031E-12
 5106.00    1.09617E-12
 5108.00    1.08881E-12
 5110.00    1.08578E-12
 5112.00    1.08990E-12
 5114.00    1.09909E-12
 5116.00    1.10777E-12
 5118.00    1.11269E-12
 5120.00    1.11165E-12
 5122.00    1.10479E-12
 5124.00    1.09615E-12
 5126.00    1.08925E-12
 5128.00    1.08733E-12
 5130.00    1.09063E-12
 5132.00    1.09720E-12
 5134.00    1.10004E-12
 5136.00    1.09303E-12
 5138.00    1.08396E-12
 5140.00    1.07944E-12
 5142.00    1.08311E-12
 5144.00    1.08646E-12
 5146.00    1.09122E-12
 5148.00    1.09219E-12
 5150.00    1.09117E-12
 5152.00    1.08828E-12
 5154.00    1.08647E-12
 5156.00    1.08820E-12
 5158.00    1.09272E-12
 5160.00    1.09873E-12
 5162.00    1.09890E-12
 5164.00    1.08374E-12
 5166.00    1.05453E-12
 5168.00    1.02534E-12
 5170.00    1.01451E-12
 5172.00    1.02515E-12
 5174.00    1.04923E-12
 5176.00    1.07606E-12
 5178.00    1.09536E-12
 5180.00    1.09593E-12
 5182.00    1.07939E-12
 5184.00    1.06506E-12
 5186.00    1.06532E-12
 5188.00    1.07509E-12
 5190.00    1.07764E-12
 5192.00    1.07425E-12
 5194.00    1.07106E-12
 5196.00    1.07464E-12
 5198.00    1.08222E-12
 5200.00    1.08561E-12
 5202.00    1.07880E-12
 5204.00    1.06745E-12
 5206.00    1.05959E-12
 5208.00    1.06186E-12
 5210.00    1.07165E-12
 5212.00    1.08244E-12
 5214.00    1.08784E-12
 5216.00    1.08674E-12
 5218.00    1.08962E-12
 5220.00    1.09628E-12
 5222.00    1.10156E-12
 5224.00    1.09190E-12
 5226.00    1.07235E-12
 5228.00    1.06229E-12
 5230.00    1.07016E-12
 5232.00    1.08195E-12
 5234.00    1.08665E-12
 5236.00    1.08781E-12
 5238.00    1.08969E-12
 5240.00    1.08902E-12
 5242.00    1.08909E-12
 5244.00    1.09162E-12
 5246.00    1.09232E-12
 5248.00    1.09064E-12
 5250.00    1.09001E-12
 5252.00    1.09053E-12
 5254.00    1.09620E-12
 5256.00    1.10177E-12
 5258.00    1.10789E-12
 5260.00    1.10442E-12
 5262.00    1.09645E-12
 5264.00    1.08427E-12
 5266.00    1.07266E-12
 5268.00    1.05811E-12
 5270.00    1.05287E-12
 5272.00    1.06174E-12
 5274.00    1.08165E-12
 5276.00    1.09480E-12
 5278.00    1.10114E-12
 5280.00    1.10314E-12
 5282.00    1.10081E-12
 5284.00    1.09777E-12
 5286.00    1.10054E-12
 5288.00    1.10770E-12
 5290.00    1.11271E-12
 5292.00    1.11228E-12
 5294.00    1.11083E-12
 5296.00    1.10654E-12
 5298.00    1.10232E-12
 5300.00    1.10187E-12
 5302.00    1.10523E-12
 5304.00    1.11058E-12
 5306.00    1.11433E-12
 5308.00    1.11544E-12
 5310.00    1.11606E-12
 5312.00    1.11575E-12
 5314.00    1.11336E-12
 5316.00    1.10858E-12
 5318.00    1.10571E-12
 5320.00    1.10726E-12
 5322.00    1.10611E-12
 5324.00    1.09919E-12
 5326.00    1.08712E-12
 5328.00    1.07875E-12
 5330.00    1.08370E-12
 5332.00    1.09699E-12
 5334.00    1.10815E-12
 5336.00    1.10942E-12
 5338.00    1.10676E-12
 5340.00    1.10428E-12
 5342.00    1.10494E-12
 5344.00    1.10782E-12
 5346.00    1.10960E-12
 5348.00    1.11009E-12
 5350.00    1.11116E-12
 5352.00    1.11203E-12
 5354.00    1.11027E-12
 5356.00    1.10625E-12
 5358.00    1.10217E-12
 5360.00    1.09771E-12
 5362.00    1.09476E-12
 5364.00    1.09366E-12
 5366.00    1.09290E-12
 5368.00    1.09048E-12
 5370.00    1.08719E-12
 5372.00    1.08992E-12
 5374.00    1.09995E-12
 5376.00    1.11216E-12
 5378.00    1.11821E-12
 5380.00    1.11607E-12
 5382.00    1.11241E-12
 5384.00    1.11294E-12
 5386.00    1.11524E-12
 5388.00    1.11752E-12
 5390.00    1.11461E-12
 5392.00    1.10796E-12
 5394.00    1.09896E-12
 5396.00    1.09513E-12
 5398.00    1.09816E-12
 5400.00    1.10320E-12
 5402.00    1.10439E-12
 5404.00    1.09882E-12
 5406.00    1.09055E-12
 5408.00    1.08850E-12
 5410.00    1.09479E-12
 5412.00    1.10636E-12
 5414.00    1.11074E-12
 5416.00    1.11128E-12
 5418.00    1.10815E-12
 5420.00    1.10746E-12
 5422.00    1.10325E-12
 5424.00    1.09885E-12
 5426.00    1.09373E-12
 5428.00    1.08829E-12
 5430.00    1.08293E-12
 5432.00    1.08259E-12
 5434.00    1.08654E-12
 5436.00    1.09630E-12
 5438.00    1.10702E-12
 5440.00    1.11635E-12
 5442.00    1.11567E-12
 5444.00    1.10884E-12
 5446.00    1.10249E-12
 5448.00    1.10137E-12
 5450.00    1.10695E-12
 5452.00    1.10800E-12
 5454.00    1.10577E-12
 5456.00    1.10271E-12
 5458.00    1.10803E-12
 5460.00    1.11607E-12
 5462.00    1.11852E-12
 5464.00    1.11804E-12
 5466.00    1.11702E-12
 5468.00    1.11977E-12
 5470.00    1.12161E-12
 5472.00    1.12079E-12
 5474.00    1.11656E-12
 5476.00    1.11033E-12
 5478.00    1.10841E-12
 5480.00    1.11447E-12
 5482.00    1.12092E-12
 5484.00    1.12088E-12
 5486.00    1.11688E-12
 5488.00    1.11503E-12
 5490.00    1.11752E-12
 5492.00    1.11898E-12
 5494.00    1.11686E-12
 5496.00    1.11166E-12
 5498.00    1.10745E-12
 5500.00    1.10514E-12
 5502.00    1.10429E-12
 5504.00    1.10505E-12
 5506.00    1.10587E-12
 5508.00    1.10557E-12
 5510.00    1.10770E-12
 5512.00    1.10939E-12
 5514.00    1.10785E-12
 5516.00    1.10557E-12
 5518.00    1.10642E-12
 5520.00    1.10832E-12
 5522.00    1.10793E-12
 5524.00    1.10542E-12
 5526.00    1.09842E-12
 5528.00    1.09264E-12
 5530.00    1.09360E-12
 5532.00    1.09979E-12
 5534.00    1.10339E-12
 5536.00    1.10225E-12
 5538.00    1.10268E-12
 5540.00    1.10588E-12
 5542.00    1.11012E-12
 5544.00    1.11355E-12
 5546.00    1.11519E-12
 5548.00    1.11728E-12
 5550.00    1.11827E-12
 5552.00    1.12216E-12
 5554.00    1.12513E-12
 5556.00    1.12786E-12
 5558.00    1.12730E-12
 5560.00    1.12707E-12
 5562.00    1.12476E-12
 5564.00    1.12202E-12
 5566.00    1.11616E-12
 5568.00    1.11208E-12
 5570.00    1.10740E-12
 5572.00    1.10378E-12
 5574.00    1.09780E-12
 5576.00    1.09672E-12
 5578.00    1.09767E-12
 5580.00    1.09906E-12
 5582.00    1.09707E-12
 5584.00    1.09480E-12
 5586.00    1.09114E-12
 5588.00    1.08778E-12
 5590.00    1.08914E-12
 5592.00    1.09276E-12
 5594.00    1.10062E-12
 5596.00    1.10439E-12
 5598.00    1.10685E-12
 5600.00    1.10519E-12
 5602.00    1.10403E-12
 5604.00    1.10938E-12
 5606.00    1.11383E-12
 5608.00    1.11595E-12
 5610.00    1.11219E-12
 5612.00    1.10697E-12
 5614.00    1.10157E-12
 5616.00    1.09773E-12
 5618.00    1.10033E-12
 5620.00    1.10636E-12
 5622.00    1.11000E-12
 5624.00    1.11310E-12
 5626.00    1.11325E-12
 5628.00    1.11759E-12
 5630.00    1.11893E-12
 5632.00    1.12258E-12
 5634.00    1.12369E-12
 5636.00    1.12278E-12
 5638.00    1.12186E-12
 5640.00    1.12055E-12
 5642.00    1.12203E-12
 5644.00    1.12306E-12
 5646.00    1.12513E-12
 5648.00    1.12725E-12
 5650.00    1.12669E-12
 5652.00    1.12495E-12
 5654.00    1.12016E-12
 5656.00    1.11576E-12
 5658.00    1.11041E-12
 5660.00    1.10838E-12
 5662.00    1.10721E-12
 5664.00    1.10669E-12
 5666.00    1.10696E-12
 5668.00    1.10833E-12
 5670.00    1.11128E-12
 5672.00    1.11329E-12
 5674.00    1.11385E-12
 5676.00    1.11203E-12
 5678.00    1.10979E-12
 5680.00    1.10896E-12
 5682.00    1.10839E-12
 5684.00    1.10762E-12
 5686.00    1.10741E-12
 5688.00    1.10585E-12
 5690.00    1.10197E-12
 5692.00    1.10200E-12
 5694.00    1.10514E-12
 5696.00    1.10670E-12
 5698.00    1.10170E-12
 5700.00    1.09872E-12
 5702.00    1.10015E-12
 5704.00    1.10309E-12
 5706.00    1.10251E-12
 5708.00    1.09984E-12
 5710.00    1.09791E-12
 5712.00    1.09833E-12
 5714.00    1.09901E-12
 5716.00    1.10147E-12
 5718.00    1.10391E-12
 5720.00    1.10663E-12
 5722.00    1.10731E-12
 5724.00    1.11067E-12
 5726.00    1.11219E-12
 5728.00    1.11219E-12
 5730.00    1.10938E-12
 5732.00    1.11021E-12
 5734.00    1.11387E-12
 5736.00    1.11584E-12
 5738.00    1.11406E-12
 5740.00    1.11023E-12
 5742.00    1.10757E-12
 5744.00    1.10415E-12
 5746.00    1.10171E-12
 5748.00    1.09990E-12
 5750.00    1.09909E-12
 5752.00    1.09594E-12
 5754.00    1.09329E-12
 5756.00    1.09351E-12
 5758.00    1.09640E-12
 5760.00    1.10113E-12
 5762.00    1.10369E-12
 5764.00    1.10517E-12
 5766.00    1.10394E-12
 5768.00    1.10217E-12
 5770.00    1.09831E-12
 5772.00    1.09713E-12
 5774.00    1.09470E-12
 5776.00    1.09717E-12
 5778.00    1.09541E-12
 5780.00    1.09283E-12
 5782.00    1.08761E-12
 5784.00    1.09035E-12
 5786.00    1.09407E-12
 5788.00    1.09806E-12
 5790.00    1.09839E-12
 5792.00    1.10056E-12
 5794.00    1.09959E-12
 5796.00    1.09818E-12
 5798.00    1.09840E-12
 5800.00    1.10264E-12
 5802.00    1.10914E-12
 5804.00    1.11462E-12
 5806.00    1.11603E-12
 5808.00    1.11387E-12
 5810.00    1.11349E-12
 5812.00    1.11355E-12
 5814.00    1.11133E-12
 5816.00    1.10673E-12
 5818.00    1.10438E-12
 5820.00    1.10205E-12
 5822.00    1.09775E-12
 5824.00    1.09564E-12
 5826.00    1.09485E-12
 5828.00    1.09455E-12
 5830.00    1.09328E-12
 5832.00    1.09436E-12
 5834.00    1.09674E-12
 5836.00    1.09949E-12
 5838.00    1.10224E-12
 5840.00    1.10054E-12
 5842.00    1.09714E-12
 5844.00    1.09496E-12
 5846.00    1.09664E-12
 5848.00    1.10001E-12
 5850.00    1.10461E-12
 5852.00    1.10816E-12
 5854.00    1.11154E-12
 5856.00    1.11516E-12
 5858.00    1.11891E-12
 5860.00    1.12071E-12
 5862.00    1.12095E-12
 5864.00    1.12070E-12
 5866.00    1.11781E-12
 5868.00    1.11355E-12
 5870.00    1.10888E-12
 5872.00    1.10391E-12
 5874.00    1.10174E-12
 5876.00    1.09973E-12
 5878.00    1.09860E-12
 5880.00    1.09413E-12
 5882.00    1.08981E-12
 5884.00    1.08240E-12
 5886.00    1.07021E-12
 5888.00    1.04762E-12
 5890.00    1.02546E-12
 5892.00    1.01750E-12
 5894.00    1.02339E-12
 5896.00    1.02918E-12
 5898.00    1.03347E-12
 5900.00    1.04431E-12
 5902.00    1.06178E-12
 5904.00    1.07564E-12
 5906.00    1.08339E-12
 5908.00    1.08630E-12
 5910.00    1.08838E-12
 5912.00    1.08914E-12
 5914.00    1.08935E-12
 5916.00    1.08632E-12
 5918.00    1.08367E-12
 5920.00    1.07811E-12
 5922.00    1.07808E-12
 5924.00    1.08176E-12
 5926.00    1.08987E-12
 5928.00    1.09726E-12
 5930.00    1.10034E-12
 5932.00    1.09981E-12
 5934.00    1.10162E-12
 5936.00    1.10464E-12
 5938.00    1.10514E-12
 5940.00    1.09477E-12
 5942.00    1.08079E-12
 5944.00    1.06787E-12
 5946.00    1.06603E-12
 5948.00    1.06991E-12
 5950.00    1.07855E-12
 5952.00    1.08249E-12
 5954.00    1.08359E-12
 5956.00    1.07921E-12
 5958.00    1.07284E-12
 5960.00    1.07208E-12
 5962.00    1.07601E-12
 5964.00    1.08458E-12
 5966.00    1.08422E-12
 5968.00    1.07856E-12
 5970.00    1.07459E-12
 5972.00    1.08129E-12
 5974.00    1.08907E-12
 5976.00    1.08740E-12
 5978.00    1.07949E-12
 5980.00    1.07447E-12
 5982.00    1.07359E-12
 5984.00    1.07458E-12
 5986.00    1.07544E-12
 5988.00    1.07843E-12
 5990.00    1.07718E-12
 5992.00    1.07783E-12
 5994.00    1.08543E-12
 5996.00    1.09728E-12
 5998.00    1.10336E-12
 6000.00    1.10276E-12
 6002.00    1.10113E-12
 6004.00    1.09865E-12
 6006.00    1.09501E-12
 6008.00    1.09247E-12
 6010.00    1.09019E-12
 6012.00    1.08888E-12
 6014.00    1.08934E-12
 6016.00    1.09253E-12
 6018.00    1.09217E-12
 6020.00    1.09073E-12
 6022.00    1.08967E-12
 6024.00    1.09316E-12
 6026.00    1.09706E-12
 6028.00    1.09963E-12
 6030.00    1.09787E-12
 6032.00    1.09458E-12
 6034.00    1.09474E-12
 6036.00    1.09692E-12
 6038.00    1.09794E-12
 6040.00    1.09572E-12
 6042.00    1.09278E-12
 6044.00    1.08928E-12
 6046.00    1.08863E-12
 6048.00    1.08968E-12
 6050.00    1.09194E-12
 6052.00    1.08850E-12
 6054.00    1.08628E-12
 6056.00    1.08733E-12
 6058.00    1.08990E-12
 6060.00    1.09422E-12
 6062.00    1.09393E-12
 6064.00    1.09113E-12
 6066.00    1.08728E-12
 6068.00    1.08748E-12
 6070.00    1.08937E-12
 6072.00    1.08604E-12
 6074.00    1.08121E-12
 6076.00    1.07613E-12
 6078.00    1.07065E-12
 6080.00    1.06926E-12
 6082.00    1.06869E-12
 6084.00    1.06880E-12
 6086.00    1.06552E-12
 6088.00    1.06549E-12
 6090.00    1.06819E-12
 6092.00    1.06994E-12
 6094.00    1.06693E-12
 6096.00    1.06425E-12
 6098.00    1.06045E-12
 6100.00    1.07926E-12
 6100.00    1.06899E-12
 6102.00    1.06834E-12
 6102.00    1.06808E-12
 6104.00    1.06762E-12
 6104.00    1.06699E-12
 6106.00    1.06675E-12
 6106.00    1.06643E-12
 6108.00    1.06645E-12
 6108.00    1.06580E-12
 6110.00    1.06599E-12
 6110.00    1.06528E-12
 6112.00    1.06547E-12
 6112.00    1.06460E-12
 6114.00    1.06475E-12
 6114.00    1.06473E-12
 6116.00    1.06430E-12
 6116.00    1.06412E-12
 6118.00    1.06407E-12
 6118.00    1.06388E-12
 6120.00    1.06356E-12
 6120.00    1.06344E-12
 6122.00    1.06204E-12
 6122.00    1.06205E-12
 6124.00    1.05976E-12
 6124.00    1.05850E-12
 6126.00    1.05880E-12
 6126.00    1.05783E-12
 6128.00    1.05756E-12
 6128.00    1.05761E-12
 6130.00    1.05836E-12
 6130.00    1.05828E-12
 6132.00    1.05712E-12
 6132.00    1.05714E-12
 6134.00    1.05632E-12
 6134.00    1.05571E-12
 6136.00    1.05596E-12
 6136.00    1.05535E-12
 6138.00    1.05504E-12
 6138.00    1.05504E-12
 6140.00    1.05483E-12
 6140.00    1.05506E-12
 6142.00    1.05493E-12
 6142.00    1.05514E-12
 6144.00    1.05532E-12
 6144.00    1.05523E-12
 6146.00    1.05539E-12
 6146.00    1.05492E-12
 6148.00    1.05569E-12
 6148.00    1.05572E-12
 6150.00    1.05574E-12
 6150.00    1.05459E-12
 6152.00    1.05568E-12
 6152.00    1.05584E-12
 6154.00    1.05496E-12
 6154.00    1.05464E-12
 6156.00    1.05508E-12
 6156.00    1.05497E-12
 6158.00    1.05548E-12
 6158.00    1.05625E-12
 6160.00    1.05668E-12
 6160.00    1.05769E-12
 6162.00    1.05822E-12
 6162.00    1.05947E-12
 6164.00    1.06078E-12
 6164.00    1.06073E-12
 6166.00    1.06118E-12
 6166.00    1.06093E-12
 6168.00    1.06146E-12
 6168.00    1.06054E-12
 6170.00    1.05980E-12
 6170.00    1.05940E-12
 6172.00    1.05855E-12
 6172.00    1.05790E-12
 6174.00    1.05747E-12
 6174.00    1.05684E-12
 6176.00    1.05640E-12
 6176.00    1.05570E-12
 6178.00    1.05529E-12
 6178.00    1.05448E-12
 6180.00    1.05374E-12
 6180.00    1.05283E-12
 6182.00    1.05213E-12
 6182.00    1.05151E-12
 6184.00    1.05098E-12
 6184.00    1.05047E-12
 6186.00    1.05018E-12
 6186.00    1.04960E-12
 6188.00    1.04906E-12
 6188.00    1.04935E-12
 6190.00    1.05011E-12
 6190.00    1.04929E-12
 6192.00    1.04915E-12
 6192.00    1.04935E-12
 6194.00    1.05007E-12
 6194.00    1.04937E-12
 6196.00    1.04895E-12
 6196.00    1.04822E-12
 6198.00    1.04705E-12
 6198.00    1.04680E-12
 6200.00    1.04633E-12
 6200.00    1.04638E-12
 6202.00    1.04630E-12
 6202.00    1.04696E-12
 6204.00    1.04705E-12
 6204.00    1.04800E-12
 6206.00    1.04833E-12
 6206.00    1.04891E-12
 6208.00    1.04967E-12
 6208.00    1.04977E-12
 6210.00    1.05091E-12
 6210.00    1.05148E-12
 6212.00    1.05181E-12
 6212.00    1.05236E-12
 6214.00    1.05210E-12
 6214.00    1.05252E-12
 6216.00    1.05279E-12
 6216.00    1.05320E-12
 6218.00    1.05371E-12
 6218.00    1.05412E-12
 6220.00    1.05481E-12
 6220.00    1.05522E-12
 6222.00    1.05585E-12
 6222.00    1.05624E-12
 6224.00    1.05680E-12
 6224.00    1.05723E-12
 6226.00    1.05766E-12
 6226.00    1.05767E-12
 6228.00    1.05788E-12
 6228.00    1.05799E-12
 6230.00    1.05809E-12
 6230.00    1.05768E-12
 6232.00    1.05794E-12
 6232.00    1.05761E-12
 6234.00    1.05763E-12
 6234.00    1.05774E-12
 6236.00    1.05778E-12
 6236.00    1.05787E-12
 6238.00    1.05741E-12
 6238.00    1.05703E-12
 6240.00    1.05652E-12
 6240.00    1.05708E-12
 6242.00    1.05623E-12
 6242.00    1.05565E-12
 6244.00    1.05443E-12
 6244.00    1.05385E-12
 6246.00    1.05300E-12
 6246.00    1.05251E-12
 6248.00    1.05216E-12
 6248.00    1.05116E-12
 6250.00    1.04997E-12
 6250.00    1.04974E-12
 6252.00    1.04896E-12
 6254.00    1.04888E-12
 6256.00    1.04812E-12
 6258.00    1.04725E-12
 6260.00    1.04620E-12
 6262.00    1.04507E-12
 6264.00    1.04405E-12
 6266.00    1.04316E-12
 6268.00    1.04229E-12
 6270.00    1.04140E-12
 6272.00    1.04067E-12
 6274.00    1.03951E-12
 6276.00    1.03859E-12
 6278.00    1.03760E-12
 6280.00    1.03718E-12
 6282.00    1.03649E-12
 6284.00    1.03592E-12
 6286.00    1.03570E-12
 6288.00    1.03522E-12
 6290.00    1.03509E-12
 6292.00    1.03506E-12
 6294.00    1.03496E-12
 6296.00    1.03459E-12
 6298.00    1.03412E-12
 6300.00    1.03278E-12
 6302.00    1.03239E-12
 6304.00    1.03261E-12
 6306.00    1.03266E-12
 6308.00    1.03269E-12
 6310.00    1.03311E-12
 6312.00    1.03414E-12
 6314.00    1.03482E-12
 6316.00    1.03469E-12
 6318.00    1.03447E-12
 6320.00    1.03420E-12
 6322.00    1.03475E-12
 6324.00    1.03530E-12
 6326.00    1.03627E-12
 6328.00    1.03742E-12
 6330.00    1.03891E-12
 6332.00    1.04066E-12
 6334.00    1.04188E-12
 6336.00    1.04258E-12
 6338.00    1.04296E-12
 6340.00    1.04355E-12
 6342.00    1.04352E-12
 6344.00    1.04330E-12
 6346.00    1.04262E-12
 6348.00    1.04122E-12
 6350.00    1.03951E-12
 6352.00    1.03869E-12
 6354.00    1.03918E-12
 6356.00    1.03993E-12
 6358.00    1.04066E-12
 6360.00    1.04098E-12
 6362.00    1.04092E-12
 6364.00    1.04016E-12
 6366.00    1.03898E-12
 6368.00    1.03810E-12
 6370.00    1.03743E-12
 6372.00    1.03747E-12
 6374.00    1.03740E-12
 6376.00    1.03739E-12
 6378.00    1.03732E-12
 6380.00    1.03715E-12
 6382.00    1.03776E-12
 6384.00    1.03875E-12
 6386.00    1.03995E-12
 6388.00    1.04081E-12
 6390.00    1.04122E-12
 6392.00    1.04116E-12
 6394.00    1.04100E-12
 6396.00    1.04098E-12
 6398.00    1.04092E-12
 6400.00    1.04117E-12
 6402.00    1.04283E-12
 6404.00    1.04362E-12
 6406.00    1.04423E-12
 6408.00    1.04533E-12
 6410.00    1.04640E-12
 6412.00    1.04769E-12
 6414.00    1.04874E-12
 6416.00    1.04995E-12
 6418.00    1.05066E-12
 6420.00    1.05084E-12
 6422.00    1.05050E-12
 6424.00    1.04982E-12
 6426.00    1.04920E-12
 6428.00    1.04838E-12
 6430.00    1.04765E-12
 6432.00    1.04652E-12
 6434.00    1.04562E-12
 6436.00    1.04531E-12
 6438.00    1.04559E-12
 6440.00    1.04564E-12
 6442.00    1.04467E-12
 6444.00    1.04344E-12
 6446.00    1.04215E-12
 6448.00    1.04125E-12
 6450.00    1.04031E-12
 6452.00    1.03919E-12
 6454.00    1.03812E-12
 6456.00    1.03816E-12
 6458.00    1.03866E-12
 6460.00    1.03864E-12
 6462.00    1.03820E-12
 6464.00    1.03814E-12
 6466.00    1.03869E-12
 6468.00    1.03968E-12
 6470.00    1.04079E-12
 6472.00    1.04191E-12
 6474.00    1.04222E-12
 6476.00    1.04153E-12
 6478.00    1.04087E-12
 6480.00    1.04142E-12
 6482.00    1.04235E-12
 6484.00    1.04371E-12
 6486.00    1.04473E-12
 6488.00    1.04596E-12
 6490.00    1.04733E-12
 6492.00    1.04852E-12
 6494.00    1.04914E-12
 6496.00    1.04904E-12
 6498.00    1.04906E-12
 6500.00    1.04959E-12
 6502.00    1.05038E-12
 6504.00    1.05104E-12
 6506.00    1.05116E-12
 6508.00    1.05127E-12
 6510.00    1.05175E-12
 6512.00    1.05279E-12
 6514.00    1.05414E-12
 6516.00    1.05536E-12
 6518.00    1.05602E-12
 6520.00    1.05623E-12
 6522.00    1.05576E-12
 6524.00    1.05531E-12
 6526.00    1.05480E-12
 6528.00    1.05427E-12
 6530.00    1.05383E-12
 6532.00    1.05609E-12
 6534.00    1.05607E-12
 6536.00    1.05969E-12
 6538.00    1.05936E-12
 6540.00    1.05473E-12
 6542.00    1.05084E-12
 6544.00    1.04751E-12
 6546.00    1.04542E-12
 6548.00    1.04500E-12
 6550.00    1.04560E-12
 6552.00    1.04358E-12
 6554.00    1.03299E-12
 6556.00    1.00322E-12
 6558.00    9.27746E-13
 6560.00    8.37258E-13
 6562.00    8.15747E-13
 6564.00    8.91307E-13
 6566.00    9.80589E-13
 6568.00    1.02303E-12
 6570.00    9.95594E-13
 6572.00    9.97428E-13
 6574.00    1.00002E-12
 6576.00    1.00407E-12
 6578.00    1.01104E-12
 6580.00    1.02101E-12
 6582.00    1.03097E-12
 6584.00    1.03724E-12
 6586.00    1.03970E-12
 6588.00    1.04044E-12
 6590.00    1.04078E-12
 6592.00    1.04093E-12
 6594.00    1.04074E-12
 6596.00    1.04023E-12
 6598.00    1.03937E-12
 6600.00    1.03858E-12
 6602.00    1.03796E-12
 6604.00    1.03756E-12
 6606.00    1.03708E-12
 6608.00    1.03664E-12
 6610.00    1.03612E-12
 6612.00    1.03544E-12
 6614.00    1.03448E-12
 6616.00    1.03347E-12
 6618.00    1.03254E-12
 6620.00    1.03172E-12
 6622.00    1.03107E-12
 6624.00    1.03057E-12
 6626.00    1.03034E-12
 6628.00    1.03020E-12
 6630.00    1.02980E-12
 6632.00    1.02916E-12
 6634.00    1.02878E-12
 6636.00    1.02925E-12
 6638.00    1.02986E-12
 6640.00    1.02963E-12
 6642.00    1.02856E-12
 6644.00    1.02737E-12
 6646.00    1.02648E-12
 6648.00    1.02604E-12
 6650.00    1.02602E-12
 6652.00    1.02627E-12
 6654.00    1.02644E-12
 6656.00    1.02639E-12
 6658.00    1.02584E-12
 6660.00    1.02490E-12
 6662.00    1.02415E-12
 6664.00    1.02368E-12
 6666.00    1.02334E-12
 6668.00    1.02310E-12
 6670.00    1.02315E-12
 6672.00    1.02324E-12
 6674.00    1.02289E-12
 6676.00    1.02223E-12
 6678.00    1.02212E-12
 6680.00    1.02252E-12
 6682.00    1.02313E-12
 6684.00    1.02339E-12
 6686.00    1.02327E-12
 6688.00    1.02271E-12
 6690.00    1.02173E-12
 6692.00    1.02093E-12
 6694.00    1.02047E-12
 6696.00    1.02061E-12
 6698.00    1.02091E-12
 6700.00    1.02085E-12
 6702.00    1.02008E-12
 6704.00    1.01924E-12
 6706.00    1.01874E-12
 6708.00    1.01841E-12
 6710.00    1.01789E-12
 6712.00    1.01718E-12
 6714.00    1.01656E-12
 6716.00    1.01636E-12
 6718.00    1.01641E-12
 6720.00    1.01605E-12
 6722.00    1.01525E-12
 6724.00    1.01437E-12
 6726.00    1.01375E-12
 6728.00    1.01328E-12
 6730.00    1.01260E-12
 6732.00    1.01194E-12
 6734.00    1.01134E-12
 6736.00    1.01083E-12
 6738.00    1.01014E-12
 6740.00    1.00970E-12
 6742.00    1.00945E-12
 6744.00    1.00956E-12
 6746.00    1.00964E-12
 6748.00    1.00966E-12
 6750.00    1.00945E-12
 6752.00    1.00941E-12
 6754.00    1.00926E-12
 6756.00    1.00905E-12
 6758.00    1.00924E-12
 6760.00    1.00996E-12
 6762.00    1.01070E-12
 6764.00    1.01111E-12
 6766.00    1.01125E-12
 6768.00    1.01120E-12
 6770.00    1.01102E-12
 6772.00    1.01127E-12
 6774.00    1.01141E-12
 6776.00    1.01155E-12
 6778.00    1.01130E-12
 6780.00    1.01100E-12
 6782.00    1.01041E-12
 6784.00    1.00987E-12
 6786.00    1.00958E-12
 6788.00    1.00962E-12
 6790.00    1.00980E-12
 6792.00    1.00982E-12
 6794.00    1.00955E-12
 6796.00    1.00925E-12
 6798.00    1.00885E-12
 6800.00    1.00843E-12
 6802.00    1.00839E-12
 6804.00    1.00869E-12
 6806.00    1.00899E-12
 6808.00    1.00908E-12
 6810.00    1.00879E-12
 6812.00    1.00851E-12
 6814.00    1.00824E-12
 6816.00    1.00823E-12
 6818.00    1.00807E-12
 6820.00    1.00785E-12
 6822.00    1.00753E-12
 6824.00    1.00705E-12
 6826.00    1.00655E-12
 6828.00    1.00589E-12
 6830.00    1.00542E-12
 6832.00    1.00518E-12
 6834.00    1.00483E-12
 6836.00    1.00430E-12
 6838.00    1.00376E-12
 6840.00    1.00304E-12
 6842.00    1.00233E-12
 6844.00    1.00179E-12
 6846.00    1.00132E-12
 6848.00    1.00065E-12
 6850.00    1.00013E-12
 6852.00    9.99775E-13
 6854.00    9.99418E-13
 6856.00    9.99061E-13
 6858.00    9.98704E-13
 6860.00    9.98347E-13
 6862.00    9.97990E-13
 6864.00    9.97633E-13
 6866.00    9.97276E-13
 6868.00    9.96919E-13
 6870.00    9.96563E-13
 6872.00    9.96206E-13
 6874.00    9.95849E-13
 6876.00    9.95492E-13
 6878.00    9.95135E-13
 6880.00    9.94778E-13
 6882.00    9.94421E-13
 6884.00    9.94064E-13
 6886.00    9.93707E-13
 6888.00    9.93350E-13
 6890.00    9.92993E-13
 6892.00    9.92527E-13
 6894.00    9.91964E-13
 6896.00    9.91979E-13
 6898.00    9.92437E-13
 6900.00    9.92908E-13
 6902.00    9.93105E-13
 6904.00    9.93140E-13
 6906.00    9.92937E-13
 6908.00    9.92828E-13
 6910.00    9.92399E-13
 6912.00    9.92355E-13
 6914.00    9.91978E-13
 6916.00    9.91412E-13
 6918.00    9.90456E-13
 6920.00    9.89729E-13
 6922.00    9.88896E-13
 6924.00    9.88013E-13
 6926.00    9.86963E-13
 6928.00    9.85834E-13
 6930.00    9.84971E-13
 6932.00    9.84362E-13
 6934.00    9.83003E-13
 6936.00    9.81109E-13
 6938.00    9.79751E-13
 6940.00    9.79114E-13
 6942.00    9.79042E-13
 6944.00    9.78925E-13
 6946.00    9.78812E-13
 6948.00    9.78866E-13
 6950.00    9.78610E-13
 6952.00    9.78280E-13
 6954.00    9.77913E-13
 6956.00    9.77781E-13
 6958.00    9.77337E-13
 6960.00    9.76734E-13
 6962.00    9.76301E-13
 6964.00    9.76155E-13
 6966.00    9.76284E-13
 6968.00    9.75837E-13
 6970.00    9.74847E-13
 6972.00    9.73733E-13
 6974.00    9.72767E-13
 6976.00    9.71512E-13
 6978.00    9.70151E-13
 6980.00    9.68673E-13
 6982.00    9.67504E-13
 6984.00    9.66084E-13
 6986.00    9.64748E-13
 6988.00    9.63523E-13
 6990.00    9.62838E-13
 6992.00    9.62472E-13
 6994.00    9.62049E-13
 6996.00    9.61442E-13
 6998.00    9.60955E-13
 7000.00    9.60227E-13
 7002.00    9.59473E-13
 7004.00    9.58865E-13
 7006.00    9.58844E-13
 7008.00    9.59036E-13
 7010.00    9.59145E-13
 7012.00    9.59369E-13
 7014.00    9.60057E-13
 7016.00    9.61076E-13
 7018.00    9.61809E-13
 7020.00    9.62315E-13
 7022.00    9.62902E-13
 7024.00    9.63919E-13
 7026.00    9.65152E-13
 7028.00    9.66502E-13
 7030.00    9.67382E-13
 7032.00    9.67845E-13
 7034.00    9.68159E-13
 7036.00    9.68229E-13
 7038.00    9.68185E-13
 7040.00    9.68052E-13
 7042.00    9.68024E-13
 7044.00    9.68378E-13
 7046.00    9.69077E-13
 7048.00    9.69606E-13
 7050.00    9.69895E-13
 7052.00    9.69661E-13
 7054.00    9.69741E-13
 7056.00    9.69625E-13
 7058.00    9.69396E-13
 7060.00    9.69003E-13
 7062.00    9.68393E-13
 7064.00    9.67419E-13
 7066.00    9.65868E-13
 7068.00    9.64626E-13
 7070.00    9.64057E-13
 7072.00    9.64111E-13
 7074.00    9.64182E-13
 7076.00    9.64125E-13
 7078.00    9.63887E-13
 7080.00    9.63416E-13
 7082.00    9.62766E-13
 7084.00    9.62221E-13
 7086.00    9.62470E-13
 7088.00    9.62564E-13
 7090.00    9.62616E-13
 7092.00    9.61943E-13
 7094.00    9.61700E-13
 7096.00    9.61769E-13
 7098.00    9.62001E-13
 7100.00    9.61992E-13
 7102.00    9.61810E-13
 7104.00    9.62101E-13
 7106.00    9.62382E-13
 7108.00    9.62491E-13
 7110.00    9.62052E-13
 7112.00    9.62072E-13
 7114.00    9.62045E-13
 7116.00    9.61941E-13
 7118.00    9.61277E-13
 7120.00    9.60688E-13
 7122.00    9.60201E-13
 7124.00    9.59792E-13
 7126.00    9.59333E-13
 7128.00    9.58476E-13
 7130.00    9.57646E-13
 7132.00    9.57291E-13
 7134.00    9.57112E-13
 7136.00    9.56631E-13
 7138.00    9.56401E-13
 7140.00    9.56250E-13
 7142.00    9.56137E-13
 7144.00    9.56153E-13
 7146.00    9.56565E-13
 7148.00    9.56796E-13
 7150.00    9.56410E-13
 7152.00    9.55944E-13
 7154.00    9.55286E-13
 7156.00    9.54782E-13
 7158.00    9.53897E-13
 7160.00    9.52798E-13
 7162.00    9.51866E-13
 7164.00    9.52424E-13
 7166.00    9.53674E-13
 7168.00    9.53933E-13
 7170.00    9.53512E-13
 7172.00    9.53667E-13
 7174.00    9.54142E-13
 7176.00    9.53651E-13
 7178.00    9.53241E-13
 7180.00    9.52787E-13
 7182.00    9.51726E-13
 7184.00    9.49634E-13
 7186.00    9.47791E-13
 7188.00    9.46403E-13
 7190.00    9.45440E-13
 7192.00    9.44574E-13
 7194.00    9.44004E-13
 7196.00    9.43977E-13
 7198.00    9.43880E-13
 7200.00    9.43210E-13
 7202.00    9.41348E-13
 7204.00    9.39564E-13
 7206.00    9.38634E-13
 7208.00    9.38082E-13
 7210.00    9.37679E-13
 7212.00    9.38295E-13
 7214.00    9.39601E-13
 7216.00    9.39796E-13
 7218.00    9.39626E-13
 7220.00    9.40442E-13
 7222.00    9.41943E-13
 7224.00    9.42701E-13
 7226.00    9.42752E-13
 7228.00    9.42879E-13
 7230.00    9.43435E-13
 7232.00    9.44161E-13
 7234.00    9.43957E-13
 7236.00    9.43402E-13
 7238.00    9.42846E-13
 7240.00    9.42865E-13
 7242.00    9.43151E-13
 7244.00    9.43665E-13
 7246.00    9.43856E-13
 7248.00    9.43595E-13
 7250.00    9.43046E-13
 7252.00    9.42925E-13
 7254.00    9.43663E-13
 7256.00    9.44133E-13
 7258.00    9.43620E-13
 7260.00    9.42736E-13
 7262.00    9.42556E-13
 7264.00    9.42818E-13
 7266.00    9.42856E-13
 7268.00    9.42795E-13
 7270.00    9.42528E-13
 7272.00    9.42403E-13
 7274.00    9.42420E-13
 7276.00    9.42207E-13
 7278.00    9.41575E-13
 7280.00    9.40514E-13
 7282.00    9.39962E-13
 7284.00    9.39370E-13
 7286.00    9.38567E-13
 7288.00    9.37250E-13
 7290.00    9.36090E-13
 7292.00    9.35222E-13
 7294.00    9.34661E-13
 7296.00    9.34458E-13
 7298.00    9.34636E-13
 7300.00    9.34681E-13
 7302.00    9.34270E-13
 7304.00    9.33448E-13
 7306.00    9.32746E-13
 7308.00    9.32056E-13
 7310.00    9.31815E-13
 7312.00    9.31346E-13
 7314.00    9.31441E-13
 7316.00    9.31272E-13
 7318.00    9.31503E-13
 7320.00    9.31077E-13
 7322.00    9.30922E-13
 7324.00    9.30304E-13
 7326.00    9.29819E-13
 7328.00    9.29419E-13
 7330.00    9.29185E-13
 7332.00    9.29194E-13
 7334.00    9.29273E-13
 7336.00    9.29161E-13
 7338.00    9.29104E-13
 7340.00    9.29306E-13
 7342.00    9.29571E-13
 7344.00    9.29366E-13
 7346.00    9.29036E-13
 7348.00    9.28653E-13
 7350.00    9.28784E-13
 7352.00    9.28637E-13
 7354.00    9.28594E-13
 7356.00    9.28099E-13
 7358.00    9.27866E-13
 7360.00    9.27672E-13
 7362.00    9.27876E-13
 7364.00    9.27970E-13
 7366.00    9.27776E-13
 7368.00    9.27582E-13
 7370.00    9.27388E-13
 7372.00    9.27194E-13
 7374.00    9.27000E-13
 7376.00    9.26806E-13
 7378.00    9.26613E-13
 7380.00    9.26419E-13
 7382.00    9.26225E-13
 7384.00    9.26031E-13
 7386.00    9.25837E-13
 7388.00    9.25643E-13
 7390.00    9.25449E-13
 7392.00    9.25255E-13
 7394.00    9.25061E-13
 7396.00    9.24867E-13
 7398.00    9.24673E-13
 7400.00    9.24479E-13
 7402.00    9.24285E-13
 7404.00    9.24091E-13
 7406.00    9.23897E-13
 7408.00    9.23703E-13
 7410.00    9.23509E-13
 7412.00    9.23315E-13
 7414.00    9.23121E-13
 7416.00    9.22928E-13
 7418.00    9.22734E-13
 7420.00    9.22540E-13
 7422.00    9.22346E-13
 7424.00    9.22152E-13
 7426.00    9.21958E-13
 7428.00    9.21764E-13
 7430.00    9.21570E-13
 7432.00    9.21376E-13
 7434.00    9.21182E-13
 7436.00    9.20988E-13
 7438.00    9.20794E-13
 7440.00    9.20600E-13
 7442.00    9.20406E-13
 7444.00    9.20212E-13
 7446.00    9.20018E-13
 7448.00    9.19824E-13
 7450.00    9.19631E-13
 7452.00    9.19437E-13
 7454.00    9.19243E-13
 7456.00    9.19049E-13
 7458.00    9.18855E-13
 7460.00    9.18661E-13
 7462.00    9.18467E-13
 7464.00    9.18273E-13
 7466.00    9.18079E-13
 7468.00    9.17885E-13
 7470.00    9.17691E-13
 7472.00    9.17497E-13
 7474.00    9.17303E-13
 7476.00    9.17109E-13
 7478.00    9.16915E-13
 7480.00    9.16721E-13
 7482.00    9.16527E-13
 7484.00    9.16334E-13
 7486.00    9.16140E-13
 7488.00    9.15946E-13
 7490.00    9.15752E-13
 7492.00    9.15558E-13
 7494.00    9.15364E-13
 7496.00    9.15170E-13
 7498.00    9.14976E-13
 7500.00    9.14782E-13
 7502.00    9.14588E-13
 7504.00    9.14394E-13
 7506.00    9.14200E-13
 7508.00    9.14006E-13
 7510.00    9.13812E-13
 7512.00    9.13618E-13
 7514.00    9.13424E-13
 7516.00    9.13230E-13
 7518.00    9.13037E-13
 7520.00    9.12843E-13
 7522.00    9.12649E-13
 7524.00    9.12455E-13
 7526.00    9.12261E-13
 7528.00    9.12067E-13
 7530.00    9.11873E-13
 7532.00    9.11679E-13
 7534.00    9.11485E-13
 7536.00    9.11291E-13
 7538.00    9.11097E-13
 7540.00    9.10903E-13
 7542.00    9.10709E-13
 7544.00    9.10515E-13
 7546.00    9.10321E-13
 7548.00    9.10127E-13
 7550.00    9.09933E-13
 7552.00    9.09740E-13
 7554.00    9.09546E-13
 7556.00    9.09352E-13
 7558.00    9.09158E-13
 7560.00    9.08964E-13
 7562.00    9.08770E-13
 7564.00    9.08576E-13
 7566.00    9.08382E-13
 7568.00    9.08188E-13
 7570.00    9.07994E-13
 7572.00    9.07800E-13
 7574.00    9.07606E-13
 7576.00    9.07412E-13
 7578.00    9.07218E-13
 7580.00    9.07024E-13
 7582.00    9.06830E-13
 7584.00    9.06636E-13
 7586.00    9.06443E-13
 7588.00    9.06249E-13
 7590.00    9.05840E-13
 7592.00    9.05431E-13
 7594.00    9.05022E-13
 7596.00    9.04613E-13
 7598.00    9.04205E-13
 7600.00    9.03797E-13
 7602.00    9.03388E-13
 7604.00    9.02980E-13
 7606.00    9.02572E-13
 7608.00    9.02164E-13
 7610.00    9.01756E-13
 7612.00    9.01349E-13
 7614.00    9.00941E-13
 7616.00    9.00534E-13
 7618.00    9.00126E-13
 7620.00    8.99719E-13
 7622.00    8.99312E-13
 7624.00    8.98905E-13
 7626.00    8.98499E-13
 7628.00    8.98092E-13
 7630.00    8.97685E-13
 7632.00    8.97279E-13
 7634.00    8.96873E-13
 7636.00    8.96467E-13
 7638.00    8.96061E-13
 7640.00    8.95655E-13
 7642.00    8.95249E-13
 7644.00    8.94843E-13
 7646.00    8.94438E-13
 7648.00    8.94033E-13
 7650.00    8.93628E-13
 7652.00    8.93222E-13
 7654.00    8.92818E-13
 7656.00    8.92413E-13
 7658.00    8.92008E-13
 7660.00    8.91604E-13
 7662.00    8.91199E-13
 7664.00    8.90795E-13
 7666.00    8.90391E-13
 7668.00    8.89987E-13
 7670.00    8.89583E-13
 7672.00    8.89180E-13
 7674.00    8.88776E-13
 7676.00    8.88373E-13
 7678.00    8.87970E-13
 7680.00    8.87567E-13
 7682.00    8.87164E-13
 7684.00    8.86761E-13
 7686.00    8.86359E-13
 7688.00    8.85956E-13
 7690.00    8.85554E-13
 7692.00    8.85152E-13
 7694.00    8.84750E-13
 7696.00    8.84348E-13
 7698.00    8.83947E-13
 7700.00    8.83545E-13
 7702.00    8.83144E-13
 7704.00    8.82743E-13
 7706.00    8.82342E-13
 7708.00    8.81941E-13
 7710.00    8.81540E-13
 7712.00    8.81140E-13
 7714.00    8.80740E-13
 7716.00    8.80340E-13
 7718.00    8.79940E-13
 7720.00    8.79540E-13
 7722.00    8.79140E-13
 7724.00    8.78741E-13
 7726.00    8.78519E-13
 7728.00    8.78298E-13
 7730.00    8.78076E-13
 7732.00    8.77855E-13
 7734.00    8.77633E-13
 7736.00    8.77412E-13
 7738.00    8.77190E-13
 7740.00    8.76969E-13
 7742.00    8.76747E-13
 7744.00    8.76526E-13
 7746.00    8.76304E-13
 7748.00    8.76083E-13
 7750.00    8.73686E-13
 7752.00    8.73436E-13
 7754.00    8.73187E-13
 7756.00    8.72937E-13
 7758.00    8.72688E-13
 7760.00    8.72438E-13
 7762.00    8.72189E-13
 7764.00    8.71939E-13
 7766.00    8.71690E-13
 7768.00    8.71440E-13
 7770.00    8.71191E-13
 7772.00    8.70941E-13
 7774.00    8.70692E-13
 7776.00    8.70442E-13
 7778.00    8.70193E-13
 7780.00    8.69944E-13
 7782.00    8.69694E-13
 7784.00    8.69445E-13
 7786.00    8.69195E-13
 7788.00    8.68946E-13
 7790.00    8.68696E-13
 7792.00    8.68447E-13
 7794.00    8.68197E-13
 7796.00    8.67948E-13
 7798.00    8.67698E-13
 7800.00    8.67449E-13
 7802.00    8.67199E-13
 7804.00    8.66950E-13
 7806.00    8.66700E-13
 7808.00    8.66451E-13
 7810.00    8.66202E-13
 7812.00    8.65952E-13
 7814.00    8.65703E-13
 7816.00    8.65453E-13
 7818.00    8.65204E-13
 7820.00    8.64954E-13
 7822.00    8.64705E-13
 7824.00    8.64455E-13
 7826.00    8.64206E-13
 7828.00    8.63956E-13
 7830.00    8.63707E-13
 7832.00    8.63457E-13
 7834.00    8.63208E-13
 7836.00    8.62959E-13
 7838.00    8.62709E-13
 7840.00    8.62460E-13
 7842.00    8.62210E-13
 7844.00    8.61961E-13
 7846.00    8.61711E-13
 7848.00    8.61462E-13
 7850.00    8.61212E-13
 7852.00    8.60963E-13
 7854.00    8.60713E-13
 7856.00    8.60464E-13
 7858.00    8.60214E-13
 7860.00    8.59965E-13
 7862.00    8.59715E-13
 7864.00    8.59466E-13
 7866.00    8.59217E-13
 7868.00    8.58967E-13
 7870.00    8.58718E-13
 7872.00    8.58468E-13
 7874.00    8.58219E-13
 7876.00    8.57969E-13
 7878.00    8.57720E-13
 7880.00    8.57470E-13
 7882.00    8.57221E-13
 7884.00    8.56971E-13
 7886.00    8.56722E-13
 7888.00    8.56472E-13
 7890.00    8.56223E-13
 7892.00    8.55973E-13
 7894.00    8.55724E-13
 7896.00    8.55474E-13
 7898.00    8.55225E-13
 7900.00    8.54976E-13
 7902.00    8.54726E-13
 7904.00    8.54477E-13
 7906.00    8.54227E-13
 7908.00    8.53978E-13
 7910.00    8.53728E-13
 7912.00    8.53479E-13
 7914.00    8.53229E-13
 7916.00    8.52980E-13
 7918.00    8.52730E-13
 7920.00    8.52481E-13
 7922.00    8.52231E-13
 7924.00    8.51982E-13
 7926.00    8.51732E-13
 7928.00    8.51483E-13
 7930.00    8.51234E-13
 7932.00    8.50984E-13
 7934.00    8.50735E-13
 7936.00    8.50485E-13
 7938.00    8.50236E-13
 7940.00    8.49986E-13
 7942.00    8.49737E-13
 7944.00    8.49487E-13
 7946.00    8.49238E-13
 7948.00    8.48988E-13
 7950.00    8.48739E-13
 7952.00    8.48489E-13
 7954.00    8.48240E-13
 7956.00    8.47990E-13
 7958.00    8.47741E-13
 7960.00    8.47492E-13
 7962.00    8.47242E-13
 7964.00    8.46993E-13
 7966.00    8.46743E-13
 7968.00    8.46494E-13
 7970.00    8.46244E-13
 7972.00    8.45995E-13
 7974.00    8.45745E-13
 7976.00    8.45496E-13
 7978.00    8.45246E-13
 7980.00    8.44997E-13
 7982.00    8.44747E-13
 7984.00    8.44498E-13
 7986.00    8.44248E-13
 7988.00    8.43999E-13
 7990.00    8.43749E-13
 7992.00    8.43500E-13
 7994.00    8.43251E-13
 7996.00    8.43001E-13
 7998.00    8.42752E-13
 8000.00    8.42502E-13
 8002.00    8.42253E-13
 8004.00    8.42003E-13
 8006.00    8.41754E-13
 8008.00    8.41504E-13
 8010.00    8.41255E-13
 8012.00    8.41005E-13
 8014.00    8.40756E-13
 8016.00    8.40506E-13
 8018.00    8.40257E-13
 8020.00    8.40008E-13
 8022.00    8.39758E-13
 8024.00    8.39509E-13
 8026.00    8.39259E-13
 8028.00    8.39010E-13
 8030.00    8.38760E-13
 8032.00    8.38511E-13
 8034.00    8.38261E-13
 8036.00    8.38012E-13
 8038.00    8.37762E-13
 8040.00    8.37513E-13
 8042.00    8.37263E-13
 8044.00    8.37014E-13
 8046.00    8.36764E-13
 8048.00    8.36515E-13
 8050.00    8.36265E-13
 8052.00    8.36016E-13
 8054.00    8.35767E-13
 8056.00    8.35517E-13
 8058.00    8.35268E-13
 8060.00    8.35018E-13
 8062.00    8.34769E-13
 8064.00    8.34519E-13
 8066.00    8.34270E-13
 8068.00    8.34020E-13
 8070.00    8.33771E-13
 8072.00    8.33521E-13
 8074.00    8.33272E-13
 8076.00    8.33022E-13
 8078.00    8.32773E-13
 8080.00    8.32523E-13
 8082.00    8.32274E-13
 8084.00    8.32024E-13
 8086.00    8.31775E-13
 8088.00    8.31526E-13
 8090.00    8.31276E-13
 8092.00    8.31141E-13
 8094.00    8.31006E-13
 8096.00    8.30871E-13
 8098.00    8.30736E-13
 8100.00    8.30601E-13
 8102.00    8.30466E-13
 8104.00    8.30331E-13
 8106.00    8.30196E-13
 8108.00    8.30061E-13
 8110.00    8.29926E-13
 8112.00    8.29791E-13
 8114.00    8.29656E-13
 8116.00    8.29521E-13
 8118.00    8.29386E-13
 8120.00    8.29251E-13
 8122.00    8.29116E-13
 8124.00    8.28981E-13
 8126.00    8.28846E-13
 8128.00    8.28712E-13
 8130.00    8.28577E-13
 8132.00    8.28442E-13
 8134.00    8.28307E-13
 8136.00    8.28172E-13
 8138.00    8.28037E-13
 8140.00    8.27902E-13
 8142.00    8.27767E-13
 8144.00    8.27632E-13
 8146.00    8.27497E-13
 8148.00    8.27269E-13
 8150.00    8.27042E-13
 8152.00    8.26815E-13
 8154.00    8.26587E-13
 8156.00    8.26360E-13
 8158.00    8.26132E-13
 8160.00    8.25905E-13
 8162.00    8.25678E-13
 8164.00    8.25450E-13
 8166.00    8.25223E-13
 8168.00    8.24995E-13
 8170.00    8.24768E-13
 8172.00    8.24541E-13
 8174.00    8.24313E-13
 8176.00    8.24086E-13
 8178.00    8.23858E-13
 8180.00    8.23631E-13
 8182.00    8.23404E-13
 8184.00    8.23176E-13
 8186.00    8.22949E-13
 8188.00    8.22721E-13
 8190.00    8.22494E-13
 8192.00    8.22267E-13
 8194.00    8.22039E-13
 8196.00    8.21812E-13
 8198.00    8.21584E-13
 8200.00    8.21357E-13
 8202.00    8.21130E-13
 8204.00    8.20902E-13
 8206.00    8.20675E-13
 8208.00    8.20447E-13
 8210.00    8.20220E-13
 8212.00    8.19993E-13
 8214.00    8.19765E-13
 8216.00    8.19538E-13
 8218.00    8.19310E-13
 8220.00    8.19083E-13
 8222.00    8.18856E-13
 8224.00    8.18628E-13
 8226.00    8.18401E-13
 8228.00    8.18173E-13
 8230.00    8.17946E-13
 8232.00    8.17719E-13
 8234.00    8.17491E-13
 8236.00    8.17264E-13
 8238.00    8.17036E-13
 8240.00    8.16809E-13
 8242.00    8.16582E-13
 8244.00    8.16354E-13
 8246.00    8.16127E-13
 8248.00    8.15899E-13
 8250.00    8.15672E-13
 8252.00    8.15445E-13
 8254.00    8.15217E-13
 8256.00    8.14990E-13
 8258.00    8.14762E-13
 8260.00    8.14535E-13
 8262.00    8.14308E-13
 8264.00    8.14080E-13
 8266.00    8.13853E-13
 8268.00    8.13625E-13
 8270.00    8.13398E-13
 8272.00    8.13171E-13
 8274.00    8.12943E-13
 8276.00    8.12716E-13
 8278.00    8.12488E-13
 8280.00    8.12261E-13
 8282.00    8.12034E-13
 8284.00    8.11806E-13
 8286.00    8.11579E-13
 8288.00    8.11351E-13
 8290.00    8.11124E-13
 8292.00    8.10866E-13
 8294.00    8.10609E-13
 8296.00    8.10351E-13
 8298.00    8.10094E-13
 8300.00    8.09836E-13
 8302.00    8.09579E-13
 8304.00    8.09321E-13
 8306.00    8.09063E-13
 8308.00    8.08806E-13
 8310.00    8.08548E-13
 8312.00    8.08291E-13
 8314.00    8.08033E-13
 8316.00    8.07776E-13
 8318.00    8.07518E-13
 8320.00    8.07261E-13
 8322.00    8.07003E-13
 8324.00    8.06745E-13
 8326.00    8.06488E-13
 8328.00    8.06230E-13
 8330.00    8.05973E-13
 8332.00    8.05715E-13
 8334.00    8.05458E-13
 8336.00    8.05200E-13
 8338.00    8.04942E-13
 8340.00    8.04685E-13
 8342.00    8.04427E-13
 8344.00    8.04170E-13
 8346.00    8.03912E-13
 8348.00    8.03655E-13
 8350.00    8.03397E-13
 8352.00    8.03139E-13
 8354.00    8.02882E-13
 8356.00    8.02624E-13
 8358.00    8.02367E-13
 8360.00    8.02109E-13
 8362.00    8.01852E-13
 8364.00    8.01594E-13
 8366.00    8.01336E-13
 8368.00    8.01079E-13
 8370.00    8.00821E-13
 8372.00    8.00564E-13
 8374.00    8.00306E-13
 8376.00    8.00049E-13
 8378.00    7.99791E-13
 8380.00    7.99534E-13
 8382.00    7.99276E-13
 8384.00    7.99018E-13
 8386.00    7.98761E-13
 8388.00    7.98503E-13
 8390.00    7.98246E-13
 8392.00    7.97988E-13
 8394.00    7.97731E-13
 8396.00    7.97473E-13
 8398.00    7.97215E-13
 8400.00    7.97011E-13
 8402.00    8.00666E-13
 8404.00    8.00425E-13
 8406.00    8.00184E-13
 8408.00    7.99943E-13
 8410.00    7.99702E-13
 8412.00    7.99461E-13
 8414.00    7.99220E-13
 8416.00    7.98979E-13
 8418.00    7.98737E-13
 8420.00    7.98496E-13
 8422.00    7.98255E-13
 8424.00    7.98014E-13
 8426.00    7.97773E-13
 8428.00    7.97532E-13
 8430.00    7.97291E-13
 8432.00    7.97049E-13
 8434.00    7.96808E-13
 8436.00    7.96567E-13
 8438.00    7.96326E-13
 8440.00    7.96085E-13
 8442.00    7.95844E-13
 8444.00    7.95603E-13
 8446.00    7.95362E-13
 8448.00    7.95120E-13
 8450.00    7.94879E-13
 8452.00    7.94638E-13
 8454.00    7.94397E-13
 8456.00    7.94156E-13
 8458.00    7.93915E-13
 8460.00    7.93674E-13
 8462.00    7.93433E-13
 8464.00    7.93191E-13
 8466.00    7.92950E-13
 8468.00    7.92948E-13
 8470.00    7.95549E-13
 8472.00    7.93329E-13
 8474.00    7.93943E-13
 8476.00    7.93943E-13
 8478.00    7.89208E-13
 8480.00    7.74375E-13
 8482.00    7.69667E-13
 8484.00    7.68935E-13
 8486.00    7.66881E-13
 8488.00    7.71532E-13
 8490.00    7.70444E-13
 8492.00    7.60358E-13
 8494.00    7.28563E-13
 8496.00    6.99775E-13
 8498.00    7.04388E-13
 8500.00    7.38940E-13
 8502.00    7.71669E-13
 8504.00    7.93894E-13
 8506.00    7.96514E-13
 8508.00    7.95110E-13
 8510.00    7.94693E-13
 8512.00    7.94277E-13
 8514.00    7.93860E-13
 8516.00    7.93443E-13
 8518.00    7.93027E-13
 8520.00    7.92610E-13
 8522.00    7.92193E-13
 8524.00    7.91777E-13
 8526.00    7.91360E-13
 8528.00    7.90944E-13
 8530.00    7.90584E-13
 8532.00    7.90584E-13
 8534.00    7.67478E-13
 8536.00    7.46880E-13
 8538.00    6.97962E-13
 8540.00    6.54566E-13
 8542.00    6.52199E-13
 8544.00    7.02106E-13
 8546.00    7.51017E-13
 8548.00    7.73714E-13
 8550.00    7.81874E-13
 8552.00    7.86217E-13
 8554.00    7.85978E-13
 8556.00    7.85299E-13
 8558.00    7.84620E-13
 8560.00    7.83941E-13
 8562.00    7.83262E-13
 8564.00    7.82584E-13
 8566.00    7.82154E-13
 8568.00    7.81723E-13
 8570.00    7.81293E-13
 8572.00    7.80863E-13
 8574.00    7.80433E-13
 8576.00    7.80003E-13
 8578.00    7.79573E-13
 8580.00    7.79143E-13
 8582.00    7.78712E-13
 8584.00    7.78282E-13
 8586.00    7.77852E-13
 8588.00    7.77422E-13
 8590.00    7.76992E-13
 8592.00    7.76562E-13
 8594.00    7.76132E-13
 8596.00    7.75702E-13
 8598.00    7.75272E-13
 8600.00    7.74841E-13
 8602.00    7.74411E-13
 8604.00    7.74384E-13
 8606.00    7.74356E-13
 8608.00    7.74329E-13
 8610.00    7.74301E-13
 8612.00    7.74273E-13
 8614.00    7.74246E-13
 8616.00    7.74218E-13
 8618.00    7.74190E-13
 8620.00    7.74163E-13
 8622.00    7.74135E-13
 8624.00    7.74108E-13
 8626.00    7.74080E-13
 8628.00    7.74052E-13
 8630.00    7.74025E-13
 8632.00    7.73997E-13
 8634.00    7.73970E-13
 8636.00    7.73942E-13
 8638.00    7.73914E-13
 8640.00    7.73887E-13
 8642.00    7.73859E-13
 8644.00    7.73832E-13
 8646.00    7.73804E-13
 8648.00    7.73776E-13
 8650.00    7.73749E-13
 8652.00    7.73721E-13
 8654.00    7.73693E-13
 8656.00    7.72466E-13
 8658.00    7.73694E-13
 8660.00    6.43914E-13
 8662.00    6.50110E-13
 8664.00    6.96261E-13
 8666.00    7.35423E-13
 8668.00    7.44334E-13
 8670.00    7.54996E-13
 8672.00    7.58719E-13
 8674.00    7.67269E-13
 8676.00    7.67379E-13
 8678.00    7.64949E-13
 8680.00    7.64722E-13
 8682.00    7.64495E-13
 8684.00    7.64269E-13
 8686.00    7.64042E-13
 8688.00    7.63815E-13
 8690.00    7.63589E-13
 8692.00    7.63362E-13
 8694.00    7.63135E-13
 8696.00    7.62909E-13
 8698.00    7.62682E-13
 8700.00    7.62455E-13
 8702.00    7.62228E-13
 8704.00    7.62002E-13
 8706.00    7.61775E-13
 8708.00    7.61548E-13
 8710.00    7.61322E-13
 8712.00    7.61095E-13
 8714.00    7.60868E-13
 8716.00    7.60641E-13
 8718.00    7.60415E-13
 8720.00    7.60188E-13
 8722.00    7.59961E-13
 8724.00    7.59735E-13
 8726.00    7.59508E-13
 8728.00    7.59281E-13
 8730.00    7.59054E-13
 8732.00    7.58828E-13
 8734.00    7.58601E-13
 8736.00    7.58374E-13
 8738.00    7.58148E-13
 8740.00    7.57921E-13
 8742.00    7.57694E-13
 8744.00    7.57467E-13
 8746.00    7.57241E-13
 8748.00    7.57014E-13
 8750.00    7.56787E-13
 8752.00    7.56561E-13
 8754.00    7.56334E-13
 8756.00    7.56107E-13
 8758.00    7.55881E-13
 8760.00    7.55654E-13
 8762.00    7.55427E-13
 8764.00    7.55200E-13
 8766.00    7.54974E-13
 8768.00    7.54747E-13
 8770.00    7.54520E-13
 8772.00    7.54294E-13
 8774.00    7.54067E-13
 8776.00    7.53840E-13
 8778.00    7.53613E-13
 8780.00    7.53387E-13
 8782.00    7.53160E-13
 8784.00    7.52933E-13
 8786.00    7.52707E-13
 8788.00    7.52480E-13
 8790.00    7.52253E-13
 8792.00    7.52027E-13
 8794.00    7.51800E-13
 8796.00    7.51573E-13
 8798.00    7.51346E-13
 8800.00    7.51120E-13
 8802.00    7.50893E-13
 8804.00    7.50666E-13
 8806.00    7.50440E-13
 8808.00    7.50213E-13
 8810.00    7.49986E-13
 8812.00    7.49759E-13
 8814.00    7.49533E-13
 8816.00    7.49306E-13
 8818.00    7.49079E-13
 8820.00    7.48853E-13
 8822.00    7.48626E-13
 8824.00    7.48399E-13
 8826.00    7.48172E-13
 8828.00    7.47946E-13
 8830.00    7.47719E-13
 8832.00    7.47492E-13
 8834.00    7.47266E-13
 8836.00    7.47039E-13
 8838.00    7.46812E-13
 8840.00    7.46586E-13
 8842.00    7.46359E-13
 8844.00    7.46132E-13
 8846.00    7.45905E-13
 8848.00    7.45679E-13
 8850.00    7.45452E-13
 8852.00    7.45225E-13
 8854.00    7.44999E-13
 8856.00    7.44772E-13
 8858.00    7.44545E-13
 8860.00    7.44318E-13
 8862.00    7.44092E-13
 8864.00    7.43865E-13
 8866.00    7.43638E-13
 8868.00    7.43412E-13
 8870.00    7.43185E-13
 8872.00    7.42958E-13
 8874.00    7.42732E-13
 8876.00    7.42505E-13
 8878.00    7.42278E-13
 8880.00    7.42051E-13
 8882.00    7.41825E-13
 8884.00    7.41598E-13
 8886.00    7.41371E-13
 8888.00    7.41145E-13
 8890.00    7.40918E-13
 8892.00    7.40691E-13
 8894.00    7.40464E-13
 8896.00    7.40238E-13
 8898.00    7.40011E-13
 8900.00    7.39784E-13
 8902.00    7.39558E-13
 8904.00    7.39331E-13
 8906.00    7.39104E-13
 8908.00    7.38877E-13
 8910.00    7.38651E-13
 8912.00    7.38424E-13
 8914.00    7.38197E-13
 8916.00    7.37971E-13
 8918.00    7.37744E-13
 8920.00    7.37517E-13
 8922.00    7.37290E-13
 8924.00    7.37064E-13
 8926.00    7.36837E-13
 8928.00    7.36610E-13
 8930.00    7.36384E-13
 8932.00    7.36157E-13
 8934.00    7.35930E-13
 8936.00    7.35703E-13
 8938.00    7.35477E-13
 8940.00    7.35250E-13
 8942.00    7.35023E-13
 8944.00    7.34797E-13
 8946.00    7.34570E-13
 8948.00    7.34343E-13
 8950.00    7.34117E-13
 8952.00    7.33890E-13
 8954.00    7.33663E-13
 8956.00    7.33436E-13
 8958.00    7.33210E-13
 8960.00    7.32983E-13
 8962.00    7.32756E-13
 8964.00    7.32530E-13
 8966.00    7.32303E-13
 8968.00    7.32076E-13
 8970.00    7.31849E-13
 8972.00    7.31623E-13
 8974.00    7.31396E-13
 8976.00    7.31169E-13
 8978.00    7.30943E-13
 8980.00    7.30716E-13
 8982.00    7.30489E-13
 8984.00    7.30263E-13
 8986.00    7.30036E-13
 8988.00    7.29809E-13
 8990.00    7.29582E-13
 8992.00    7.29356E-13
 8994.00    7.29129E-13
 8996.00    7.28902E-13
 8998.00    7.28676E-13
 9000.00    7.28449E-13
 9002.00    7.28222E-13
 9004.00    7.27995E-13
 9006.00    7.27769E-13
 9008.00    7.27542E-13
 9010.00    7.27315E-13
 9012.00    7.27089E-13
 9014.00    7.26862E-13
 9016.00    7.26635E-13
 9018.00    7.26408E-13
 9020.00    7.26182E-13
 9022.00    7.25955E-13
 9024.00    7.25728E-13
 9026.00    7.25502E-13
 9028.00    7.25275E-13
 9030.00    7.25048E-13
 9032.00    7.24822E-13
 9034.00    7.24595E-13
 9036.00    7.24368E-13
 9038.00    7.24141E-13
 9040.00    7.23915E-13
 9042.00    7.23688E-13
 9044.00    7.23461E-13
 9046.00    7.23235E-13
 9048.00    7.23008E-13
 9050.00    7.22781E-13
 9052.00    7.22554E-13
 9054.00    7.22328E-13
 9056.00    7.22101E-13
 9058.00    7.21874E-13
 9060.00    7.21648E-13
 9062.00    7.21421E-13
 9064.00    7.21194E-13
 9066.00    7.20968E-13
 9068.00    7.20741E-13
 9070.00    7.20514E-13
 9072.00    7.20287E-13
 9074.00    7.20061E-13
 9076.00    7.19834E-13
 9078.00    7.19607E-13
 9080.00    7.19381E-13
 9082.00    7.19154E-13
 9084.00    7.18927E-13
 9086.00    7.18700E-13
 9088.00    7.18474E-13
 9090.00    7.18247E-13
 9092.00    7.18020E-13
 9094.00    7.17794E-13
 9096.00    7.17567E-13
 9098.00    7.17340E-13
 9100.00    7.17113E-13
 9102.00    7.16887E-13
 9104.00    7.16660E-13
 9106.00    7.16433E-13
 9108.00    7.16207E-13
 9110.00    7.15980E-13
 9112.00    7.15753E-13
 9114.00    7.15526E-13
 9116.00    7.15300E-13
 9118.00    7.15073E-13
 9120.00    7.14846E-13
 9122.00    7.14620E-13
 9124.00    7.14393E-13
 9126.00    7.14166E-13
 9128.00    7.13940E-13
 9130.00    7.13713E-13
 9132.00    7.13486E-13
 9134.00    7.13259E-13
 9136.00    7.13033E-13
 9138.00    7.12806E-13
 9140.00    7.12579E-13
 9142.00    7.12353E-13
 9144.00    7.12126E-13
 9146.00    7.11899E-13
 9148.00    7.11672E-13
 9150.00    7.11446E-13
 9152.00    7.11190E-13
 9154.00    7.10934E-13
 9156.00    7.10679E-13
 9158.00    7.10423E-13
 9160.00    7.10167E-13
 9162.00    7.09911E-13
 9164.00    7.09656E-13
 9166.00    7.09400E-13
 9168.00    7.09144E-13
 9170.00    7.08889E-13
 9172.00    7.08633E-13
 9174.00    7.08377E-13
 9176.00    7.08121E-13
 9178.00    7.07866E-13
 9180.00    7.07610E-13
 9182.00    7.07354E-13
 9184.00    7.07098E-13
 9186.00    7.06843E-13
 9188.00    7.06587E-13
 9190.00    7.06331E-13
 9192.00    7.06076E-13
 9194.00    7.05820E-13
 9196.00    7.05564E-13
 9198.00    7.05308E-13
 9200.00    7.05053E-13
 9202.00    7.04797E-13
 9204.00    7.04541E-13
 9206.00    7.04286E-13
 9208.00    7.04030E-13
 9210.00    7.03774E-13
 9212.00    7.03518E-13
 9214.00    7.03263E-13
 9216.00    7.03007E-13
 9218.00    7.02751E-13
 9220.00    7.02496E-13
 9222.00    7.02240E-13
 9224.00    7.01984E-13
 9226.00    7.01728E-13
 9228.00    7.01473E-13
 9230.00    7.01217E-13
 9232.00    7.00961E-13
 9234.00    7.00705E-13
 9236.00    7.00450E-13
 9238.00    7.00194E-13
 9240.00    6.99938E-13
 9242.00    6.99683E-13
 9244.00    6.99427E-13
 9246.00    6.99171E-13
 9248.00    6.98915E-13
 9250.00    6.98660E-13
 9252.00    6.98404E-13
 9254.00    6.98148E-13
 9256.00    6.97892E-13
 9258.00    6.97637E-13
 9260.00    6.97381E-13
 9262.00    6.97125E-13
 9264.00    6.96870E-13
 9266.00    6.96614E-13
 9268.00    6.96358E-13
 9270.00    6.96102E-13
 9272.00    6.95847E-13
 9274.00    6.95591E-13
 9276.00    6.95335E-13
 9278.00    6.95080E-13
 9280.00    6.94824E-13
 9282.00    6.94568E-13
 9284.00    6.94312E-13
 9286.00    6.94057E-13
 9288.00    6.93801E-13
 9290.00    6.93545E-13
 9292.00    6.93290E-13
 9294.00    6.93034E-13
 9296.00    6.92778E-13
 9298.00    6.92522E-13
 9300.00    6.92267E-13
 9302.00    6.92011E-13
 9304.00    6.91755E-13
 9306.00    6.91499E-13
 9308.00    6.91244E-13
 9310.00    6.90988E-13
 9312.00    6.90732E-13
 9314.00    6.90477E-13
 9316.00    6.90221E-13
 9318.00    6.89965E-13
 9320.00    6.89709E-13
 9322.00    6.89454E-13
 9324.00    6.89198E-13
 9326.00    6.88942E-13
 9328.00    6.88686E-13
 9330.00    6.88431E-13
 9332.00    6.88175E-13
 9334.00    6.87919E-13
 9336.00    6.87664E-13
 9338.00    6.87408E-13
 9340.00    6.87152E-13
 9342.00    6.86896E-13
 9344.00    6.86641E-13
 9346.00    6.86385E-13
 9348.00    6.86129E-13
 9350.00    6.85874E-13
 9352.00    6.85618E-13
 9354.00    6.85362E-13
 9356.00    6.85106E-13
 9358.00    6.84851E-13
 9360.00    6.84595E-13
 9362.00    6.84339E-13
 9364.00    6.84084E-13
 9366.00    6.83828E-13
 9368.00    6.83572E-13
 9370.00    6.83316E-13
 9372.00    6.83061E-13
 9374.00    6.82805E-13
 9376.00    6.82549E-13
 9378.00    6.82293E-13
 9380.00    6.82038E-13
 9382.00    6.81782E-13
 9384.00    6.81526E-13
 9386.00    6.81271E-13
 9388.00    6.81015E-13
 9390.00    6.80759E-13
 9392.00    6.80503E-13
 9394.00    6.80248E-13
 9396.00    6.79992E-13
 9398.00    6.79736E-13
 9400.00    6.79481E-13
 9402.00    6.79225E-13
 9404.00    6.78969E-13
 9406.00    6.78713E-13
 9408.00    6.78458E-13
 9410.00    6.78202E-13
 9412.00    6.77946E-13
 9414.00    6.77690E-13
 9416.00    6.77435E-13
 9418.00    6.77179E-13
 9420.00    6.76923E-13
 9422.00    6.76668E-13
 9424.00    6.76412E-13
 9426.00    6.76156E-13
 9428.00    6.75900E-13
 9430.00    6.75645E-13
 9432.00    6.75389E-13
 9434.00    6.75133E-13
 9436.00    6.74878E-13
 9438.00    6.74622E-13
 9440.00    6.74366E-13
 9442.00    6.74110E-13
 9444.00    6.73855E-13
 9446.00    6.73599E-13
 9448.00    6.73343E-13
 9450.00    6.73087E-13
 9452.00    6.72832E-13
 9454.00    6.72576E-13
 9456.00    6.72320E-13
 9458.00    6.72065E-13
 9460.00    6.71809E-13
 9462.00    6.71553E-13
 9464.00    6.71297E-13
 9466.00    6.71042E-13
 9468.00    6.70786E-13
 9470.00    6.70530E-13
 9472.00    6.70275E-13
 9474.00    6.70019E-13
 9476.00    6.69763E-13
 9478.00    6.69507E-13
 9480.00    6.69252E-13
 9482.00    6.68996E-13
 9484.00    6.68740E-13
 9486.00    6.68484E-13
 9488.00    6.68229E-13
 9490.00    6.67973E-13
 9492.00    6.67717E-13
 9494.00    6.67462E-13
 9496.00    6.67206E-13
 9498.00    6.66950E-13
 9500.00    6.66694E-13
 9502.00    6.66439E-13
 9504.00    6.66183E-13
 9506.00    6.65927E-13
 9508.00    6.65672E-13
 9510.00    6.65416E-13
 9512.00    6.65160E-13
 9514.00    6.64904E-13
 9516.00    6.64649E-13
 9518.00    6.64393E-13
 9520.00    6.64137E-13
 9522.00    6.63881E-13
 9524.00    6.63626E-13
 9526.00    6.63370E-13
 9528.00    6.63114E-13
 9530.00    6.62859E-13
 9532.00    6.62603E-13
 9534.00    6.62347E-13
 9536.00    6.62091E-13
 9538.00    6.61836E-13
 9540.00    6.61580E-13
 9542.00    6.61324E-13
 9544.00    6.61069E-13
 9546.00    6.60813E-13
 9548.00    6.60557E-13
 9550.00    6.60301E-13
 9552.00    6.60046E-13
 9554.00    6.59790E-13
 9556.00    6.59534E-13
 9558.00    6.59279E-13
 9560.00    6.59023E-13
 9562.00    6.58767E-13
 9564.00    6.58511E-13
 9566.00    6.58256E-13
 9568.00    6.58000E-13
 9570.00    6.57744E-13
 9572.00    6.57488E-13
 9574.00    6.57233E-13
 9576.00    6.56977E-13
 9578.00    6.56721E-13
 9580.00    6.56466E-13
 9582.00    6.56210E-13
 9584.00    6.55954E-13
 9586.00    6.55698E-13
 9588.00    6.55443E-13
 9590.00    6.55187E-13
 9592.00    6.54931E-13
 9594.00    6.54675E-13
 9596.00    6.54420E-13
 9598.00    6.54164E-13
 9600.00    6.53908E-13
 9602.00    6.53653E-13
 9604.00    6.53397E-13
 9606.00    6.53141E-13
 9608.00    6.52885E-13
 9610.00    6.52630E-13
 9612.00    6.52374E-13
 9614.00    6.52118E-13
 9616.00    6.51863E-13
 9618.00    6.51607E-13
 9620.00    6.51351E-13
 9622.00    6.51095E-13
 9624.00    6.50840E-13
 9626.00    6.50584E-13
 9628.00    6.50328E-13
 9630.00    6.50072E-13
 9632.00    6.49817E-13
 9634.00    6.49561E-13
 9636.00    6.49305E-13
 9638.00    6.49050E-13
 9640.00    6.48794E-13
 9642.00    6.48538E-13
 9644.00    6.48282E-13
 9646.00    6.48027E-13
 9648.00    6.47771E-13
 9650.00    6.47515E-13
 9652.00    6.47260E-13
 9654.00    6.47004E-13
 9656.00    6.46748E-13
 9658.00    6.46492E-13
 9660.00    6.46237E-13
 9662.00    6.45981E-13
 9664.00    6.45725E-13
 9666.00    6.45470E-13
 9668.00    6.45214E-13
 9670.00    6.44958E-13
 9672.00    6.44702E-13
 9674.00    6.44447E-13
 9676.00    6.44191E-13
 9678.00    6.43935E-13
 9680.00    6.43679E-13
 9682.00    6.43424E-13
 9684.00    6.43168E-13
 9686.00    6.42912E-13
 9688.00    6.42657E-13
 9690.00    6.42401E-13
 9692.00    6.42145E-13
 9694.00    6.41889E-13
 9696.00    6.41634E-13
 9698.00    6.41378E-13
 9700.00    6.41122E-13
 9702.00    6.40866E-13
 9704.00    6.40611E-13
 9706.00    6.40355E-13
 9708.00    6.40099E-13
 9710.00    6.39844E-13
 9712.00    6.39588E-13
 9714.00    6.39332E-13
 9716.00    6.39076E-13
 9718.00    6.38821E-13
 9720.00    6.38565E-13
 9722.00    6.38309E-13
 9724.00    6.38054E-13
 9726.00    6.37798E-13
 9728.00    6.37542E-13
 9730.00    6.37286E-13
 9732.00    6.37031E-13
 9734.00    6.36775E-13
 9736.00    6.36519E-13
 9738.00    6.36264E-13
 9740.00    6.36008E-13
 9742.00    6.35752E-13
 9744.00    6.35496E-13
 9746.00    6.35241E-13
 9748.00    6.34985E-13
 9750.00    6.34729E-13
 9752.00    6.34473E-13
 9754.00    6.34218E-13
 9756.00    6.33962E-13
 9758.00    6.33706E-13
 9760.00    6.33451E-13
 9762.00    6.33195E-13
 9764.00    6.32939E-13
 9766.00    6.32683E-13
 9768.00    6.32428E-13
 9770.00    6.32172E-13
 9772.00    6.31916E-13
 9774.00    6.31661E-13
 9776.00    6.31405E-13
 9778.00    6.31149E-13
 9780.00    6.30875E-13
 9782.00    6.30602E-13
 9784.00    6.30328E-13
 9786.00    6.30054E-13
 9788.00    6.29780E-13
 9790.00    6.29507E-13
 9792.00    6.29233E-13
 9794.00    6.28959E-13
 9796.00    6.28686E-13
 9798.00    6.28412E-13
 9800.00    6.28138E-13
 9802.00    6.27865E-13
 9804.00    6.27591E-13
 9806.00    6.27317E-13
 9808.00    6.27043E-13
 9810.00    6.26770E-13
 9812.00    6.26496E-13
 9814.00    6.26222E-13
 9816.00    6.25949E-13
 9818.00    6.25675E-13
 9820.00    6.25401E-13
 9822.00    6.25127E-13
 9824.00    6.24854E-13
 9826.00    6.24580E-13
 9828.00    6.24306E-13
 9830.00    6.24033E-13
 9832.00    6.23759E-13
 9834.00    6.23485E-13
 9836.00    6.23211E-13
 9838.00    6.22938E-13
 9840.00    6.22664E-13
 9842.00    6.22390E-13
 9844.00    6.22117E-13
 9846.00    6.21843E-13
 9848.00    6.21569E-13
 9850.00    6.21295E-13
 9852.00    6.21022E-13
 9854.00    6.20748E-13
 9856.00    6.20474E-13
 9858.00    6.20201E-13
 9860.00    6.19927E-13
 9862.00    6.19653E-13
 9864.00    6.19380E-13
 9866.00    6.19106E-13
 9868.00    6.18832E-13
 9870.00    6.18558E-13
 9872.00    6.18285E-13
 9874.00    6.18011E-13
 9876.00    6.17737E-13
 9878.00    6.17464E-13
 9880.00    6.17190E-13
 9882.00    6.16916E-13
 9884.00    6.16642E-13
 9886.00    6.16369E-13
 9888.00    6.16095E-13
 9890.00    6.15821E-13
 9892.00    6.15548E-13
 9894.00    6.15274E-13
 9896.00    6.15000E-13
 9898.00    6.04343E-13
 9900.00    6.07958E-13
