#*HD26297
#*
#*  Heap-Lindler STIS
#set .z.units = "Ergs/s/cm**2/A"
#set .z.label = "Flux"
#set .table.bandwidth = 2.74
#*
  2950.  1.05988677E-13
  2952.73999  1.13239455E-13
  2955.47998  1.23627101E-13
  2958.21997  1.26166737E-13
  2960.95996  1.26848496E-13
  2963.69995  1.21491806E-13
  2966.43994  9.00975936E-14
  2969.17993  9.43384165E-14
  2971.91992  1.09783439E-13
  2974.65991  1.33496282E-13
  2977.3999  1.56197998E-13
  2980.13989  1.20485775E-13
  2982.87988  9.76065881E-14
  2985.62012  1.01176554E-13
  2988.36011  1.37352274E-13
  2991.1001  1.57784281E-13
  2993.84009  1.39860982E-13
  2996.58008  1.51237313E-13
  2999.32007  1.24509737E-13
  3002.06006  1.12704422E-13
  3004.80005  1.40807762E-13
  3007.54004  1.3728958E-13
  3010.28003  1.72948244E-13
  3013.02002  1.58563768E-13
  3015.76001  1.48297919E-13
  3018.5  1.21014499E-13
  3021.23999  1.14184026E-13
  3023.97998  1.54840699E-13
  3026.71997  1.69930611E-13
  3029.45996  1.73584088E-13
  3032.19995  1.77226221E-13
  3034.93994  1.86159288E-13
  3037.67993  1.60293165E-13
  3040.41992  1.6695861E-13
  3043.15991  1.70595363E-13
  3045.8999  1.79023219E-13
  3048.63989  1.77742871E-13
  3051.37988  1.97956967E-13
  3054.12012  1.76599769E-13
  3056.86011  1.47166161E-13
  3059.6001  1.35289485E-13
  3062.34009  1.52934103E-13
  3065.08008  1.21547439E-13
  3067.82007  1.26114017E-13
  3070.56006  1.46765467E-13
  3073.30005  1.68627278E-13
  3076.04004  1.79715468E-13
  3078.78003  1.80226507E-13
  3081.52002  1.79683444E-13
  3084.26001  1.77620614E-13
  3087.  1.58552587E-13
  3089.73999  1.51065317E-13
  3092.47998  1.34495673E-13
  3095.21997  1.34596097E-13
  3097.95996  1.36738914E-13
  3100.69995  1.38373918E-13
  3103.43994  1.67716237E-13
  3106.17993  2.00773439E-13
  3108.91992  2.14092538E-13
  3111.65991  2.16131922E-13
  3114.3999  2.24414224E-13
  3117.13989  1.95600684E-13
  3119.87988  1.72217031E-13
  3122.62012  1.63774295E-13
  3125.36011  1.65856424E-13
  3128.1001  1.70800413E-13
  3130.84009  1.85703693E-13
  3133.58008  1.93722168E-13
  3136.32007  1.96472992E-13
  3139.06006  2.11269153E-13
  3141.80005  2.07801915E-13
  3144.54004  1.71899739E-13
  3147.28003  1.92318018E-13
  3150.02002  2.17183557E-13
  3152.76001  2.1186831E-13
  3155.5  1.97770145E-13
  3158.23999  1.82746491E-13
  3160.97998  1.70576376E-13
  3163.71997  1.88643046E-13
  3166.45996  2.09579966E-13
  3169.19995  2.3159293E-13
  3171.93994  2.69559386E-13
  3174.67993  2.74594393E-13
  3177.41992  2.73968023E-13
  3180.15991  2.35494811E-13
  3182.8999  2.09873595E-13
  3185.63989  2.08498637E-13
  3188.37988  2.30153245E-13
  3191.12012  2.27504999E-13
  3193.86011  2.16187094E-13
  3196.6001  2.60051475E-13
  3199.34009  2.87788673E-13
  3202.08008  2.79068923E-13
  3204.82007  3.0067325E-13
  3207.56006  2.88140957E-13
  3210.30005  2.5716457E-13
  3213.04004  2.40936123E-13
  3215.78003  2.54000434E-13
  3218.52002  2.8607005E-13
  3221.26001  2.88394119E-13
  3224.  2.61520894E-13
  3226.73999  2.4586E-13
  3229.47998  2.32132618E-13
  3232.21997  2.44599317E-13
  3234.95996  2.38306797E-13
  3237.69995  2.55117E-13
  3240.43994  2.79249822E-13
  3243.17993  3.03136775E-13
  3245.91992  3.26008182E-13
  3248.65991  3.10893455E-13
  3251.3999  3.16364881E-13
  3254.13989  3.30267308E-13
  3256.87988  3.77325693E-13
  3259.62012  4.0111111E-13
  3262.36011  3.91039333E-13
  3265.1001  3.64352212E-13
  3267.84009  4.07379696E-13
  3270.58008  3.93800308E-13
  3273.32007  3.74025518E-13
  3276.06006  3.77602165E-13
  3278.80005  3.56535819E-13
  3281.54004  3.62197658E-13
  3284.28003  3.65505586E-13
  3287.02002  3.66221376E-13
  3289.76001  4.0464664E-13
  3292.5  4.52085147E-13
  3295.23999  4.71717934E-13
  3297.97998  4.57865625E-13
  3300.71997  4.48760359E-13
  3303.45996  4.23102607E-13
  3306.19995  3.91958113E-13
  3308.93994  3.88251741E-13
  3311.67993  3.90997076E-13
  3314.41992  3.91509687E-13
  3317.15991  3.93180795E-13
  3319.8999  3.99248641E-13
  3322.63989  3.86750121E-13
  3325.37988  3.876441E-13
  3328.12012  3.98121613E-13
  3330.86011  3.98592753E-13
  3333.6001  3.89133875E-13
  3336.34009  3.55604977E-13
  3339.08008  3.6935735E-13
  3341.82007  3.84005463E-13
  3344.56006  4.06251476E-13
  3347.30005  3.89564168E-13
  3350.04004  3.70221676E-13
  3352.78003  4.04059598E-13
  3355.52002  2.90293993E-13
  3358.26001  3.13090238E-13
  3361.  2.3455497E-13
  3363.73999  3.17329089E-13
  3366.47998  3.55869631E-13
  3369.21997  2.99905283E-13
  3371.95996  2.74704738E-13
  3374.69995  3.40423165E-13
  3377.43994  3.97334807E-13
  3380.17993  3.69724352E-13
  3382.91992  3.68126753E-13
  3385.65991  3.71218003E-13
  3388.3999  3.71264841E-13
  3391.13989  3.95132305E-13
  3393.87988  3.98057699E-13
  3396.62012  4.60318849E-13
  3399.36011  5.26883929E-13
  3402.1001  5.11420821E-13
  3404.84009  4.67089637E-13
  3407.58008  4.54172344E-13
  3410.32007  4.43875974E-13
  3413.06006  4.45866244E-13
  3415.80005  4.47746657E-13
  3418.54004  5.05157277E-13
  3421.28003  5.34307136E-13
  3424.02002  5.30864957E-13
  3426.76001  5.63451792E-13
  3429.5  5.80380633E-13
  3432.23999  5.90411455E-13
  3434.97998  5.6427996E-13
  3437.71997  5.39793199E-13
  3440.45996  4.59801847E-13
  3443.19995  4.35168991E-13
  3445.93994  4.99962485E-13
  3448.67993  5.6691842E-13
  3451.41992  5.90404299E-13
  3454.15991  5.76033633E-13
  3456.8999  5.88905172E-13
  3459.63989  5.64834312E-13
  3462.37988  5.521582E-13
  3465.12012  6.04028438E-13
  3467.86011  6.00056517E-13
  3470.6001  6.29784853E-13
  3473.34009  5.72205261E-13
  3476.08008  5.03876997E-13
  3478.82007  5.5626364E-13
  3481.56006  6.1645643E-13
  3484.30005  6.17313167E-13
  3487.04004  6.4853575E-13
  3489.78003  6.05892289E-13
  3492.52002  5.71727724E-13
  3495.26001  5.69620739E-13
  3498.  5.80674397E-13
  3500.73999  6.55969907E-13
  3503.47998  6.79277164E-13
  3506.21997  6.54634983E-13
  3508.95996  6.48263832E-13
  3511.69995  6.32439034E-13
  3514.43994  6.09108575E-13
  3517.17993  6.73780151E-13
  3519.91992  6.46603593E-13
  3522.65991  5.86450159E-13
  3525.3999  5.37378573E-13
  3528.13989  5.99180753E-13
  3530.87988  6.80097417E-13
  3533.62012  7.07750969E-13
  3536.36011  7.29289188E-13
  3539.1001  7.59381978E-13
  3541.84009  7.6682405E-13
  3544.58008  7.82441982E-13
  3547.32007  7.68467158E-13
  3550.06006  7.5486568E-13
  3552.80005  7.32845479E-13
  3555.54004  7.23705546E-13
  3558.28003  7.43053676E-13
  3561.02002  7.37969635E-13
  3563.76001  7.24842983E-13
  3566.5  6.23704918E-13
  3569.23999  6.05334522E-13
  3571.97998  6.1380805E-13
  3574.71997  6.51018573E-13
  3577.45996  6.60108144E-13
  3580.19995  6.37972748E-13
  3582.93994  5.87318605E-13
  3585.67993  5.55346893E-13
  3588.41992  5.55875929E-13
  3591.15991  6.74723569E-13
  3593.8999  7.43316216E-13
  3596.63989  7.72034129E-13
  3599.37988  8.32535321E-13
  3602.12012  7.83646748E-13
  3604.86011  7.34419903E-13
  3607.6001  7.22587951E-13
  3610.34009  6.77819725E-13
  3613.08008  6.9606018E-13
  3615.82007  7.35244764E-13
  3618.56006  6.86681506E-13
  3621.30005  7.20117813E-13
  3624.04004  7.97747068E-13
  3626.78003  8.51300421E-13
  3629.52002  8.14376453E-13
  3632.26001  7.11613928E-13
  3635.  7.20309717E-13
  3637.73999  7.77265676E-13
  3640.47998  8.35883663E-13
  3643.21997  8.02973953E-13
  3645.95996  7.51090813E-13
  3648.69995  7.41144722E-13
  3651.43994  7.95200223E-13
  3654.17993  8.62405308E-13
  3656.91992  8.95553E-13
  3659.65991  9.16303058E-13
  3662.3999  8.94934463E-13
  3665.13989  8.87720724E-13
  3667.87988  8.81143737E-13
  3670.62012  8.62546471E-13
  3673.36011  9.13047741E-13
  3676.1001  9.13684601E-13
  3678.84009  8.70422332E-13
  3681.58008  8.724248E-13
  3684.32007  8.90703201E-13
  3687.06006  8.50363237E-13
  3689.80005  9.01471497E-13
  3692.54004  9.64040588E-13
  3695.28003  9.84951595E-13
  3698.02002  1.02407384E-12
  3700.76001  1.06319716E-12
  3703.5  9.65948784E-13
  3706.23999  8.4356903E-13
  3708.97998  8.68321365E-13
  3711.71997  9.5049294E-13
  3714.45996  1.0734342E-12
  3717.19995  1.06655288E-12
  3719.93994  8.71349271E-13
  3722.67993  8.17546822E-13
  3725.41992  9.57030787E-13
  3728.15991  9.67881482E-13
  3730.8999  9.28966322E-13
  3733.63989  7.89945854E-13
  3736.37988  7.26719737E-13
  3739.12012  8.54282031E-13
  3741.86011  9.50281845E-13
  3744.6001  8.67830601E-13
  3747.34009  7.76071048E-13
  3750.08008  7.75032328E-13
  3752.82007  9.77906558E-13
  3755.56006  1.08202911E-12
  3758.30005  9.53997081E-13
  3761.04004  9.32697712E-13
  3763.78003  1.02097248E-12
  3766.52002  1.03847736E-12
  3769.26001  1.06495065E-12
  3772.  1.09522157E-12
  3774.73999  1.11999765E-12
  3777.47998  1.12962764E-12
  3780.21997  1.18675013E-12
  3782.95996  1.22042155E-12
  3785.69995  1.15026456E-12
  3788.43994  1.05105323E-12
  3791.17993  1.0431018E-12
  3793.91992  1.02066868E-12
  3796.65991  9.94488671E-13
  3799.3999  9.94780864E-13
  3802.13989  1.15540357E-12
  3804.87988  1.23227155E-12
  3807.62012  1.16827912E-12
  3810.36011  1.1653765E-12
  3813.1001  1.09229357E-12
  3815.84009  1.01023595E-12
  3818.58008  1.00719812E-12
  3821.32007  9.31955142E-13
  3824.06006  9.16794527E-13
  3826.80005  8.76933725E-13
  3829.54004  9.27446271E-13
  3832.28003  9.02349213E-13
  3835.02002  8.59342545E-13
  3837.76001  8.99308297E-13
  3840.5  9.25337823E-13
  3843.23999  1.04511994E-12
  3845.97998  1.11754627E-12
  3848.71997  1.10257116E-12
  3851.45996  1.07936446E-12
  3854.19995  1.09414853E-12
  3856.93994  1.03312606E-12
  3859.67993  9.49824854E-13
  3862.41992  1.05350017E-12
  3865.15991  1.12222948E-12
  3867.8999  1.09310998E-12
  3870.63989  9.93860159E-13
  3873.37988  9.45849193E-13
  3876.12012  1.01829808E-12
  3878.86011  9.85678336E-13
  3881.6001  9.56668772E-13
  3884.34009  1.00435751E-12
  3887.08008  1.00321899E-12
  3889.82007  1.05148995E-12
  3892.56006  1.14963898E-12
  3895.30005  1.15132513E-12
  3898.04004  1.16691216E-12
  3900.78003  1.16863799E-12
  3903.52002  1.16508485E-12
  3906.26001  1.13665392E-12
  3909.  1.19338198E-12
  3911.73999  1.24326959E-12
  3914.47998  1.21421113E-12
  3917.21997  1.15212885E-12
  3919.95996  1.0539706E-12
  3922.69995  9.96677784E-13
  3925.43994  8.99023694E-13
  3928.17993  6.44850601E-13
  3930.91992  3.85959006E-13
  3933.65991  2.65874752E-13
  3936.3999  3.56408967E-13
  3939.13989  5.95604512E-13
  3941.87988  8.17749406E-13
  3944.62012  9.82240439E-13
  3947.36011  1.10711971E-12
  3950.1001  1.17464784E-12
  3952.84009  1.20785521E-12
  3955.58008  1.23460107E-12
  3958.32007  1.20862153E-12
  3961.06006  1.06257939E-12
  3963.80005  7.74515489E-13
  3966.54004  4.68283181E-13
  3969.28003  3.79950872E-13
  3972.02002  4.52462313E-13
  3974.76001  8.88096996E-13
  3977.5  1.19945297E-12
  3980.23999  1.36389673E-12
  3982.97998  1.42320541E-12
  3985.71997  1.49267903E-12
  3988.45996  1.55325687E-12
  3991.19995  1.63423517E-12
  3993.93994  1.58908618E-12
  3996.67993  1.52394037E-12
  3999.41992  1.5728123E-12
  4002.15991  1.6431754E-12
  4004.8999  1.58313369E-12
  4007.63989  1.62549509E-12
  4010.37988  1.69819432E-12
  4013.12012  1.70979311E-12
  4015.86011  1.7371497E-12
  4018.6001  1.72284019E-12
  4021.34009  1.71060562E-12
  4024.08008  1.7156967E-12
  4026.82007  1.76276203E-12
  4029.56006  1.7186208E-12
  4032.30005  1.64399635E-12
  4035.04004  1.72441412E-12
  4037.78003  1.84809546E-12
  4040.52002  1.84483743E-12
  4043.26001  1.76018054E-12
  4046.  1.6857377E-12
  4048.73999  1.77790389E-12
  4051.47998  1.83906102E-12
  4054.21997  1.79550038E-12
  4056.95996  1.77163698E-12
  4059.69995  1.82523029E-12
  4062.43994  1.772102E-12
  4065.17993  1.73051059E-12
  4067.91992  1.81012974E-12
  4070.65991  1.83568829E-12
  4073.3999  1.82434992E-12
  4076.13989  1.70910063E-12
  4078.87988  1.70495042E-12
  4081.62012  1.83410904E-12
  4084.36011  1.85310296E-12
  4087.1001  1.94882218E-12
  4089.84009  2.00495761E-12
  4092.58008  1.9935891E-12
  4095.32007  1.93325282E-12
  4098.06006  1.83716692E-12
  4100.7998  1.67150115E-12
  4103.54004  1.72308392E-12
  4106.27979  1.87009978E-12
  4109.02002  1.88711026E-12
  4111.75977  1.89811101E-12
  4114.5  1.9523994E-12
  4117.24023  1.95888748E-12
  4119.97998  1.92472622E-12
  4122.72021  1.91341474E-12
  4125.45996  1.94136634E-12
  4128.2002  1.91627183E-12
  4130.93994  1.86148189E-12
  4133.68018  1.83147789E-12
  4136.41992  1.94091401E-12
  4139.16016  2.00572024E-12
  4141.8999  1.88502686E-12
  4144.64014  1.84701495E-12
  4147.37988  1.91814772E-12
  4150.12012  1.94070086E-12
  4152.85986  1.92831124E-12
  4155.6001  1.93102457E-12
  4158.33984  1.99380746E-12
  4161.08008  2.05405029E-12
  4163.81982  2.06146688E-12
  4166.56006  2.04878562E-12
  4169.2998  2.00886313E-12
  4172.04004  1.85993105E-12
  4174.77979  1.8269327E-12
  4177.52002  1.90127471E-12
  4180.25977  1.97537407E-12
  4183.  1.98508159E-12
  4185.74023  1.96784147E-12
  4188.47998  1.97273968E-12
  4191.22021  2.01652258E-12
  4193.95996  2.04149848E-12
  4196.7002  1.94151986E-12
  4199.43994  1.85993668E-12
  4202.18018  1.87125467E-12
  4204.91992  1.92404274E-12
  4207.66016  2.00584428E-12
  4210.3999  2.05863625E-12
  4213.14014  2.05238821E-12
  4215.87988  2.0067678E-12
  4218.62012  2.0575553E-12
  4221.35986  2.08069651E-12
  4224.1001  1.90559786E-12
  4226.83984  1.80859418E-12
  4229.58008  1.97621498E-12
  4232.31982  2.03974034E-12
  4235.06006  1.98100781E-12
  4237.7998  1.97083517E-12
  4240.54004  2.0455946E-12
  4243.27979  2.09415081E-12
  4246.02002  2.02090493E-12
  4248.75977  1.94955055E-12
  4251.5  2.00555718E-12
  4254.24023  2.04497226E-12
  4256.97998  2.03460014E-12
  4259.72021  1.99796191E-12
  4262.45996  2.0875066E-12
  4265.2002  2.17582701E-12
  4267.93994  2.11481462E-12
  4270.68018  1.96399732E-12
  4273.41992  1.91274145E-12
  4276.16016  2.03806872E-12
  4278.8999  2.07123511E-12
  4281.64014  2.01796154E-12
  4284.37988  1.97825957E-12
  4287.12012  1.86337165E-12
  4289.85986  1.75688132E-12
  4292.6001  1.8217153E-12
  4295.33984  1.84499833E-12
  4298.08008  1.66681718E-12
  4300.81982  1.52303398E-12
  4303.56006  1.52381037E-12
  4306.2998  1.50647463E-12
  4309.04004  1.46933323E-12
  4311.77979  1.59460737E-12
  4314.52002  1.93212091E-12
  4317.25977  2.25534955E-12
  4320.  2.30392138E-12
  4322.74023  2.10453595E-12
  4325.47998  2.03019567E-12
  4328.22021  2.2190728E-12
  4330.95996  2.35342366E-12
  4333.7002  2.37264418E-12
  4336.43994  2.21839019E-12
  4339.18018  1.95303474E-12
  4341.91992  2.0281526E-12
  4344.66016  2.25931014E-12
  4347.3999  2.34906517E-12
  4350.14014  2.26093189E-12
  4352.87988  2.20933276E-12
  4355.62012  2.28951949E-12
  4358.35986  2.32437832E-12
  4361.1001  2.36949219E-12
  4363.83984  2.44186225E-12
  4366.58008  2.3720418E-12
  4369.31982  2.29320469E-12
  4372.06006  2.2589014E-12
  4374.7998  2.20475114E-12
  4377.54004  2.2675104E-12
  4380.27979  2.29915566E-12
  4383.02002  2.13270829E-12
  4385.75977  2.12433912E-12
  4388.5  2.24004452E-12
  4391.24023  2.29641263E-12
  4393.97998  2.31767405E-12
  4396.72021  2.33073955E-12
  4399.45996  2.3192585E-12
  4402.2002  2.32528905E-12
  4404.93994  2.3294062E-12
  4407.68018  2.33494517E-12
  4410.41992  2.44845572E-12
  4413.16016  2.48174766E-12
  4415.8999  2.41944485E-12
  4418.64014  2.48125652E-12
  4421.37988  2.5476136E-12
  4424.12012  2.53643981E-12
  4426.85986  2.50941672E-12
  4429.6001  2.50523343E-12
  4432.33984  2.50461045E-12
  4435.08008  2.48934228E-12
  4437.81982  2.57148578E-12
  4440.56006  2.543483E-12
  4443.2998  2.4422196E-12
  4446.04004  2.51862008E-12
  4448.77979  2.58556544E-12
  4451.52002  2.56350692E-12
  4454.25977  2.49055355E-12
  4457.  2.45201125E-12
  4459.74023  2.45691315E-12
  4462.47998  2.48752473E-12
  4465.22021  2.54834673E-12
  4467.95996  2.54113484E-12
  4470.7002  2.59007399E-12
  4473.43994  2.71598868E-12
  4476.18018  2.77533508E-12
  4478.91992  2.72788151E-12
  4481.66016  2.66430107E-12
  4484.3999  2.72003839E-12
  4487.14014  2.72876578E-12
  4489.87988  2.6654178E-12
  4492.62012  2.67754894E-12
  4495.35986  2.69069814E-12
  4498.1001  2.73229443E-12
  4500.83984  2.79108507E-12
  4503.58008  2.8499733E-12
  4506.31982  2.88587492E-12
  4509.06006  2.86961557E-12
  4511.7998  2.83831812E-12
  4514.54004  2.78686969E-12
  4517.27979  2.75338021E-12
  4520.02002  2.742062E-12
  4522.75977  2.70841964E-12
  4525.5  2.63973457E-12
  4528.24023  2.59241261E-12
  4530.97998  2.58063146E-12
  4533.72021  2.57131556E-12
  4536.45996  2.68514854E-12
  4539.2002  2.83152451E-12
  4541.93994  2.80283349E-12
  4544.68018  2.72496327E-12
  4547.41992  2.67181026E-12
  4550.16016  2.66851775E-12
  4552.8999  2.68795186E-12
  4555.64014  2.7535578E-12
  4558.37988  2.85390852E-12
  4561.12012  2.85600059E-12
  4563.85986  2.82432064E-12
  4566.6001  2.86715096E-12
  4569.33984  2.8543216E-12
  4572.08008  2.82733754E-12
  4574.81982  2.87691203E-12
  4577.56006  2.86872652E-12
  4580.2998  2.81226648E-12
  4583.04004  2.7964458E-12
  4585.77979  2.8465097E-12
  4588.52002  2.88389776E-12
  4591.25977  2.85737688E-12
  4594.  2.867239E-12
  4596.74023  2.91593594E-12
  4599.47998  2.9032614E-12
  4602.22021  2.89479855E-12
  4604.95996  2.94017545E-12
  4607.7002  2.98385188E-12
  4610.43994  2.99044752E-12
  4613.18018  2.96528448E-12
  4615.91992  2.96546273E-12
  4618.66016  2.99497428E-12
  4621.3999  3.03223397E-12
  4624.14014  3.03384726E-12
  4626.87988  3.01629555E-12
  4629.62012  3.0087753E-12
  4632.35986  3.00204588E-12
  4635.1001  2.99091264E-12
  4637.83984  3.00686364E-12
  4640.58008  3.05692624E-12
  4643.31982  3.04719466E-12
  4646.06006  2.99260161E-12
  4648.7998  2.99261744E-12
  4651.54004  2.97935938E-12
  4654.27979  2.93019406E-12
  4657.02002  2.99516575E-12
  4659.75977  3.10385159E-12
  4662.5  3.10050466E-12
  4665.24023  2.9990834E-12
  4667.97998  2.93039269E-12
  4670.72021  3.00609667E-12
  4673.45996  3.09061609E-12
  4676.2002  3.0987025E-12
  4678.93994  3.05046158E-12
  4681.68018  3.03772003E-12
  4684.41992  3.0922168E-12
  4687.16016  3.12650405E-12
  4689.8999  3.1162913E-12
  4692.64014  3.13066912E-12
  4695.37988  3.16391141E-12
  4698.12012  3.13690241E-12
  4700.85986  3.07759352E-12
  4703.6001  3.04674536E-12
  4706.33984  3.0282595E-12
  4709.08008  3.04137596E-12
  4711.81982  3.11121615E-12
  4714.56006  3.15599435E-12
  4717.2998  3.19903262E-12
  4720.04004  3.19205903E-12
  4722.77979  3.20680852E-12
  4725.52002  3.18661308E-12
  4728.25977  3.1357202E-12
  4731.  3.13089073E-12
  4733.74023  3.1281683E-12
  4736.47998  3.15250322E-12
  4739.22021  3.16405019E-12
  4741.95996  3.179834E-12
  4744.7002  3.22805281E-12
  4747.43994  3.2392691E-12
  4750.18018  3.22511332E-12
  4752.91992  3.19331779E-12
  4755.66016  3.15872372E-12
  4758.3999  3.16957658E-12
  4761.14014  3.11630539E-12
  4763.87988  3.07942409E-12
  4766.62012  3.1587222E-12
  4769.35986  3.19881469E-12
  4772.1001  3.21993604E-12
  4774.83984  3.23996797E-12
  4777.58008  3.24196898E-12
  4780.31982  3.20919983E-12
  4783.06006  3.18937563E-12
  4785.7998  3.16933003E-12
  4788.54004  3.16347165E-12
  4791.27979  3.21172342E-12
  4794.02002  3.27236762E-12
  4796.75977  3.25051336E-12
  4799.5  3.21410194E-12
  4802.24023  3.23303754E-12
  4804.97998  3.2273626E-12
  4807.72021  3.24569126E-12
  4810.45996  3.27815899E-12
  4813.2002  3.29330508E-12
  4815.93994  3.31374815E-12
  4818.68018  3.32170641E-12
  4821.41992  3.28296591E-12
  4824.16016  3.24300287E-12
  4826.8999  3.28106748E-12
  4829.64014  3.29018952E-12
  4832.37988  3.28714681E-12
  4835.12012  3.29182645E-12
  4837.85986  3.28129494E-12
  4840.6001  3.26846579E-12
  4843.33984  3.28420646E-12
  4846.08008  3.29676824E-12
  4848.81982  3.28132378E-12
  4851.56006  3.30001304E-12
  4854.2998  3.26944374E-12
  4857.04004  3.07917602E-12
  4859.77979  2.8336502E-12
  4862.52002  2.78775657E-12
  4865.25977  3.09082946E-12
  4868.  3.19795514E-12
  4870.74023  3.17704131E-12
  4873.47998  3.1620906E-12
  4876.22021  3.2316001E-12
  4878.95996  3.26337373E-12
  4881.7002  3.26157157E-12
  4884.43994  3.24669675E-12
  4887.18018  3.2164538E-12
  4889.91992  3.20118411E-12
  4892.66016  3.28970618E-12
  4895.3999  3.4180304E-12
  4898.14014  3.38826384E-12
  4900.87988  3.33884591E-12
  4903.62012  3.34081699E-12
  4906.35986  3.34613218E-12
  4909.1001  3.33324601E-12
  4911.83984  3.32166564E-12
  4914.58008  3.35132768E-12
  4917.31982  3.28247022E-12
  4920.06006  3.16825494E-12
  4922.7998  3.20748072E-12
  4925.54004  3.30479784E-12
  4928.27979  3.39535539E-12
  4931.02002  3.37954339E-12
  4933.75977  3.31431974E-12
  4936.5  3.28351777E-12
  4939.24023  3.27282407E-12
  4941.97998  3.36376088E-12
  4944.72021  3.43499621E-12
  4947.45996  3.456368E-12
  4950.2002  3.46279147E-12
  4952.93994  3.44616414E-12
  4955.68018  3.37649938E-12
  4958.41992  3.31025376E-12
  4961.16016  3.422228E-12
  4963.8999  3.42589282E-12
  4966.64014  3.40112162E-12
  4969.37988  3.41504819E-12
  4972.12012  3.4359965E-12
  4974.85986  3.4673243E-12
  4977.6001  3.42387859E-12
  4980.33984  3.30653387E-12
  4983.08008  3.23820918E-12
  4985.81982  3.29212417E-12
  4988.56006  3.38104328E-12
  4991.2998  3.35532014E-12
  4994.04004  3.35642972E-12
  4996.77979  3.37980859E-12
  4999.52002  3.33640776E-12
  5002.25977  3.29695754E-12
  5005.  3.27884746E-12
  5007.74023  3.25599508E-12
  5010.47998  3.30983873E-12
  5013.22021  3.19790483E-12
  5015.95996  3.20458677E-12
  5018.7002  3.28543377E-12
  5021.43994  3.34903936E-12
  5024.18018  3.37391486E-12
  5026.91992  3.40472507E-12
  5029.66016  3.42345553E-12
  5032.3999  3.44432295E-12
  5035.14014  3.40620197E-12
  5037.87988  3.27674715E-12
  5040.62012  3.19015756E-12
  5043.35986  3.29016502E-12
  5046.1001  3.46504032E-12
  5048.83984  3.4201511E-12
  5051.58008  3.40182136E-12
  5054.31982  3.48769798E-12
  5057.06006  3.52912404E-12
  5059.7998  3.55936071E-12
  5062.54004  3.5185483E-12
  5065.27979  3.3513383E-12
  5068.02002  3.44414254E-12
  5070.75977  3.4810438E-12
  5073.5  3.4762217E-12
  5076.24023  3.43354577E-12
  5078.97998  3.32006775E-12
  5081.72021  3.27222906E-12
  5084.45996  3.4051555E-12
  5087.2002  3.51171132E-12
  5089.93994  3.53518603E-12
  5092.68018  3.55176413E-12
  5095.41992  3.51647834E-12
  5098.16016  3.44542971E-12
  5100.8999  3.5081907E-12
  5103.64014  3.48581862E-12
  5106.37988  3.40216939E-12
  5109.12012  3.36384631E-12
  5111.85986  3.45477878E-12
  5114.6001  3.55724651E-12
  5117.33984  3.59301152E-12
  5120.08008  3.54612346E-12
  5122.81982  3.4500831E-12
  5125.56006  3.36840712E-12
  5128.2998  3.38234692E-12
  5131.04004  3.42858359E-12
  5133.77979  3.48811605E-12
  5136.52002  3.44508038E-12
  5139.25977  3.35485567E-12
  5142.  3.36449943E-12
  5144.74023  3.40095443E-12
  5147.47998  3.42712013E-12
  5150.22021  3.40227824E-12
  5152.95996  3.3783744E-12
  5155.7002  3.51799492E-12
  5158.43994  3.60519102E-12
  5161.18018  3.56994165E-12
  5163.91992  3.44351522E-12
  5166.66016  3.16882176E-12
  5169.3999  3.0764911E-12
  5172.14014  3.17996432E-12
  5174.87988  3.35656654E-12
  5177.62012  3.58075613E-12
  5180.35986  3.50978383E-12
  5183.1001  3.31961238E-12
  5185.83984  3.34504776E-12
  5188.58008  3.44279379E-12
  5191.31982  3.38955556E-12
  5194.06006  3.36143613E-12
  5196.7998  3.44221852E-12
  5199.54004  3.48809089E-12
  5202.27979  3.46494968E-12
  5205.02002  3.37176099E-12
  5207.75977  3.35956219E-12
  5210.5  3.45979734E-12
  5213.24023  3.58016199E-12
  5215.97998  3.52553013E-12
  5218.72021  3.57327579E-12
  5221.45996  3.621541E-12
  5224.2002  3.5045905E-12
  5226.93994  3.33154988E-12
  5229.68018  3.47105504E-12
  5232.41992  3.57001538E-12
  5235.16016  3.58831476E-12
  5237.8999  3.67084575E-12
  5240.64014  3.6854248E-12
  5243.37988  3.67393355E-12
  5246.12012  3.59611754E-12
  5248.85986  3.50407941E-12
  5251.6001  3.52612037E-12
  5254.33984  3.58493595E-12
  5257.08008  3.66094655E-12
  5259.81982  3.6268395E-12
  5262.56006  3.41906364E-12
  5265.2998  3.32861538E-12
  5268.04004  3.37277927E-12
  5270.77979  3.36680098E-12
  5273.52002  3.53515546E-12
  5276.25977  3.61840874E-12
  5279.  3.69304847E-12
  5281.74023  3.63991953E-12
  5284.47998  3.64836199E-12
  5287.22021  3.76237453E-12
  5289.95996  3.77832791E-12
  5292.7002  3.75975943E-12
  5295.43994  3.6754072E-12
  5298.18018  3.57747664E-12
  5300.91992  3.6508279E-12
  5303.66016  3.72264329E-12
  5306.3999  3.74929992E-12
  5309.14014  3.7620124E-12
  5311.87988  3.78480103E-12
  5314.62012  3.76525981E-12
  5317.35986  3.7190858E-12
  5320.1001  3.73596423E-12
  5322.83984  3.66726181E-12
  5325.58008  3.58313184E-12
  5328.31982  3.46367553E-12
  5331.06006  3.61895778E-12
  5333.7998  3.68549202E-12
  5336.54004  3.69932036E-12
  5339.27979  3.63429165E-12
  5342.02002  3.66375506E-12
  5344.75977  3.80748731E-12
  5347.5  3.68166999E-12
  5350.24023  3.72305225E-12
  5352.97998  3.77984319E-12
  5355.72021  3.82166304E-12
  5358.45996  3.83106524E-12
  5361.2002  3.772818E-12
  5363.93994  3.72391657E-12
  5366.68018  3.67579751E-12
  5369.41992  3.65325131E-12
  5372.16016  3.65366635E-12
  5374.8999  3.80554572E-12
  5377.64014  3.82141324E-12
  5380.37988  3.75647647E-12
  5383.12012  3.76736923E-12
  5385.85986  3.80821373E-12
  5388.6001  3.80930487E-12
  5391.33984  3.71952903E-12
  5394.08008  3.62930324E-12
  5396.81982  3.61679111E-12
  5399.56006  3.69523639E-12
  5402.2998  3.7016952E-12
  5405.04004  3.60923032E-12
  5407.77979  3.64376758E-12
  5410.52002  3.6924218E-12
  5413.25977  3.7923319E-12
  5416.  3.79471021E-12
  5418.74023  3.77744754E-12
  5421.47998  3.78835938E-12
  5424.22021  3.73204115E-12
  5426.95996  3.76418514E-12
  5429.7002  3.69602656E-12
  5432.43994  3.6836814E-12
  5435.18018  3.68429289E-12
  5437.91992  3.79935016E-12
  5440.66016  3.86332633E-12
  5443.3999  3.83461405E-12
  5446.14014  3.69458717E-12
  5448.87988  3.76828907E-12
  5451.62012  3.83272797E-12
  5454.35986  3.74666964E-12
  5457.1001  3.75461728E-12
  5459.83984  3.83657125E-12
  5462.58008  3.82761921E-12
  5465.31982  3.84225507E-12
  5468.06006  3.87745348E-12
  5470.7998  3.89125277E-12
  5473.54004  3.81092597E-12
  5476.27979  3.71103278E-12
  5479.02002  3.78934254E-12
  5481.75977  3.83949426E-12
  5484.5  3.86745757E-12
  5487.24023  3.86326821E-12
  5489.97998  3.86681919E-12
  5492.72021  3.87644994E-12
  5495.45996  3.85002013E-12
  5498.2002  3.83119925E-12
  5500.93994  3.80742746E-12
  5503.68018  3.80570749E-12
  5506.41992  3.79814236E-12
  5509.16016  3.83226827E-12
  5511.8999  3.85003487E-12
  5514.64014  3.8672082E-12
  5517.37988  3.92001188E-12
  5520.12012  3.93161502E-12
  5522.85986  3.91803343E-12
  5525.6001  3.87762869E-12
  5528.33984  3.82850262E-12
  5531.08008  3.89218822E-12
  5533.81982  3.90561628E-12
  5536.56006  3.92088098E-12
  5539.2998  3.94287988E-12
  5542.04004  3.94460766E-12
  5544.77979  3.93310731E-12
  5547.52002  3.94045213E-12
  5550.25977  3.97640948E-12
  5553.  3.97587909E-12
  5555.74023  3.9484774E-12
  5558.47998  3.95052654E-12
  5561.22021  3.95992614E-12
  5563.95996  3.92866252E-12
  5566.7002  3.89813485E-12
  5569.43994  3.89571188E-12
  5572.18018  3.88611279E-12
  5574.91992  3.89676182E-12
  5577.66016  3.89377723E-12
  5580.3999  3.9049367E-12
  5583.14014  3.88634437E-12
  5585.87988  3.83455724E-12
  5588.62012  3.79290089E-12
  5591.35986  3.8235283E-12
  5594.1001  3.85096295E-12
  5596.83984  3.87363622E-12
  5599.58008  3.87175838E-12
  5602.31982  3.87738626E-12
  5605.06006  3.91325817E-12
  5607.7998  3.98944983E-12
  5610.54004  4.02236187E-12
  5613.27979  3.98988351E-12
  5616.02002  3.9328484E-12
  5618.75977  3.95899589E-12
  5621.5  3.9961103E-12
  5624.24023  3.97643593E-12
  5626.97998  4.03384227E-12
  5629.72021  4.02792253E-12
  5632.45996  4.03747088E-12
  5635.2002  4.04565574E-12
  5637.93994  4.01873717E-12
  5640.68018  4.0060134E-12
  5643.41992  4.02526016E-12
  5646.16016  4.05147704E-12
  5648.8999  4.03950528E-12
  5651.64014  3.99743693E-12
  5654.37988  3.99308451E-12
  5657.12012  3.92009819E-12
  5659.85986  3.86643018E-12
  5662.6001  3.94162914E-12
  5665.33984  3.99133764E-12
  5668.08008  3.96837164E-12
  5670.81982  3.98054593E-12
  5673.56006  4.01580331E-12
  5676.2998  4.02496612E-12
  5679.04004  4.02265287E-12
  5681.77979  4.01896008E-12
  5684.52002  4.0041347E-12
  5687.25977  3.97466175E-12
  5690.  3.92782291E-12
  5692.74023  3.83774523E-12
  5695.47998  3.87493726E-12
  5698.22021  3.97960657E-12
  5700.95996  3.97484172E-12
  5703.7002  3.93500683E-12
  5706.43994  3.88206307E-12
  5709.18018  3.85645509E-12
  5711.91992  3.8754759E-12
  5714.66016  3.91824724E-12
  5717.3999  3.99033671E-12
  5720.14014  4.00591105E-12
  5722.87988  3.99966692E-12
  5725.62012  4.0172466E-12
  5728.35986  4.02679843E-12
  5731.1001  4.00019557E-12
  5733.83984  4.00463386E-12
  5736.58008  4.06415093E-12
  5739.31982  4.05813881E-12
  5742.06006  4.01898176E-12
  5744.7998  4.03136118E-12
  5747.54004  4.05032475E-12
  5750.27979  4.03902866E-12
  5753.02002  4.02212638E-12
  5755.75977  3.99206579E-12
  5758.5  4.00136781E-12
  5761.24023  4.04885934E-12
  5763.97998  4.08392591E-12
  5766.72021  4.10890332E-12
  5769.45996  4.08289505E-12
  5772.2002  4.05469495E-12
  5774.93994  4.05941036E-12
  5777.68018  4.06127866E-12
  5780.41992  4.05160063E-12
  5783.16016  4.0688234E-12
  5785.8999  4.10095092E-12
  5788.64014  4.06357153E-12
  5791.37988  4.02599568E-12
  5794.12012  4.09126595E-12
  5796.85986  4.1395793E-12
  5799.6001  4.12695095E-12
  5802.33984  4.10868258E-12
  5805.08008  4.07738687E-12
  5807.81982  4.0819197E-12
  5810.56006  4.10473782E-12
  5813.2998  4.13079857E-12
  5816.04004  4.14186784E-12
  5818.77979  4.10054369E-12
  5821.52002  4.08490082E-12
  5824.26025  4.11522032E-12
  5827.  4.13177608E-12
  5829.74023  4.14438015E-12
  5832.47998  4.15088406E-12
  5835.22021  4.14825899E-12
  5837.95996  4.11959225E-12
  5840.7002  4.10376334E-12
  5843.43994  4.12517459E-12
  5846.18018  4.13927356E-12
  5848.91992  4.15215778E-12
  5851.66016  4.11918893E-12
  5854.3999  4.06666107E-12
  5857.14014  4.07727107E-12
  5859.87988  4.09637862E-12
  5862.62012  4.08681509E-12
  5865.35986  4.08067764E-12
  5868.1001  4.08086976E-12
  5870.83984  4.09009762E-12
  5873.58008  4.10726531E-12
  5876.31982  4.09481477E-12
  5879.06006  4.07480907E-12
  5881.7998  4.0854182E-12
  5884.54004  4.07790164E-12
  5887.27979  4.02276346E-12
  5890.02002  3.96799347E-12
  5892.76025  3.89754461E-12
  5895.5  3.9258167E-12
  5898.24023  4.01322291E-12
  5900.97998  4.09738389E-12
  5903.72021  4.15539434E-12
  5906.45996  4.12363156E-12
  5909.2002  4.09524411E-12
  5911.93994  4.08515409E-12
  5914.68018  4.0915743E-12
  5917.41992  4.11388588E-12
  5920.16016  4.12783609E-12
  5922.8999  4.13806793E-12
  5925.64014  4.14280025E-12
  5928.37988  4.14000821E-12
  5931.12012  4.11961437E-12
  5933.85986  4.11845558E-12
  5936.6001  4.147556E-12
  5939.33984  4.13804754E-12
  5942.08008  4.1099164E-12
  5944.81982  4.10341509E-12
  5947.56006  4.10491172E-12
  5950.2998  4.10953086E-12
  5953.04004  4.12193543E-12
  5955.77979  4.15422427E-12
  5958.52002  4.1529228E-12
  5961.26025  4.12193326E-12
  5964.  4.11891311E-12
  5966.74023  4.12846146E-12
  5969.47998  4.15560598E-12
  5972.22021  4.16563312E-12
  5974.95996  4.12130009E-12
  5977.7002  4.09196548E-12
  5980.43994  4.08360195E-12
  5983.18018  4.07461695E-12
  5985.91992  4.07035169E-12
  5988.66016  4.09417075E-12
  5991.3999  4.12119254E-12
  5994.14014  4.12335747E-12
  5996.87988  4.11575201E-12
  5999.62012  4.09583955E-12
  6002.35986  4.08168421E-12
  6005.1001  4.06942969E-12
  6007.83984  4.09517862E-12
  6010.58008  4.13304764E-12
  6013.31982  4.12163793E-12
  6016.06006  4.09978995E-12
  6018.7998  4.07970836E-12
  6021.54004  4.07269704E-12
  6024.27979  4.08310408E-12
  6027.02002  4.09825819E-12
  6029.76025  4.11828297E-12
  6032.5  4.10369872E-12
  6035.24023  4.08582803E-12
  6037.97998  4.10435054E-12
  6040.72021  4.1264713E-12
  6043.45996  4.14551813E-12
  6046.2002  4.16068742E-12
  6048.93994  4.17492126E-12
  6051.68018  4.14810157E-12
  6054.41992  4.11342401E-12
  6057.16016  4.19657148E-12
  6059.8999  4.2527583E-12
  6062.64014  4.14229241E-12
  6065.37988  4.07761325E-12
  6068.12012  4.07657198E-12
  6070.85986  4.15947745E-12
  6073.6001  4.30891694E-12
  6076.33984  4.23586296E-12
  6079.08008  4.10457215E-12
  6081.81982  4.0927847E-12
  6084.56006  4.10325029E-12
  6087.2998  4.12181097E-12
  6090.04004  4.13414008E-12
  6092.77979  4.14231757E-12
  6095.52002  4.13822969E-12
  6098.26025  4.12429813E-12
  6101.  4.09389102E-12
  6103.74023  4.07231887E-12
  6106.47998  4.09145374E-12
  6109.22021  4.10743444E-12
  6111.95996  4.11302676E-12
  6114.7002  4.11945174E-12
  6117.43994  4.12534763E-12
  6120.18018  4.12073283E-12
  6122.91992  4.10925807E-12
  6125.66016  4.08694996E-12
  6128.3999  4.0757276E-12
  6131.14014  4.10759924E-12
  6133.87988  4.08514932E-12
  6136.62012  3.98946371E-12
  6139.35986  3.97358578E-12
  6142.1001  3.99866858E-12
  6144.83984  4.03775364E-12
  6147.58008  4.08024699E-12
  6150.31982  4.10661782E-12
  6153.06006  4.12502628E-12
  6155.7998  4.14563089E-12
  6158.54004  4.12033645E-12
  6161.27979  4.05527001E-12
  6164.02002  4.00411778E-12
  6166.76025  3.96527559E-12
  6169.5  3.96438221E-12
  6172.24023  3.99283991E-12
  6174.97998  4.06797252E-12
  6177.72021  4.11517088E-12
  6180.45996  4.13043037E-12
  6183.2002  4.13708607E-12
  6185.93994  4.13033713E-12
  6188.68018  4.09600088E-12
  6191.41992  4.06176134E-12
  6194.16016  4.07484593E-12
  6196.8999  4.05766132E-12
  6199.64014  3.94602493E-12
  6202.37988  3.9717396E-12
  6205.12012  4.11576719E-12
  6207.85986  4.17053154E-12
  6210.6001  4.1805487E-12
  6213.33984  4.11279604E-12
  6216.08008  4.05347023E-12
  6218.81982  4.07304052E-12
  6221.56006  4.07082224E-12
  6224.2998  4.02828639E-12
  6227.04004  4.03720937E-12
  6229.77979  4.07248497E-12
  6232.52002  4.06357673E-12
  6235.26025  4.05268744E-12
  6238.  4.0904528E-12
  6240.74023  4.1013859E-12
  6243.47998  4.04958489E-12
  6246.22021  4.01905896E-12
  6248.95996  4.0029256E-12
  6251.7002  3.98940343E-12
  6254.43994  3.98177455E-12
  6257.18018  3.97902631E-12
  6259.91992  3.99476372E-12
  6262.66016  4.05465418E-12
  6265.3999  4.09180242E-12
  6268.14014  4.08995537E-12
  6270.87988  4.11301548E-12
  6273.62012  4.14499554E-12
  6276.35986  4.13005654E-12
  6279.1001  4.10189591E-12
  6281.83984  4.0862938E-12
  6284.58008  4.09019997E-12
  6287.31982  4.13733717E-12
  6290.06006  4.14484029E-12
  6292.7998  4.11480312E-12
  6295.54004  4.09008808E-12
  6298.27979  4.06606563E-12
  6301.02002  4.05916923E-12
  6303.76025  4.06340413E-12
  6306.5  4.0843392E-12
  6309.24023  4.09539633E-12
  6311.97998  4.09512398E-12
  6314.72021  4.07304052E-12
  6317.45996  4.03456045E-12
  6320.2002  4.04588385E-12
  6322.93994  4.08736456E-12
  6325.68018  4.18555642E-12
  6328.41992  4.22686712E-12
  6331.16016  4.12599338E-12
  6333.8999  4.07153391E-12
  6336.64014  4.05725193E-12
  6339.37988  4.06401822E-12
  6342.12012  4.08635582E-12
  6344.85986  4.08205978E-12
  6347.6001  4.08563201E-12
  6350.33984  4.13966561E-12
  6353.08008  4.15619275E-12
  6355.81982  4.1030148E-12
  6358.56006  4.07869788E-12
  6361.2998  4.06797903E-12
  6364.04004  4.09913293E-12
  6366.77979  4.14085346E-12
  6369.52002  4.1379968E-12
  6372.26025  4.13070012E-12
  6375.  4.13328616E-12
  6377.74023  4.13071227E-12
  6380.47998  4.12163402E-12
  6383.22021  4.11791001E-12
  6385.95996  4.11672129E-12
  6388.7002  4.12136731E-12
  6391.43994  4.11702096E-12
  6394.18018  4.08060434E-12
  6396.91992  4.04866808E-12
  6399.66016  4.02114193E-12
  6402.3999  4.02382858E-12
  6405.14014  4.05249098E-12
  6407.87988  4.09989881E-12
  6410.62012  4.14716048E-12
  6413.35986  4.14065613E-12
  6416.1001  4.11941228E-12
  6418.83984  4.08904768E-12
  6421.58008  4.07684433E-12
  6424.31982  4.0838795E-12
  6427.06006  4.11115716E-12
  6429.7998  4.14749311E-12
  6432.54004  4.10419919E-12
  6435.27979  4.05724239E-12
  6438.02002  4.08376631E-12
  6440.76025  4.11093425E-12
  6443.5  4.13061078E-12
  6446.24023  4.12797964E-12
  6448.97998  4.1045071E-12
  6451.72021  4.08872112E-12
  6454.45996  4.08350046E-12
  6457.2002  4.13521301E-12
  6459.93994  4.16329514E-12
  6462.68018  4.09156953E-12
  6465.41992  4.06985253E-12
  6468.16016  4.12056196E-12
  6470.8999  4.14234315E-12
  6473.64014  4.15426504E-12
  6476.37988  4.14770605E-12
  6479.12012  4.13455121E-12
  6481.85986  4.13129296E-12
  6484.6001  4.12092712E-12
  6487.33984  4.09543103E-12
  6490.08008  4.07659063E-12
  6492.81982  4.06360189E-12
  6495.56006  4.02524455E-12
  6498.2998  3.99156836E-12
  6501.04004  4.05008492E-12
  6503.77979  4.11971585E-12
  6506.52002  4.15871157E-12
  6509.26025  4.18282076E-12
  6512.  4.19136904E-12
  6514.74023  4.18637867E-12
  6517.47998  4.16876993E-12
  6520.22021  4.14954356E-12
  6522.95996  4.14128974E-12
  6525.7002  4.18463614E-12
  6528.43994  4.20912133E-12
  6531.18018  4.18149066E-12
  6533.91992  4.16289746E-12
  6536.66016  4.14786478E-12
  6539.3999  4.15548325E-12
  6542.14014  4.17186251E-12
  6544.87988  4.16026848E-12
  6547.62012  4.1451057E-12
  6550.35986  4.14709803E-12
  6553.1001  4.12704419E-12
  6555.83984  4.09433295E-12
  6558.58008  3.97478361E-12
  6561.31982  3.7925843E-12
  6564.06006  3.72851229E-12
  6566.7998  3.75060269E-12
  6569.54004  3.93348635E-12
  6572.27979  4.08128522E-12
  6575.02002  4.09380429E-12
  6577.76025  4.11612107E-12
  6580.5  4.14603681E-12
  6583.24023  4.1410317E-12
  6585.97998  4.11913342E-12
  6588.72021  4.12848618E-12
  6591.45996  4.13367951E-12
  6594.2002  4.09478441E-12
  6596.93994  4.09306356E-12
  6599.68018  4.16033657E-12
  6602.41992  4.19366581E-12
  6605.16016  4.20950341E-12
  6607.8999  4.1829565E-12
  6610.64014  4.14928899E-12
  6613.37988  4.18259611E-12
  6616.12012  4.2034245E-12
  6618.85986  4.1672824E-12
  6621.6001  4.15453045E-12
  6624.33984  4.1661891E-12
  6627.08008  4.1811294E-12
  6629.81982  4.20032238E-12
  6632.56006  4.20990456E-12
  6635.2998  4.21112364E-12
  6638.04004  4.20199682E-12
  6640.77979  4.18128726E-12
  6643.52002  4.13324106E-12
  6646.26025  4.13077602E-12
  6649.  4.1631195E-12
  6651.74023  4.19185043E-12
  6654.47998  4.21663182E-12
  6657.22021  4.21218442E-12
  6659.95996  4.20084714E-12
  6662.7002  4.1909475E-12
  6665.43994  4.17936519E-12
  6668.18018  4.1634903E-12
  6670.91992  4.15994886E-12
  6673.66016  4.16490887E-12
  6676.3999  4.18236713E-12
  6679.14014  4.19681607E-12
  6681.87988  4.18269195E-12
  6684.62012  4.17779353E-12
  6687.35986  4.19758846E-12
  6690.1001  4.20210177E-12
  6692.83984  4.19585113E-12
  6695.58008  4.18072738E-12
  6698.31982  4.16411133E-12
  6701.06006  4.17032337E-12
  6703.7998  4.17714778E-12
  6706.54004  4.17299528E-12
  6709.27979  4.16891218E-12
  6712.02002  4.16299894E-12
  6714.76025  4.16812635E-12
  6717.5  4.17991466E-12
  6720.24023  4.18324533E-12
  6722.97998  4.1887431E-12
  6725.72021  4.21735216E-12
  6728.45996  4.2216803E-12
  6731.2002  4.16854355E-12
  6733.93994  4.15885945E-12
  6736.68018  4.18671651E-12
  6739.41992  4.17921947E-12
  6742.16016  4.15836809E-12
  6744.8999  4.14115226E-12
  6747.64014  4.12207508E-12
  6750.37988  4.09138175E-12
  6753.12012  4.08648939E-12
  6755.85986  4.12061748E-12
  6758.6001  4.13722485E-12
  6761.33984  4.14835744E-12
  6764.08008  4.16731189E-12
  6766.81982  4.17886906E-12
  6769.56006  4.1525533E-12
  6772.2998  4.14048613E-12
  6775.04004  4.17436528E-12
  6777.77979  4.17339817E-12
  6780.52002  4.13755965E-12
  6783.26025  4.14263502E-12
  6786.  4.16473279E-12
  6788.74023  4.18027028E-12
  6791.47998  4.19268136E-12
  6794.22021  4.20576421E-12
  6796.95996  4.19558225E-12
  6799.7002  4.13463751E-12
  6802.43994  4.15308152E-12
  6805.18018  4.21871609E-12
  6807.91992  4.18415736E-12
  6810.66016  4.12932275E-12
  6813.3999  4.13665933E-12
  6816.14014  4.15085804E-12
  6818.87988  4.16138955E-12
  6821.62012  4.16387758E-12
  6824.35986  4.15754584E-12
  6827.1001  4.15333263E-12
  6829.83984  4.15142356E-12
  6832.58008  4.17037065E-12
  6835.31982  4.18167931E-12
  6838.06006  4.15853419E-12
  6840.7998  4.12899359E-12
  6843.54004  4.08545116E-12
  6846.27979  4.07736908E-12
  6849.02002  4.09483862E-12
  6851.76025  4.10268607E-12
  6854.5  4.11493669E-12
  6857.24023  4.15464234E-12
  6859.97998  4.17480026E-12
  6862.72021  4.1385324E-12
  6865.45996  4.12851133E-12
  6868.2002  4.14694667E-12
  6870.93994  4.16012017E-12
  6873.68018  4.17167646E-12
  6876.41992  4.16289225E-12
  6879.16016  4.1500978E-12
  6881.8999  4.14077583E-12
  6884.64014  4.14728018E-12
  6887.37988  4.19040974E-12
  6890.12012  4.18228473E-12
  6892.85986  4.13592164E-12
  6895.6001  4.12794451E-12
  6898.33984  4.13567791E-12
  6901.08008  4.15626691E-12
  6903.81982  4.16811724E-12
  6906.56006  4.14978728E-12
  6909.2998  4.1449795E-12
  6912.04004  4.16360869E-12
  6914.77979  4.13143434E-12
  6917.52002  4.07666565E-12
  6920.26025  4.08457426E-12
  6923.  4.11117538E-12
  6925.74023  4.13690479E-12
  6928.47998  4.14859336E-12
  6931.22021  4.13771838E-12
  6933.95996  4.12183222E-12
  6936.7002  4.09792729E-12
  6939.43994  4.10013516E-12
  6942.18018  4.11250721E-12
  6944.91992  4.11443666E-12
  6947.66016  4.11554081E-12
  6950.3999  4.11717362E-12
  6953.14014  4.12268223E-12
  6955.87988  4.13436256E-12
  6958.62012  4.13924927E-12
  6961.35986  4.14068476E-12
  6964.1001  4.14473707E-12
  6966.83984  4.14688076E-12
  6969.58008  4.14578961E-12
  6972.31982  4.13323238E-12
  6975.06006  4.09505502E-12
  6977.7998  4.0855032E-12
  6980.54004  4.10086765E-12
  6983.27979  4.10189244E-12
  6986.02002  4.10154506E-12
  6988.76025  4.11514399E-12
  6991.5  4.1283808E-12
  6994.24023  4.1329648E-12
  6996.97998  4.13632973E-12
  6999.72021  4.14442482E-12
  7002.45996  4.12345505E-12
  7005.2002  4.08530501E-12
  7007.93994  4.09108988E-12
  7010.68018  4.10734424E-12
  7013.41992  4.10426944E-12
  7016.16016  4.10222334E-12
  7018.8999  4.10495639E-12
  7021.64014  4.1119508E-12
  7024.37988  4.12419621E-12
  7027.12012  4.12782525E-12
  7029.85986  4.12730397E-12
  7032.6001  4.12990041E-12
  7035.33984  4.12490701E-12
  7038.08008  4.09033484E-12
  7040.81982  4.08831346E-12
  7043.56006  4.14939177E-12
  7046.2998  4.14814667E-12
  7049.04004  4.11167671E-12
  7051.77979  4.08934345E-12
  7054.52002  4.07625149E-12
  7057.26025  4.09304144E-12
  7060.  4.10528469E-12
  7062.74023  4.09063798E-12
  7065.47998  4.10274375E-12
  7068.22021  4.14670251E-12
  7070.95996  4.14256867E-12
  7073.7002  4.11512838E-12
  7076.43994  4.08786763E-12
  7079.18018  4.06963222E-12
  7081.91992  4.07738513E-12
  7084.66016  4.09358398E-12
  7087.3999  4.12538883E-12
  7090.14014  4.13080811E-12
  7092.87988  4.11823266E-12
  7095.62012  4.10476817E-12
  7098.35986  4.09835143E-12
  7101.1001  4.1351614E-12
  7103.83984  4.16049964E-12
  7106.58008  4.14778845E-12
  7109.31982  4.12936005E-12
  7112.06006  4.10094701E-12
  7114.7998  4.09200191E-12
  7117.54004  4.08989639E-12
  7120.27979  4.05670593E-12
  7123.02002  4.03077181E-12
  7125.76025  4.05362939E-12
  7128.5  4.06618142E-12
  7131.24023  4.05136341E-12
  7133.97998  4.05212149E-12
  7136.72021  4.06249947E-12
  7139.45996  4.09154134E-12
  7142.2002  4.11806656E-12
  7144.93994  4.09013622E-12
  7147.68018  4.05973866E-12
  7150.41992  4.0454801E-12
  7153.16016  4.04575245E-12
  7155.8999  4.064909E-12
  7158.64014  4.07249798E-12
  7161.37988  4.07732051E-12
  7164.12012  4.09080408E-12
  7166.85986  4.11502299E-12
  7169.6001  4.18077942E-12
  7172.33984  4.19131223E-12
  7175.08008  4.08976325E-12
  7177.81982  4.05123764E-12
  7180.56006  4.05440525E-12
  7183.2998  4.07080923E-12
  7186.04004  4.08871244E-12
  7188.77979  4.04958879E-12
  7191.52002  4.01782123E-12
  7194.26025  4.03538791E-12
  7197.  4.03938775E-12
  7199.74023  4.02641505E-12
  7202.47998  4.00794719E-12
  7205.22021  3.98580995E-12
  7207.95996  3.9890387E-12
  7210.7002  4.00574105E-12
  7213.43994  4.03934351E-12
  7216.18018  4.05767997E-12
  7218.91992  4.04176258E-12
  7221.66016  4.04122482E-12
  7224.3999  4.05219695E-12
  7227.14014  4.04766715E-12
  7229.87988  4.04197379E-12
  7232.62012  4.06453603E-12
  7235.35986  4.08917475E-12
  7238.1001  4.10988257E-12
  7240.83984  4.10451057E-12
  7243.58008  4.05517286E-12
  7246.31982  4.05120252E-12
  7249.06006  4.06991107E-12
  7251.7998  4.06054834E-12
  7254.54004  4.05155033E-12
  7257.27979  4.07476093E-12
  7260.02002  4.08906459E-12
  7262.76025  4.07772644E-12
  7265.5  4.07132531E-12
  7268.24023  4.06670704E-12
  7270.97998  4.07830367E-12
  7273.72021  4.09478354E-12
  7276.45996  4.08622658E-12
  7279.2002  4.07337749E-12
  7281.93994  4.06795084E-12
  7284.68018  4.05909204E-12
  7287.41992  4.04059598E-12
  7290.16016  4.0415323E-12
  7292.8999  4.05438053E-12
  7295.64014  4.0451904E-12
  7298.37988  4.03582029E-12
  7301.12012  4.0607912E-12
  7303.85986  4.067904E-12
  7306.6001  4.01825188E-12
  7309.33984  4.01711303E-12
  7312.08008  4.06721098E-12
  7314.81982  4.07765878E-12
  7317.56006  4.07295682E-12
  7320.2998  4.07062882E-12
  7323.04004  4.07009192E-12
  7325.77979  4.07910468E-12
  7328.52002  4.08042393E-12
  7331.26025  4.06795474E-12
  7334.  4.06089095E-12
  7336.74023  4.05633296E-12
  7339.47998  4.07231714E-12
  7342.22021  4.08692698E-12
  7344.95996  4.05416195E-12
  7347.7002  4.03231138E-12
  7350.43994  4.05604977E-12
  7353.18018  4.05620763E-12
  7355.91992  4.0273492E-12
  7358.66016  4.03274983E-12
  7361.3999  4.05678572E-12
  7364.14014  4.10095612E-12
  7366.87988  4.13118845E-12
  7369.62012  4.09637992E-12
  7372.35986  4.07525619E-12
  7375.1001  4.09198543E-12
  7377.83984  4.07920269E-12
  7380.58008  4.04667619E-12
  7383.31982  4.04444533E-12
  7386.06006  4.04787185E-12
  7388.7998  4.02093072E-12
  7391.54004  4.0034781E-12
  7394.27979  4.0168216E-12
  7397.02002  4.03198915E-12
  7399.76025  4.05677358E-12
  7402.5  4.03563988E-12
  7405.24023  3.98946761E-12
  7407.97998  3.96817908E-12
  7410.72021  3.95560754E-12
  7413.45996  3.9455752E-12
  7416.2002  3.9494007E-12
  7418.93994  3.97853365E-12
  7421.68018  3.98796838E-12
  7424.41992  3.98291036E-12
  7427.16016  4.00425786E-12
  7429.8999  4.03039624E-12
  7432.64014  4.02852664E-12
  7435.37988  4.0195655E-12
  7438.12012  4.00681311E-12
  7440.85986  4.00303185E-12
  7443.6001  4.01156408E-12
  7446.33984  4.01290372E-12
  7449.08008  4.01265002E-12
  7451.81982  4.02666789E-12
  7454.56006  4.04059555E-12
  7457.2998  4.0389571E-12
  7460.04004  4.03521877E-12
  7462.77979  4.03822375E-12
  7465.52002  4.01429931E-12
  7468.26025  3.96295843E-12
  7471.  3.97552824E-12
  7473.74023  4.011836E-12
  7476.47998  4.01383397E-12
  7479.22021  4.01432663E-12
  7481.95996  4.03080347E-12
  7484.7002  4.03410551E-12
  7487.43994  4.01773623E-12
  7490.18018  4.01159618E-12
  7492.91992  4.00791162E-12
  7495.66016  3.97947387E-12
  7498.3999  3.95553165E-12
  7501.14014  3.98316579E-12
  7503.87988  3.99628334E-12
  7506.62012  3.9654174E-12
  7509.35986  3.95070998E-12
  7512.1001  3.94553921E-12
  7514.83984  3.98364588E-12
  7517.58008  4.03485969E-12
  7520.31982  4.01557693E-12
  7523.06006  3.98660185E-12
  7525.7998  3.97903065E-12
  7528.54004  3.97529188E-12
  7531.27979  3.97187274E-12
  7534.02002  3.98683994E-12
  7536.76025  4.01363014E-12
  7539.5  3.99819457E-12
  7542.24023  3.97436814E-12
  7544.97998  3.98214101E-12
  7547.72021  3.98510521E-12
  7550.45996  3.96692314E-12
  7553.2002  3.96219559E-12
  7555.93994  3.9726139E-12
  7558.68018  3.95422063E-12
  7561.41992  3.92852808E-12
  7564.16016  3.95254099E-12
  7566.8999  3.97595845E-12
  7569.64014  3.95869969E-12
  7572.37988  3.94903511E-12
  7575.12012  3.95009329E-12
  7577.85986  3.97034228E-12
  7580.6001  4.00572674E-12
  7583.33984  3.99658431E-12
  7586.08008  3.9740225E-12
  7588.81982  3.96633334E-12
  7591.56006  3.97036093E-12
  7594.2998  3.99896002E-12
  7597.04004  4.00587636E-12
  7599.77979  3.98893895E-12
  7602.52002  3.98324516E-12
  7605.26025  3.9787184E-12
  7608.  3.96041229E-12
  7610.74023  3.93915022E-12
  7613.47998  3.91707109E-12
  7616.22021  3.90966599E-12
  7618.95996  3.92505386E-12
  7621.7002  3.93813367E-12
  7624.43994  3.95269321E-12
  7627.18018  3.96315055E-12
  7629.91992  3.96880358E-12
  7632.66016  3.96152122E-12
  7635.3999  3.95560668E-12
  7638.14014  3.9590063E-12
  7640.87988  3.96248572E-12
  7643.62012  3.96911714E-12
  7646.35986  3.95601781E-12
  7649.1001  3.93249539E-12
  7651.83984  3.92410106E-12
  7654.58008  3.91884875E-12
  7657.31982  3.91281929E-12
  7660.06006  3.90057951E-12
  7662.7998  3.87367265E-12
  7665.54004  3.86384414E-12
  7668.27979  3.86651171E-12
  7671.02002  3.89354434E-12
  7673.76025  3.93224472E-12
  7676.5  3.96528253E-12
  7679.24023  3.97999602E-12
  7681.97998  3.95633613E-12
  7684.72021  3.93793678E-12
  7687.45996  3.92911138E-12
  7690.2002  3.90362222E-12
  7692.93994  3.87048423E-12
  7695.68018  3.86012489E-12
  7698.41992  3.85882125E-12
  7701.16016  3.85520912E-12
  7703.8999  3.86681485E-12
  7706.64014  3.9138688E-12
  7709.37988  3.91790723E-12
  7712.12012  3.88457105E-12
  7714.85986  3.89031992E-12
  7717.6001  3.91043361E-12
  7720.33984  3.93238784E-12
  7723.08008  3.93761673E-12
  7725.81982  3.89300224E-12
  7728.56006  3.87842796E-12
  7731.2998  3.91398285E-12
  7734.04004  3.90393403E-12
  7736.77979  3.87300782E-12
  7739.52002  3.88422974E-12
  7742.26025  3.8980286E-12
  7745.  3.87195831E-12
  7747.74023  3.85110346E-12
  7750.47998  3.84170473E-12
  7753.22021  3.8593807E-12
  7755.95996  3.90527194E-12
  7758.7002  3.93972311E-12
  7761.43994  3.96582333E-12
  7764.18018  3.95969499E-12
  7766.91992  3.94332223E-12
  7769.66016  3.92521736E-12
  7772.3999  3.91415069E-12
  7775.14014  3.9157501E-12
  7777.87988  3.90643767E-12
  7780.62012  3.89177406E-12
  7783.35986  3.88700053E-12
  7786.1001  3.88154352E-12
  7788.83984  3.86261726E-12
  7791.58008  3.84109671E-12
  7794.31982  3.80443723E-12
  7797.06006  3.82194103E-12
  7799.7998  3.90192826E-12
  7802.54004  3.89474173E-12
  7805.27979  3.85697333E-12
  7808.02002  3.88789955E-12
  7810.76025  3.923029E-12
  7813.5  3.92220891E-12
  7816.24023  3.92748637E-12
  7818.97998  3.95390751E-12
  7821.72021  3.94129824E-12
  7824.45996  3.90279128E-12
  7827.2002  3.90702574E-12
  7829.93994  3.91943032E-12
  7832.68018  3.89879188E-12
  7835.41992  3.88829594E-12
  7838.16016  3.91170039E-12
  7840.8999  3.92078731E-12
  7843.64014  3.91664002E-12
  7846.37988  3.90640992E-12
  7849.12012  3.88990706E-12
  7851.85986  3.86714445E-12
  7854.6001  3.85021572E-12
  7857.33984  3.85850726E-12
  7860.08008  3.85833769E-12
  7862.81982  3.82342595E-12
  7865.56006  3.86883971E-12
  7868.2998  3.97408365E-12
  7871.04004  3.91585896E-12
  7873.77979  3.81373275E-12
  7876.52002  3.81109901E-12
  7879.26025  3.83434517E-12
  7882.  3.88058943E-12
  7884.74023  3.89891114E-12
  7887.47998  3.88158299E-12
  7890.22021  3.89650638E-12
  7892.95996  3.92067455E-12
  7895.7002  3.90186321E-12
  7898.43994  3.86531649E-12
  7901.18018  3.8130406E-12
  7903.91992  3.78114597E-12
  7906.66016  3.78510938E-12
  7909.3999  3.78766376E-12
  7912.14014  3.79367154E-12
  7914.87988  3.79502376E-12
  7917.62012  3.79794503E-12
  7920.35986  3.81518992E-12
  7923.1001  3.83320068E-12
  7925.83984  3.85166855E-12
  7928.58008  3.84962635E-12
  7931.31982  3.82044613E-12
  7934.06006  3.79997336E-12
  7936.7998  3.78507859E-12
  7939.54004  3.82181049E-12
  7942.27979  3.85508942E-12
  7945.02002  3.81113977E-12
  7947.76025  3.78533489E-12
  7950.5  3.8108414E-12
  7953.24023  3.81533954E-12
  7955.97998  3.80537268E-12
  7958.72021  3.80762739E-12
  7961.45996  3.81219145E-12
  7964.2002  3.80574001E-12
  7966.93994  3.8000666E-12
  7969.68018  3.79633261E-12
  7972.41992  3.81035785E-12
  7975.16016  3.86404971E-12
  7977.8999  3.82765347E-12
  7980.64014  3.74609762E-12
  7983.37988  3.8128758E-12
  7986.12012  3.89950008E-12
  7988.85986  3.87949959E-12
  7991.6001  3.8506134E-12
  7994.33984  3.82937041E-12
  7997.08008  3.81687867E-12
  7999.81982  3.81193861E-12
  8002.56006  3.81978954E-12
  8005.2998  3.83351901E-12
  8008.04004  3.8370058E-12
  8010.77979  3.83078508E-12
  8013.52002  3.805266E-12
  8016.26025  3.78811565E-12
  8019.  3.78396012E-12
  8021.74023  3.77742108E-12
  8024.47998  3.772527E-12
  8027.22021  3.79311903E-12
  8029.95996  3.81693245E-12
  8032.7002  3.81339361E-12
  8035.43994  3.80928188E-12
  8038.18018  3.81309654E-12
  8040.91992  3.81364428E-12
  8043.66016  3.81129546E-12
  8046.3999  3.81048448E-12
  8049.14014  3.80697166E-12
  8051.87988  3.77672416E-12
  8054.62012  3.76158393E-12
  8057.35986  3.8131256E-12
  8060.1001  3.83551177E-12
  8062.83984  3.79880459E-12
  8065.58008  3.80816342E-12
  8068.31982  3.8426172E-12
  8071.06006  3.84364285E-12
  8073.7998  3.82993724E-12
  8076.54004  3.80480456E-12
  8079.27979  3.78163213E-12
  8082.02002  3.76203626E-12
  8084.76025  3.76522598E-12
  8087.5  3.79788995E-12
  8090.24023  3.78878656E-12
  8092.97998  3.76281775E-12
  8095.72021  3.76045115E-12
  8098.45996  3.76901331E-12
  8101.2002  3.78946831E-12
  8103.93994  3.81181415E-12
  8106.68018  3.84280108E-12
  8109.41992  3.84150177E-12
  8112.16016  3.81566697E-12
  8114.8999  3.81491236E-12
  8117.64014  3.81811553E-12
  8120.37988  3.80141448E-12
  8123.12012  3.78957673E-12
  8125.85986  3.79649784E-12
  8128.6001  3.7972004E-12
  8131.33984  3.78733893E-12
  8134.08008  3.80819855E-12
  8136.81982  3.84050344E-12
  8139.56006  3.81193558E-12
  8142.2998  3.78871413E-12
  8145.04004  3.8526478E-12
  8147.77979  3.86769956E-12
  8150.52002  3.77766264E-12
  8153.26025  3.74532176E-12
  8156.  3.74887751E-12
  8158.74023  3.77233531E-12
  8161.47998  3.80249261E-12
  8164.22021  3.79613788E-12
  8166.95996  3.7843422E-12
  8169.7002  3.77621805E-12
  8172.43994  3.7747353E-12
  8175.18018  3.78439511E-12
  8177.91992  3.7771058E-12
  8180.66016  3.75967269E-12
  8183.3999  3.72778154E-12
  8186.14014  3.70887826E-12
  8188.87988  3.75507524E-12
  8191.62012  3.77953918E-12
  8194.36035  3.75479552E-12
  8197.09961  3.72824731E-12
  8199.83984  3.69348692E-12
  8202.58008  3.69402339E-12
  8205.32031  3.71127304E-12
  8208.05957  3.73001109E-12
  8210.7998  3.73607742E-12
  8213.54004  3.70066174E-12
  8216.28027  3.69719142E-12
  8219.01953  3.74451121E-12
  8221.75977  3.74738305E-12
  8224.5  3.73027E-12
  8227.24023  3.74899157E-12
  8229.98047  3.7641305E-12
  8232.71973  3.72746885E-12
  8235.45996  3.70164576E-12
  8238.2002  3.70449027E-12
  8240.94043  3.71779734E-12
  8243.67969  3.74469076E-12
  8246.41992  3.75699818E-12
  8249.16016  3.75816088E-12
  8251.90039  3.7284004E-12
  8254.63965  3.70377036E-12
  8257.37988  3.71463927E-12
  8260.12012  3.72167705E-12
  8262.86035  3.72427176E-12
  8265.59961  3.71440552E-12
  8268.33984  3.69576028E-12
  8271.08008  3.68423564E-12
  8273.82031  3.68295585E-12
  8276.55957  3.71481752E-12
  8279.2998  3.73279879E-12
  8282.04004  3.711136E-12
  8284.78027  3.70405963E-12
  8287.51953  3.70862412E-12
  8290.25977  3.71998569E-12
  8293.  3.73113996E-12
  8295.74023  3.70591838E-12
  8298.48047  3.68012218E-12
  8301.21973  3.68107194E-12
  8303.95996  3.67868323E-12
  8306.7002  3.66332225E-12
  8309.44043  3.6742367E-12
  8312.17969  3.70191638E-12
  8314.91992  3.6895014E-12
  8317.66016  3.66835859E-12
  8320.40039  3.67457627E-12
  8323.13965  3.67745417E-12
  8325.87988  3.66337126E-12
  8328.62012  3.65753044E-12
  8331.36035  3.65886141E-12
  8334.09961  3.66921771E-12
  8336.83984  3.68324121E-12
  8339.58008  3.67598747E-12
  8342.32031  3.66830351E-12
  8345.05957  3.68105416E-12
  8347.7998  3.68022886E-12
  8350.54004  3.65144633E-12
  8353.28027  3.64494459E-12
  8356.01953  3.65220311E-12
  8358.75977  3.65626279E-12
  8361.5  3.6531945E-12
  8364.24023  3.61084665E-12
  8366.98047  3.59199909E-12
  8369.71973  3.64363531E-12
  8372.45996  3.66783166E-12
  8375.2002  3.661264E-12
  8377.94043  3.66818902E-12
  8380.67969  3.67614706E-12
  8383.41992  3.66108099E-12
  8386.16016  3.64273932E-12
  8388.90039  3.63456986E-12
  8391.63965  3.63455208E-12
  8394.37988  3.64712037E-12
  8397.12012  3.65503201E-12
  8399.86035  3.66103675E-12
  8402.59961  3.64189408E-12
  8405.33984  3.62099066E-12
  8408.08008  3.647829E-12
  8410.82031  3.67715537E-12
  8413.55957  3.69692211E-12
  8416.2998  3.69006345E-12
  8419.04004  3.64559077E-12
  8421.78027  3.63343448E-12
  8424.51953  3.63708196E-12
  8427.25977  3.65054341E-12
  8430.  3.66333786E-12
  8432.74023  3.6586012E-12
  8435.48047  3.65069086E-12
  8438.21973  3.63380246E-12
  8440.95996  3.64657046E-12
  8443.7002  3.68636198E-12
  8446.44043  3.67729675E-12
  8449.17969  3.6575595E-12
  8451.91992  3.69268375E-12
  8454.66016  3.72413732E-12
  8457.40039  3.72138344E-12
  8460.13965  3.71373635E-12
  8462.87988  3.70470408E-12
  8465.62012  3.67399167E-12
  8468.36035  3.63024454E-12
  8471.09961  3.61576567E-12
  8473.83984  3.61229883E-12
  8476.58008  3.61442126E-12
  8479.32031  3.60849957E-12
  8482.05957  3.58682463E-12
  8484.7998  3.56464381E-12
  8487.54004  3.54034814E-12
  8490.28027  3.52202512E-12
  8493.01953  3.49862717E-12
  8495.75977  3.41975753E-12
  8498.5  3.37043284E-12
  8501.24023  3.41608361E-12
  8503.98047  3.48288043E-12
  8506.71973  3.58591368E-12
  8509.45996  3.63346376E-12
  8512.2002  3.64707613E-12
  8514.94043  3.63410929E-12
  8517.67969  3.61248423E-12
  8520.41992  3.6207478E-12
  8523.16016  3.61764937E-12
  8525.90039  3.59093397E-12
  8528.63965  3.55318856E-12
  8531.37988  3.50613332E-12
  8534.12012  3.42262265E-12
  8536.86035  3.30984827E-12
  8539.59961  3.12524485E-12
  8542.33984  3.01732706E-12
  8545.08008  3.13634643E-12
  8547.82031  3.29283541E-12
  8550.55957  3.51496349E-12
  8553.2998  3.59770612E-12
  8556.04004  3.58927341E-12
  8558.78027  3.58826055E-12
  8561.51953  3.58004468E-12
  8564.25977  3.58085913E-12
  8567.  3.58603555E-12
  8569.74023  3.59768096E-12
  8572.48047  3.60730564E-12
  8575.21973  3.61610459E-12
  8577.95996  3.61831528E-12
  8580.7002  3.61438678E-12
  8583.44043  3.5949453E-12
  8586.17969  3.57838021E-12
  8588.91992  3.58529569E-12
  8591.66016  3.58746171E-12
  8594.40039  3.57739749E-12
  8597.13965  3.57588395E-12
  8599.87988  3.57980247E-12
  8602.62012  3.59962884E-12
  8605.36035  3.62187038E-12
  8608.09961  3.62020288E-12
  8610.83984  3.61955106E-12
  8613.58008  3.63321959E-12
  8616.32031  3.63661596E-12
  8619.05957  3.62838535E-12
  8621.7998  3.62352357E-12
  8624.54004  3.6190237E-12
  8627.28027  3.61474999E-12
  8630.02051  3.61211343E-12
  8632.75977  3.61756198E-12
  8635.5  3.61134928E-12
  8638.24023  3.5810428E-12
  8640.98047  3.57212697E-12
  8643.71973  3.57831061E-12
  8646.45996  3.54394292E-12
  8649.2002  3.49620419E-12
  8651.94043  3.48423243E-12
  8654.67969  3.43555111E-12
  8657.41992  3.28578787E-12
  8660.16016  3.17824868E-12
  8662.90039  3.09248764E-12
  8665.63965  3.1752784E-12
  8668.37988  3.36364335E-12
  8671.12012  3.47887908E-12
  8673.86035  3.55467435E-12
  8676.59961  3.55866313E-12
  8679.33984  3.56156684E-12
  8682.08008  3.59450729E-12
  8684.82031  3.57107421E-12
  8687.55957  3.49731333E-12
  8690.2998  3.50872911E-12
  8693.04004  3.54650424E-12
  8695.78027  3.53000159E-12
  8698.52051  3.51972791E-12
  8701.25977  3.55066931E-12
  8704.  3.56811173E-12
  8706.74023  3.57019362E-12
  8709.48047  3.55784347E-12
  8712.21973  3.53571035E-12
  8714.95996  3.54274487E-12
  8717.7002  3.5561094E-12
  8720.44043  3.55886609E-12
  8723.17969  3.55652465E-12
  8725.91992  3.53832133E-12
  8728.66016  3.55530579E-12
  8731.40039  3.60622036E-12
  8734.13965  3.61902478E-12
  8736.87988  3.61154184E-12
  8739.62012  3.57754971E-12
  8742.36035  3.54996761E-12
  8745.09961  3.56633364E-12
  8747.83984  3.5570004E-12
  8750.58008  3.50283821E-12
  8753.32031  3.48473962E-12
  8756.05957  3.48531772E-12
  8758.7998  3.48596542E-12
  8761.54004  3.49978575E-12
  8764.28027  3.55699411E-12
  8767.02051  3.58883062E-12
  8769.75977  3.55775847E-12
  8772.5  3.54615621E-12
  8775.24023  3.5508521E-12
  8777.98047  3.53008399E-12
  8780.71973  3.50383763E-12
  8783.45996  3.53476992E-12
  8786.2002  3.53130806E-12
  8788.94043  3.36733831E-12
  8791.67969  3.32596342E-12
  8794.41992  3.49752215E-12
  8797.16016  3.55938412E-12
  8799.90039  3.57224363E-12
  8802.63965  3.54200978E-12
  8805.37988  3.49845196E-12
  8808.12012  3.50043085E-12
  8810.86035  3.5070254E-12
  8813.59961  3.50894726E-12
  8816.33984  3.50975325E-12
  8819.08008  3.51222979E-12
  8821.82031  3.48257512E-12
  8824.55957  3.443842E-12
  8827.2998  3.46484083E-12
  8830.04004  3.50863804E-12
  8832.78027  3.57494893E-12
  8835.52051  3.60516348E-12
  8838.25977  3.57864237E-12
  8841.  3.55369445E-12
  8843.74023  3.52159209E-12
  8846.48047  3.50606913E-12
  8849.21973  3.49800397E-12
  8851.95996  3.49026363E-12
  8854.7002  3.48840271E-12
  8857.44043  3.49806924E-12
  8860.17969  3.50132813E-12
  8862.91992  3.49680354E-12
  8865.66016  3.49900425E-12
  8868.40039  3.50585294E-12
  8871.13965  3.52811031E-12
  8873.87988  3.54562126E-12
  8876.62012  3.53441018E-12
  8879.36035  3.52447498E-12
  8882.09961  3.52380928E-12
  8884.83984  3.51222263E-12
  8887.58008  3.49240168E-12
  8890.32031  3.48110755E-12
  8893.05957  3.47336873E-12
  8895.7998  3.46573985E-12
  8898.54004  3.46330018E-12
  8901.28027  3.46947059E-12
  8904.02051  3.47842458E-12
  8906.75977  3.4902645E-12
  8909.5  3.50450636E-12
  8912.24023  3.5214596E-12
  8914.98047  3.54868175E-12
  8917.71973  3.56563997E-12
  8920.45996  3.53941247E-12
  8923.2002  3.52069979E-12
  8925.94043  3.51567061E-12
  8928.67969  3.54189703E-12
  8931.41992  3.59993675E-12
  8934.16016  3.55683733E-12
  8936.90039  3.47841352E-12
  8939.63965  3.4549683E-12
  8942.37988  3.44447517E-12
  8945.12012  3.4314693E-12
  8947.86035  3.4419312E-12
  8950.59961  3.4831452E-12
  8953.33984  3.51981942E-12
  8956.08008  3.55463315E-12
  8958.82031  3.53979454E-12
  8961.55957  3.51832691E-12
  8964.2998  3.54681453E-12
  8967.04004  3.55003787E-12
  8969.78027  3.49350106E-12
  8972.52051  3.46400664E-12
  8975.25977  3.45347535E-12
  8978.  3.44796782E-12
  8980.74023  3.4523712E-12
  8983.48047  3.4816722E-12
  8986.21973  3.50486805E-12
  8988.95996  3.49515772E-12
  8991.7002  3.49160609E-12
  8994.44043  3.50480365E-12
  8997.17969  3.48359145E-12
  8999.91992  3.44349115E-12
  9002.66016  3.44802355E-12
  9005.40039  3.46478727E-12
  9008.13965  3.46636457E-12
  9010.87988  3.47338954E-12
  9013.62012  3.50453976E-12
  9016.36035  3.49105185E-12
  9019.09961  3.43080122E-12
  9021.83984  3.42639762E-12
  9024.58008  3.44625435E-12
  9027.32031  3.46486099E-12
  9030.05957  3.48031565E-12
  9032.7998  3.48376536E-12
  9035.54004  3.48478212E-12
  9038.28027  3.47950163E-12
  9041.02051  3.49285596E-12
  9043.75977  3.51690226E-12
  9046.5  3.49333258E-12
  9049.24023  3.46434795E-12
  9051.98047  3.4914491E-12
  9054.71973  3.50331613E-12
  9057.45996  3.46412634E-12
  9060.2002  3.44557304E-12
  9062.94043  3.44548804E-12
  9065.67969  3.44892669E-12
  9068.41992  3.45426725E-12
  9071.16016  3.43820415E-12
  9073.90039  3.42441158E-12
  9076.63965  3.43496347E-12
  9079.37988  3.43900234E-12
  9082.12012  3.42986967E-12
  9084.86035  3.42483268E-12
  9087.59961  3.42122229E-12
  9090.33984  3.41855407E-12
  9093.08008  3.41888497E-12
  9095.82031  3.42794044E-12
  9098.55957  3.43733982E-12
  9101.2998  3.45285757E-12
  9104.04004  3.43500488E-12
  9106.78027  3.36896765E-12
  9109.52051  3.3923695E-12
  9112.25977  3.45758405E-12
  9115.  3.47929086E-12
  9117.74023  3.48643944E-12
  9120.48047  3.48117173E-12
  9123.21973  3.47757088E-12
  9125.95996  3.48024322E-12
  9128.7002  3.48012634E-12
  9131.44043  3.47839075E-12
  9134.17969  3.46056864E-12
  9136.91992  3.4371477E-12
  9139.66016  3.4272704E-12
  9142.40039  3.41144539E-12
  9145.13965  3.37693545E-12
  9147.87988  3.34777475E-12
  9150.62012  3.31624116E-12
  9153.36035  3.33905364E-12
  9156.09961  3.39262928E-12
  9158.83984  3.41077253E-12
  9161.58008  3.4160784E-12
  9164.32031  3.40964583E-12
  9167.05957  3.4081351E-12
  9169.7998  3.42209724E-12
  9172.54004  3.4177587E-12
  9175.28027  3.3983582E-12
  9178.02051  3.41112837E-12
  9180.75977  3.43082247E-12
  9183.5  3.41583966E-12
  9186.24023  3.4005665E-12
  9188.98047  3.40186885E-12
  9191.71973  3.40160539E-12
  9194.45996  3.39719962E-12
  9197.2002  3.4071385E-12
  9199.94043  3.42168611E-12
  9202.67969  3.38756952E-12
  9205.41992  3.33981323E-12
  9208.16016  3.29660865E-12
  9210.90039  3.28277011E-12
  9213.63965  3.32093597E-12
  9216.37988  3.34474961E-12
  9219.12012  3.36077412E-12
  9221.86035  3.38836186E-12
  9224.59961  3.40653894E-12
  9227.33984  3.34949559E-12
  9230.08008  3.29263873E-12
  9232.82031  3.27715394E-12
  9235.55957  3.28162606E-12
  9238.2998  3.31096262E-12
  9241.04004  3.34072158E-12
  9243.78027  3.37366766E-12
  9246.52051  3.37783621E-12
  9249.25977  3.37495201E-12
  9252.  3.39127684E-12
  9254.74023  3.39611412E-12
  9257.48047  3.37377327E-12
  9260.21973  3.36381617E-12
  9262.95996  3.36498863E-12
  9265.7002  3.34789444E-12
  9268.44043  3.32527669E-12
  9271.17969  3.31895297E-12
  9273.91992  3.31876518E-12
  9276.66016  3.32383752E-12
  9279.40039  3.32586562E-12
  9282.13965  3.32063717E-12
  9284.87988  3.32769207E-12
  9287.62012  3.34098634E-12
  9290.36035  3.31888315E-12
  9293.09961  3.28787084E-12
  9295.83984  3.27458395E-12
  9298.58008  3.26912629E-12
  9301.32031  3.27011009E-12
  9304.05957  3.28173296E-12
  9306.7998  3.30700896E-12
  9309.54004  3.31133189E-12
  9312.28027  3.30748623E-12
  9315.02051  3.31606617E-12
  9317.75977  3.32729786E-12
  9320.5  3.33900095E-12
  9323.24023  3.34648325E-12
  9325.98047  3.35277205E-12
  9328.71973  3.3362577E-12
  9331.45996  3.30295166E-12
  9334.2002  3.32115672E-12
  9336.94043  3.35122425E-12
  9339.67969  3.34484437E-12
  9342.41992  3.3370444E-12
  9345.16016  3.34425131E-12
  9347.90039  3.33190441E-12
  9350.63965  3.29464689E-12
  9353.37988  3.28937463E-12
  9356.12012  3.29693261E-12
  9358.86035  3.28547736E-12
  9361.59961  3.26441825E-12
  9364.33984  3.22396385E-12
  9367.08008  3.20522406E-12
  9369.82031  3.22204893E-12
  9372.55957  3.24025745E-12
  9375.2998  3.2646223E-12
  9378.04004  3.26886782E-12
  9380.78027  3.26877718E-12
  9383.52051  3.28862501E-12
  9386.25977  3.30586621E-12
  9389.  3.31501081E-12
  9391.74023  3.30696603E-12
  9394.48047  3.27286006E-12
  9397.21973  3.27789662E-12
  9399.95996  3.30183342E-12
  9402.7002  3.30922551E-12
  9405.44043  3.31129763E-12
  9408.17969  3.31317395E-12
  9410.91992  3.30290938E-12
  9413.66016  3.26447918E-12
  9416.40039  3.26417214E-12
  9419.13965  3.29416247E-12
  9421.87988  3.29677735E-12
  9424.62012  3.28550403E-12
  9427.36035  3.25212903E-12
  9430.09961  3.22515517E-12
  9432.83984  3.22342999E-12
  9435.58008  3.22832386E-12
  9438.32031  3.24342766E-12
  9441.05957  3.24545642E-12
  9443.7998  3.24127292E-12
  9446.54004  3.2463305E-12
  9449.28027  3.24737004E-12
  9452.02051  3.21850294E-12
  9454.75977  3.21680725E-12
  9457.5  3.28440422E-12
  9460.24023  3.28233643E-12
  9462.98047  3.22051804E-12
  9465.71973  3.22033502E-12
  9468.45996  3.24181177E-12
  9471.2002  3.25689887E-12
  9473.94043  3.25574832E-12
  9476.67969  3.20698047E-12
  9479.41992  3.19389133E-12
  9482.16016  3.23645342E-12
  9484.90039  3.24716144E-12
  9487.63965  3.24325484E-12
  9490.37988  3.21272501E-12
  9493.12012  3.18741669E-12
  9495.86035  3.2260466E-12
  9498.59961  3.24934762E-12
  9501.33984  3.2219854E-12
  9504.08008  3.21946202E-12
  9506.82031  3.23609499E-12
  9509.55957  3.26905647E-12
  9512.2998  3.30793878E-12
  9515.04004  3.31299918E-12
  9517.78027  3.31351027E-12
  9520.52051  3.33097916E-12
  9523.25977  3.33068837E-12
  9526.  3.29731294E-12
  9528.74023  3.29856563E-12
  9531.48047  3.31704239E-12
  9534.21973  3.28630244E-12
  9536.95996  3.24433492E-12
  9539.7002  3.2304992E-12
  9542.44043  3.21525467E-12
  9545.17969  3.18720007E-12
  9547.91992  3.16911059E-12
  9550.66016  3.16004427E-12
  9553.40039  3.15478026E-12
  9556.13965  3.15533168E-12
  9558.87988  3.16524996E-12
  9561.62012  3.18435838E-12
  9564.36035  3.22290849E-12
  9567.09961  3.24301523E-12
  9569.83984  3.23669412E-12
  9572.58008  3.22096104E-12
  9575.32031  3.19414352E-12
  9578.05957  3.18056714E-12
  9580.7998  3.17170856E-12
  9583.54004  3.16268366E-12
  9586.28027  3.15608282E-12
  9589.02051  3.15022596E-12
  9591.75977  3.15459226E-12
  9594.5  3.17047495E-12
  9597.24023  3.18364237E-12
  9599.98047  3.19727664E-12
  9602.71973  3.21650128E-12
  9605.45996  3.22659391E-12
  9608.2002  3.19826891E-12
  9610.94043  3.19891683E-12
  9613.67969  3.2561872E-12
  9616.41992  3.28401846E-12
  9619.16016  3.29561205E-12
  9621.90039  3.28481101E-12
  9624.63965  3.26406025E-12
  9627.37988  3.25916442E-12
  9630.12012  3.25015514E-12
  9632.86035  3.23246313E-12
  9635.59961  3.19953265E-12
  9638.33984  3.14199296E-12
  9641.08008  3.12991625E-12
  9643.82031  3.14141681E-12
  9646.55957  3.14135783E-12
  9649.2998  3.1353726E-12
  9652.04004  3.11352506E-12
  9654.78027  3.09999964E-12
  9657.52051  3.09904446E-12
  9660.25977  3.11172225E-12
  9663.  3.13803801E-12
  9665.74023  3.15236682E-12
  9668.48047  3.15733442E-12
  9671.21973  3.13796125E-12
  9673.95996  3.12002442E-12
  9676.7002  3.11820014E-12
  9679.44043  3.11922753E-12
  9682.17969  3.12011506E-12
  9684.91992  3.14069452E-12
  9687.66016  3.17372474E-12
  9690.40039  3.19953005E-12
  9693.13965  3.21778802E-12
  9695.87988  3.2224657E-12
  9698.62012  3.21336035E-12
  9701.36035  3.17947448E-12
  9704.09961  3.16896314E-12
  9706.83984  3.17727246E-12
  9709.58008  3.17790087E-12
  9712.32031  3.17378892E-12
  9715.05957  3.15281763E-12
  9717.7998  3.1308569E-12
  9720.54004  3.11693423E-12
  9723.28027  3.1052372E-12
  9726.02051  3.09629579E-12
  9728.75977  3.0861598E-12
  9731.5  3.07636577E-12
  9734.24023  3.07122253E-12
  9736.98047  3.07458529E-12
  9739.71973  3.10120614E-12
  9742.45996  3.11985594E-12
  9745.2002  3.11633813E-12
  9747.94043  3.11985637E-12
  9750.67969  3.12944614E-12
  9753.41992  3.12215206E-12
  9756.16016  3.10693051E-12
  9758.90039  3.09504852E-12
  9761.63965  3.0855212E-12
  9764.37988  3.08165602E-12
  9767.12012  3.07608496E-12
  9769.86035  3.06575837E-12
  9772.59961  3.06121383E-12
  9775.33984  3.06189839E-12
  9778.08008  3.09968392E-12
  9780.82031  3.14055162E-12
  9783.55957  3.13300969E-12
  9786.2998  3.12849898E-12
  9789.04004  3.1450181E-12
  9791.78027  3.15723359E-12
  9794.52051  3.16516691E-12
  9797.25977  3.1906242E-12
  9800.  3.21554068E-12
  9802.74023  3.17944434E-12
  9805.48047  3.13313611E-12
  9808.21973  3.11145684E-12
  9810.95996  3.0823896E-12
  9813.7002  3.03285652E-12
  9816.44043  3.01188414E-12
  9819.17969  3.01155758E-12
  9821.91992  3.07620249E-12
  9824.66016  3.14801809E-12
  9827.40039  3.12263973E-12
  9830.13965  3.10157E-12
  9832.87988  3.12319875E-12
  9835.62012  3.14437625E-12
  9838.36035  3.17006339E-12
  9841.09961  3.16928927E-12
  9843.83984  3.15257672E-12
  9846.58008  3.12777733E-12
  9849.32031  3.11123805E-12
  9852.05957  3.13077212E-12
  9854.7998  3.14107442E-12
  9857.54004  3.12795016E-12
  9860.28027  3.13247475E-12
  9863.02051  3.14833207E-12
  9865.75977  3.17662975E-12
  9868.5  3.1987388E-12
  9871.24023  3.16398253E-12
  9873.98047  3.13204952E-12
  9876.71973  3.13856471E-12
  9879.45996  3.11898792E-12
  9882.2002  3.06315455E-12
  9884.94043  3.056027E-12
  9887.67969  3.07277663E-12
  9890.41992  3.08217319E-12
  9893.16016  3.07799597E-12
  9895.90039  3.01348486E-12
  9898.63965  3.01294124E-12
  9901.37988  3.15224409E-12
  9904.12012  3.17398256E-12
  9906.86035  3.11196013E-12
  9909.59961  3.09711501E-12
  9912.33984  3.09114605E-12
  9915.08008  3.06740809E-12
  9917.82031  3.0591263E-12
  9920.55957  3.09734877E-12
  9923.2998  3.10827991E-12
  9926.04004  3.07862828E-12
  9928.78027  3.09278601E-12
  9931.52051  3.12654221E-12
  9934.25977  3.13267619E-12
  9937.  3.12505859E-12
  9939.74023  3.09353953E-12
  9942.48047  3.08314138E-12
  9945.21973  3.12056891E-12
  9947.95996  3.12752341E-12
  9950.7002  3.11053809E-12
  9953.44043  3.13981046E-12
  9956.17969  3.17546683E-12
  9958.91992  3.14544419E-12
  9961.66016  3.09874934E-12
  9964.40039  3.0468308E-12
  9967.13965  3.01310366E-12
  9969.87988  3.00166576E-12
  9972.62012  2.9965364E-12
  9975.36035  2.99984798E-12
  9978.09961  3.00369668E-12
  9980.83984  3.01172477E-12
  9983.58008  3.0259959E-12
  9986.32031  3.0463995E-12
  9989.05957  3.08118787E-12
  9991.7998  3.09143228E-12
  9994.54004  3.07587636E-12
  9997.28027  3.12262781E-12
  10000.0205  3.18749606E-12
  10002.7598  3.19615081E-12
  10005.5  3.17109121E-12
  10008.2402  3.09561036E-12
  10010.9805  3.04195124E-12
  10013.7197  3.02241392E-12
  10016.46  3.00085824E-12
  10019.2002  2.98255387E-12
  10021.9404  2.94289159E-12
  10024.6797  2.91559875E-12
  10027.4199  2.96464524E-12
  10030.1602  2.9985838E-12
  10032.9004  2.9764548E-12
  10035.6396  2.97120878E-12
  10038.3799  2.97795751E-12
  10041.1201  3.00138863E-12
  10043.8604  3.03380476E-12
  10046.5996  3.05319962E-12
  10049.3398  3.06606585E-12
  10052.0801  3.07360214E-12
  10054.8203  3.07257865E-12
  10057.5596  3.06247345E-12
  10060.2998  3.04127014E-12
  10063.04  3.01115556E-12
  10065.7803  3.01855264E-12
  10068.5205  3.034292E-12
  10071.2598  3.01828896E-12
  10074.  3.01297312E-12
  10076.7402  3.04275637E-12
  10079.4805  3.05288498E-12
  10082.2197  3.04046632E-12
  10084.96  3.05910874E-12
  10087.7002  3.08634607E-12
  10090.4404  3.06631868E-12
  10093.1797  3.03995002E-12
  10095.9199  3.03388044E-12
  10098.6602  3.03148262E-12
  10101.4004  3.03724819E-12
  10104.1396  3.02146936E-12
  10106.8799  2.99024152E-12
  10109.6201  3.00828069E-12
  10112.3604  3.03817496E-12
  10115.0996  3.04109038E-12
  10117.8398  3.01528854E-12
  10120.5801  2.92384975E-12
  10123.3203  2.89947298E-12
  10126.0596  2.95427897E-12
  10128.7998  2.97631429E-12
  10131.54  2.98792826E-12
  10134.2803  2.97872014E-12
  10137.0205  2.96827688E-12
  10139.7598  2.98589994E-12
  10142.5  2.98197881E-12
  10145.2402  2.92780058E-12
  10147.9805  2.92218571E-12
  10150.7197  2.95145592E-12
  10153.46  2.99600861E-12
  10156.2002  3.0286381E-12
  10158.9404  2.94532801E-12
  10161.6797  2.88025333E-12
  10164.4199  2.93004965E-12
  10167.1602  2.91372395E-12
  10169.9004  2.78968775E-12
  10172.6396  2.83584354E-12
  10175.3799  2.96656037E-12
  10178.1201  2.99494717E-12
  10180.8604  2.98915341E-12
  10183.5996  2.961387E-12
  10186.3398  2.94648876E-12
  10189.0801  3.29655183E-12
  10191.8203  2.3288281E-12
  10194.5596  1.46940375E-13
  10197.2998 -2.73723616E-13
  10200.04  0.
  10202.7803  0.
  10205.5205  0.
