#*HD029574
#*
#*  Heap-Lindler STIS
#set .z.units = "Ergs/s/cm**2/A"
#set .z.label = "Flux"
#set .table.bandwidth = 2.74
#*
  2950.  1.59701777E-14
  2952.73999  1.77292127E-14
  2955.47998  1.88039163E-14
  2958.21997  2.05367322E-14
  2960.95996  1.9835001E-14
  2963.69995  1.90144124E-14
  2966.43994  1.5172149E-14
  2969.17993  1.53914001E-14
  2971.91992  1.76685415E-14
  2974.65991  2.10552655E-14
  2977.3999  2.23131145E-14
  2980.13989  1.90379888E-14
  2982.87988  1.58333226E-14
  2985.62012  1.67378522E-14
  2988.36011  2.18119183E-14
  2991.1001  2.42072614E-14
  2993.84009  2.41982473E-14
  2996.58008  2.41907426E-14
  2999.32007  1.77178879E-14
  3002.06006  2.06015963E-14
  3004.80005  2.28933371E-14
  3007.54004  2.17139895E-14
  3010.28003  2.83894917E-14
  3013.02002  2.34339949E-14
  3015.76001  2.3083513E-14
  3018.5  1.98880371E-14
  3021.23999  1.66498607E-14
  3023.97998  2.50512722E-14
  3026.71997  2.92647647E-14
  3029.45996  2.76807962E-14
  3032.19995  2.94464092E-14
  3034.93994  3.08480116E-14
  3037.67993  2.59837928E-14
  3040.41992  2.87011761E-14
  3043.15991  2.87328517E-14
  3045.8999  2.92954747E-14
  3048.63989  2.9183768E-14
  3051.37988  3.25170121E-14
  3054.12012  2.81051935E-14
  3056.86011  2.5178588E-14
  3059.6001  2.25472073E-14
  3062.34009  2.31401981E-14
  3065.08008  2.19702508E-14
  3067.82007  1.66251781E-14
  3070.56006  2.43003436E-14
  3073.30005  2.69270063E-14
  3076.04004  2.93634949E-14
  3078.78003  3.57732981E-14
  3081.52002  3.04664741E-14
  3084.26001  2.42608244E-14
  3087.  2.74918875E-14
  3089.73999  2.33084392E-14
  3092.47998  2.25630129E-14
  3095.21997  2.36842626E-14
  3097.95996  2.09548192E-14
  3100.69995  2.28745212E-14
  3103.43994  3.14584005E-14
  3106.17993  3.4589905E-14
  3108.91992  3.29409114E-14
  3111.65991  3.4107601E-14
  3114.3999  3.52052575E-14
  3117.13989  3.32251452E-14
  3119.87988  2.66511327E-14
  3122.62012  2.46905835E-14
  3125.36011  2.81637455E-14
  3128.1001  2.49994524E-14
  3130.84009  2.63549745E-14
  3133.58008  3.50914976E-14
  3136.32007  2.85279138E-14
  3139.06006  3.55164269E-14
  3141.80005  3.5723784E-14
  3144.54004  2.64654411E-14
  3147.28003  3.34389363E-14
  3150.02002  3.7950515E-14
  3152.76001  3.62367878E-14
  3155.5  3.97205597E-14
  3158.23999  3.50299691E-14
  3160.97998  3.06195465E-14
  3163.71997  3.60945811E-14
  3166.45996  3.95171702E-14
  3169.19995  4.06184384E-14
  3171.93994  5.08508945E-14
  3174.67993  4.7845337E-14
  3177.41992  5.03723955E-14
  3180.15991  4.28087809E-14
  3182.8999  3.31992463E-14
  3185.63989  3.63175269E-14
  3188.37988  4.34080465E-14
  3191.12012  3.77170693E-14
  3193.86011  4.12024134E-14
  3196.6001  4.5130959E-14
  3199.34009  5.00802978E-14
  3202.08008  5.58634288E-14
  3204.82007  5.76865284E-14
  3207.56006  5.26424912E-14
  3210.30005  4.90490217E-14
  3213.04004  4.29029709E-14
  3215.78003  4.23553032E-14
  3218.52002  5.00022116E-14
  3221.26001  4.69244496E-14
  3224.  4.56808189E-14
  3226.73999  4.33191047E-14
  3229.47998  3.88689359E-14
  3232.21997  4.64734317E-14
  3234.95996  4.21965251E-14
  3237.69995  4.62489205E-14
  3240.43994  5.39893854E-14
  3243.17993  5.6659999E-14
  3245.91992  5.32255887E-14
  3248.65991  5.46930055E-14
  3251.3999  5.43296317E-14
  3254.13989  6.11367985E-14
  3256.87988  7.59040048E-14
  3259.62012  7.80553058E-14
  3262.36011  6.84505824E-14
  3265.1001  6.91418087E-14
  3267.84009  7.17043409E-14
  3270.58008  7.4081217E-14
  3273.32007  7.06979099E-14
  3276.06006  6.77293643E-14
  3278.80005  6.91147037E-14
  3281.54004  7.1261695E-14
  3284.28003  6.96142905E-14
  3287.02002  7.04126834E-14
  3289.76001  7.81914477E-14
  3292.5  9.06092828E-14
  3295.23999  9.34636822E-14
  3297.97998  8.22921104E-14
  3300.71997  8.22749461E-14
  3303.45996  7.97068236E-14
  3306.19995  7.39539926E-14
  3308.93994  7.44235267E-14
  3311.67993  7.32367929E-14
  3314.41992  7.52297665E-14
  3317.15991  7.85761023E-14
  3319.8999  7.51412753E-14
  3322.63989  7.50757421E-14
  3325.37988  8.05044711E-14
  3328.12012  7.53294386E-14
  3330.86011  7.4902988E-14
  3333.6001  7.59902869E-14
  3336.34009  6.50614003E-14
  3339.08008  7.03933914E-14
  3341.82007  7.51737201E-14
  3344.56006  7.84790256E-14
  3347.30005  8.06256104E-14
  3350.04004  7.87781705E-14
  3352.78003  8.21547691E-14
  3355.52002  8.22575786E-14
  3358.26001  6.38354387E-14
  3361.  5.1497428E-14
  3363.73999  6.74690135E-14
  3366.47998  7.24952054E-14
  3369.21997  6.08988093E-14
  3371.95996  5.88325707E-14
  3374.69995  6.72799896E-14
  3377.43994  8.04294036E-14
  3380.17993  7.52692857E-14
  3382.91992  7.48998574E-14
  3385.65991  7.26026363E-14
  3388.3999  7.80101827E-14
  3391.13989  7.81357468E-14
  3393.87988  7.91318779E-14
  3396.62012  9.46442767E-14
  3399.36011  1.07373434E-13
  3402.1001  1.08740951E-13
  3404.84009  9.54090255E-14
  3407.58008  9.30905946E-14
  3410.32007  9.1839283E-14
  3413.06006  9.07402883E-14
  3415.80005  9.49756292E-14
  3418.54004  1.05985946E-13
  3421.28003  1.09790296E-13
  3424.02002  1.07661831E-13
  3426.76001  1.11021008E-13
  3429.5  1.22960222E-13
  3432.23999  1.13651215E-13
  3434.97998  1.15661644E-13
  3437.71997  1.15203081E-13
  3440.45996  9.95210384E-14
  3443.19995  9.13748244E-14
  3445.93994  1.1002483E-13
  3448.67993  1.26549419E-13
  3451.41992  1.2275875E-13
  3454.15991  1.19927451E-13
  3456.8999  1.25161749E-13
  3459.63989  1.19369372E-13
  3462.37988  1.23523587E-13
  3465.12012  1.29095058E-13
  3467.86011  1.3037771E-13
  3470.6001  1.35377983E-13
  3473.34009  1.19898937E-13
  3476.08008  1.04327042E-13
  3478.82007  1.23437732E-13
  3481.56006  1.29186104E-13
  3484.30005  1.25964817E-13
  3487.04004  1.42804049E-13
  3489.78003  1.31006168E-13
  3492.52002  1.2521295E-13
  3495.26001  1.22427676E-13
  3498.  1.24315448E-13
  3500.73999  1.45344443E-13
  3503.47998  1.60028674E-13
  3506.21997  1.41013462E-13
  3508.95996  1.51106355E-13
  3511.69995  1.40318963E-13
  3514.43994  1.3536855E-13
  3517.17993  1.55680034E-13
  3519.91992  1.48363987E-13
  3522.65991  1.27685812E-13
  3525.3999  1.2590745E-13
  3528.13989  1.34803261E-13
  3530.87988  1.50624996E-13
  3533.62012  1.62389077E-13
  3536.36011  1.64037539E-13
  3539.1001  1.73619542E-13
  3541.84009  1.7689886E-13
  3544.58008  1.79792555E-13
  3547.32007  1.7349292E-13
  3550.06006  1.69802947E-13
  3552.80005  1.61890656E-13
  3555.54004  1.71168919E-13
  3558.28003  1.78074027E-13
  3561.02002  1.6665212E-13
  3563.76001  1.69456395E-13
  3566.5  1.44079572E-13
  3569.23999  1.43195162E-13
  3571.97998  1.46481988E-13
  3574.71997  1.49518039E-13
  3577.45996  1.53697489E-13
  3580.19995  1.52135425E-13
  3582.93994  1.42668375E-13
  3585.67993  1.28834375E-13
  3588.41992  1.30089407E-13
  3591.15991  1.49636624E-13
  3593.8999  1.73344967E-13
  3596.63989  1.87627325E-13
  3599.37988  1.90577128E-13
  3602.12012  1.83277493E-13
  3604.86011  1.79909215E-13
  3607.6001  1.7640586E-13
  3610.34009  1.55940243E-13
  3613.08008  1.65897827E-13
  3615.82007  1.80320331E-13
  3618.56006  1.67945708E-13
  3621.30005  1.77544286E-13
  3624.04004  1.96252167E-13
  3626.78003  2.07887798E-13
  3629.52002  1.96640095E-13
  3632.26001  1.71533144E-13
  3635.  1.7450238E-13
  3637.73999  1.98892674E-13
  3640.47998  2.10974386E-13
  3643.21997  1.95052443E-13
  3645.95996  1.88131669E-13
  3648.69995  1.87906263E-13
  3651.43994  1.93868942E-13
  3654.17993  2.07036509E-13
  3656.91992  2.18681627E-13
  3659.65991  2.22932173E-13
  3662.3999  2.20801676E-13
  3665.13989  2.23034387E-13
  3667.87988  2.20178341E-13
  3670.62012  2.1031389E-13
  3673.36011  2.30613814E-13
  3676.1001  2.31115284E-13
  3678.84009  2.21897696E-13
  3681.58008  2.25414143E-13
  3684.32007  2.24805146E-13
  3687.06006  2.14709313E-13
  3689.80005  2.21950008E-13
  3692.54004  2.450385E-13
  3695.28003  2.48957593E-13
  3698.02002  2.56208764E-13
  3700.76001  2.6615659E-13
  3703.5  2.40226242E-13
  3706.23999  2.05021438E-13
  3708.97998  2.11073102E-13
  3711.71997  2.42467775E-13
  3714.45996  2.72625482E-13
  3717.19995  2.57267759E-13
  3719.93994  2.17296192E-13
  3722.67993  2.07865612E-13
  3725.41992  2.44173903E-13
  3728.15991  2.37027899E-13
  3730.8999  2.3083472E-13
  3733.63989  2.00314632E-13
  3736.37988  1.90575691E-13
  3739.12012  2.19148457E-13
  3741.86011  2.30824745E-13
  3744.6001  2.17156371E-13
  3747.34009  1.94511169E-13
  3750.08008  2.00816414E-13
  3752.82007  2.4192787E-13
  3755.56006  2.71962601E-13
  3758.30005  2.31780876E-13
  3761.04004  2.3883372E-13
  3763.78003  2.60635751E-13
  3766.52002  2.6497874E-13
  3769.26001  2.74337329E-13
  3772.  2.82770579E-13
  3774.73999  2.92409787E-13
  3777.47998  2.85998113E-13
  3780.21997  3.07333206E-13
  3782.95996  3.11774017E-13
  3785.69995  2.94049019E-13
  3788.43994  2.58984295E-13
  3791.17993  2.64767646E-13
  3793.91992  2.57783432E-13
  3796.65991  2.47101168E-13
  3799.3999  2.52471682E-13
  3802.13989  3.05818657E-13
  3804.87988  3.18506316E-13
  3807.62012  3.05344807E-13
  3810.36011  3.10260389E-13
  3813.1001  2.91896688E-13
  3815.84009  2.68358632E-13
  3818.58008  2.64906695E-13
  3821.32007  2.47991948E-13
  3824.06006  2.47153182E-13
  3826.80005  2.35665789E-13
  3829.54004  2.48443193E-13
  3832.28003  2.43026221E-13
  3835.02002  2.35257424E-13
  3837.76001  2.46232695E-13
  3840.5  2.55976148E-13
  3843.23999  2.86610579E-13
  3845.97998  2.98767494E-13
  3848.71997  2.94221787E-13
  3851.45996  2.92735291E-13
  3854.19995  3.03254112E-13
  3856.93994  2.8722215E-13
  3859.67993  2.68814593E-13
  3862.41992  2.99642879E-13
  3865.15991  3.19453692E-13
  3867.8999  3.18876192E-13
  3870.63989  2.95331874E-13
  3873.37988  2.76123959E-13
  3876.12012  2.9382627E-13
  3878.86011  2.8727674E-13
  3881.6001  2.82701705E-13
  3884.34009  2.85978381E-13
  3887.08008  2.83585004E-13
  3889.82007  2.90680972E-13
  3892.56006  3.182106E-13
  3895.30005  3.14239845E-13
  3898.04004  3.16136359E-13
  3900.78003  3.23415394E-13
  3903.52002  3.23498064E-13
  3906.26001  3.0456559E-13
  3909.  3.2823367E-13
  3911.73999  3.4574592E-13
  3914.47998  3.382131E-13
  3917.21997  3.19684763E-13
  3919.95996  2.90464565E-13
  3922.69995  2.76679694E-13
  3925.43994  2.51084228E-13
  3928.17993  1.82546401E-13
  3930.91992  1.14827351E-13
  3933.65991  8.44255357E-14
  3936.3999  1.0848264E-13
  3939.13989  1.73245885E-13
  3941.87988  2.31749488E-13
  3944.62012  2.77190759E-13
  3947.36011  3.06976639E-13
  3950.1001  3.22581886E-13
  3952.84009  3.37839864E-13
  3955.58008  3.44632282E-13
  3958.32007  3.37992194E-13
  3961.06006  2.98928498E-13
  3963.80005  2.21147726E-13
  3966.54004  1.40469342E-13
  3969.28003  1.17284397E-13
  3972.02002  1.77298714E-13
  3974.76001  2.74921443E-13
  3977.5  3.47277518E-13
  3980.23999  3.89516842E-13
  3982.97998  4.01019116E-13
  3985.71997  4.32754174E-13
  3988.45996  4.42938194E-13
  3991.19995  4.51573186E-13
  3993.93994  4.45784143E-13
  3996.67993  4.18084675E-13
  3999.41992  4.43244671E-13
  4002.15991  4.78256052E-13
  4004.8999  4.57591267E-13
  4007.63989  4.68213901E-13
  4010.37988  4.83077554E-13
  4013.12012  4.96071662E-13
  4015.86011  5.14805321E-13
  4018.6001  5.09075258E-13
  4021.34009  4.97208394E-13
  4024.08008  4.98003982E-13
  4026.82007  5.237746E-13
  4029.56006  5.02434791E-13
  4032.30005  4.76380979E-13
  4035.04004  5.09038992E-13
  4037.78003  5.44649612E-13
  4040.52002  5.36142853E-13
  4043.26001  5.05345982E-13
  4046.  4.92295495E-13
  4048.73999  5.26279107E-13
  4051.47998  5.4026602E-13
  4054.21997  5.33676076E-13
  4056.95996  5.2544026E-13
  4059.69995  5.37990605E-13
  4062.43994  5.15542036E-13
  4065.17993  5.17097162E-13
  4067.91992  5.31445385E-13
  4070.65991  5.39938266E-13
  4073.3999  5.30931256E-13
  4076.13989  4.91514652E-13
  4078.87988  4.98139344E-13
  4081.62012  5.3823802E-13
  4084.36011  5.47815916E-13
  4087.1001  5.77069967E-13
  4089.84009  6.06784425E-13
  4092.58008  6.09590015E-13
  4095.32007  5.85219969E-13
  4098.06006  5.57221044E-13
  4100.7998  5.05240164E-13
  4103.54004  5.25356126E-13
  4106.27979  5.66647478E-13
  4109.02002  5.68304735E-13
  4111.75977  5.71479441E-13
  4114.5  5.91755919E-13
  4117.24023  5.82593435E-13
  4119.97998  5.67418942E-13
  4122.72021  5.73003071E-13
  4125.45996  5.87800641E-13
  4128.2002  5.68384641E-13
  4130.93994  5.5056323E-13
  4133.68018  5.4597364E-13
  4136.41992  5.85608439E-13
  4139.16016  6.15021868E-13
  4141.8999  5.65971694E-13
  4144.64014  5.63344781E-13
  4147.37988  5.93595377E-13
  4150.12012  5.91978615E-13
  4152.85986  5.84815724E-13
  4155.6001  5.91047827E-13
  4158.33984  6.2278443E-13
  4161.08008  6.44845397E-13
  4163.81982  6.4638079E-13
  4166.56006  6.42073471E-13
  4169.2998  6.23244078E-13
  4172.04004  5.70207293E-13
  4174.77979  5.66491515E-13
  4177.52002  5.87279411E-13
  4180.25977  6.14947817E-13
  4183.  6.27113866E-13
  4185.74023  6.25657349E-13
  4188.47998  6.19438582E-13
  4191.22021  6.24555258E-13
  4193.95996  6.40589198E-13
  4196.7002  6.0962124E-13
  4199.43994  5.80174147E-13
  4202.18018  5.82156393E-13
  4204.91992  5.91593885E-13
  4207.66016  6.29138885E-13
  4210.3999  6.5952338E-13
  4213.14014  6.59956898E-13
  4215.87988  6.44242309E-13
  4218.62012  6.59807224E-13
  4221.35986  6.62274326E-13
  4224.1001  6.01390953E-13
  4226.83984  5.80822825E-13
  4229.58008  6.37464311E-13
  4232.31982  6.51414578E-13
  4235.06006  6.31562131E-13
  4237.7998  6.37559504E-13
  4240.54004  6.73778307E-13
  4243.27979  6.89269984E-13
  4246.02002  6.6175727E-13
  4248.75977  6.41174559E-13
  4251.5  6.61471529E-13
  4254.24023  6.73424858E-13
  4256.97998  6.75375554E-13
  4259.72021  6.64103484E-13
  4262.45996  6.9584128E-13
  4265.2002  7.32234477E-13
  4267.93994  7.09561045E-13
  4270.68018  6.59069045E-13
  4273.41992  6.53248831E-13
  4276.16016  6.98970124E-13
  4278.8999  7.00147243E-13
  4281.64014  6.85005709E-13
  4284.37988  6.72099583E-13
  4287.12012  6.28668938E-13
  4289.85986  6.34485737E-13
  4292.6001  6.42924624E-13
  4295.33984  6.22307002E-13
  4298.08008  5.7357553E-13
  4300.81982  5.34951423E-13
  4303.56006  5.49075867E-13
  4306.2998  5.56521355E-13
  4309.04004  5.62153568E-13
  4311.77979  6.02049226E-13
  4314.52002  6.69667934E-13
  4317.25977  7.46330298E-13
  4320.  7.61708676E-13
  4322.74023  7.22393228E-13
  4325.47998  7.11853699E-13
  4328.22021  7.52033147E-13
  4330.95996  7.84031097E-13
  4333.7002  7.88552112E-13
  4336.43994  7.35343427E-13
  4339.18018  6.5964416E-13
  4341.91992  6.9512305E-13
  4344.66016  7.65765381E-13
  4347.3999  7.97982774E-13
  4350.14014  7.66987222E-13
  4352.87988  7.66488435E-13
  4355.62012  8.02511107E-13
  4358.35986  8.01813965E-13
  4361.1001  8.15919977E-13
  4363.83984  8.40673288E-13
  4366.58008  8.18517942E-13
  4369.31982  7.98617357E-13
  4372.06006  7.7780691E-13
  4374.7998  7.61027688E-13
  4377.54004  7.97660278E-13
  4380.27979  8.02391356E-13
  4383.02002  7.4002962E-13
  4385.75977  7.40604843E-13
  4388.5  7.75869711E-13
  4391.24023  8.04921125E-13
  4393.97998  8.13105605E-13
  4396.72021  8.09464366E-13
  4399.45996  7.98225798E-13
  4402.2002  7.97234891E-13
  4404.93994  7.93336913E-13
  4407.68018  7.77832768E-13
  4410.41992  8.25370588E-13
  4413.16016  8.41388862E-13
  4415.8999  8.13349442E-13
  4418.64014  8.34071907E-13
  4421.37988  8.50154745E-13
  4424.12012  8.46124006E-13
  4426.85986  8.3515188E-13
  4429.6001  8.3053795E-13
  4432.33984  8.27925781E-13
  4435.08008  8.32031113E-13
  4437.81982  8.71955557E-13
  4440.56006  8.60550726E-13
  4443.2998  8.14199294E-13
  4446.04004  8.34337536E-13
  4448.77979  8.62098424E-13
  4451.52002  8.57887058E-13
  4454.25977  8.40839117E-13
  4457.  8.36727389E-13
  4459.74023  8.38619809E-13
  4462.47998  8.51611533E-13
  4465.22021  8.66357279E-13
  4467.95996  8.61491217E-13
  4470.7002  8.90149662E-13
  4473.43994  9.41932296E-13
  4476.18018  9.62393251E-13
  4478.91992  9.48491828E-13
  4481.66016  9.3147625E-13
  4484.3999  9.47015036E-13
  4487.14014  9.49315713E-13
  4489.87988  9.39088867E-13
  4492.62012  9.40223377E-13
  4495.35986  9.30858038E-13
  4498.1001  9.47696023E-13
  4500.83984  9.78543093E-13
  4503.58008  9.96619345E-13
  4506.31982  1.00976844E-12
  4509.06006  1.01152691E-12
  4511.7998  9.98345395E-13
  4514.54004  9.84564427E-13
  4517.27979  9.68619933E-13
  4520.02002  9.57470865E-13
  4522.75977  9.38429022E-13
  4525.5  9.32868041E-13
  4528.24023  9.21652078E-13
  4530.97998  9.0230514E-13
  4533.72021  9.03702623E-13
  4536.45996  9.44527768E-13
  4539.2002  9.93491205E-13
  4541.93994  9.81980881E-13
  4544.68018  9.6024523E-13
  4547.41992  9.43156143E-13
  4550.16016  9.39201299E-13
  4552.8999  9.4201166E-13
  4555.64014  9.63927722E-13
  4558.37988  1.01030577E-12
  4561.12012  1.01476954E-12
  4563.85986  9.99755183E-13
  4566.6001  1.02032412E-12
  4569.33984  1.02222831E-12
  4572.08008  1.01662255E-12
  4574.81982  1.03340112E-12
  4577.56006  1.02027946E-12
  4580.2998  9.99348607E-13
  4583.04004  1.00047249E-12
  4585.77979  1.02574243E-12
  4588.52002  1.03945617E-12
  4591.25977  1.02487257E-12
  4594.  1.02990891E-12
  4596.74023  1.04288724E-12
  4599.47998  1.03216437E-12
  4602.22021  1.03500173E-12
  4604.95996  1.05873188E-12
  4607.7002  1.08675991E-12
  4610.43994  1.09168349E-12
  4613.18018  1.07014701E-12
  4615.91992  1.07042402E-12
  4618.66016  1.08655966E-12
  4621.3999  1.10298663E-12
  4624.14014  1.09984179E-12
  4626.87988  1.08741976E-12
  4629.62012  1.09285454E-12
  4632.35986  1.09758329E-12
  4635.1001  1.0920737E-12
  4637.83984  1.10086723E-12
  4640.58008  1.11583193E-12
  4643.31982  1.10574961E-12
  4646.06006  1.08972911E-12
  4648.7998  1.08787035E-12
  4651.54004  1.08606657E-12
  4654.27979  1.06999067E-12
  4657.02002  1.09500831E-12
  4659.75977  1.13607474E-12
  4662.5  1.13022742E-12
  4665.24023  1.09149159E-12
  4667.97998  1.06479625E-12
  4670.72021  1.0972203E-12
  4673.45996  1.12759422E-12
  4676.2002  1.13282289E-12
  4678.93994  1.12017275E-12
  4681.68018  1.11394531E-12
  4684.41992  1.13609415E-12
  4687.16016  1.14834964E-12
  4689.8999  1.15570129E-12
  4692.64014  1.16989599E-12
  4695.37988  1.17933853E-12
  4698.12012  1.15890056E-12
  4700.85986  1.14087234E-12
  4703.6001  1.11949328E-12
  4706.33984  1.10792018E-12
  4709.08008  1.12052273E-12
  4711.81982  1.15280105E-12
  4714.56006  1.16348587E-12
  4717.2998  1.17283353E-12
  4720.04004  1.18217925E-12
  4722.77979  1.18884655E-12
  4725.52002  1.18443168E-12
  4728.25977  1.17048938E-12
  4731.  1.1735529E-12
  4733.74023  1.17737721E-12
  4736.47998  1.18132435E-12
  4739.22021  1.1897872E-12
  4741.95996  1.19524692E-12
  4744.7002  1.20277074E-12
  4747.43994  1.20652143E-12
  4750.18018  1.20927465E-12
  4752.91992  1.20470214E-12
  4755.66016  1.19100715E-12
  4758.3999  1.17407505E-12
  4761.14014  1.15649558E-12
  4763.87988  1.15753999E-12
  4766.62012  1.18832309E-12
  4769.35986  1.21075383E-12
  4772.1001  1.20690209E-12
  4774.83984  1.21460437E-12
  4777.58008  1.22156289E-12
  4780.31982  1.21403202E-12
  4783.06006  1.20060233E-12
  4785.7998  1.18425799E-12
  4788.54004  1.18297342E-12
  4791.27979  1.21001798E-12
  4794.02002  1.23246129E-12
  4796.75977  1.22635723E-12
  4799.5  1.22202248E-12
  4802.24023  1.23272302E-12
  4804.97998  1.22279216E-12
  4807.72021  1.22555384E-12
  4810.45996  1.24318492E-12
  4813.2002  1.25856292E-12
  4815.93994  1.25672888E-12
  4818.68018  1.25511992E-12
  4821.41992  1.2406468E-12
  4824.16016  1.2279033E-12
  4826.8999  1.24615845E-12
  4829.64014  1.25001452E-12
  4832.37988  1.25444446E-12
  4835.12012  1.26226622E-12
  4837.85986  1.24989981E-12
  4840.6001  1.23938555E-12
  4843.33984  1.26006562E-12
  4846.08008  1.2656356E-12
  4848.81982  1.25223107E-12
  4851.56006  1.25616325E-12
  4854.2998  1.231882E-12
  4857.04004  1.18608205E-12
  4859.77979  1.10757378E-12
  4862.52002  1.0895976E-12
  4865.25977  1.19143703E-12
  4868.  1.22147561E-12
  4870.74023  1.21584101E-12
  4873.47998  1.21842738E-12
  4876.22021  1.23801598E-12
  4878.95996  1.24710236E-12
  4881.7002  1.24948413E-12
  4884.43994  1.24078178E-12
  4887.18018  1.22757642E-12
  4889.91992  1.22381001E-12
  4892.66016  1.26539209E-12
  4895.3999  1.3077034E-12
  4898.14014  1.30515531E-12
  4900.87988  1.28463863E-12
  4903.62012  1.28702886E-12
  4906.35986  1.30450739E-12
  4909.1001  1.29298352E-12
  4911.83984  1.29252403E-12
  4914.58008  1.30175406E-12
  4917.31982  1.27110345E-12
  4920.06006  1.20973132E-12
  4922.7998  1.22053322E-12
  4925.54004  1.28159787E-12
  4928.27979  1.33230547E-12
  4931.02002  1.31925157E-12
  4933.75977  1.28836004E-12
  4936.5  1.27750989E-12
  4939.24023  1.27623183E-12
  4941.97998  1.31278961E-12
  4944.72021  1.33441977E-12
  4947.45996  1.34313166E-12
  4950.2002  1.35641064E-12
  4952.93994  1.34930153E-12
  4955.68018  1.31294758E-12
  4958.41992  1.29710923E-12
  4961.16016  1.3428759E-12
  4963.8999  1.3375078E-12
  4966.64014  1.32364692E-12
  4969.37988  1.33567918E-12
  4972.12012  1.3533249E-12
  4974.85986  1.36517588E-12
  4977.6001  1.34933655E-12
  4980.33984  1.29735437E-12
  4983.08008  1.26488056E-12
  4985.81982  1.29192772E-12
  4988.56006  1.32814398E-12
  4991.2998  1.30929035E-12
  4994.04004  1.32462704E-12
  4996.77979  1.32573867E-12
  4999.52002  1.30590612E-12
  5002.25977  1.29724692E-12
  5005.  1.28254243E-12
  5007.74023  1.28122935E-12
  5010.47998  1.29521166E-12
  5013.22021  1.25588006E-12
  5015.95996  1.26997165E-12
  5018.7002  1.30550464E-12
  5021.43994  1.32632392E-12
  5024.18018  1.33662113E-12
  5026.91992  1.34474268E-12
  5029.66016  1.35517856E-12
  5032.3999  1.37220855E-12
  5035.14014  1.35125017E-12
  5037.87988  1.29345037E-12
  5040.62012  1.26781691E-12
  5043.35986  1.31216945E-12
  5046.1001  1.37399944E-12
  5048.83984  1.37483623E-12
  5051.58008  1.36114394E-12
  5054.31982  1.41099654E-12
  5057.06006  1.43158727E-12
  5059.7998  1.41651133E-12
  5062.54004  1.4008072E-12
  5065.27979  1.36811005E-12
  5068.02002  1.38950385E-12
  5070.75977  1.39482479E-12
  5073.5  1.39318917E-12
  5076.24023  1.3777794E-12
  5078.97998  1.32799717E-12
  5081.72021  1.31713618E-12
  5084.45996  1.37662516E-12
  5087.2002  1.42009462E-12
  5089.93994  1.42705975E-12
  5092.68018  1.43418675E-12
  5095.41992  1.42737016E-12
  5098.16016  1.39356094E-12
  5100.8999  1.39414077E-12
  5103.64014  1.40708376E-12
  5106.37988  1.39692348E-12
  5109.12012  1.35176961E-12
  5111.85986  1.39423846E-12
  5114.6001  1.43571743E-12
  5117.33984  1.44660304E-12
  5120.08008  1.43267147E-12
  5122.81982  1.38728352E-12
  5125.56006  1.36087539E-12
  5128.2998  1.36503948E-12
  5131.04004  1.39022756E-12
  5133.77979  1.4109059E-12
  5136.52002  1.40211215E-12
  5139.25977  1.35871783E-12
  5142.  1.35745126E-12
  5144.74023  1.37583239E-12
  5147.47998  1.39819764E-12
  5150.22021  1.38914997E-12
  5152.95996  1.37860318E-12
  5155.7002  1.44001141E-12
  5158.43994  1.47893308E-12
  5161.18018  1.46300235E-12
  5163.91992  1.398165E-12
  5166.66016  1.29347618E-12
  5169.3999  1.25358545E-12
  5172.14014  1.29880666E-12
  5174.87988  1.38721792E-12
  5177.62012  1.46760718E-12
  5180.35986  1.43816469E-12
  5183.1001  1.38186923E-12
  5185.83984  1.38654875E-12
  5188.58008  1.41660696E-12
  5191.31982  1.37904694E-12
  5194.06006  1.35958768E-12
  5196.7998  1.41002195E-12
  5199.54004  1.43953165E-12
  5202.27979  1.42719007E-12
  5205.02002  1.3773197E-12
  5207.75977  1.39285773E-12
  5210.5  1.42965305E-12
  5213.24023  1.47379407E-12
  5215.97998  1.45671463E-12
  5218.72021  1.48329417E-12
  5221.45996  1.4971596E-12
  5224.2002  1.44242192E-12
  5226.93994  1.37988362E-12
  5229.68018  1.45271447E-12
  5232.41992  1.47559493E-12
  5235.16016  1.49067564E-12
  5237.8999  1.53044201E-12
  5240.64014  1.53297655E-12
  5243.37988  1.53654921E-12
  5246.12012  1.49983964E-12
  5248.85986  1.44760592E-12
  5251.6001  1.45424395E-12
  5254.33984  1.48197513E-12
  5257.08008  1.51973659E-12
  5259.81982  1.51289322E-12
  5262.56006  1.43708667E-12
  5265.2998  1.39884426E-12
  5268.04004  1.39366622E-12
  5270.77979  1.413167E-12
  5273.52002  1.4786089E-12
  5276.25977  1.5264671E-12
  5279.  1.55001348E-12
  5281.74023  1.52517961E-12
  5284.47998  1.5346975E-12
  5287.22021  1.58981639E-12
  5289.95996  1.59875086E-12
  5292.7002  1.58486581E-12
  5295.43994  1.5490776E-12
  5298.18018  1.52105726E-12
  5300.91992  1.55295557E-12
  5303.66016  1.57082995E-12
  5306.3999  1.58604672E-12
  5309.14014  1.60318959E-12
  5311.87988  1.61635126E-12
  5314.62012  1.59741372E-12
  5317.35986  1.5777439E-12
  5320.1001  1.58230427E-12
  5322.83984  1.54369941E-12
  5325.58008  1.51464691E-12
  5328.31982  1.47298818E-12
  5331.06006  1.54358514E-12
  5333.7998  1.57329629E-12
  5336.54004  1.57740173E-12
  5339.27979  1.55899707E-12
  5342.02002  1.56530789E-12
  5344.75977  1.5860052E-12
  5347.5  1.58358222E-12
  5350.24023  1.60281792E-12
  5352.97998  1.6253278E-12
  5355.72021  1.64462324E-12
  5358.45996  1.647713E-12
  5361.2002  1.62139031E-12
  5363.93994  1.59903601E-12
  5366.68018  1.57653708E-12
  5369.41992  1.5638891E-12
  5372.16016  1.5811728E-12
  5374.8999  1.64701521E-12
  5377.64014  1.64918372E-12
  5380.37988  1.6227319E-12
  5383.12012  1.62734171E-12
  5385.85986  1.64563068E-12
  5388.6001  1.6425522E-12
  5391.33984  1.61830011E-12
  5394.08008  1.58725442E-12
  5396.81982  1.56498761E-12
  5399.56006  1.58656996E-12
  5402.2998  1.61839867E-12
  5405.04004  1.56226746E-12
  5407.77979  1.58763454E-12
  5410.52002  1.6052281E-12
  5413.25977  1.64063609E-12
  5416.  1.64680747E-12
  5418.74023  1.63518136E-12
  5421.47998  1.64638301E-12
  5424.22021  1.63214331E-12
  5426.95996  1.63061697E-12
  5429.7002  1.58824841E-12
  5432.43994  1.60861862E-12
  5435.18018  1.60061298E-12
  5437.91992  1.66572517E-12
  5440.66016  1.68850871E-12
  5443.3999  1.6571938E-12
  5446.14014  1.6199352E-12
  5448.87988  1.65745564E-12
  5451.62012  1.66909618E-12
  5454.35986  1.6298576E-12
  5457.1001  1.65446042E-12
  5459.83984  1.68774944E-12
  5462.58008  1.67356114E-12
  5465.31982  1.69912435E-12
  5468.06006  1.70388465E-12
  5470.7998  1.70684961E-12
  5473.54004  1.67823578E-12
  5476.27979  1.6375756E-12
  5479.02002  1.67346388E-12
  5481.75977  1.6796652E-12
  5484.5  1.70141798E-12
  5487.24023  1.70425252E-12
  5489.97998  1.71362154E-12
  5492.72021  1.71641304E-12
  5495.45996  1.69431472E-12
  5498.2002  1.68014929E-12
  5500.93994  1.67521932E-12
  5503.68018  1.67401694E-12
  5506.41992  1.6612034E-12
  5509.16016  1.68094954E-12
  5511.8999  1.6895619E-12
  5514.64014  1.70794162E-12
  5517.37988  1.73412077E-12
  5520.12012  1.73642903E-12
  5522.85986  1.73653811E-12
  5525.6001  1.7101123E-12
  5528.33984  1.69497587E-12
  5531.08008  1.7195003E-12
  5533.81982  1.73509839E-12
  5536.56006  1.74753538E-12
  5539.2998  1.76396734E-12
  5542.04004  1.76114765E-12
  5544.77979  1.75822789E-12
  5547.52002  1.76663686E-12
  5550.25977  1.76795926E-12
  5553.  1.76696993E-12
  5555.74023  1.76090837E-12
  5558.47998  1.76642761E-12
  5561.22021  1.76321273E-12
  5563.95996  1.75291379E-12
  5566.7002  1.7504765E-12
  5569.43994  1.74653326E-12
  5572.18018  1.74310371E-12
  5574.91992  1.74712978E-12
  5577.66016  1.75758052E-12
  5580.3999  1.76012351E-12
  5583.14014  1.75219659E-12
  5585.87988  1.72550158E-12
  5588.62012  1.70640379E-12
  5591.35986  1.72203809E-12
  5594.1001  1.73386088E-12
  5596.83984  1.75643289E-12
  5599.58008  1.7466754E-12
  5602.31982  1.74710745E-12
  5605.06006  1.76746855E-12
  5607.7998  1.79631917E-12
  5610.54004  1.80330631E-12
  5613.27979  1.79627244E-12
  5616.02002  1.77336975E-12
  5618.75977  1.7913816E-12
  5621.5  1.80377035E-12
  5624.24023  1.79792737E-12
  5626.97998  1.81392629E-12
  5629.72021  1.82925983E-12
  5632.45996  1.86098185E-12
  5635.2002  1.86524884E-12
  5637.93994  1.81745894E-12
  5640.68018  1.80106917E-12
  5643.41992  1.81899417E-12
  5646.16016  1.84839448E-12
  5648.8999  1.84054031E-12
  5651.64014  1.83699171E-12
  5654.37988  1.85585661E-12
  5657.12012  1.79212342E-12
  5659.85986  1.74917979E-12
  5662.6001  1.77915018E-12
  5665.33984  1.78793677E-12
  5668.08008  1.77395999E-12
  5670.81982  1.79529753E-12
  5673.56006  1.82957837E-12
  5676.2998  1.8296701E-12
  5679.04004  1.82079243E-12
  5681.77979  1.81326969E-12
  5684.52002  1.80867463E-12
  5687.25977  1.80711468E-12
  5690.  1.81242846E-12
  5692.74023  1.82359401E-12
  5695.47998  1.82808673E-12
  5698.22021  1.8239171E-12
  5700.95996  1.79190029E-12
  5703.7002  1.76780964E-12
  5706.43994  1.77189123E-12
  5709.18018  1.775267E-12
  5711.91992  1.77697809E-12
  5714.66016  1.79055707E-12
  5717.3999  1.81055951E-12
  5720.14014  1.82162618E-12
  5722.87988  1.83158154E-12
  5725.62012  1.84981761E-12
  5728.35986  1.85423335E-12
  5731.1001  1.82698756E-12
  5733.83984  1.8373881E-12
  5736.58008  1.87591717E-12
  5739.31982  1.87620015E-12
  5742.06006  1.86237267E-12
  5744.7998  1.85242511E-12
  5747.54004  1.84409042E-12
  5750.27979  1.83730071E-12
  5753.02002  1.83878542E-12
  5755.75977  1.85121211E-12
  5758.5  1.85776806E-12
  5761.24023  1.86204914E-12
  5763.97998  1.86339464E-12
  5766.72021  1.8642993E-12
  5769.45996  1.86796086E-12
  5772.2002  1.87179612E-12
  5774.93994  1.87899219E-12
  5777.68018  1.87173844E-12
  5780.41992  1.85098573E-12
  5783.16016  1.85659994E-12
  5785.8999  1.87260927E-12
  5788.64014  1.88220186E-12
  5791.37988  1.88943522E-12
  5794.12012  1.89497593E-12
  5796.85986  1.89409057E-12
  5799.6001  1.87950567E-12
  5802.33984  1.89563838E-12
  5805.08008  1.92722661E-12
  5807.81982  1.9169835E-12
  5810.56006  1.89987587E-12
  5813.2998  1.90866138E-12
  5816.04004  1.91379573E-12
  5818.77979  1.90626052E-12
  5821.52002  1.90244391E-12
  5824.26025  1.90075429E-12
  5827.  1.9036554E-12
  5829.74023  1.9103922E-12
  5832.47998  1.9251328E-12
  5835.22021  1.93332156E-12
  5837.95996  1.92004702E-12
  5840.7002  1.90965733E-12
  5843.43994  1.90403466E-12
  5846.18018  1.90080048E-12
  5848.91992  1.89914686E-12
  5851.66016  1.88250348E-12
  5854.3999  1.86793289E-12
  5857.14014  1.87987625E-12
  5859.87988  1.89393922E-12
  5862.62012  1.90392385E-12
  5865.35986  1.91174507E-12
  5868.1001  1.91476674E-12
  5870.83984  1.95548807E-12
  5873.58008  2.00146366E-12
  5876.31982  1.95403372E-12
  5879.06006  1.89792062E-12
  5881.7998  1.89171291E-12
  5884.54004  1.87437674E-12
  5887.27979  1.83418298E-12
  5890.02002  1.80520757E-12
  5892.76025  1.78304279E-12
  5895.5  1.80241043E-12
  5898.24023  1.84284987E-12
  5900.97998  1.89246622E-12
  5903.72021  1.92790272E-12
  5906.45996  1.93212308E-12
  5909.2002  1.93433247E-12
  5911.93994  1.93388361E-12
  5914.68018  1.92002339E-12
  5917.41992  1.90204384E-12
  5920.16016  1.91507357E-12
  5922.8999  1.9336388E-12
  5925.64014  1.94387388E-12
  5928.37988  1.94709179E-12
  5931.12012  1.93755732E-12
  5933.85986  1.94075832E-12
  5936.6001  1.95197808E-12
  5939.33984  1.95614857E-12
  5942.08008  1.95749341E-12
  5944.81982  1.95691228E-12
  5947.56006  1.95502794E-12
  5950.2998  1.95276846E-12
  5953.04004  1.94744871E-12
  5955.77979  1.93660908E-12
  5958.52002  1.94080949E-12
  5961.26025  1.95265137E-12
  5964.  1.95691944E-12
  5966.74023  1.95974465E-12
  5969.47998  1.96303976E-12
  5972.22021  1.96716341E-12
  5974.95996  1.97498658E-12
  5977.7002  1.97345916E-12
  5980.43994  1.96447632E-12
  5983.18018  1.9579529E-12
  5985.91992  1.95690014E-12
  5988.66016  1.98295265E-12
  5991.3999  1.99864105E-12
  5994.14014  1.97652983E-12
  5996.87988  1.96541546E-12
  5999.62012  1.96877627E-12
  6002.35986  1.96184995E-12
  6005.1001  1.95161487E-12
  6007.83984  1.95301891E-12
  6010.58008  1.95841043E-12
  6013.31982  1.9652589E-12
  6016.06006  1.96791216E-12
  6018.7998  1.96369158E-12
  6021.54004  1.95718073E-12
  6024.27979  1.9472438E-12
  6027.02002  1.9546927E-12
  6029.76025  1.9691514E-12
  6032.5  1.97548445E-12
  6035.24023  1.98236154E-12
  6037.97998  1.99666434E-12
  6040.72021  2.00038488E-12
  6043.45996  1.98965453E-12
  6046.2002  1.98235981E-12
  6048.93994  1.97661505E-12
  6051.68018  1.99324281E-12
  6054.41992  2.00903899E-12
  6057.16016  1.99486716E-12
  6059.8999  1.97888515E-12
  6062.64014  1.96184605E-12
  6065.37988  1.96422002E-12
  6068.12012  1.98503497E-12
  6070.85986  2.00162066E-12
  6073.6001  2.0130514E-12
  6076.33984  1.99262286E-12
  6079.08008  1.97512471E-12
  6081.81982  1.98487819E-12
  6084.56006  1.99598389E-12
  6087.2998  2.01055058E-12
  6090.04004  2.01205697E-12
  6092.77979  2.00513998E-12
  6095.52002  1.99943794E-12
  6098.26025  1.99250447E-12
  6101.  1.98128168E-12
  6103.74023  1.97684317E-12
  6106.47998  1.9854513E-12
  6109.22021  1.99461042E-12
  6111.95996  2.0066674E-12
  6114.7002  2.00348418E-12
  6117.43994  1.99239388E-12
  6120.18018  1.98102515E-12
  6122.91992  1.97600985E-12
  6125.66016  1.99149464E-12
  6128.3999  1.99692606E-12
  6131.14014  1.99113274E-12
  6133.87988  1.96373083E-12
  6136.62012  1.92017799E-12
  6139.35986  1.91794692E-12
  6142.1001  1.93539564E-12
  6144.83984  1.96668853E-12
  6147.58008  1.99194502E-12
  6150.31982  1.99886657E-12
  6153.06006  2.00612075E-12
  6155.7998  2.01570184E-12
  6158.54004  1.99745168E-12
  6161.27979  1.96513422E-12
  6164.02002  1.94564894E-12
  6166.76025  1.93779129E-12
  6169.5  1.95243366E-12
  6172.24023  1.96677505E-12
  6174.97998  1.97685228E-12
  6177.72021  1.9898228E-12
  6180.45996  2.00460135E-12
  6183.2002  2.01466187E-12
  6185.93994  2.01717636E-12
  6188.68018  1.99698699E-12
  6191.41992  1.98036639E-12
  6194.16016  1.97719337E-12
  6196.8999  1.98637547E-12
  6199.64014  2.01149492E-12
  6202.37988  2.02351504E-12
  6205.12012  2.0309802E-12
  6207.85986  2.05312958E-12
  6210.6001  2.06018579E-12
  6213.33984  2.00672877E-12
  6216.08008  1.97816069E-12
  6218.81982  2.00286315E-12
  6221.56006  2.00643668E-12
  6224.2998  1.99908818E-12
  6227.04004  1.99213064E-12
  6229.77979  1.98854344E-12
  6232.52002  2.00699245E-12
  6235.26025  2.0204758E-12
  6238.  2.01625327E-12
  6240.74023  2.00186157E-12
  6243.47998  1.97126321E-12
  6246.22021  1.96613515E-12
  6248.95996  1.97309638E-12
  6251.7002  1.96108104E-12
  6254.43994  1.95177533E-12
  6257.18018  1.96479573E-12
  6259.91992  1.98035555E-12
  6262.66016  1.99782096E-12
  6265.3999  2.00578096E-12
  6268.14014  2.00537351E-12
  6270.87988  2.01927928E-12
  6273.62012  2.03505312E-12
  6276.35986  2.03295475E-12
  6279.1001  2.02457018E-12
  6281.83984  2.00930201E-12
  6284.58008  2.00364877E-12
  6287.31982  2.00994603E-12
  6290.06006  2.01904053E-12
  6292.7998  2.03036893E-12
  6295.54004  2.02267673E-12
  6298.27979  2.00942128E-12
  6301.02002  1.9967489E-12
  6303.76025  1.997327E-12
  6306.5  2.02543689E-12
  6309.24023  2.03456826E-12
  6311.97998  2.02910215E-12
  6314.72021  2.01451854E-12
  6317.45996  1.99773444E-12
  6320.2002  2.00712559E-12
  6322.93994  2.0177306E-12
  6325.68018  2.01386282E-12
  6328.41992  2.01449079E-12
  6331.16016  2.02564224E-12
  6333.8999  2.01757729E-12
  6336.64014  1.99931499E-12
  6339.37988  2.00800314E-12
  6342.12012  2.02488655E-12
  6344.85986  2.03626894E-12
  6347.6001  2.04608791E-12
  6350.33984  2.05659491E-12
  6353.08008  2.05729726E-12
  6355.81982  2.0484957E-12
  6358.56006  2.03421459E-12
  6361.2998  2.02014946E-12
  6364.04004  2.03313625E-12
  6366.77979  2.0516555E-12
  6369.52002  2.06529737E-12
  6372.26025  2.07429299E-12
  6375.  2.07766421E-12
  6377.74023  2.07903876E-12
  6380.47998  2.07742352E-12
  6383.22021  2.0637372E-12
  6385.95996  2.04808002E-12
  6388.7002  2.04751537E-12
  6391.43994  2.04358861E-12
  6394.18018  2.02592001E-12
  6396.91992  2.01812352E-12
  6399.66016  2.01952908E-12
  6402.3999  2.0253868E-12
  6405.14014  2.03418142E-12
  6407.87988  2.03231724E-12
  6410.62012  2.03529966E-12
  6413.35986  2.06318469E-12
  6416.1001  2.07571785E-12
  6418.83984  2.06291473E-12
  6421.58008  2.04897839E-12
  6424.31982  2.03094377E-12
  6427.06006  2.04282468E-12
  6429.7998  2.06297696E-12
  6432.54004  2.06344772E-12
  6435.27979  2.06202807E-12
  6438.02002  2.06403189E-12
  6440.76025  2.06408675E-12
  6443.5  2.06136974E-12
  6446.24023  2.06394927E-12
  6448.97998  2.06875814E-12
  6451.72021  2.06811868E-12
  6454.45996  2.06777629E-12
  6457.2002  2.07633043E-12
  6459.93994  2.07394301E-12
  6462.68018  2.04352616E-12
  6465.41992  2.05427429E-12
  6468.16016  2.09574524E-12
  6470.8999  2.09695043E-12
  6473.64014  2.08469353E-12
  6476.37988  2.07981592E-12
  6479.12012  2.0778379E-12
  6481.85986  2.08243514E-12
  6484.6001  2.08148776E-12
  6487.33984  2.07490145E-12
  6490.08008  2.06403644E-12
  6492.81982  2.04875093E-12
  6495.56006  2.02181652E-12
  6498.2998  2.0050656E-12
  6501.04004  2.0290835E-12
  6503.77979  2.05708085E-12
  6506.52002  2.08599696E-12
  6509.26025  2.10336024E-12
  6512.  2.11117864E-12
  6514.74023  2.1146006E-12
  6517.47998  2.11480052E-12
  6520.22021  2.11869866E-12
  6522.95996  2.12049432E-12
  6525.7002  2.11677616E-12
  6528.43994  2.11261173E-12
  6531.18018  2.10643569E-12
  6533.91992  2.10912234E-12
  6536.66016  2.11643008E-12
  6539.3999  2.11095312E-12
  6542.14014  2.10525954E-12
  6544.87988  2.11416626E-12
  6547.62012  2.11804229E-12
  6550.35986  2.11263494E-12
  6553.1001  2.09919473E-12
  6555.83984  2.07743783E-12
  6558.58008  2.05108695E-12
  6561.31982  2.02608026E-12
  6564.06006  2.02014881E-12
  6566.7998  2.03328738E-12
  6569.54004  2.08345277E-12
  6572.27979  2.11069378E-12
  6575.02002  2.10451491E-12
  6577.76025  2.10273183E-12
  6580.5  2.09955794E-12
  6583.24023  2.11261E-12
  6585.97998  2.12700105E-12
  6588.72021  2.12614475E-12
  6591.45996  2.11999862E-12
  6594.2002  2.10454592E-12
  6596.93994  2.10488853E-12
  6599.68018  2.1208263E-12
  6602.41992  2.12595393E-12
  6605.16016  2.12689545E-12
  6607.8999  2.12316926E-12
  6610.64014  2.12390977E-12
  6613.37988  2.1420539E-12
  6616.12012  2.15199625E-12
  6618.85986  2.14554373E-12
  6621.6001  2.15547567E-12
  6624.33984  2.17361589E-12
  6627.08008  2.16027543E-12
  6629.81982  2.14208143E-12
  6632.56006  2.15443613E-12
  6635.2998  2.16062324E-12
  6638.04004  2.14514084E-12
  6640.77979  2.13328509E-12
  6643.52002  2.12172641E-12
  6646.26025  2.13277356E-12
  6649.  2.15482515E-12
  6651.74023  2.1629044E-12
  6654.47998  2.16368199E-12
  6657.22021  2.15376436E-12
  6659.95996  2.1462168E-12
  6662.7002  2.14322852E-12
  6665.43994  2.14161197E-12
  6668.18018  2.14170283E-12
  6670.91992  2.14460936E-12
  6673.66016  2.14666848E-12
  6676.3999  2.13828759E-12
  6679.14014  2.13293922E-12
  6681.87988  2.13480037E-12
  6684.62012  2.14602554E-12
  6687.35986  2.17073733E-12
  6690.1001  2.17391513E-12
  6692.83984  2.16613793E-12
  6695.58008  2.15977822E-12
  6698.31982  2.15447603E-12
  6701.06006  2.15460831E-12
  6703.7998  2.15366223E-12
  6706.54004  2.14822756E-12
  6709.27979  2.15133055E-12
  6712.02002  2.16097973E-12
  6714.76025  2.15433704E-12
  6717.5  2.14487022E-12
  6720.24023  2.15143897E-12
  6722.97998  2.16247484E-12
  6725.72021  2.17846769E-12
  6728.45996  2.1845646E-12
  6731.2002  2.17692466E-12
  6733.93994  2.18613062E-12
  6736.68018  2.2000199E-12
  6739.41992  2.17800018E-12
  6742.16016  2.1504029E-12
  6744.8999  2.1402745E-12
  6747.64014  2.13754578E-12
  6750.37988  2.14204717E-12
  6753.12012  2.15288074E-12
  6755.85986  2.17060332E-12
  6758.6001  2.18345676E-12
  6761.33984  2.18945543E-12
  6764.08008  2.17069158E-12
  6766.81982  2.15187113E-12
  6769.56006  2.14415465E-12
  6772.2998  2.14678188E-12
  6775.04004  2.16583869E-12
  6777.77979  2.16375962E-12
  6780.52002  2.15200926E-12
  6783.26025  2.15953297E-12
  6786.  2.17106238E-12
  6788.74023  2.17881616E-12
  6791.47998  2.17780438E-12
  6794.22021  2.16061934E-12
  6796.95996  2.15209794E-12
  6799.7002  2.14995166E-12
  6802.43994  2.1437665E-12
  6805.18018  2.13978423E-12
  6807.91992  2.15284062E-12
  6810.66016  2.16737956E-12
  6813.3999  2.17619781E-12
  6816.14014  2.17926545E-12
  6818.87988  2.17300635E-12
  6821.62012  2.17617721E-12
  6824.35986  2.18381715E-12
  6827.1001  2.18515397E-12
  6829.83984  2.18295716E-12
  6832.58008  2.17533543E-12
  6835.31982  2.16943759E-12
  6838.06006  2.17195944E-12
  6840.7998  2.16053282E-12
  6843.54004  2.13340521E-12
  6846.27979  2.14266625E-12
  6849.02002  2.16638556E-12
  6851.76025  2.17015663E-12
  6854.5  2.16745935E-12
  6857.24023  2.15897395E-12
  6859.97998  2.15341113E-12
  6862.72021  2.14980117E-12
  6865.45996  2.15818661E-12
  6868.2002  2.17496268E-12
  6870.93994  2.17551281E-12
  6873.68018  2.17219038E-12
  6876.41992  2.17739975E-12
  6879.16016  2.17971799E-12
  6881.8999  2.17024359E-12
  6884.64014  2.17686004E-12
  6887.37988  2.20227807E-12
  6890.12012  2.19409452E-12
  6892.85986  2.1800207E-12
  6895.6001  2.25053439E-12
  6898.33984  2.29864196E-12
  6901.08008  2.21804563E-12
  6903.81982  2.16499865E-12
  6906.56006  2.16963795E-12
  6909.2998  2.15764039E-12
  6912.04004  2.14114902E-12
  6914.77979  2.14948393E-12
  6917.52002  2.16883803E-12
  6920.26025  2.19062529E-12
  6923.  2.20515468E-12
  6925.74023  2.20543744E-12
  6928.47998  2.19906775E-12
  6931.22021  2.18376142E-12
  6933.95996  2.17530247E-12
  6936.7002  2.17100144E-12
  6939.43994  2.18087375E-12
  6942.18018  2.18564923E-12
  6944.91992  2.15745412E-12
  6947.66016  2.14572912E-12
  6950.3999  2.1655195E-12
  6953.14014  2.17812552E-12
  6955.87988  2.18904647E-12
  6958.62012  2.18972301E-12
  6961.35986  2.18590836E-12
  6964.1001  2.18432824E-12
  6966.83984  2.18535563E-12
  6969.58008  2.19545757E-12
  6972.31982  2.19159153E-12
  6975.06006  2.16837269E-12
  6977.7998  2.16508257E-12
  6980.54004  2.17210278E-12
  6983.27979  2.18576893E-12
  6986.02002  2.19676577E-12
  6988.76025  2.18969634E-12
  6991.5  2.18315231E-12
  6994.24023  2.17917763E-12
  6996.97998  2.18205098E-12
  6999.72021  2.19132091E-12
  7002.45996  2.18887321E-12
  7005.2002  2.18328285E-12
  7007.93994  2.18693032E-12
  7010.68018  2.18970133E-12
  7013.41992  2.18566181E-12
  7016.16016  2.18442191E-12
  7018.8999  2.18640253E-12
  7021.64014  2.19063678E-12
  7024.37988  2.19608663E-12
  7027.12012  2.19287522E-12
  7029.85986  2.18759277E-12
  7032.6001  2.18232789E-12
  7035.33984  2.18667987E-12
  7038.08008  2.21151417E-12
  7040.81982  2.21881671E-12
  7043.56006  2.21167399E-12
  7046.2998  2.21591365E-12
  7049.04004  2.22151182E-12
  7051.77979  2.21375544E-12
  7054.52002  2.20624864E-12
  7057.26025  2.20888303E-12
  7060.  2.20538431E-12
  7062.74023  2.1911006E-12
  7065.47998  2.18751579E-12
  7068.22021  2.18996631E-12
  7070.95996  2.19710578E-12
  7073.7002  2.20432635E-12
  7076.43994  2.20197038E-12
  7079.18018  2.20192267E-12
  7081.91992  2.2087603E-12
  7084.66016  2.21432399E-12
  7087.3999  2.21962119E-12
  7090.14014  2.22004576E-12
  7092.87988  2.21626038E-12
  7095.62012  2.2035197E-12
  7098.35986  2.19296196E-12
  7101.1001  2.19075561E-12
  7103.83984  2.19993078E-12
  7106.58008  2.23153288E-12
  7109.31982  2.23286927E-12
  7112.06006  2.21641173E-12
  7114.7998  2.20877006E-12
  7117.54004  2.20089181E-12
  7120.27979  2.1854222E-12
  7123.02002  2.17608809E-12
  7125.76025  2.18149479E-12
  7128.5  2.18135666E-12
  7131.24023  2.17479181E-12
  7133.97998  2.18625725E-12
  7136.72021  2.20480492E-12
  7139.45996  2.20787776E-12
  7142.2002  2.20563281E-12
  7144.93994  2.20286246E-12
  7147.68018  2.19339564E-12
  7150.41992  2.16891435E-12
  7153.16016  2.16745372E-12
  7155.8999  2.18127274E-12
  7158.64014  2.18961242E-12
  7161.37988  2.19512234E-12
  7164.12012  2.18752555E-12
  7166.85986  2.18922038E-12
  7169.6001  2.21971053E-12
  7172.33984  2.22918342E-12
  7175.08008  2.21624867E-12
  7177.81982  2.20923106E-12
  7180.56006  2.20123767E-12
  7183.2998  2.18441367E-12
  7186.04004  2.16926759E-12
  7188.77979  2.15396581E-12
  7191.52002  2.17479962E-12
  7194.26025  2.27551658E-12
  7197.  2.27200246E-12
  7199.74023  2.19466459E-12
  7202.47998  2.18408408E-12
  7205.22021  2.19170298E-12
  7207.95996  2.18492282E-12
  7210.7002  2.1778549E-12
  7213.43994  2.16822046E-12
  7216.18018  2.17562145E-12
  7218.91992  2.20714614E-12
  7221.66016  2.20889995E-12
  7224.3999  2.19715609E-12
  7227.14014  2.20006587E-12
  7229.87988  2.2053301E-12
  7232.62012  2.20633581E-12
  7235.35986  2.20932864E-12
  7238.1001  2.21661231E-12
  7240.83984  2.22107944E-12
  7243.58008  2.22351651E-12
  7246.31982  2.23342764E-12
  7249.06006  2.24271318E-12
  7251.7998  2.23479156E-12
  7254.54004  2.22298352E-12
  7257.27979  2.21091374E-12
  7260.02002  2.20269723E-12
  7262.76025  2.19760907E-12
  7265.5  2.2016243E-12
  7268.24023  2.21165967E-12
  7270.97998  2.21415681E-12
  7273.72021  2.21609081E-12
  7276.45996  2.22453588E-12
  7279.2002  2.22781754E-12
  7281.93994  2.22210987E-12
  7284.68018  2.21349978E-12
  7287.41992  2.20081202E-12
  7290.16016  2.19683299E-12
  7292.8999  2.19772486E-12
  7295.64014  2.2003714E-12
  7298.37988  2.20848188E-12
  7301.12012  2.23205092E-12
  7303.85986  2.23729282E-12
  7306.6001  2.21362512E-12
  7309.33984  2.2117308E-12
  7312.08008  2.21944468E-12
  7314.81982  2.2163083E-12
  7317.56006  2.21237612E-12
  7320.2998  2.21601622E-12
  7323.04004  2.21936814E-12
  7325.77979  2.21948458E-12
  7328.52002  2.22261836E-12
  7331.26025  2.22848259E-12
  7334.  2.23514631E-12
  7336.74023  2.2404756E-12
  7339.47998  2.23552188E-12
  7342.22021  2.22547696E-12
  7344.95996  2.20583838E-12
  7347.7002  2.20218093E-12
  7350.43994  2.22597049E-12
  7353.18018  2.23058291E-12
  7355.91992  2.22594426E-12
  7358.66016  2.21959365E-12
  7361.3999  2.21478673E-12
  7364.14014  2.22285558E-12
  7366.87988  2.22970817E-12
  7369.62012  2.22771064E-12
  7372.35986  2.23512615E-12
  7375.1001  2.25453705E-12
  7377.83984  2.24376052E-12
  7380.58008  2.21944533E-12
  7383.31982  2.20761105E-12
  7386.06006  2.20390546E-12
  7388.7998  2.21701455E-12
  7391.54004  2.22112845E-12
  7394.27979  2.20433741E-12
  7397.02002  2.21334301E-12
  7399.76025  2.23826361E-12
  7402.5  2.23534277E-12
  7405.24023  2.22177008E-12
  7407.97998  2.20866012E-12
  7410.72021  2.19432588E-12
  7413.45996  2.17287191E-12
  7416.2002  2.17298206E-12
  7418.93994  2.19701926E-12
  7421.68018  2.21646941E-12
  7424.41992  2.23392854E-12
  7427.16016  2.2285407E-12
  7429.8999  2.22095801E-12
  7432.64014  2.23036216E-12
  7435.37988  2.23423797E-12
  7438.12012  2.2265191E-12
  7440.85986  2.22394564E-12
  7443.6001  2.22400917E-12
  7446.33984  2.2219455E-12
  7449.08008  2.22290784E-12
  7451.81982  2.24247422E-12
  7454.56006  2.25260522E-12
  7457.2998  2.23463695E-12
  7460.04004  2.22060217E-12
  7462.77979  2.20805687E-12
  7465.52002  2.21164276E-12
  7468.26025  2.22534014E-12
  7471.  2.23733532E-12
  7473.74023  2.24600915E-12
  7476.47998  2.24454331E-12
  7479.22021  2.24098149E-12
  7481.95996  2.23564483E-12
  7484.7002  2.23273678E-12
  7487.43994  2.23170115E-12
  7490.18018  2.22233299E-12
  7492.91992  2.21121103E-12
  7495.66016  2.20986272E-12
  7498.3999  2.20922412E-12
  7501.14014  2.20681633E-12
  7503.87988  2.19989717E-12
  7506.62012  2.18471378E-12
  7509.35986  2.18431176E-12
  7512.1001  2.19286026E-12
  7514.83984  2.20797144E-12
  7517.58008  2.21982545E-12
  7520.31982  2.20835091E-12
  7523.06006  2.20481727E-12
  7525.7998  2.22355185E-12
  7528.54004  2.22461264E-12
  7531.27979  2.20985036E-12
  7534.02002  2.24808236E-12
  7536.76025  2.29737236E-12
  7539.5  2.27515467E-12
  7542.24023  2.24424884E-12
  7544.97998  2.23147499E-12
  7547.72021  2.22559536E-12
  7550.45996  2.22992957E-12
  7553.2002  2.22624133E-12
  7555.93994  2.21874385E-12
  7558.68018  2.20757895E-12
  7561.41992  2.19971632E-12
  7564.16016  2.20929611E-12
  7566.8999  2.21688531E-12
  7569.64014  2.21596157E-12
  7572.37988  2.21609731E-12
  7575.12012  2.2167036E-12
  7577.85986  2.21716742E-12
  7580.6001  2.21524123E-12
  7583.33984  2.19813143E-12
  7586.08008  2.18597839E-12
  7588.81982  2.19504211E-12
  7591.56006  2.20593682E-12
  7594.2998  2.22073878E-12
  7597.04004  2.22367415E-12
  7599.77979  2.21915802E-12
  7602.52002  2.21998656E-12
  7605.26025  2.22013814E-12
  7608.  2.21323047E-12
  7610.74023  2.2077843E-12
  7613.47998  2.20763728E-12
  7616.22021  2.20567748E-12
  7618.95996  2.20165769E-12
  7621.7002  2.20296654E-12
  7624.43994  2.2077006E-12
  7627.18018  2.2149795E-12
  7629.91992  2.22466468E-12
  7632.66016  2.23924785E-12
  7635.3999  2.24774995E-12
  7638.14014  2.24743835E-12
  7640.87988  2.24545577E-12
  7643.62012  2.24086786E-12
  7646.35986  2.24314838E-12
  7649.1001  2.24028109E-12
  7651.83984  2.20474507E-12
  7654.58008  2.17879425E-12
  7657.31982  2.1858162E-12
  7660.06006  2.18349405E-12
  7662.7998  2.1713601E-12
  7665.54004  2.16732361E-12
  7668.27979  2.16932982E-12
  7671.02002  2.18961741E-12
  7673.76025  2.20966973E-12
  7676.5  2.21037143E-12
  7679.24023  2.21407246E-12
  7681.97998  2.22838761E-12
  7684.72021  2.2282729E-12
  7687.45996  2.21780819E-12
  7690.2002  2.20994945E-12
  7692.93994  2.20275122E-12
  7695.68018  2.20054205E-12
  7698.41992  2.19548056E-12
  7701.16016  2.18028742E-12
  7703.8999  2.1731885E-12
  7706.64014  2.17638299E-12
  7709.37988  2.16970994E-12
  7712.12012  2.16037388E-12
  7714.85986  2.16625611E-12
  7717.6001  2.17738197E-12
  7720.33984  2.18979002E-12
  7723.08008  2.19875789E-12
  7725.81982  2.20198534E-12
  7728.56006  2.20540882E-12
  7731.2998  2.20847863E-12
  7734.04004  2.19376448E-12
  7736.77979  2.17634417E-12
  7739.52002  2.18945109E-12
  7742.26025  2.19792652E-12
  7745.  2.18175998E-12
  7747.74023  2.16749058E-12
  7750.47998  2.1500037E-12
  7753.22021  2.16530504E-12
  7755.95996  2.19949102E-12
  7758.7002  2.21092545E-12
  7761.43994  2.21600711E-12
  7764.18018  2.22226469E-12
  7766.91992  2.22489215E-12
  7769.66016  2.2230889E-12
  7772.3999  2.21715897E-12
  7775.14014  2.20647394E-12
  7777.87988  2.20798835E-12
  7780.62012  2.21252227E-12
  7783.35986  2.20464619E-12
  7786.1001  2.19401537E-12
  7788.83984  2.18283161E-12
  7791.58008  2.17508867E-12
  7794.31982  2.17140954E-12
  7797.06006  2.16934934E-12
  7799.7998  2.16939054E-12
  7802.54004  2.17113805E-12
  7805.27979  2.17680301E-12
  7808.02002  2.19113508E-12
  7810.76025  2.20633841E-12
  7813.5  2.22268623E-12
  7816.24023  2.23078045E-12
  7818.97998  2.23122779E-12
  7821.72021  2.23016505E-12
  7824.45996  2.2269762E-12
  7827.2002  2.22446215E-12
  7829.93994  2.22014724E-12
  7832.68018  2.2100505E-12
  7835.41992  2.20551745E-12
  7838.16016  2.20929958E-12
  7840.8999  2.21184833E-12
  7843.64014  2.21462193E-12
  7846.37988  2.21248887E-12
  7849.12012  2.20763859E-12
  7851.85986  2.20124483E-12
  7854.6001  2.1936784E-12
  7857.33984  2.18324729E-12
  7860.08008  2.17814048E-12
  7862.81982  2.17715949E-12
  7865.56006  2.18945717E-12
  7868.2998  2.20675431E-12
  7871.04004  2.20417239E-12
  7873.77979  2.19672436E-12
  7876.52002  2.18776126E-12
  7879.26025  2.18900505E-12
  7882.  2.2061374E-12
  7884.74023  2.21960081E-12
  7887.47998  2.23252558E-12
  7890.22021  2.2351526E-12
  7892.95996  2.23246573E-12
  7895.7002  2.22723554E-12
  7898.43994  2.22412561E-12
  7901.18018  2.22981117E-12
  7903.91992  2.22456038E-12
  7906.66016  2.20743345E-12
  7909.3999  2.19496882E-12
  7912.14014  2.18335571E-12
  7914.87988  2.16881569E-12
  7917.62012  2.15960236E-12
  7920.35986  2.16442359E-12
  7923.1001  2.17378155E-12
  7925.83984  2.19179275E-12
  7928.58008  2.19326662E-12
  7931.31982  2.18301072E-12
  7934.06006  2.1893932E-12
  7936.7998  2.19824462E-12
  7939.54004  2.19160866E-12
  7942.27979  2.18566137E-12
  7945.02002  2.18560651E-12
  7947.76025  2.19040563E-12
  7950.5  2.20030634E-12
  7953.24023  2.21552247E-12
  7955.97998  2.23255247E-12
  7958.72021  2.22242472E-12
  7961.45996  2.22310191E-12
  7964.2002  2.29901102E-12
  7966.93994  2.31672429E-12
  7969.68018  2.21186481E-12
  7972.41992  2.18603217E-12
  7975.16016  2.21223625E-12
  7977.8999  2.21171692E-12
  7980.64014  2.2086907E-12
  7983.37988  2.22240759E-12
  7986.12012  2.23057076E-12
  7988.85986  2.21808292E-12
  7991.6001  2.21155949E-12
  7994.33984  2.21272978E-12
  7997.08008  2.21110847E-12
  7999.81982  2.20868311E-12
  8002.56006  2.20538518E-12
  8005.2998  2.20189513E-12
  8008.04004  2.19601507E-12
  8010.77979  2.19875181E-12
  8013.52002  2.2203398E-12
  8016.26025  2.22480433E-12
  8019.  2.21586399E-12
  8021.74023  2.20997938E-12
  8024.47998  2.20405573E-12
  8027.22021  2.19747267E-12
  8029.95996  2.19704875E-12
  8032.7002  2.21348092E-12
  8035.43994  2.21892383E-12
  8038.18018  2.20685341E-12
  8040.91992  2.21139773E-12
  8043.66016  2.22239132E-12
  8046.3999  2.2023286E-12
  8049.14014  2.18355672E-12
  8051.87988  2.20839427E-12
  8054.62012  2.22439168E-12
  8057.35986  2.21253137E-12
  8060.1001  2.20877158E-12
  8062.83984  2.21077236E-12
  8065.58008  2.20561113E-12
  8068.31982  2.19864882E-12
  8071.06006  2.19892832E-12
  8073.7998  2.20016843E-12
  8076.54004  2.19835695E-12
  8079.27979  2.1994791E-12
  8082.02002  2.20699977E-12
  8084.76025  2.20421446E-12
  8087.5  2.19562801E-12
  8090.24023  2.19580777E-12
  8092.97998  2.19885221E-12
  8095.72021  2.20304157E-12
  8098.45996  2.20324171E-12
  8101.2002  2.19455335E-12
  8103.93994  2.19006735E-12
  8106.68018  2.18873791E-12
  8109.41992  2.19293897E-12
  8112.16016  2.19903349E-12
  8114.8999  2.19268484E-12
  8117.64014  2.18885673E-12
  8120.37988  2.20095144E-12
  8123.12012  2.20908188E-12
  8125.85986  2.21179477E-12
  8128.6001  2.20720707E-12
  8131.33984  2.19680112E-12
  8134.08008  2.19989413E-12
  8136.81982  2.20702753E-12
  8139.56006  2.20709605E-12
  8142.2998  2.21337553E-12
  8145.04004  2.23904402E-12
  8147.77979  2.24285456E-12
  8150.52002  2.22145306E-12
  8153.26025  2.22693608E-12
  8156.  2.24095829E-12
  8158.74023  2.22692416E-12
  8161.47998  2.21440314E-12
  8164.22021  2.2269749E-12
  8166.95996  2.23854767E-12
  8169.7002  2.25133388E-12
  8172.43994  2.24127683E-12
  8175.18018  2.21338703E-12
  8177.91992  2.19385794E-12
  8180.66016  2.17989407E-12
  8183.3999  2.18063827E-12
  8186.14014  2.1861304E-12
  8188.87988  2.19715544E-12
  8191.62012  2.19586155E-12
  8194.36035  2.17730391E-12
  8197.09961  2.1844861E-12
  8199.83984  2.20333799E-12
  8202.58008  2.21132769E-12
  8205.32031  2.20838213E-12
  8208.05957  2.17739043E-12
  8210.7998  2.16173021E-12
  8213.54004  2.17622361E-12
  8216.28027  2.18539336E-12
  8219.01953  2.19402426E-12
  8221.75977  2.18894282E-12
  8224.5  2.18118709E-12
  8227.24023  2.19210609E-12
  8229.98047  2.20276033E-12
  8232.71973  2.20641973E-12
  8235.45996  2.20361403E-12
  8238.2002  2.19225267E-12
  8240.94043  2.18463615E-12
  8243.67969  2.17922794E-12
  8246.41992  2.18503145E-12
  8249.16016  2.19489813E-12
  8251.90039  2.20545435E-12
  8254.63965  2.2097801E-12
  8257.37988  2.20295028E-12
  8260.12012  2.19858593E-12
  8262.86035  2.19483069E-12
  8265.59961  2.20012246E-12
  8268.33984  2.20727321E-12
  8271.08008  2.19911958E-12
  8273.82031  2.19294006E-12
  8276.55957  2.20271045E-12
  8279.2998  2.20062401E-12
  8282.04004  2.17874937E-12
  8284.78027  2.18023581E-12
  8287.51953  2.19261588E-12
  8290.25977  2.18027159E-12
  8293.  2.16535687E-12
  8295.74023  2.16815433E-12
  8298.48047  2.17253169E-12
  8301.21973  2.17691121E-12
  8303.95996  2.17575307E-12
  8306.7002  2.16887597E-12
  8309.44043  2.1719035E-12
  8312.17969  2.17907441E-12
  8314.91992  2.18535303E-12
  8317.66016  2.18778836E-12
  8320.40039  2.18283855E-12
  8323.13965  2.17312605E-12
  8325.87988  2.15460809E-12
  8328.62012  2.14747838E-12
  8331.36035  2.14765879E-12
  8334.09961  2.16194532E-12
  8336.83984  2.17775364E-12
  8339.58008  2.17470725E-12
  8342.32031  2.172461E-12
  8345.05957  2.17745418E-12
  8347.7998  2.18092861E-12
  8350.54004  2.18401425E-12
  8353.28027  2.18065756E-12
  8356.01953  2.17110011E-12
  8358.75977  2.14491033E-12
  8361.5  2.12342795E-12
  8364.24023  2.12531034E-12
  8366.98047  2.13146211E-12
  8369.71973  2.14213543E-12
  8372.45996  2.15009434E-12
  8375.2002  2.1571204E-12
  8377.94043  2.1686871E-12
  8380.67969  2.17515784E-12
  8383.41992  2.15233192E-12
  8386.16016  2.14064226E-12
  8388.90039  2.16348033E-12
  8391.63965  2.17420179E-12
  8394.37988  2.17301437E-12
  8397.12012  2.18081976E-12
  8399.86035  2.19004285E-12
  8402.59961  2.18480767E-12
  8405.33984  2.17585889E-12
  8408.08008  2.17012888E-12
  8410.82031  2.16192494E-12
  8413.55957  2.14506104E-12
  8416.2998  2.14824144E-12
  8419.04004  2.16587338E-12
  8421.78027  2.16525691E-12
  8424.51953  2.16024724E-12
  8427.25977  2.16408055E-12
  8430.  2.16716272E-12
  8432.74023  2.16853011E-12
  8435.48047  2.16059614E-12
  8438.21973  2.13705225E-12
  8440.95996  2.1511703E-12
  8443.7002  2.18377334E-12
  8446.44043  2.19523792E-12
  8449.17969  2.20147338E-12
  8451.91992  2.20917945E-12
  8454.66016  2.21248692E-12
  8457.40039  2.21026496E-12
  8460.13965  2.20521604E-12
  8462.87988  2.19706219E-12
  8465.62012  2.17326331E-12
  8468.36035  2.14628575E-12
  8471.09961  2.13927227E-12
  8473.83984  2.13821495E-12
  8476.58008  2.13832207E-12
  8479.32031  2.14453477E-12
  8482.05957  2.16109292E-12
  8484.7998  2.1610322E-12
  8487.54004  2.15014898E-12
  8490.28027  2.12693383E-12
  8493.01953  2.09504029E-12
  8495.75977  2.04540508E-12
  8498.5  2.02542323E-12
  8501.24023  2.05216616E-12
  8503.98047  2.09740797E-12
  8506.71973  2.16678693E-12
  8509.45996  2.17830398E-12
  8512.2002  2.16417986E-12
  8514.94043  2.15095238E-12
  8517.67969  2.14835766E-12
  8520.41992  2.18136989E-12
  8523.16016  2.18819949E-12
  8525.90039  2.16129111E-12
  8528.63965  2.13635967E-12
  8531.37988  2.10509258E-12
  8534.12012  2.05827846E-12
  8536.86035  1.98914149E-12
  8539.59961  1.85286812E-12
  8542.33984  1.7750211E-12
  8545.08008  1.79609452E-12
  8547.82031  1.87681641E-12
  8550.55957  2.02887642E-12
  8553.2998  2.09656576E-12
  8556.04004  2.12657778E-12
  8558.78027  2.14577748E-12
  8561.51953  2.15612142E-12
  8564.25977  2.16460942E-12
  8567.  2.16784338E-12
  8569.74023  2.16298962E-12
  8572.48047  2.16501578E-12
  8575.21973  2.16980058E-12
  8577.95996  2.16208757E-12
  8580.7002  2.15572937E-12
  8583.44043  2.17209367E-12
  8586.17969  2.18289883E-12
  8588.91992  2.17608505E-12
  8591.66016  2.17392575E-12
  8594.40039  2.1749835E-12
  8597.13965  2.17683185E-12
  8599.87988  2.18112464E-12
  8602.62012  2.19558117E-12
  8605.36035  2.20796732E-12
  8608.09961  2.20848079E-12
  8610.83984  2.20637441E-12
  8613.58008  2.20126218E-12
  8616.32031  2.19741391E-12
  8619.05957  2.19396593E-12
  8621.7998  2.19341732E-12
  8624.54004  2.19370876E-12
  8627.28027  2.1929355E-12
  8630.02051  2.19001119E-12
  8632.75977  2.18135774E-12
  8635.5  2.18046935E-12
  8638.24023  2.18953263E-12
  8640.98047  2.17892067E-12
  8643.71973  2.15957374E-12
  8646.45996  2.15166231E-12
  8649.2002  2.14302708E-12
  8651.94043  2.13751E-12
  8654.67969  2.09818187E-12
  8657.41992  2.00253919E-12
  8660.16016  1.92669773E-12
  8662.90039  1.85985342E-12
  8665.63965  1.90748979E-12
  8668.37988  2.00340244E-12
  8671.12012  2.07439599E-12
  8673.86035  2.13096814E-12
  8676.59961  2.16857695E-12
  8679.33984  2.18560543E-12
  8682.08008  2.1796356E-12
  8684.82031  2.16610042E-12
  8687.55957  2.14769023E-12
  8690.2998  2.16316635E-12
  8693.04004  2.1777931E-12
  8695.78027  2.15503071E-12
  8698.52051  2.14698463E-12
  8701.25977  2.17213075E-12
  8704.  2.176293E-12
  8706.74023  2.16705668E-12
  8709.48047  2.17098496E-12
  8712.21973  2.17845078E-12
  8714.95996  2.18226414E-12
  8717.7002  2.18378787E-12
  8720.44043  2.18314212E-12
  8723.17969  2.17810817E-12
  8725.91992  2.16653778E-12
  8728.66016  2.1624434E-12
  8731.40039  2.16268735E-12
  8734.13965  2.16638318E-12
  8736.87988  2.1744672E-12
  8739.62012  2.19185412E-12
  8742.36035  2.20277464E-12
  8745.09961  2.20696248E-12
  8747.83984  2.18982233E-12
  8750.58008  2.15243752E-12
  8753.32031  2.12817567E-12
  8756.05957  2.11288799E-12
  8758.7998  2.11916465E-12
  8761.54004  2.13277247E-12
  8764.28027  2.15046795E-12
  8767.02051  2.16068699E-12
  8769.75977  2.16267347E-12
  8772.5  2.15788325E-12
  8775.24023  2.1475933E-12
  8777.98047  2.14144761E-12
  8780.71973  2.14077931E-12
  8783.45996  2.15352736E-12
  8786.2002  2.16698946E-12
  8788.94043  2.17941008E-12
  8791.67969  2.18693943E-12
  8794.41992  2.19056934E-12
  8797.16016  2.18369246E-12
  8799.90039  2.16774342E-12
  8802.63965  2.1374636E-12
  8805.37988  2.10906249E-12
  8808.12012  2.08924739E-12
  8810.86035  2.08947963E-12
  8813.59961  2.11904973E-12
  8816.33984  2.1372357E-12
  8819.08008  2.15012643E-12
  8821.82031  2.12003201E-12
  8824.55957  2.08794895E-12
  8827.2998  2.1096176E-12
  8830.04004  2.13576075E-12
  8832.78027  2.15797302E-12
  8835.52051  2.16854681E-12
  8838.25977  2.16805848E-12
  8841.  2.16314336E-12
  8843.74023  2.15256046E-12
  8846.48047  2.13363637E-12
  8849.21973  2.11681367E-12
  8851.95996  2.11040365E-12
  8854.7002  2.1095107E-12
  8857.44043  2.11127773E-12
  8860.17969  2.13181751E-12
  8862.91992  2.16557371E-12
  8865.66016  2.16620623E-12
  8868.40039  2.1560607E-12
  8871.13965  2.15413104E-12
  8873.87988  2.15132621E-12
  8876.62012  2.14439187E-12
  8879.36035  2.14228223E-12
  8882.09961  2.14550665E-12
  8884.83984  2.14349957E-12
  8887.58008  2.14022962E-12
  8890.32031  2.14491749E-12
  8893.05957  2.14756208E-12
  8895.7998  2.13610705E-12
  8898.54004  2.13354941E-12
  8901.28027  2.14701282E-12
  8904.02051  2.15390119E-12
  8906.75977  2.15819875E-12
  8909.5  2.17341921E-12
  8912.24023  2.19001054E-12
  8914.98047  2.19595999E-12
  8917.71973  2.1954682E-12
  8920.45996  2.18692143E-12
  8923.2002  2.17882288E-12
  8925.94043  2.17361372E-12
  8928.67969  2.14631785E-12
  8931.41992  2.10859368E-12
  8934.16016  2.09104327E-12
  8936.90039  2.08377846E-12
  8939.63965  2.08491948E-12
  8942.37988  2.0953688E-12
  8945.12012  2.12201112E-12
  8947.86035  2.13184375E-12
  8950.59961  2.13004332E-12
  8953.33984  2.14620379E-12
  8956.08008  2.16628234E-12
  8958.82031  2.17670586E-12
  8961.55957  2.17676246E-12
  8964.2998  2.15905765E-12
  8967.04004  2.1446189E-12
  8969.78027  2.13078405E-12
  8972.52051  2.13766526E-12
  8975.25977  2.15470979E-12
  8978.  2.13667365E-12
  8980.74023  2.12253479E-12
  8983.48047  2.15235729E-12
  8986.21973  2.18183349E-12
  8988.95996  2.21028512E-12
  8991.7002  2.20810978E-12
  8994.44043  2.1785579E-12
  8997.17969  2.17045652E-12
  8999.91992  2.16750229E-12
  9002.66016  2.15897786E-12
  9005.40039  2.1439957E-12
  9008.13965  2.11439872E-12
  9010.87988  2.09449623E-12
  9013.62012  2.08315873E-12
  9016.36035  2.09170246E-12
  9019.09961  2.1143534E-12
  9021.83984  2.12924708E-12
  9024.58008  2.13824206E-12
  9027.32031  2.13110692E-12
  9030.05957  2.12952984E-12
  9032.7998  2.14356115E-12
  9035.54004  2.14978079E-12
  9038.28027  2.1504775E-12
  9041.02051  2.14497886E-12
  9043.75977  2.13774463E-12
  9046.5  2.1407058E-12
  9049.24023  2.15019105E-12
  9051.98047  2.17641833E-12
  9054.71973  2.17695263E-12
  9057.45996  2.13720751E-12
  9060.2002  2.12177975E-12
  9062.94043  2.11729484E-12
  9065.67969  2.12028984E-12
  9068.41992  2.12996829E-12
  9071.16016  2.1498441E-12
  9073.90039  2.1589321E-12
  9076.63965  2.14246307E-12
  9079.37988  2.13928506E-12
  9082.12012  2.14876879E-12
  9084.86035  2.13582407E-12
  9087.59961  2.11459474E-12
  9090.33984  2.1076849E-12
  9093.08008  2.10433168E-12
  9095.82031  2.09610584E-12
  9098.55957  2.10350834E-12
  9101.2998  2.13955394E-12
  9104.04004  2.14852029E-12
  9106.78027  2.14228852E-12
  9109.52051  2.13466072E-12
  9112.25977  2.12483481E-12
  9115.  2.11244173E-12
  9117.74023  2.11289775E-12
  9120.48047  2.1386508E-12
  9123.21973  2.16056665E-12
  9125.95996  2.18196424E-12
  9128.7002  2.18658208E-12
  9131.44043  2.1804366E-12
  9134.17969  2.16972404E-12
  9136.91992  2.15834967E-12
  9139.66016  2.15595966E-12
  9142.40039  2.14250774E-12
  9145.13965  2.10489568E-12
  9147.87988  2.09683052E-12
  9150.62012  2.10789719E-12
  9153.36035  2.10271557E-12
  9156.09961  2.09747085E-12
  9158.83984  2.11085858E-12
  9161.58008  2.12250812E-12
  9164.32031  2.1272142E-12
  9167.05957  2.11954087E-12
  9169.7998  2.09450317E-12
  9172.54004  2.09563703E-12
  9175.28027  2.10998103E-12
  9178.02051  2.12739266E-12
  9180.75977  2.13444952E-12
  9183.5  2.0973891E-12
  9186.24023  2.08950175E-12
  9188.98047  2.14348201E-12
  9191.71973  2.15354666E-12
  9194.45996  2.13555822E-12
  9197.2002  2.14129734E-12
  9199.94043  2.1451751E-12
  9202.67969  2.10915985E-12
  9205.41992  2.07513954E-12
  9208.16016  2.06172384E-12
  9210.90039  2.05338502E-12
  9213.63965  2.04895085E-12
  9216.37988  2.05938478E-12
  9219.12012  2.07887462E-12
  9221.86035  2.08494159E-12
  9224.59961  2.08826814E-12
  9227.33984  2.09713193E-12
  9230.08008  2.09894407E-12
  9232.82031  2.08479219E-12
  9235.55957  2.08650718E-12
  9238.2998  2.10028197E-12
  9241.04004  2.10978002E-12
  9243.78027  2.11857571E-12
  9246.52051  2.12693817E-12
  9249.25977  2.13275903E-12
  9252.  2.13461562E-12
  9254.74023  2.13377449E-12
  9257.48047  2.13069774E-12
  9260.21973  2.12147899E-12
  9262.95996  2.10857894E-12
  9265.7002  2.10643807E-12
  9268.44043  2.10568954E-12
  9271.17969  2.09835664E-12
  9273.91992  2.08971794E-12
  9276.66016  2.07938289E-12
  9279.40039  2.07178155E-12
  9282.13965  2.06588848E-12
  9284.87988  2.0723707E-12
  9287.62012  2.08458945E-12
  9290.36035  2.09329884E-12
  9293.09961  2.09429609E-12
  9295.83984  2.07539238E-12
  9298.58008  2.06879934E-12
  9301.32031  2.08222328E-12
  9304.05957  2.08247807E-12
  9306.7998  2.07650021E-12
  9309.54004  2.06363073E-12
  9312.28027  2.05632213E-12
  9315.02051  2.0805148E-12
  9317.75977  2.09997146E-12
  9320.5  2.09896488E-12
  9323.24023  2.10987824E-12
  9325.98047  2.13217183E-12
  9328.71973  2.13873103E-12
  9331.45996  2.13774224E-12
  9334.2002  2.13758568E-12
  9336.94043  2.13194631E-12
  9339.67969  2.11161535E-12
  9342.41992  2.10194492E-12
  9345.16016  2.11213816E-12
  9347.90039  2.10628585E-12
  9350.63965  2.09203119E-12
  9353.37988  2.07766768E-12
  9356.12012  2.0681189E-12
  9358.86035  2.08096604E-12
  9361.59961  2.08997208E-12
  9364.33984  2.08921032E-12
  9367.08008  2.07033024E-12
  9369.82031  2.02873352E-12
  9372.55957  2.02118899E-12
  9375.2998  2.02772109E-12
  9378.04004  2.01570293E-12
  9380.78027  2.00825229E-12
  9383.52051  2.02305555E-12
  9386.25977  2.03568477E-12
  9389.  2.04159064E-12
  9391.74023  2.05249142E-12
  9394.48047  2.06622761E-12
  9397.21973  2.06858771E-12
  9399.95996  2.07078929E-12
  9402.7002  2.093306E-12
  9405.44043  2.10961283E-12
  9408.17969  2.10743272E-12
  9410.91992  2.10257549E-12
  9413.66016  2.09317199E-12
  9416.40039  2.09160553E-12
  9419.13965  2.09239201E-12
  9421.87988  2.08121606E-12
  9424.62012  2.06860072E-12
  9427.36035  2.06227722E-12
  9430.09961  2.05581017E-12
  9432.83984  2.04593634E-12
  9435.58008  2.04635224E-12
  9438.32031  2.05481443E-12
  9441.05957  2.0428108E-12
  9443.7998  2.02846615E-12
  9446.54004  2.04147983E-12
  9449.28027  2.05333775E-12
  9452.02051  2.05136017E-12
  9454.75977  2.04892288E-12
  9457.5  2.04598816E-12
  9460.24023  2.04090542E-12
  9462.98047  2.03527364E-12
  9465.71973  2.03938038E-12
  9468.45996  2.04350425E-12
  9471.2002  2.03870948E-12
  9473.94043  2.03177145E-12
  9476.67969  2.02133557E-12
  9479.41992  2.0172696E-12
  9482.16016  2.01818054E-12
  9484.90039  2.02267088E-12
  9487.63965  2.02717964E-12
  9490.37988  2.01745695E-12
  9493.12012  2.01351631E-12
  9495.86035  2.03036698E-12
  9498.59961  2.04186429E-12
  9501.33984  2.04589145E-12
  9504.08008  2.05544783E-12
  9506.82031  2.06535483E-12
  9509.55957  2.05012353E-12
  9512.2998  2.03153445E-12
  9515.04004  2.02830743E-12
  9517.78027  2.03568781E-12
  9520.52051  2.05973801E-12
  9523.25977  2.07526682E-12
  9526.  2.08573089E-12
  9528.74023  2.07871871E-12
  9531.48047  2.06333431E-12
  9534.21973  2.05780185E-12
  9536.95996  2.05191246E-12
  9539.7002  2.04061659E-12
  9542.44043  2.0316819E-12
  9545.17969  2.02830005E-12
  9547.91992  2.01235946E-12
  9550.66016  1.99057112E-12
  9553.40039  1.99839147E-12
  9556.13965  2.01163999E-12
  9558.87988  2.00424855E-12
  9561.62012  1.99991022E-12
  9564.36035  2.00600539E-12
  9567.09961  2.01009456E-12
  9569.83984  2.01221223E-12
  9572.58008  2.02926846E-12
  9575.32031  2.04792563E-12
  9578.05957  2.03052267E-12
  9580.7998  2.00905481E-12
  9583.54004  1.9984563E-12
  9586.28027  1.99970704E-12
  9589.02051  2.02052763E-12
  9591.75977  2.02557719E-12
  9594.5  2.02283979E-12
  9597.24023  2.02238378E-12
  9599.98047  2.0255284E-12
  9602.71973  2.04305214E-12
  9605.45996  2.05616817E-12
  9608.2002  2.05477649E-12
  9610.94043  2.05835804E-12
  9613.67969  2.06389159E-12
  9616.41992  2.1008347E-12
  9619.16016  2.14176441E-12
  9621.90039  2.0871371E-12
  9624.63965  2.02765517E-12
  9627.37988  2.03046347E-12
  9630.12012  2.03010243E-12
  9632.86035  2.02200106E-12
  9635.59961  2.00156666E-12
  9638.33984  1.97185606E-12
  9641.08008  1.97708278E-12
  9643.82031  1.99102106E-12
  9646.55957  1.97919025E-12
  9649.2998  1.97392146E-12
  9652.04004  1.99403796E-12
  9654.78027  1.99686752E-12
  9657.52051  1.97948147E-12
  9660.25977  1.98223707E-12
  9663.  1.99232124E-12
  9665.74023  1.9886794E-12
  9668.48047  1.98245543E-12
  9671.21973  1.97863037E-12
  9673.95996  1.97703724E-12
  9676.7002  1.97946932E-12
  9679.44043  1.97843521E-12
  9682.17969  1.97518E-12
  9684.91992  1.97394358E-12
  9687.66016  1.97507635E-12
  9690.40039  1.98065067E-12
  9693.13965  1.99232644E-12
  9695.87988  2.01959825E-12
  9698.62012  2.02574676E-12
  9701.36035  2.00049244E-12
  9704.09961  2.02822156E-12
  9706.83984  2.076876E-12
  9709.58008  2.05773593E-12
  9712.32031  2.02426769E-12
  9715.05957  2.01287251E-12
  9717.7998  2.0004508E-12
  9720.54004  1.98187994E-12
  9723.28027  1.96943395E-12
  9726.02051  1.9612415E-12
  9728.75977  1.97801562E-12
  9731.5  2.00124964E-12
  9734.24023  1.99348177E-12
  9736.98047  1.98338351E-12
  9739.71973  1.9809228E-12
  9742.45996  1.98479167E-12
  9745.2002  1.99494696E-12
  9747.94043  2.01626953E-12
  9750.67969  2.04180553E-12
  9753.41992  2.0220197E-12
  9756.16016  1.9907769E-12
  9758.90039  1.9722236E-12
  9761.63965  1.96525522E-12
  9764.37988  1.97646391E-12
  9767.12012  1.98365109E-12
  9769.86035  1.98938782E-12
  9772.59961  1.9943268E-12
  9775.33984  1.99734977E-12
  9778.08008  1.99461021E-12
  9780.82031  1.9898833E-12
  9783.55957  1.98498509E-12
  9786.2998  1.97892072E-12
  9789.04004  1.96227409E-12
  9791.78027  1.99134762E-12
  9794.52051  2.04710879E-12
  9797.25977  2.05672003E-12
  9800.  2.05138163E-12
  9802.74023  2.04724909E-12
  9805.48047  2.04452536E-12
  9808.21973  2.05175503E-12
  9810.95996  2.03694765E-12
  9813.7002  2.001007E-12
  9816.44043  1.97041884E-12
  9819.17969  1.94516625E-12
  9821.91992  1.94703129E-12
  9824.66016  1.96002155E-12
  9827.40039  1.97957319E-12
  9830.13965  1.99633084E-12
  9832.87988  2.01107794E-12
  9835.62012  2.01472563E-12
  9838.36035  2.01052087E-12
  9841.09961  2.01719978E-12
  9843.83984  2.02357011E-12
  9846.58008  2.01427872E-12
  9849.32031  2.01098318E-12
  9852.05957  2.0282363E-12
  9854.7998  2.02741166E-12
  9857.54004  2.00805692E-12
  9860.28027  2.00138365E-12
  9863.02051  2.00150421E-12
  9865.75977  2.0183989E-12
  9868.5  2.0297531E-12
  9871.24023  2.01057248E-12
  9873.98047  1.99885507E-12
  9876.71973  2.00196782E-12
  9879.45996  2.00144784E-12
  9882.2002  1.99993234E-12
  9884.94043  1.98884897E-12
  9887.67969  1.97408517E-12
  9890.41992  1.96303672E-12
  9893.16016  1.95115885E-12
  9895.90039  1.93171195E-12
  9898.63965  1.93007437E-12
  9901.37988  1.94813263E-12
  9904.12012  1.95954754E-12
  9906.86035  1.97116325E-12
  9909.59961  1.99451068E-12
  9912.33984  2.00886486E-12
  9915.08008  1.98729162E-12
  9917.82031  1.97389024E-12
  9920.55957  1.97397784E-12
  9923.2998  1.99001536E-12
  9926.04004  2.02055993E-12
  9928.78027  2.03037088E-12
  9931.52051  2.02812246E-12
  9934.25977  2.00940176E-12
  9937.  1.99055486E-12
  9939.74023  1.97478232E-12
  9942.48047  1.97878584E-12
  9945.21973  2.00840798E-12
  9947.95996  2.0209793E-12
  9950.7002  2.02413845E-12
  9953.44043  2.0011306E-12
  9956.17969  1.97981215E-12
  9958.91992  1.99712642E-12
  9961.66016  2.00092568E-12
  9964.40039  1.97119903E-12
  9967.13965  1.96574658E-12
  9969.87988  1.97757696E-12
  9972.62012  1.96106824E-12
  9975.36035  1.94146175E-12
  9978.09961  1.96549916E-12
  9980.83984  1.97898685E-12
  9983.58008  1.9438303E-12
  9986.32031  1.92810091E-12
  9989.05957  1.93388339E-12
  9991.7998  1.95462722E-12
  9994.54004  1.98567096E-12
  9997.28027  1.98427429E-12
  10000.0205  1.97880254E-12
  10002.7598  1.99489297E-12
  10005.5  2.00890129E-12
  10008.2402  2.02130977E-12
  10010.9805  2.01102589E-12
  10013.7197  1.9787325E-12
  10016.46  1.97554538E-12
  10019.2002  1.9845423E-12
  10021.9404  2.00027364E-12
  10024.6797  1.99976255E-12
  10027.4199  1.95485533E-12
  10030.1602  1.91976318E-12
  10032.9004  1.89225025E-12
  10035.6396  1.89725275E-12
  10038.3799  1.9243036E-12
  10041.1201  1.92937918E-12
  10043.8604  1.93289872E-12
  10046.5996  1.95123605E-12
  10049.3398  1.96679695E-12
  10052.0801  1.97674884E-12
  10054.8203  1.97569999E-12
  10057.5596  1.96100861E-12
  10060.2998  1.99128843E-12
  10063.04  2.03157998E-12
  10065.7803  2.00146844E-12
  10068.5205  1.96561777E-12
  10071.2598  1.95523372E-12
  10074.  1.96144598E-12
  10076.7402  1.99850921E-12
  10079.4805  1.99330244E-12
  10082.2197  1.96546056E-12
  10084.96  1.98044012E-12
  10087.7002  2.0051222E-12
  10090.4404  2.01376307E-12
  10093.1797  2.01345841E-12
  10095.9199  1.99920571E-12
  10098.6602  1.99156468E-12
  10101.4004  1.98905432E-12
  10104.1396  1.99388314E-12
  10106.8799  1.99969945E-12
  10109.6201  1.98532618E-12
  10112.3604  1.95819858E-12
  10115.0996  1.91013156E-12
  10117.8398  1.87851015E-12
  10120.5801  1.86613377E-12
  10123.3203  1.88173609E-12
  10126.0596  1.92066176E-12
  10128.7998  1.92070123E-12
  10131.54  1.91536153E-12
  10134.2803  1.94824343E-12
  10137.0205  1.96819405E-12
  10139.7598  1.94891108E-12
  10142.5  1.93873086E-12
  10145.2402  1.93778674E-12
  10147.9805  1.92315369E-12
  10150.7197  1.90642012E-12
  10153.46  1.92389269E-12
  10156.2002  1.94781322E-12
  10158.9404  1.96561864E-12
  10161.6797  1.96504206E-12
  10164.4199  1.93309127E-12
  10167.1602  1.91816766E-12
  10169.9004  1.91240752E-12
  10172.6396  1.92640977E-12
  10175.3799  1.94344887E-12
  10178.1201  1.92026061E-12
  10180.8604  1.91861002E-12
  10183.5996  1.98803625E-12
  10186.3398  2.03394007E-12
  10189.0801  2.1909989E-12
  10191.8203  1.33893591E-12
  10194.5596  6.69307901E-15
  10197.2998 -1.51590857E-13
  10200.04  0.
  10202.7803  0.
  10205.5205  0.
