#*hd036702.dat  
#*
#*  Heap-Lindler STIS
#set .z.units = "Ergs/s/cm**2/A"
#set .z.label = "Flux"
#set .table.bandwidth = 2.74
#*
     2950.00    3.06903E-14
     2952.74    3.29813E-14
     2955.48    3.45077E-14
     2958.22    3.83647E-14
     2960.96    3.69623E-14
     2963.70    3.59954E-14
     2966.44    2.94199E-14
     2969.18    2.92728E-14
     2971.92    3.35695E-14
     2974.66    3.88922E-14
     2977.40    4.78977E-14
     2980.14    3.76564E-14
     2982.88    3.28793E-14
     2985.62    3.28549E-14
     2988.36    4.00194E-14
     2991.10    4.45700E-14
     2993.84    4.43278E-14
     2996.58    4.75915E-14
     2999.32    4.25141E-14
     3002.06    3.79187E-14
     3004.80    4.38665E-14
     3007.54    4.48908E-14
     3010.28    5.16039E-14
     3013.02    5.03145E-14
     3015.76    4.46583E-14
     3018.50    3.59004E-14
     3021.24    3.63436E-14
     3023.98    4.79308E-14
     3026.72    5.33739E-14
     3029.46    5.40010E-14
     3032.20    5.33270E-14
     3034.94    5.73419E-14
     3037.68    5.52708E-14
     3040.42    5.55756E-14
     3043.16    5.31078E-14
     3045.90    5.79743E-14
     3048.64    5.89370E-14
     3051.38    6.00574E-14
     3054.12    5.45149E-14
     3056.86    4.82288E-14
     3059.60    4.46262E-14
     3062.34    4.52222E-14
     3065.08    3.54104E-14
     3067.82    3.85012E-14
     3070.56    4.44079E-14
     3073.30    4.70177E-14
     3076.04    5.29469E-14
     3078.78    5.30002E-14
     3081.52    5.22452E-14
     3084.26    5.46483E-14
     3087.00    4.66736E-14
     3089.74    4.40802E-14
     3092.48    3.97801E-14
     3095.22    3.95662E-14
     3097.96    4.44904E-14
     3100.70    4.70492E-14
     3103.44    5.21386E-14
     3106.18    5.77082E-14
     3108.92    6.18477E-14
     3111.66    6.11965E-14
     3114.40    6.89438E-14
     3117.14    5.94224E-14
     3119.88    4.54374E-14
     3122.62    4.89643E-14
     3125.36    4.84674E-14
     3128.10    5.12536E-14
     3130.84    5.80731E-14
     3133.58    6.16330E-14
     3136.32    5.68761E-14
     3139.06    5.84524E-14
     3141.80    5.85738E-14
     3144.54    5.66627E-14
     3147.28    6.26486E-14
     3150.02    6.55337E-14
     3152.76    6.61736E-14
     3155.50    5.89233E-14
     3158.24    5.37925E-14
     3160.98    5.77782E-14
     3163.72    6.29983E-14
     3166.46    6.81755E-14
     3169.20    7.63102E-14
     3171.94    8.23762E-14
     3174.68    8.55589E-14
     3177.42    8.36151E-14
     3180.16    7.12621E-14
     3182.90    6.80776E-14
     3185.64    7.24907E-14
     3188.38    7.13711E-14
     3191.12    6.89274E-14
     3193.86    7.00818E-14
     3196.60    7.92574E-14
     3199.34    8.58411E-14
     3202.08    8.89604E-14
     3204.82    9.48410E-14
     3207.56    9.25431E-14
     3210.30    8.16325E-14
     3213.04    7.55246E-14
     3215.78    7.94757E-14
     3218.52    8.81201E-14
     3221.26    8.88878E-14
     3224.00    8.36688E-14
     3226.74    8.00818E-14
     3229.48    8.04261E-14
     3232.22    7.87376E-14
     3234.96    7.85039E-14
     3237.70    8.57082E-14
     3240.44    8.66928E-14
     3243.18    9.45687E-14
     3245.92    1.03072E-13
     3248.66    9.94612E-14
     3251.40    9.72636E-14
     3254.14    1.04380E-13
     3256.88    1.22057E-13
     3259.62    1.28203E-13
     3262.36    1.20050E-13
     3265.10    1.19220E-13
     3267.84    1.25403E-13
     3270.58    1.19739E-13
     3273.32    1.15293E-13
     3276.06    1.16894E-13
     3278.80    1.14773E-13
     3281.54    1.16400E-13
     3284.28    1.18073E-13
     3287.02    1.20295E-13
     3289.76    1.32885E-13
     3292.50    1.41971E-13
     3295.24    1.41045E-13
     3297.98    1.42216E-13
     3300.72    1.37307E-13
     3303.46    1.34950E-13
     3306.20    1.29130E-13
     3308.94    1.23287E-13
     3311.68    1.27293E-13
     3314.42    1.27637E-13
     3317.16    1.26469E-13
     3319.90    1.27479E-13
     3322.64    1.28327E-13
     3325.38    1.27171E-13
     3328.12    1.26782E-13
     3330.86    1.31916E-13
     3333.60    1.28598E-13
     3336.34    1.19516E-13
     3339.08    1.23796E-13
     3341.82    1.25406E-13
     3344.56    1.27392E-13
     3347.30    1.24049E-13
     3350.04    1.27401E-13
     3352.78    1.39432E-13
     3355.52    1.29122E-13
     3358.26    9.81668E-14
     3361.00    8.42812E-14
     3363.74    1.09464E-13
     3366.48    1.18725E-13
     3369.22    1.04397E-13
     3371.96    9.78401E-14
     3374.70    1.19649E-13
     3377.44    1.33337E-13
     3380.18    1.25895E-13
     3382.92    1.26046E-13
     3385.66    1.23050E-13
     3388.40    1.29295E-13
     3391.14    1.37032E-13
     3393.88    1.38154E-13
     3396.62    1.55728E-13
     3399.36    1.69498E-13
     3402.10    1.67951E-13
     3404.84    1.55082E-13
     3407.58    1.46497E-13
     3410.32    1.47608E-13
     3413.06    1.50415E-13
     3415.80    1.53230E-13
     3418.54    1.67953E-13
     3421.28    1.78366E-13
     3424.02    1.73501E-13
     3426.76    1.80942E-13
     3429.50    1.90713E-13
     3432.24    1.90380E-13
     3434.98    1.91025E-13
     3437.72    1.81061E-13
     3440.46    1.60925E-13
     3443.20    1.56479E-13
     3445.94    1.74640E-13
     3448.68    1.92597E-13
     3451.42    1.95264E-13
     3454.16    1.91723E-13
     3456.90    1.95118E-13
     3459.64    1.90039E-13
     3462.38    1.93817E-13
     3465.12    2.03418E-13
     3467.86    2.06626E-13
     3470.60    2.09196E-13
     3473.34    1.92285E-13
     3476.08    1.79264E-13
     3478.82    1.93654E-13
     3481.56    2.04333E-13
     3484.30    2.10008E-13
     3487.04    2.20323E-13
     3489.78    2.08624E-13
     3492.52    1.97668E-13
     3495.26    1.97406E-13
     3498.00    2.05153E-13
     3500.74    2.30764E-13
     3503.48    2.24354E-13
     3506.22    2.21153E-13
     3508.96    2.24214E-13
     3511.70    2.17695E-13
     3514.44    2.19796E-13
     3517.18    2.30692E-13
     3519.92    2.25127E-13
     3522.66    2.02643E-13
     3525.40    1.96568E-13
     3528.14    2.15077E-13
     3530.88    2.35632E-13
     3533.62    2.40788E-13
     3536.36    2.54994E-13
     3539.10    2.61969E-13
     3541.84    2.61540E-13
     3544.58    2.64625E-13
     3547.32    2.63526E-13
     3550.06    2.58512E-13
     3552.80    2.58442E-13
     3555.54    2.58161E-13
     3558.28    2.63361E-13
     3561.02    2.58477E-13
     3563.76    2.52998E-13
     3566.50    2.28643E-13
     3569.24    2.24222E-13
     3571.98    2.27051E-13
     3574.72    2.42237E-13
     3577.46    2.43562E-13
     3580.20    2.38719E-13
     3582.94    2.27433E-13
     3585.68    2.13662E-13
     3588.42    2.12998E-13
     3591.16    2.48852E-13
     3593.90    2.75090E-13
     3596.64    2.77200E-13
     3599.38    2.94296E-13
     3602.12    2.85634E-13
     3604.86    2.68123E-13
     3607.60    2.58549E-13
     3610.34    2.52203E-13
     3613.08    2.61600E-13
     3615.82    2.69708E-13
     3618.56    2.60807E-13
     3621.30    2.71033E-13
     3624.04    2.97536E-13
     3626.78    3.12394E-13
     3629.52    2.90127E-13
     3632.26    2.58715E-13
     3635.00    2.69738E-13
     3637.74    2.92002E-13
     3640.48    3.09046E-13
     3643.22    2.91248E-13
     3645.96    2.77118E-13
     3648.70    2.82288E-13
     3651.44    2.93827E-13
     3654.18    3.07873E-13
     3656.92    3.25062E-13
     3659.66    3.30603E-13
     3662.40    3.25810E-13
     3665.14    3.24591E-13
     3667.88    3.19971E-13
     3670.62    3.18776E-13
     3673.36    3.37598E-13
     3676.10    3.40509E-13
     3678.84    3.21432E-13
     3681.58    3.25559E-13
     3684.32    3.26979E-13
     3687.06    3.17491E-13
     3689.80    3.31751E-13
     3692.54    3.60323E-13
     3695.28    3.59477E-13
     3698.02    3.72516E-13
     3700.76    3.82409E-13
     3703.50    3.47612E-13
     3706.24    3.16903E-13
     3708.98    3.27196E-13
     3711.72    3.60477E-13
     3714.46    3.85720E-13
     3717.20    3.83947E-13
     3719.94    3.29896E-13
     3722.68    3.15067E-13
     3725.42    3.58492E-13
     3728.16    3.57305E-13
     3730.90    3.40394E-13
     3733.64    3.07204E-13
     3736.38    2.91446E-13
     3739.12    3.40644E-13
     3741.86    3.57839E-13
     3744.60    3.46213E-13
     3747.34    3.04899E-13
     3750.08    3.07682E-13
     3752.82    3.71930E-13
     3755.56    3.94924E-13
     3758.30    3.62887E-13
     3761.04    3.55676E-13
     3763.78    3.90886E-13
     3766.52    4.00792E-13
     3769.26    4.02947E-13
     3772.00    4.04691E-13
     3774.74    4.21087E-13
     3777.48    4.18249E-13
     3780.22    4.45320E-13
     3782.96    4.56087E-13
     3785.70    4.24157E-13
     3788.44    3.94243E-13
     3791.18    3.99206E-13
     3793.92    3.93836E-13
     3796.66    3.89734E-13
     3799.40    3.79800E-13
     3802.14    4.49587E-13
     3804.88    4.70742E-13
     3807.62    4.53504E-13
     3810.36    4.47328E-13
     3813.10    4.20600E-13
     3815.84    4.09467E-13
     3818.58    4.11074E-13
     3821.32    3.93276E-13
     3824.06    3.99936E-13
     3826.80    3.80242E-13
     3829.54    3.89981E-13
     3832.28    3.80070E-13
     3835.02    3.55489E-13
     3837.76    3.79825E-13
     3840.50    4.01235E-13
     3843.24    4.32448E-13
     3845.98    4.58547E-13
     3848.72    4.52515E-13
     3851.46    4.44622E-13
     3854.20    4.55259E-13
     3856.94    4.53190E-13
     3859.68    4.32610E-13
     3862.42    4.60461E-13
     3865.16    4.78780E-13
     3867.90    4.89610E-13
     3870.64    4.57746E-13
     3873.38    4.14824E-13
     3876.12    4.33909E-13
     3878.86    4.26450E-13
     3881.60    4.45225E-13
     3884.34    4.34133E-13
     3887.08    4.10099E-13
     3889.82    4.19276E-13
     3892.56    4.57361E-13
     3895.30    4.56793E-13
     3898.04    4.56567E-13
     3900.78    4.58386E-13
     3903.52    4.66156E-13
     3906.26    4.48151E-13
     3909.00    4.71911E-13
     3911.74    4.96671E-13
     3914.48    4.74521E-13
     3917.22    4.54680E-13
     3919.96    4.33629E-13
     3922.70    4.18974E-13
     3925.44    3.90027E-13
     3928.18    2.90578E-13
     3930.92    1.73759E-13
     3933.66    1.24731E-13
     3936.40    1.75616E-13
     3939.14    2.85266E-13
     3941.88    3.67705E-13
     3944.62    4.23235E-13
     3947.36    4.66115E-13
     3950.10    4.70066E-13
     3952.84    4.82485E-13
     3955.58    5.02443E-13
     3958.32    4.82050E-13
     3961.06    4.52033E-13
     3963.80    3.38281E-13
     3966.54    2.11191E-13
     3969.28    1.66824E-13
     3972.02    2.78354E-13
     3974.76    4.13691E-13
     3977.50    5.09798E-13
     3980.24    5.56277E-13
     3982.98    5.46608E-13
     3985.72    5.96377E-13
     3988.46    6.00366E-13
     3991.20    6.12691E-13
     3993.94    6.14899E-13
     3996.68    5.83750E-13
     3999.42    6.00902E-13
     4002.16    6.44608E-13
     4004.90    6.26002E-13
     4007.64    6.34177E-13
     4010.38    6.61642E-13
     4013.12    6.59585E-13
     4015.86    6.77822E-13
     4018.60    6.79154E-13
     4021.34    6.55395E-13
     4024.08    6.58874E-13
     4026.82    6.81317E-13
     4029.56    6.62542E-13
     4032.30    6.27930E-13
     4035.04    6.64828E-13
     4037.78    7.16314E-13
     4040.52    7.13271E-13
     4043.26    6.89131E-13
     4046.00    6.49127E-13
     4048.74    7.07582E-13
     4051.48    7.18148E-13
     4054.22    7.03355E-13
     4056.96    7.05453E-13
     4059.70    7.11980E-13
     4062.44    7.00388E-13
     4065.18    6.80169E-13
     4067.92    7.00669E-13
     4070.66    7.30805E-13
     4073.40    6.98345E-13
     4076.14    6.76888E-13
     4078.88    6.70946E-13
     4081.62    7.26539E-13
     4084.36    7.24134E-13
     4087.10    7.55284E-13
     4089.84    7.85111E-13
     4092.58    7.74923E-13
     4095.32    7.53508E-13
     4098.06    7.19676E-13
     4100.80    6.57770E-13
     4103.54    6.66948E-13
     4106.28    7.40489E-13
     4109.02    7.39214E-13
     4111.76    7.32989E-13
     4114.50    7.72749E-13
     4117.24    7.65128E-13
     4119.98    7.43297E-13
     4122.72    7.50196E-13
     4125.46    7.71679E-13
     4128.20    7.47236E-13
     4130.94    7.26818E-13
     4133.68    7.16290E-13
     4136.42    7.59833E-13
     4139.16    7.84930E-13
     4141.90    7.50740E-13
     4144.64    7.25486E-13
     4147.38    7.74037E-13
     4150.12    7.57493E-13
     4152.86    7.63004E-13
     4155.60    7.68648E-13
     4158.34    7.98842E-13
     4161.08    8.12679E-13
     4163.82    8.23840E-13
     4166.56    8.13304E-13
     4169.30    8.10617E-13
     4172.04    7.36729E-13
     4174.78    7.24348E-13
     4177.52    7.58950E-13
     4180.26    7.98081E-13
     4183.00    8.00621E-13
     4185.74    7.97566E-13
     4188.48    7.74802E-13
     4191.22    7.98682E-13
     4193.96    8.27595E-13
     4196.70    7.85446E-13
     4199.44    7.57278E-13
     4202.18    7.62017E-13
     4204.92    7.66124E-13
     4207.66    8.04957E-13
     4210.40    8.29160E-13
     4213.14    8.28880E-13
     4215.88    8.02297E-13
     4218.62    8.36813E-13
     4221.36    8.29018E-13
     4224.10    7.84108E-13
     4226.84    7.47282E-13
     4229.58    8.10318E-13
     4232.32    8.22390E-13
     4235.06    8.16368E-13
     4237.80    8.18807E-13
     4240.54    8.48030E-13
     4243.28    8.54888E-13
     4246.02    8.29256E-13
     4248.76    8.03868E-13
     4251.50    8.29430E-13
     4254.24    8.43292E-13
     4256.98    8.53410E-13
     4259.72    8.42686E-13
     4262.46    8.67497E-13
     4265.20    9.01185E-13
     4267.94    8.77307E-13
     4270.68    8.36038E-13
     4273.42    8.21458E-13
     4276.16    8.57246E-13
     4278.90    8.68614E-13
     4281.64    8.46727E-13
     4284.38    8.40386E-13
     4287.12    7.94575E-13
     4289.86    7.51537E-13
     4292.60    7.81053E-13
     4295.34    7.85506E-13
     4298.08    7.35196E-13
     4300.82    6.86522E-13
     4303.56    6.98872E-13
     4306.30    7.09791E-13
     4309.04    6.94881E-13
     4311.78    7.37468E-13
     4314.52    8.08293E-13
     4317.26    9.12142E-13
     4320.00    9.22937E-13
     4322.74    8.94707E-13
     4325.48    8.62549E-13
     4328.22    9.28354E-13
     4330.96    9.57550E-13
     4333.70    9.53275E-13
     4336.44    9.03559E-13
     4339.18    8.02190E-13
     4341.92    8.39883E-13
     4344.66    9.36645E-13
     4347.40    9.66025E-13
     4350.14    9.38141E-13
     4352.88    9.21200E-13
     4355.62    9.72138E-13
     4358.36    9.62312E-13
     4361.10    9.85087E-13
     4363.84    1.01157E-12
     4366.58    9.68790E-13
     4369.32    9.50793E-13
     4372.06    9.46959E-13
     4374.80    9.26462E-13
     4377.54    9.61804E-13
     4380.28    9.77557E-13
     4383.02    9.19551E-13
     4385.76    9.19571E-13
     4388.50    9.52091E-13
     4391.24    9.68696E-13
     4393.98    9.61867E-13
     4396.72    9.75938E-13
     4399.46    9.61456E-13
     4402.20    9.80196E-13
     4404.94    9.58633E-13
     4407.68    9.65665E-13
     4410.42    9.96174E-13
     4413.16    1.01121E-12
     4415.90    9.83729E-13
     4418.64    1.00997E-12
     4421.38    1.02967E-12
     4424.12    1.02905E-12
     4426.86    1.01647E-12
     4429.60    1.04270E-12
     4432.34    1.03023E-12
     4435.08    1.00989E-12
     4437.82    1.06298E-12
     4440.56    1.04755E-12
     4443.30    9.86399E-13
     4446.04    1.01706E-12
     4448.78    1.03546E-12
     4451.52    1.03571E-12
     4454.26    1.02512E-12
     4457.00    1.03220E-12
     4459.74    1.02106E-12
     4462.48    1.03362E-12
     4465.22    1.04122E-12
     4467.96    1.02728E-12
     4470.70    1.05291E-12
     4473.44    1.10416E-12
     4476.18    1.12555E-12
     4478.92    1.12413E-12
     4481.66    1.09878E-12
     4484.40    1.12505E-12
     4487.14    1.12015E-12
     4489.88    1.09970E-12
     4492.62    1.09622E-12
     4495.36    1.09119E-12
     4498.10    1.12154E-12
     4500.84    1.12438E-12
     4503.58    1.15742E-12
     4506.32    1.16037E-12
     4509.06    1.16566E-12
     4511.80    1.15601E-12
     4514.54    1.15112E-12
     4517.28    1.13093E-12
     4520.02    1.11629E-12
     4522.76    1.10778E-12
     4525.50    1.09987E-12
     4528.24    1.07621E-12
     4530.98    1.07541E-12
     4533.72    1.05966E-12
     4536.46    1.11661E-12
     4539.20    1.15624E-12
     4541.94    1.14918E-12
     4544.68    1.12104E-12
     4547.42    1.10195E-12
     4550.16    1.10229E-12
     4552.90    1.09844E-12
     4555.64    1.13026E-12
     4558.38    1.18584E-12
     4561.12    1.18138E-12
     4563.86    1.16549E-12
     4566.60    1.18284E-12
     4569.34    1.17451E-12
     4572.08    1.16102E-12
     4574.82    1.19213E-12
     4577.56    1.19380E-12
     4580.30    1.17182E-12
     4583.04    1.16573E-12
     4585.78    1.19068E-12
     4588.52    1.19346E-12
     4591.26    1.17911E-12
     4594.00    1.18700E-12
     4596.74    1.22094E-12
     4599.48    1.21549E-12
     4602.22    1.19800E-12
     4604.96    1.22147E-12
     4607.70    1.23387E-12
     4610.44    1.23794E-12
     4613.18    1.23105E-12
     4615.92    1.23512E-12
     4618.66    1.24518E-12
     4621.40    1.25628E-12
     4624.14    1.25541E-12
     4626.88    1.24160E-12
     4629.62    1.24644E-12
     4632.36    1.25181E-12
     4635.10    1.25113E-12
     4637.84    1.25489E-12
     4640.58    1.27459E-12
     4643.32    1.26845E-12
     4646.06    1.24006E-12
     4648.80    1.25080E-12
     4651.54    1.24271E-12
     4654.28    1.22625E-12
     4657.02    1.24718E-12
     4659.76    1.28425E-12
     4662.50    1.28474E-12
     4665.24    1.25362E-12
     4667.98    1.22385E-12
     4670.72    1.25411E-12
     4673.46    1.28680E-12
     4676.20    1.29790E-12
     4678.94    1.27821E-12
     4681.68    1.27611E-12
     4684.42    1.29705E-12
     4687.16    1.29646E-12
     4689.90    1.29786E-12
     4692.64    1.31087E-12
     4695.38    1.32711E-12
     4698.12    1.31630E-12
     4700.86    1.29630E-12
     4703.60    1.27584E-12
     4706.34    1.26384E-12
     4709.08    1.27562E-12
     4711.82    1.30517E-12
     4714.56    1.31005E-12
     4717.30    1.32995E-12
     4720.04    1.33972E-12
     4722.78    1.34339E-12
     4725.52    1.34293E-12
     4728.26    1.33652E-12
     4731.00    1.33018E-12
     4733.74    1.33003E-12
     4736.48    1.33379E-12
     4739.22    1.33964E-12
     4741.96    1.34597E-12
     4744.70    1.34998E-12
     4747.44    1.35712E-12
     4750.18    1.36368E-12
     4752.92    1.34848E-12
     4755.66    1.34130E-12
     4758.40    1.34533E-12
     4761.14    1.32373E-12
     4763.88    1.31341E-12
     4766.62    1.34189E-12
     4769.36    1.35406E-12
     4772.10    1.34860E-12
     4774.84    1.36629E-12
     4777.58    1.36959E-12
     4780.32    1.35734E-12
     4783.06    1.35143E-12
     4785.80    1.33720E-12
     4788.54    1.34443E-12
     4791.28    1.36853E-12
     4794.02    1.37785E-12
     4796.76    1.37247E-12
     4799.50    1.37509E-12
     4802.24    1.37560E-12
     4804.98    1.36887E-12
     4807.72    1.37836E-12
     4810.46    1.39100E-12
     4813.20    1.38812E-12
     4815.94    1.40120E-12
     4818.68    1.40827E-12
     4821.42    1.38783E-12
     4824.16    1.37784E-12
     4826.90    1.39381E-12
     4829.64    1.40681E-12
     4832.38    1.40505E-12
     4835.12    1.39912E-12
     4837.86    1.40136E-12
     4840.60    1.40490E-12
     4843.34    1.40836E-12
     4846.08    1.41295E-12
     4848.82    1.40422E-12
     4851.56    1.40722E-12
     4854.30    1.39869E-12
     4857.04    1.35478E-12
     4859.78    1.21675E-12
     4862.52    1.21453E-12
     4865.26    1.33437E-12
     4868.00    1.38796E-12
     4870.74    1.37025E-12
     4873.48    1.37941E-12
     4876.22    1.39735E-12
     4878.96    1.40545E-12
     4881.70    1.40985E-12
     4884.44    1.39005E-12
     4887.18    1.38884E-12
     4889.92    1.37031E-12
     4892.66    1.39317E-12
     4895.40    1.44884E-12
     4898.14    1.44841E-12
     4900.88    1.43106E-12
     4903.62    1.43511E-12
     4906.36    1.45124E-12
     4909.10    1.44794E-12
     4911.84    1.44803E-12
     4914.58    1.45513E-12
     4917.32    1.41823E-12
     4920.06    1.36994E-12
     4922.80    1.37284E-12
     4925.54    1.42259E-12
     4928.28    1.46431E-12
     4931.02    1.46252E-12
     4933.76    1.43114E-12
     4936.50    1.41363E-12
     4939.24    1.42369E-12
     4941.98    1.45666E-12
     4944.72    1.47803E-12
     4947.46    1.48486E-12
     4950.20    1.49004E-12
     4952.94    1.48069E-12
     4955.68    1.44746E-12
     4958.42    1.43864E-12
     4961.16    1.46366E-12
     4963.90    1.50059E-12
     4966.64    1.49062E-12
     4969.38    1.47701E-12
     4972.12    1.49277E-12
     4974.86    1.49375E-12
     4977.60    1.48032E-12
     4980.34    1.44508E-12
     4983.08    1.42173E-12
     4985.82    1.43876E-12
     4988.56    1.45711E-12
     4991.30    1.45081E-12
     4994.04    1.45573E-12
     4996.78    1.46395E-12
     4999.52    1.45240E-12
     5002.26    1.44574E-12
     5005.00    1.43658E-12
     5007.74    1.43285E-12
     5010.48    1.43694E-12
     5013.22    1.41046E-12
     5015.96    1.40987E-12
     5018.70    1.43959E-12
     5021.44    1.46446E-12
     5024.18    1.48003E-12
     5026.92    1.49150E-12
     5029.66    1.50202E-12
     5032.40    1.50303E-12
     5035.14    1.48630E-12
     5037.88    1.45623E-12
     5040.62    1.41564E-12
     5043.36    1.44405E-12
     5046.10    1.51466E-12
     5048.84    1.50333E-12
     5051.58    1.48447E-12
     5054.32    1.51924E-12
     5057.06    1.54512E-12
     5059.80    1.53155E-12
     5062.54    1.52158E-12
     5065.28    1.48930E-12
     5068.02    1.48628E-12
     5070.76    1.52371E-12
     5073.50    1.52825E-12
     5076.24    1.51308E-12
     5078.98    1.47209E-12
     5081.72    1.45632E-12
     5084.46    1.49856E-12
     5087.20    1.53571E-12
     5089.94    1.54692E-12
     5092.68    1.55548E-12
     5095.42    1.54723E-12
     5098.16    1.52295E-12
     5100.90    1.52679E-12
     5103.64    1.53669E-12
     5106.38    1.50112E-12
     5109.12    1.47538E-12
     5111.86    1.50962E-12
     5114.60    1.55117E-12
     5117.34    1.56648E-12
     5120.08    1.55685E-12
     5122.82    1.52003E-12
     5125.56    1.49578E-12
     5128.30    1.49827E-12
     5131.04    1.50434E-12
     5133.78    1.52342E-12
     5136.52    1.52613E-12
     5139.26    1.48844E-12
     5142.00    1.48697E-12
     5144.74    1.52194E-12
     5147.48    1.53957E-12
     5150.22    1.51445E-12
     5152.96    1.50121E-12
     5155.70    1.54562E-12
     5158.44    1.58766E-12
     5161.18    1.57853E-12
     5163.92    1.52599E-12
     5166.66    1.42380E-12
     5169.40    1.37704E-12
     5172.14    1.41609E-12
     5174.88    1.48460E-12
     5177.62    1.57340E-12
     5180.36    1.56717E-12
     5183.10    1.49342E-12
     5185.84    1.48263E-12
     5188.58    1.53160E-12
     5191.32    1.50050E-12
     5194.06    1.48468E-12
     5196.80    1.51937E-12
     5199.54    1.54477E-12
     5202.28    1.53579E-12
     5205.02    1.48992E-12
     5207.76    1.48353E-12
     5210.50    1.53000E-12
     5213.24    1.57811E-12
     5215.98    1.57654E-12
     5218.72    1.58133E-12
     5221.46    1.61439E-12
     5224.20    1.56534E-12
     5226.94    1.49504E-12
     5229.68    1.52676E-12
     5232.42    1.57233E-12
     5235.16    1.58057E-12
     5237.90    1.61534E-12
     5240.64    1.63280E-12
     5243.38    1.63401E-12
     5246.12    1.59884E-12
     5248.86    1.55947E-12
     5251.60    1.56540E-12
     5254.34    1.59536E-12
     5257.08    1.61566E-12
     5259.82    1.61681E-12
     5262.56    1.55788E-12
     5265.30    1.50913E-12
     5268.04    1.49853E-12
     5270.78    1.51229E-12
     5273.52    1.57307E-12
     5276.26    1.61616E-12
     5279.00    1.63619E-12
     5281.74    1.62358E-12
     5284.48    1.62699E-12
     5287.22    1.65646E-12
     5289.96    1.67228E-12
     5292.70    1.66880E-12
     5295.44    1.65234E-12
     5298.18    1.62932E-12
     5300.92    1.62701E-12
     5303.66    1.64406E-12
     5306.40    1.65847E-12
     5309.14    1.67051E-12
     5311.88    1.67445E-12
     5314.62    1.66115E-12
     5317.36    1.65800E-12
     5320.10    1.65892E-12
     5322.84    1.64250E-12
     5325.58    1.59884E-12
     5328.32    1.57033E-12
     5331.06    1.60436E-12
     5333.80    1.65083E-12
     5336.54    1.64349E-12
     5339.28    1.61882E-12
     5342.02    1.62696E-12
     5344.76    1.66614E-12
     5347.50    1.66404E-12
     5350.24    1.66367E-12
     5352.98    1.68856E-12
     5355.72    1.69500E-12
     5358.46    1.70448E-12
     5361.20    1.68603E-12
     5363.94    1.66753E-12
     5366.68    1.66468E-12
     5369.42    1.63812E-12
     5372.16    1.63400E-12
     5374.90    1.68779E-12
     5377.64    1.70916E-12
     5380.38    1.69393E-12
     5383.12    1.67989E-12
     5385.86    1.69739E-12
     5388.60    1.70385E-12
     5391.34    1.67847E-12
     5394.08    1.64262E-12
     5396.82    1.62941E-12
     5399.56    1.66690E-12
     5402.30    1.66968E-12
     5405.04    1.63880E-12
     5407.78    1.64480E-12
     5410.52    1.66797E-12
     5413.26    1.68985E-12
     5416.00    1.68892E-12
     5418.74    1.69689E-12
     5421.48    1.70328E-12
     5424.22    1.69961E-12
     5426.96    1.68059E-12
     5429.70    1.66397E-12
     5432.44    1.64526E-12
     5435.18    1.66401E-12
     5437.92    1.69990E-12
     5440.66    1.71741E-12
     5443.40    1.71586E-12
     5446.14    1.68120E-12
     5448.88    1.67427E-12
     5451.62    1.70822E-12
     5454.36    1.69608E-12
     5457.10    1.68391E-12
     5459.84    1.72624E-12
     5462.58    1.73395E-12
     5465.32    1.74185E-12
     5468.06    1.74644E-12
     5470.80    1.74355E-12
     5473.54    1.73210E-12
     5476.28    1.70849E-12
     5479.02    1.70785E-12
     5481.76    1.73478E-12
     5484.50    1.74174E-12
     5487.24    1.74365E-12
     5489.98    1.75334E-12
     5492.72    1.75285E-12
     5495.46    1.73490E-12
     5498.20    1.71774E-12
     5500.94    1.72093E-12
     5503.68    1.71362E-12
     5506.42    1.72393E-12
     5509.16    1.72428E-12
     5511.90    1.73402E-12
     5514.64    1.74020E-12
     5517.38    1.75757E-12
     5520.12    1.76691E-12
     5522.86    1.76527E-12
     5525.60    1.75161E-12
     5528.34    1.73771E-12
     5531.08    1.74601E-12
     5533.82    1.76294E-12
     5536.56    1.77541E-12
     5539.30    1.77527E-12
     5542.04    1.77643E-12
     5544.78    1.78130E-12
     5547.52    1.78262E-12
     5550.26    1.79016E-12
     5553.00    1.78593E-12
     5555.74    1.78532E-12
     5558.48    1.79084E-12
     5561.22    1.79042E-12
     5563.96    1.78806E-12
     5566.70    1.77949E-12
     5569.44    1.76250E-12
     5572.18    1.75645E-12
     5574.92    1.76144E-12
     5577.66    1.77476E-12
     5580.40    1.77865E-12
     5583.14    1.77543E-12
     5585.88    1.76092E-12
     5588.62    1.74804E-12
     5591.36    1.76232E-12
     5594.10    1.77774E-12
     5596.84    1.78998E-12
     5599.58    1.79308E-12
     5602.32    1.79071E-12
     5605.06    1.80016E-12
     5607.80    1.81484E-12
     5610.54    1.80976E-12
     5613.28    1.80016E-12
     5616.02    1.78615E-12
     5618.76    1.79862E-12
     5621.50    1.80931E-12
     5624.24    1.81043E-12
     5626.98    1.81504E-12
     5629.72    1.82562E-12
     5632.46    1.82390E-12
     5635.20    1.82901E-12
     5637.94    1.82888E-12
     5640.68    1.82390E-12
     5643.42    1.83246E-12
     5646.16    1.85159E-12
     5648.90    1.84285E-12
     5651.64    1.82354E-12
     5654.38    1.80507E-12
     5657.12    1.79444E-12
     5659.86    1.80008E-12
     5662.60    1.80905E-12
     5665.34    1.82746E-12
     5668.08    1.81786E-12
     5670.82    1.79020E-12
     5673.56    1.80496E-12
     5676.30    1.82919E-12
     5679.04    1.82667E-12
     5681.78    1.82495E-12
     5684.52    1.83530E-12
     5687.26    1.83736E-12
     5690.00    1.83287E-12
     5692.74    1.80989E-12
     5695.48    1.77993E-12
     5698.22    1.78666E-12
     5700.96    1.79832E-12
     5703.70    1.79381E-12
     5706.44    1.78837E-12
     5709.18    1.77455E-12
     5711.92    1.79725E-12
     5714.66    1.84734E-12
     5717.40    1.84211E-12
     5720.14    1.82308E-12
     5722.88    1.84197E-12
     5725.62    1.85328E-12
     5728.36    1.83150E-12
     5731.10    1.82732E-12
     5733.84    1.84442E-12
     5736.58    1.84602E-12
     5739.32    1.84199E-12
     5742.06    1.84470E-12
     5744.80    1.84928E-12
     5747.54    1.85575E-12
     5750.28    1.85795E-12
     5753.02    1.85144E-12
     5755.76    1.85107E-12
     5758.50    1.85468E-12
     5761.24    1.87018E-12
     5763.98    1.88461E-12
     5766.72    1.86445E-12
     5769.46    1.84688E-12
     5772.20    1.84940E-12
     5774.94    1.85890E-12
     5777.68    1.87991E-12
     5780.42    1.88233E-12
     5783.16    1.87559E-12
     5785.90    1.87999E-12
     5788.64    1.88512E-12
     5791.38    1.87634E-12
     5794.12    1.88747E-12
     5796.86    1.94865E-12
     5799.60    1.95070E-12
     5802.34    1.90366E-12
     5805.08    1.89441E-12
     5807.82    1.89587E-12
     5810.56    1.88643E-12
     5813.30    1.88111E-12
     5816.04    1.88864E-12
     5818.78    1.89498E-12
     5821.52    1.89982E-12
     5824.26    1.90381E-12
     5827.00    1.90592E-12
     5829.74    1.89446E-12
     5832.48    1.87822E-12
     5835.22    1.86246E-12
     5837.96    1.85437E-12
     5840.70    1.86263E-12
     5843.44    1.85908E-12
     5846.18    1.84502E-12
     5848.92    1.84221E-12
     5851.66    1.84616E-12
     5854.40    1.85966E-12
     5857.14    1.87682E-12
     5859.88    1.89351E-12
     5862.62    1.91259E-12
     5865.36    1.94460E-12
     5868.10    1.93353E-12
     5870.84    1.89561E-12
     5873.58    1.89326E-12
     5876.32    1.89790E-12
     5879.06    1.89157E-12
     5881.80    1.87381E-12
     5884.54    1.83588E-12
     5887.28    1.80582E-12
     5890.02    1.77841E-12
     5892.76    1.79164E-12
     5895.50    1.82748E-12
     5898.24    1.85520E-12
     5900.98    1.87768E-12
     5903.72    1.89320E-12
     5906.46    1.89190E-12
     5909.20    1.85993E-12
     5911.94    1.85952E-12
     5914.68    1.87749E-12
     5917.42    1.88523E-12
     5920.16    1.88800E-12
     5922.90    1.87720E-12
     5925.64    1.87386E-12
     5928.38    1.89130E-12
     5931.12    1.90380E-12
     5933.86    1.91417E-12
     5936.60    1.90512E-12
     5939.34    1.88676E-12
     5942.08    1.88761E-12
     5944.82    1.89216E-12
     5947.56    1.89551E-12
     5950.30    1.89042E-12
     5953.04    1.86484E-12
     5955.78    1.87162E-12
     5958.52    1.90118E-12
     5961.26    1.90401E-12
     5964.00    1.90187E-12
     5966.74    1.92076E-12
     5969.48    1.93219E-12
     5972.22    1.92136E-12
     5974.96    1.91035E-12
     5977.70    1.89589E-12
     5980.44    1.90098E-12
     5983.18    1.91587E-12
     5985.92    1.91455E-12
     5988.66    1.91096E-12
     5991.40    1.91509E-12
     5994.14    1.91515E-12
     5996.88    1.90557E-12
     5999.62    1.90564E-12
     6002.36    1.91290E-12
     6005.10    1.90247E-12
     6007.84    1.89142E-12
     6010.58    1.91778E-12
     6013.32    1.93066E-12
     6016.06    1.88887E-12
     6018.80    1.87770E-12
     6021.54    1.90686E-12
     6024.28    1.91680E-12
     6027.02    1.92016E-12
     6029.76    1.92095E-12
     6032.50    1.92103E-12
     6035.24    1.92644E-12
     6037.98    1.92650E-12
     6040.72    1.91425E-12
     6043.46    1.91194E-12
     6046.20    1.91706E-12
     6048.94    1.92968E-12
     6051.68    1.94153E-12
     6054.42    1.91963E-12
     6057.16    1.90943E-12
     6059.90    1.95445E-12
     6062.64    1.96416E-12
     6065.38    1.91995E-12
     6068.12    1.91026E-12
     6070.86    1.91609E-12
     6073.60    1.92692E-12
     6076.34    1.94084E-12
     6079.08    1.95540E-12
     6081.82    1.95865E-12
     6084.56    1.93971E-12
     6087.30    1.93101E-12
     6090.04    1.93003E-12
     6092.78    1.92846E-12
     6095.52    1.92593E-12
     6098.26    1.90972E-12
     6101.00    1.90265E-12
     6103.74    1.93024E-12
     6106.48    1.94240E-12
     6109.22    1.93263E-12
     6111.96    1.91614E-12
     6114.70    1.89287E-12
     6117.44    1.89835E-12
     6120.18    1.91240E-12
     6122.92    1.91819E-12
     6125.66    1.91925E-12
     6128.40    1.91319E-12
     6131.14    1.90835E-12
     6133.88    1.90510E-12
     6136.62    1.88813E-12
     6139.36    1.86941E-12
     6142.10    1.88635E-12
     6144.84    1.90912E-12
     6147.58    1.92350E-12
     6150.32    1.92632E-12
     6153.06    1.90893E-12
     6155.80    1.90987E-12
     6158.54    1.92076E-12
     6161.28    1.91297E-12
     6164.02    1.90187E-12
     6166.76    1.90217E-12
     6169.50    1.90902E-12
     6172.24    1.92599E-12
     6174.98    1.93730E-12
     6177.72    1.94446E-12
     6180.46    1.94044E-12
     6183.20    1.92903E-12
     6185.94    1.91830E-12
     6188.68    1.90852E-12
     6191.42    1.89926E-12
     6194.16    1.90044E-12
     6196.90    1.92114E-12
     6199.64    1.92474E-12
     6202.38    1.91754E-12
     6205.12    1.91742E-12
     6207.86    1.92265E-12
     6210.60    1.94696E-12
     6213.34    1.95842E-12
     6216.08    1.93494E-12
     6218.82    1.91544E-12
     6221.56    1.89629E-12
     6224.30    1.89949E-12
     6227.04    1.91632E-12
     6229.78    1.93335E-12
     6232.52    1.94051E-12
     6235.26    1.91309E-12
     6238.00    1.89463E-12
     6240.74    1.89839E-12
     6243.48    1.89336E-12
     6246.22    1.88316E-12
     6248.96    1.89278E-12
     6251.70    1.90470E-12
     6254.44    1.88257E-12
     6257.18    1.86761E-12
     6259.92    1.88395E-12
     6262.66    1.89821E-12
     6265.40    1.90972E-12
     6268.14    1.92351E-12
     6270.88    1.93699E-12
     6273.62    1.93479E-12
     6276.36    1.92808E-12
     6279.10    1.92557E-12
     6281.84    1.92447E-12
     6284.58    1.92433E-12
     6287.32    1.92813E-12
     6290.06    1.93620E-12
     6292.80    1.92935E-12
     6295.54    1.91698E-12
     6298.28    1.91036E-12
     6301.02    1.91151E-12
     6303.76    1.93160E-12
     6306.50    1.93741E-12
     6309.24    1.92068E-12
     6311.98    1.92304E-12
     6314.72    1.93314E-12
     6317.46    1.91575E-12
     6320.20    1.90232E-12
     6322.94    1.94038E-12
     6325.68    1.95800E-12
     6328.42    1.92158E-12
     6331.16    1.90843E-12
     6333.90    1.91294E-12
     6336.64    1.91548E-12
     6339.38    1.92006E-12
     6342.12    1.92700E-12
     6344.86    1.93501E-12
     6347.60    1.94701E-12
     6350.34    1.94790E-12
     6353.08    1.92907E-12
     6355.82    1.92864E-12
     6358.56    1.93782E-12
     6361.30    1.94239E-12
     6364.04    1.94620E-12
     6366.78    1.95028E-12
     6369.52    1.95238E-12
     6372.26    1.95363E-12
     6375.00    1.94531E-12
     6377.74    1.92529E-12
     6380.48    1.92552E-12
     6383.22    1.93518E-12
     6385.96    1.94389E-12
     6388.70    1.94650E-12
     6391.44    1.93139E-12
     6394.18    1.92020E-12
     6396.92    1.91490E-12
     6399.66    1.91557E-12
     6402.40    1.92157E-12
     6405.14    1.92630E-12
     6407.88    1.93159E-12
     6410.62    1.93875E-12
     6413.36    1.94421E-12
     6416.10    1.94570E-12
     6418.84    1.94744E-12
     6421.58    1.94919E-12
     6424.32    1.95266E-12
     6427.06    1.95535E-12
     6429.80    1.94571E-12
     6432.54    1.93379E-12
     6435.28    1.92357E-12
     6438.02    1.92316E-12
     6440.76    1.94072E-12
     6443.50    1.94292E-12
     6446.24    1.93562E-12
     6448.98    1.95437E-12
     6451.72    1.97606E-12
     6454.46    1.96563E-12
     6457.20    1.95251E-12
     6459.94    1.94435E-12
     6462.68    1.94642E-12
     6465.42    1.96253E-12
     6468.16    1.96167E-12
     6470.90    1.95450E-12
     6473.64    1.96636E-12
     6476.38    1.97867E-12
     6479.12    1.97861E-12
     6481.86    1.97051E-12
     6484.60    1.95145E-12
     6487.34    1.93429E-12
     6490.08    1.91697E-12
     6492.82    1.90889E-12
     6495.56    1.90903E-12
     6498.30    1.92225E-12
     6501.04    1.94107E-12
     6503.78    1.96807E-12
     6506.52    1.97900E-12
     6509.26    1.96921E-12
     6512.00    1.96642E-12
     6514.74    1.96497E-12
     6517.48    1.96516E-12
     6520.22    1.96591E-12
     6522.96    1.96569E-12
     6525.70    1.96603E-12
     6528.44    1.96665E-12
     6531.18    1.97041E-12
     6533.92    1.97740E-12
     6536.66    1.97626E-12
     6539.40    1.97115E-12
     6542.14    1.96818E-12
     6544.88    1.95933E-12
     6547.62    1.93266E-12
     6550.36    1.92175E-12
     6553.10    1.93834E-12
     6555.84    1.92446E-12
     6558.58    1.89275E-12
     6561.32    1.83294E-12
     6564.06    1.79290E-12
     6566.80    1.85930E-12
     6569.54    1.92177E-12
     6572.28    1.95037E-12
     6575.02    1.97176E-12
     6577.76    1.98449E-12
     6580.50    1.98730E-12
     6583.24    1.98454E-12
     6585.98    1.99310E-12
     6588.72    1.99586E-12
     6591.46    1.97658E-12
     6594.20    1.96633E-12
     6596.94    1.97044E-12
     6599.68    1.97197E-12
     6602.42    1.97402E-12
     6605.16    1.97809E-12
     6607.90    1.98049E-12
     6610.64    1.96953E-12
     6613.38    1.97051E-12
     6616.12    2.00807E-12
     6618.86    2.00429E-12
     6621.60    1.95591E-12
     6624.34    1.96331E-12
     6627.08    1.99211E-12
     6629.82    1.99719E-12
     6632.56    1.99293E-12
     6635.30    1.97218E-12
     6638.04    1.96960E-12
     6640.78    2.00349E-12
     6643.52    2.00111E-12
     6646.26    1.97754E-12
     6649.00    1.97875E-12
     6651.74    1.98777E-12
     6654.48    1.99909E-12
     6657.22    1.99952E-12
     6659.96    1.96908E-12
     6662.70    1.96964E-12
     6665.44    2.00620E-12
     6668.18    2.00997E-12
     6670.92    1.99905E-12
     6673.66    1.98496E-12
     6676.40    1.97320E-12
     6679.14    1.97163E-12
     6681.88    1.97899E-12
     6684.62    2.00335E-12
     6687.36    2.00748E-12
     6690.10    1.99783E-12
     6692.84    1.98480E-12
     6695.58    1.97278E-12
     6698.32    1.97880E-12
     6701.06    1.98729E-12
     6703.80    1.99382E-12
     6706.54    1.99650E-12
     6709.28    1.99494E-12
     6712.02    1.99288E-12
     6714.76    1.98901E-12
     6717.50    1.97519E-12
     6720.24    1.96803E-12
     6722.98    1.99211E-12
     6725.72    2.00813E-12
     6728.46    2.00827E-12
     6731.20    1.99910E-12
     6733.94    1.97975E-12
     6736.68    1.98146E-12
     6739.42    1.98744E-12
     6742.16    1.96846E-12
     6744.90    1.95733E-12
     6747.64    1.97582E-12
     6750.38    1.98715E-12
     6753.12    1.98961E-12
     6755.86    1.99298E-12
     6758.60    1.99513E-12
     6761.34    1.99305E-12
     6764.08    1.98773E-12
     6766.82    1.97612E-12
     6769.56    1.97062E-12
     6772.30    1.97618E-12
     6775.04    1.98361E-12
     6777.78    1.99461E-12
     6780.52    1.99062E-12
     6783.26    1.98054E-12
     6786.00    1.97585E-12
     6788.74    1.97453E-12
     6791.48    1.98159E-12
     6794.22    1.97938E-12
     6796.96    1.96138E-12
     6799.70    1.95927E-12
     6802.44    1.96655E-12
     6805.18    1.98901E-12
     6807.92    2.00958E-12
     6810.66    2.00125E-12
     6813.40    1.99116E-12
     6816.14    1.98472E-12
     6818.88    1.98159E-12
     6821.62    1.98119E-12
     6824.36    1.99217E-12
     6827.10    2.00451E-12
     6829.84    1.98646E-12
     6832.58    1.96753E-12
     6835.32    1.96554E-12
     6838.06    1.96601E-12
     6840.80    1.96976E-12
     6843.54    1.96939E-12
     6846.28    1.96713E-12
     6849.02    1.97107E-12
     6851.76    1.97672E-12
     6854.50    1.98082E-12
     6857.24    1.98252E-12
     6859.98    1.97786E-12
     6862.72    1.98209E-12
     6865.46    1.99639E-12
     6868.20    1.99566E-12
     6870.94    1.98803E-12
     6873.68    1.98143E-12
     6876.42    1.97775E-12
     6879.16    1.98218E-12
     6881.90    1.98670E-12
     6884.64    1.98654E-12
     6887.38    2.00589E-12
     6890.12    2.03765E-12
     6892.86    2.00174E-12
     6895.60    1.95425E-12
     6898.34    1.97227E-12
     6901.08    1.99150E-12
     6903.82    1.99043E-12
     6906.56    1.99072E-12
     6909.30    1.99260E-12
     6912.04    1.98737E-12
     6914.78    1.97892E-12
     6917.52    1.97768E-12
     6920.26    1.97759E-12
     6923.00    1.97365E-12
     6925.74    1.97405E-12
     6928.48    1.98289E-12
     6931.22    1.98647E-12
     6933.96    1.98686E-12
     6936.70    1.96859E-12
     6939.44    1.94726E-12
     6942.18    1.95006E-12
     6944.92    1.95823E-12
     6947.66    1.96739E-12
     6950.40    1.97496E-12
     6953.14    1.98068E-12
     6955.88    1.98695E-12
     6958.62    1.99370E-12
     6961.36    2.00803E-12
     6964.10    2.01437E-12
     6966.84    1.98674E-12
     6969.58    1.97244E-12
     6972.32    1.98950E-12
     6975.06    1.98835E-12
     6977.80    1.97490E-12
     6980.54    1.98887E-12
     6983.28    2.00577E-12
     6986.02    1.97543E-12
     6988.76    1.95923E-12
     6991.50    2.00571E-12
     6994.24    2.01634E-12
     6996.98    1.97614E-12
     6999.72    1.97698E-12
     7002.46    1.99381E-12
     7005.20    1.97470E-12
     7007.94    1.95308E-12
     7010.68    1.95628E-12
     7013.42    1.96592E-12
     7016.16    1.98306E-12
     7018.90    1.99241E-12
     7021.64    1.99581E-12
     7024.38    1.99722E-12
     7027.12    1.99650E-12
     7029.86    1.99656E-12
     7032.60    1.99329E-12
     7035.34    1.98028E-12
     7038.08    1.97569E-12
     7040.82    1.98387E-12
     7043.56    1.98451E-12
     7046.30    1.98228E-12
     7049.04    1.98479E-12
     7051.78    1.98553E-12
     7054.52    1.97308E-12
     7057.26    1.96828E-12
     7060.00    1.98389E-12
     7062.74    1.98468E-12
     7065.48    1.97170E-12
     7068.22    1.97853E-12
     7070.96    1.99102E-12
     7073.70    1.98562E-12
     7076.44    1.97742E-12
     7079.18    1.97317E-12
     7081.92    1.96960E-12
     7084.66    1.96640E-12
     7087.40    1.96499E-12
     7090.14    1.96487E-12
     7092.88    1.96181E-12
     7095.62    1.95996E-12
     7098.36    1.96480E-12
     7101.10    1.97248E-12
     7103.84    1.98568E-12
     7106.58    1.98946E-12
     7109.32    1.98496E-12
     7112.06    1.96744E-12
     7114.80    1.94670E-12
     7117.54    1.96384E-12
     7120.28    1.98023E-12
     7123.02    1.96537E-12
     7125.76    1.95508E-12
     7128.50    1.95370E-12
     7131.24    1.95430E-12
     7133.98    1.95760E-12
     7136.72    1.96329E-12
     7139.46    1.96712E-12
     7142.20    1.95767E-12
     7144.94    1.95053E-12
     7147.68    1.95409E-12
     7150.42    1.95319E-12
     7153.16    1.94705E-12
     7155.90    1.94859E-12
     7158.64    1.95296E-12
     7161.38    1.94404E-12
     7164.12    1.94583E-12
     7166.86    1.99671E-12
     7169.60    2.01529E-12
     7172.34    1.96872E-12
     7175.08    1.96345E-12
     7177.82    1.98250E-12
     7180.56    1.97723E-12
     7183.30    1.95760E-12
     7186.04    1.90280E-12
     7188.78    1.87549E-12
     7191.52    1.92808E-12
     7194.26    1.94992E-12
     7197.00    1.93507E-12
     7199.74    1.94231E-12
     7202.48    1.95508E-12
     7205.22    1.93814E-12
     7207.96    1.92464E-12
     7210.70    1.94769E-12
     7213.44    1.97165E-12
     7216.18    1.99665E-12
     7218.92    1.99843E-12
     7221.66    1.98046E-12
     7224.40    1.96845E-12
     7227.14    1.96084E-12
     7229.88    1.97345E-12
     7232.62    1.98471E-12
     7235.36    1.98320E-12
     7238.10    1.97833E-12
     7240.84    1.96710E-12
     7243.58    1.96978E-12
     7246.32    1.97939E-12
     7249.06    1.97637E-12
     7251.80    1.97090E-12
     7254.54    1.97168E-12
     7257.28    1.96777E-12
     7260.02    1.94973E-12
     7262.76    1.95260E-12
     7265.50    1.97387E-12
     7268.24    1.97728E-12
     7270.98    1.97388E-12
     7273.72    1.96907E-12
     7276.46    1.96722E-12
     7279.20    1.97493E-12
     7281.94    1.98003E-12
     7284.68    1.98557E-12
     7287.42    1.96896E-12
     7290.16    1.93982E-12
     7292.90    1.94884E-12
     7295.64    1.96605E-12
     7298.38    1.96372E-12
     7301.12    1.96410E-12
     7303.86    1.97732E-12
     7306.60    1.97487E-12
     7309.34    1.95675E-12
     7312.08    1.96146E-12
     7314.82    1.97435E-12
     7317.56    1.97598E-12
     7320.30    1.97400E-12
     7323.04    1.96963E-12
     7325.78    1.96430E-12
     7328.52    1.95516E-12
     7331.26    1.95847E-12
     7334.00    1.96915E-12
     7336.74    1.95827E-12
     7339.48    1.94722E-12
     7342.22    1.96792E-12
     7344.96    1.97855E-12
     7347.70    1.95763E-12
     7350.44    1.95057E-12
     7353.18    1.95633E-12
     7355.92    1.95470E-12
     7358.66    1.95150E-12
     7361.40    1.95048E-12
     7364.14    1.95701E-12
     7366.88    1.98595E-12
     7369.62    1.99861E-12
     7372.36    1.98335E-12
     7375.10    1.97719E-12
     7377.84    1.97363E-12
     7380.58    1.96682E-12
     7383.32    1.96168E-12
     7386.06    1.96938E-12
     7388.80    1.97073E-12
     7391.54    1.95213E-12
     7394.28    1.94484E-12
     7397.02    1.95033E-12
     7399.76    1.94412E-12
     7402.50    1.93377E-12
     7405.24    1.93111E-12
     7407.98    1.92965E-12
     7410.72    1.92169E-12
     7413.46    1.92572E-12
     7416.20    1.95313E-12
     7418.94    1.96171E-12
     7421.68    1.95834E-12
     7424.42    1.96097E-12
     7427.16    1.96090E-12
     7429.90    1.94283E-12
     7432.64    1.93094E-12
     7435.38    1.93976E-12
     7438.12    1.94706E-12
     7440.86    1.95401E-12
     7443.60    1.95485E-12
     7446.34    1.95137E-12
     7449.08    1.94103E-12
     7451.82    1.93625E-12
     7454.56    1.95886E-12
     7457.30    1.97047E-12
     7460.04    1.95768E-12
     7462.78    1.95350E-12
     7465.52    1.95385E-12
     7468.26    1.95458E-12
     7471.00    1.95660E-12
     7473.74    1.96220E-12
     7476.48    1.96379E-12
     7479.22    1.95355E-12
     7481.96    1.94865E-12
     7484.70    1.95182E-12
     7487.44    1.94613E-12
     7490.18    1.93678E-12
     7492.92    1.93838E-12
     7495.66    1.94116E-12
     7498.40    1.93629E-12
     7501.14    1.93149E-12
     7503.88    1.92526E-12
     7506.62    1.93144E-12
     7509.36    1.95006E-12
     7512.10    1.93707E-12
     7514.84    1.91607E-12
     7517.58    1.93204E-12
     7520.32    1.94487E-12
     7523.06    1.92934E-12
     7525.80    1.91969E-12
     7528.54    1.91667E-12
     7531.28    1.92302E-12
     7534.02    1.93637E-12
     7536.76    1.94352E-12
     7539.50    1.94868E-12
     7542.24    1.95579E-12
     7544.98    1.95435E-12
     7547.72    1.93750E-12
     7550.46    1.92244E-12
     7553.20    1.90609E-12
     7555.94    1.91404E-12
     7558.68    1.93095E-12
     7561.42    1.92099E-12
     7564.16    1.91356E-12
     7566.90    1.93082E-12
     7569.64    1.93843E-12
     7572.38    1.93145E-12
     7575.12    1.92182E-12
     7577.86    1.90914E-12
     7580.60    1.92171E-12
     7583.34    1.93924E-12
     7586.08    1.93555E-12
     7588.82    1.93613E-12
     7591.56    1.95412E-12
     7594.30    1.95870E-12
     7597.04    1.95072E-12
     7599.78    1.94119E-12
     7602.52    1.92925E-12
     7605.26    1.91934E-12
     7608.00    1.91206E-12
     7610.74    1.91090E-12
     7613.48    1.90772E-12
     7616.22    1.89952E-12
     7618.96    1.89520E-12
     7621.70    1.89388E-12
     7624.44    1.92216E-12
     7627.18    1.95379E-12
     7629.92    1.94821E-12
     7632.66    1.93464E-12
     7635.40    1.91339E-12
     7638.14    1.91437E-12
     7640.88    1.94390E-12
     7643.62    1.93208E-12
     7646.36    1.90376E-12
     7649.10    1.90712E-12
     7651.84    1.91468E-12
     7654.58    1.91135E-12
     7657.32    1.90506E-12
     7660.06    1.89283E-12
     7662.80    1.89100E-12
     7665.54    1.89675E-12
     7668.28    1.90427E-12
     7671.02    1.91245E-12
     7673.76    1.91408E-12
     7676.50    1.91815E-12
     7679.24    1.93300E-12
     7681.98    1.93693E-12
     7684.72    1.92821E-12
     7687.46    1.92205E-12
     7690.20    1.91448E-12
     7692.94    1.89630E-12
     7695.68    1.88188E-12
     7698.42    1.88955E-12
     7701.16    1.89511E-12
     7703.90    1.89174E-12
     7706.64    1.89423E-12
     7709.38    1.90088E-12
     7712.12    1.90847E-12
     7714.86    1.91434E-12
     7717.60    1.90737E-12
     7720.34    1.90077E-12
     7723.08    1.90229E-12
     7725.82    1.90228E-12
     7728.56    1.90169E-12
     7731.30    1.89228E-12
     7734.04    1.87879E-12
     7736.78    1.88512E-12
     7739.52    1.89587E-12
     7742.26    1.90166E-12
     7745.00    1.89841E-12
     7747.74    1.87552E-12
     7750.48    1.87334E-12
     7753.22    1.88787E-12
     7755.96    1.90703E-12
     7758.70    1.92640E-12
     7761.44    1.92183E-12
     7764.18    1.91580E-12
     7766.92    1.92277E-12
     7769.66    1.92305E-12
     7772.40    1.91262E-12
     7775.14    1.91130E-12
     7777.88    1.91316E-12
     7780.62    1.89272E-12
     7783.36    1.87301E-12
     7786.10    1.88495E-12
     7788.84    1.89286E-12
     7791.58    1.88491E-12
     7794.32    1.87863E-12
     7797.06    1.87159E-12
     7799.80    1.88281E-12
     7802.54    1.90064E-12
     7805.28    1.89913E-12
     7808.02    1.89516E-12
     7810.76    1.89678E-12
     7813.50    1.89887E-12
     7816.24    1.90018E-12
     7818.98    1.90701E-12
     7821.72    1.91712E-12
     7824.46    1.91334E-12
     7827.20    1.90713E-12
     7829.94    1.91463E-12
     7832.68    1.91508E-12
     7835.42    1.89335E-12
     7838.16    1.89226E-12
     7840.90    1.91282E-12
     7843.64    1.91604E-12
     7846.38    1.90991E-12
     7849.12    1.88604E-12
     7851.86    1.86570E-12
     7854.60    1.87199E-12
     7857.34    1.87302E-12
     7860.08    1.86003E-12
     7862.82    1.86322E-12
     7865.56    1.87639E-12
     7868.30    1.86665E-12
     7871.04    1.85285E-12
     7873.78    1.85583E-12
     7876.52    1.86484E-12
     7879.26    1.88101E-12
     7882.00    1.89197E-12
     7884.74    1.89945E-12
     7887.48    1.89054E-12
     7890.22    1.87452E-12
     7892.96    1.88481E-12
     7895.70    1.89763E-12
     7898.44    1.89926E-12
     7901.18    1.89144E-12
     7903.92    1.86450E-12
     7906.66    1.86301E-12
     7909.40    1.87945E-12
     7912.14    1.87957E-12
     7914.88    1.87675E-12
     7917.62    1.88623E-12
     7920.36    1.88927E-12
     7923.10    1.87164E-12
     7925.84    1.86484E-12
     7928.58    1.87000E-12
     7931.32    1.87759E-12
     7934.06    1.88676E-12
     7936.80    1.87489E-12
     7939.54    1.87060E-12
     7942.28    1.91771E-12
     7945.02    1.93647E-12
     7947.76    1.89491E-12
     7950.50    1.87957E-12
     7953.24    1.87976E-12
     7955.98    1.87214E-12
     7958.72    1.86513E-12
     7961.46    1.86912E-12
     7964.20    1.87247E-12
     7966.94    1.86401E-12
     7969.68    1.87091E-12
     7972.42    1.90097E-12
     7975.16    1.90866E-12
     7977.90    1.90457E-12
     7980.64    1.89269E-12
     7983.38    1.88220E-12
     7986.12    1.89113E-12
     7988.86    1.89551E-12
     7991.60    1.88824E-12
     7994.34    1.88038E-12
     7997.08    1.87036E-12
     7999.82    1.87082E-12
     8002.56    1.87627E-12
     8005.30    1.87939E-12
     8008.04    1.88403E-12
     8010.78    1.89674E-12
     8013.52    1.89524E-12
     8016.26    1.87195E-12
     8019.00    1.86148E-12
     8021.74    1.85731E-12
     8024.48    1.86933E-12
     8027.22    1.88191E-12
     8029.96    1.86984E-12
     8032.70    1.86368E-12
     8035.44    1.87905E-12
     8038.18    1.87592E-12
     8040.92    1.85557E-12
     8043.66    1.84621E-12
     8046.40    1.84401E-12
     8049.14    1.86390E-12
     8051.88    1.88006E-12
     8054.62    1.86933E-12
     8057.36    1.86344E-12
     8060.10    1.86734E-12
     8062.84    1.86573E-12
     8065.58    1.86175E-12
     8068.32    1.86318E-12
     8071.06    1.86434E-12
     8073.80    1.85484E-12
     8076.54    1.85247E-12
     8079.28    1.87097E-12
     8082.02    1.87232E-12
     8084.76    1.85622E-12
     8087.50    1.85173E-12
     8090.24    1.85083E-12
     8092.98    1.84431E-12
     8095.72    1.84251E-12
     8098.46    1.85732E-12
     8101.20    1.86644E-12
     8103.94    1.86760E-12
     8106.68    1.85961E-12
     8109.42    1.84384E-12
     8112.16    1.84610E-12
     8114.90    1.85265E-12
     8117.64    1.84559E-12
     8120.38    1.84486E-12
     8123.12    1.86558E-12
     8125.86    1.86803E-12
     8128.60    1.84900E-12
     8131.34    1.84910E-12
     8134.08    1.85700E-12
     8136.82    1.86057E-12
     8139.56    1.86297E-12
     8142.30    1.86482E-12
     8145.04    1.86350E-12
     8147.78    1.85788E-12
     8150.52    1.84999E-12
     8153.26    1.83965E-12
     8156.00    1.85242E-12
     8158.74    1.87095E-12
     8161.48    1.86726E-12
     8164.22    1.86515E-12
     8166.96    1.87957E-12
     8169.70    1.87860E-12
     8172.44    1.85890E-12
     8175.18    1.84591E-12
     8177.92    1.83518E-12
     8180.66    1.83201E-12
     8183.40    1.83218E-12
     8186.14    1.83256E-12
     8188.88    1.83411E-12
     8191.62    1.83673E-12
     8194.36    1.84166E-12
     8197.10    1.84907E-12
     8199.84    1.83985E-12
     8202.58    1.82807E-12
     8205.32    1.84272E-12
     8208.06    1.85540E-12
     8210.80    1.85066E-12
     8213.54    1.84708E-12
     8216.28    1.84470E-12
     8219.02    1.84338E-12
     8221.76    1.84389E-12
     8224.50    1.85810E-12
     8227.24    1.87002E-12
     8229.98    1.85841E-12
     8232.72    1.84742E-12
     8235.46    1.84167E-12
     8238.20    1.84023E-12
     8240.94    1.84334E-12
     8243.68    1.84192E-12
     8246.42    1.83936E-12
     8249.16    1.83858E-12
     8251.90    1.84041E-12
     8254.64    1.84868E-12
     8257.38    1.85200E-12
     8260.12    1.84670E-12
     8262.86    1.85066E-12
     8265.60    1.85909E-12
     8268.34    1.85915E-12
     8271.08    1.85713E-12
     8273.82    1.85817E-12
     8276.56    1.85773E-12
     8279.30    1.86110E-12
     8282.04    1.83804E-12
     8284.78    1.78521E-12
     8287.52    1.79200E-12
     8290.26    1.82371E-12
     8293.00    1.83327E-12
     8295.74    1.83718E-12
     8298.48    1.83674E-12
     8301.22    1.83659E-12
     8303.96    1.83763E-12
     8306.70    1.83776E-12
     8309.44    1.83706E-12
     8312.18    1.83043E-12
     8314.92    1.82274E-12
     8317.66    1.82098E-12
     8320.40    1.81902E-12
     8323.14    1.81641E-12
     8325.88    1.80795E-12
     8328.62    1.79062E-12
     8331.36    1.80230E-12
     8334.10    1.82756E-12
     8336.84    1.84185E-12
     8339.58    1.84719E-12
     8342.32    1.83561E-12
     8345.06    1.82377E-12
     8347.80    1.80966E-12
     8350.54    1.81279E-12
     8353.28    1.82819E-12
     8356.02    1.82114E-12
     8358.76    1.80787E-12
     8361.50    1.80283E-12
     8364.24    1.80052E-12
     8366.98    1.80002E-12
     8369.72    1.80342E-12
     8372.46    1.81216E-12
     8375.20    1.81328E-12
     8377.94    1.81109E-12
     8380.68    1.81558E-12
     8383.42    1.81438E-12
     8386.16    1.78622E-12
     8388.90    1.77952E-12
     8391.64    1.81560E-12
     8394.38    1.82539E-12
     8397.12    1.81952E-12
     8399.86    1.81842E-12
     8402.60    1.81752E-12
     8405.34    1.81746E-12
     8408.08    1.81701E-12
     8410.82    1.81475E-12
     8413.56    1.81462E-12
     8416.30    1.81793E-12
     8419.04    1.81441E-12
     8421.78    1.80756E-12
     8424.52    1.80499E-12
     8427.26    1.80428E-12
     8430.00    1.80545E-12
     8432.74    1.80681E-12
     8435.48    1.80733E-12
     8438.22    1.80985E-12
     8440.96    1.81383E-12
     8443.70    1.82920E-12
     8446.44    1.84485E-12
     8449.18    1.83312E-12
     8451.92    1.82352E-12
     8454.66    1.83513E-12
     8457.40    1.83772E-12
     8460.14    1.82830E-12
     8462.88    1.82376E-12
     8465.62    1.81931E-12
     8468.36    1.79824E-12
     8471.10    1.77975E-12
     8473.84    1.78782E-12
     8476.58    1.79656E-12
     8479.32    1.80149E-12
     8482.06    1.80241E-12
     8484.80    1.79985E-12
     8487.54    1.79229E-12
     8490.28    1.77512E-12
     8493.02    1.71922E-12
     8495.76    1.68006E-12
     8498.50    1.70028E-12
     8501.24    1.72628E-12
     8503.98    1.75848E-12
     8506.72    1.78756E-12
     8509.46    1.81416E-12
     8512.20    1.81194E-12
     8514.94    1.80259E-12
     8517.68    1.81230E-12
     8520.42    1.81647E-12
     8523.16    1.81027E-12
     8525.90    1.79210E-12
     8528.64    1.76011E-12
     8531.38    1.75131E-12
     8534.12    1.74163E-12
     8536.86    1.66316E-12
     8539.60    1.58763E-12
     8542.34    1.54360E-12
     8545.08    1.56647E-12
     8547.82    1.69701E-12
     8550.56    1.75693E-12
     8553.30    1.78384E-12
     8556.04    1.80300E-12
     8558.78    1.80861E-12
     8561.52    1.79497E-12
     8564.26    1.78513E-12
     8567.00    1.79204E-12
     8569.74    1.79171E-12
     8572.48    1.78338E-12
     8575.22    1.79146E-12
     8577.96    1.80489E-12
     8580.70    1.79720E-12
     8583.44    1.78907E-12
     8586.18    1.79537E-12
     8588.92    1.80019E-12
     8591.66    1.80175E-12
     8594.40    1.80087E-12
     8597.14    1.79828E-12
     8599.88    1.82059E-12
     8602.62    1.84364E-12
     8605.36    1.82622E-12
     8608.10    1.80989E-12
     8610.84    1.81122E-12
     8613.58    1.81168E-12
     8616.32    1.81279E-12
     8619.06    1.80564E-12
     8621.80    1.79421E-12
     8624.54    1.78530E-12
     8627.28    1.78199E-12
     8630.02    1.79441E-12
     8632.76    1.80052E-12
     8635.50    1.79544E-12
     8638.24    1.78673E-12
     8640.98    1.77357E-12
     8643.72    1.77748E-12
     8646.46    1.78121E-12
     8649.20    1.75240E-12
     8651.94    1.72363E-12
     8654.68    1.71918E-12
     8657.42    1.68137E-12
     8660.16    1.59140E-12
     8662.90    1.58526E-12
     8665.64    1.62783E-12
     8668.38    1.69950E-12
     8671.12    1.76571E-12
     8673.86    1.76879E-12
     8676.60    1.77405E-12
     8679.34    1.79801E-12
     8682.08    1.80972E-12
     8684.82    1.81290E-12
     8687.56    1.79268E-12
     8690.30    1.76503E-12
     8693.04    1.76236E-12
     8695.78    1.76605E-12
     8698.52    1.77060E-12
     8701.26    1.77789E-12
     8704.00    1.79153E-12
     8706.74    1.78720E-12
     8709.48    1.77406E-12
     8712.22    1.78718E-12
     8714.96    1.80171E-12
     8717.70    1.79565E-12
     8720.44    1.78305E-12
     8723.18    1.75691E-12
     8725.92    1.75768E-12
     8728.66    1.78205E-12
     8731.40    1.80324E-12
     8734.14    1.82044E-12
     8736.88    1.81052E-12
     8739.62    1.79295E-12
     8742.36    1.77524E-12
     8745.10    1.75981E-12
     8747.84    1.74575E-12
     8750.58    1.73935E-12
     8753.32    1.73887E-12
     8756.06    1.74155E-12
     8758.80    1.74711E-12
     8761.54    1.75503E-12
     8764.28    1.76236E-12
     8767.02    1.76992E-12
     8769.76    1.76967E-12
     8772.50    1.76190E-12
     8775.24    1.75151E-12
     8777.98    1.74115E-12
     8780.72    1.74265E-12
     8783.46    1.75325E-12
     8786.20    1.79076E-12
     8788.94    1.78561E-12
     8791.68    1.69514E-12
     8794.42    1.70775E-12
     8797.16    1.77801E-12
     8799.90    1.77227E-12
     8802.64    1.74736E-12
     8805.38    1.74296E-12
     8808.12    1.74143E-12
     8810.86    1.74380E-12
     8813.60    1.73533E-12
     8816.34    1.71175E-12
     8819.08    1.73364E-12
     8821.82    1.77208E-12
     8824.56    1.75773E-12
     8827.30    1.73983E-12
     8830.04    1.74957E-12
     8832.78    1.76042E-12
     8835.52    1.77589E-12
     8838.26    1.76819E-12
     8841.00    1.74386E-12
     8843.74    1.73734E-12
     8846.48    1.73867E-12
     8849.22    1.74684E-12
     8851.96    1.75613E-12
     8854.70    1.76694E-12
     8857.44    1.76620E-12
     8860.18    1.75069E-12
     8862.92    1.75163E-12
     8865.66    1.76063E-12
     8868.40    1.77460E-12
     8871.14    1.78233E-12
     8873.88    1.76758E-12
     8876.62    1.75099E-12
     8879.36    1.73034E-12
     8882.10    1.72869E-12
     8884.84    1.74194E-12
     8887.58    1.74571E-12
     8890.32    1.74604E-12
     8893.06    1.74194E-12
     8895.80    1.73817E-12
     8898.54    1.73761E-12
     8901.28    1.73683E-12
     8904.02    1.73363E-12
     8906.76    1.74546E-12
     8909.50    1.76485E-12
     8912.24    1.76975E-12
     8914.98    1.76814E-12
     8917.72    1.75984E-12
     8920.46    1.75408E-12
     8923.20    1.75441E-12
     8925.94    1.75365E-12
     8928.68    1.75281E-12
     8931.42    1.74374E-12
     8934.16    1.73188E-12
     8936.90    1.72644E-12
     8939.64    1.72196E-12
     8942.38    1.71328E-12
     8945.12    1.71532E-12
     8947.86    1.73084E-12
     8950.60    1.74647E-12
     8953.34    1.76285E-12
     8956.08    1.76232E-12
     8958.82    1.75554E-12
     8961.56    1.74342E-12
     8964.30    1.74901E-12
     8967.04    1.80095E-12
     8969.78    1.79354E-12
     8972.52    1.73361E-12
     8975.26    1.72259E-12
     8978.00    1.73021E-12
     8980.74    1.73852E-12
     8983.48    1.74655E-12
     8986.22    1.75070E-12
     8988.96    1.75030E-12
     8991.70    1.74472E-12
     8994.44    1.73565E-12
     8997.18    1.72390E-12
     8999.92    1.72262E-12
     9002.66    1.72483E-12
     9005.40    1.72596E-12
     9008.14    1.72513E-12
     9010.88    1.72532E-12
     9013.62    1.70764E-12
     9016.36    1.66839E-12
     9019.10    1.68559E-12
     9021.84    1.72591E-12
     9024.58    1.73583E-12
     9027.32    1.73919E-12
     9030.06    1.74417E-12
     9032.80    1.74395E-12
     9035.54    1.73416E-12
     9038.28    1.73408E-12
     9041.02    1.73977E-12
     9043.76    1.75591E-12
     9046.50    1.76650E-12
     9049.24    1.73568E-12
     9051.98    1.71361E-12
     9054.72    1.72499E-12
     9057.46    1.72323E-12
     9060.20    1.70806E-12
     9062.94    1.70933E-12
     9065.68    1.71844E-12
     9068.42    1.72920E-12
     9071.16    1.73639E-12
     9073.90    1.73037E-12
     9076.64    1.72724E-12
     9079.38    1.73388E-12
     9082.12    1.72270E-12
     9084.86    1.69966E-12
     9087.60    1.70698E-12
     9090.34    1.72185E-12
     9093.08    1.71921E-12
     9095.82    1.71318E-12
     9098.56    1.70254E-12
     9101.30    1.70494E-12
     9104.04    1.72267E-12
     9106.78    1.73188E-12
     9109.52    1.73711E-12
     9112.26    1.73138E-12
     9115.00    1.72871E-12
     9117.74    1.75085E-12
     9120.48    1.75655E-12
     9123.22    1.73070E-12
     9125.96    1.71655E-12
     9128.70    1.70774E-12
     9131.44    1.71831E-12
     9134.18    1.73192E-12
     9136.92    1.71488E-12
     9139.66    1.69858E-12
     9142.40    1.69506E-12
     9145.14    1.69813E-12
     9147.88    1.71264E-12
     9150.62    1.70145E-12
     9153.36    1.67994E-12
     9156.10    1.69873E-12
     9158.84    1.72110E-12
     9161.58    1.71485E-12
     9164.32    1.71082E-12
     9167.06    1.71512E-12
     9169.80    1.72218E-12
     9172.54    1.73380E-12
     9175.28    1.67898E-12
     9178.02    1.61613E-12
     9180.76    1.67131E-12
     9183.50    1.72743E-12
     9186.24    1.72523E-12
     9188.98    1.72454E-12
     9191.72    1.72995E-12
     9194.46    1.71584E-12
     9197.20    1.69024E-12
     9199.94    1.67770E-12
     9202.68    1.66897E-12
     9205.42    1.65855E-12
     9208.16    1.65426E-12
     9210.90    1.66054E-12
     9213.64    1.66434E-12
     9216.38    1.66684E-12
     9219.12    1.67394E-12
     9221.86    1.68174E-12
     9224.60    1.67991E-12
     9227.34    1.68056E-12
     9230.08    1.69708E-12
     9232.82    1.69849E-12
     9235.56    1.67378E-12
     9238.30    1.67449E-12
     9241.04    1.68869E-12
     9243.78    1.70358E-12
     9246.52    1.71632E-12
     9249.26    1.71763E-12
     9252.00    1.71218E-12
     9254.74    1.69594E-12
     9257.48    1.69002E-12
     9260.22    1.69457E-12
     9262.96    1.67871E-12
     9265.70    1.65776E-12
     9268.44    1.66479E-12
     9271.18    1.67393E-12
     9273.92    1.66827E-12
     9276.66    1.66754E-12
     9279.40    1.67578E-12
     9282.14    1.67999E-12
     9284.88    1.68208E-12
     9287.62    1.67141E-12
     9290.36    1.65826E-12
     9293.10    1.65780E-12
     9295.84    1.65624E-12
     9298.58    1.64636E-12
     9301.32    1.64543E-12
     9304.06    1.65390E-12
     9306.80    1.65548E-12
     9309.54    1.65706E-12
     9312.28    1.67724E-12
     9315.02    1.69485E-12
     9317.76    1.69069E-12
     9320.50    1.68889E-12
     9323.24    1.69280E-12
     9325.98    1.69778E-12
     9328.72    1.70394E-12
     9331.46    1.69830E-12
     9334.20    1.68545E-12
     9336.94    1.66375E-12
     9339.68    1.64749E-12
     9342.42    1.64311E-12
     9345.16    1.64885E-12
     9347.90    1.66954E-12
     9350.64    1.66347E-12
     9353.38    1.64597E-12
     9356.12    1.65000E-12
     9358.86    1.65371E-12
     9361.60    1.64022E-12
     9364.34    1.62839E-12
     9367.08    1.62222E-12
     9369.82    1.61173E-12
     9372.56    1.59831E-12
     9375.30    1.61135E-12
     9378.04    1.63187E-12
     9380.78    1.62902E-12
     9383.52    1.63020E-12
     9386.26    1.65049E-12
     9389.00    1.66438E-12
     9391.74    1.67394E-12
     9394.48    1.66348E-12
     9397.22    1.64242E-12
     9399.96    1.64943E-12
     9402.70    1.65993E-12
     9405.44    1.65373E-12
     9408.18    1.65090E-12
     9410.92    1.65834E-12
     9413.66    1.65730E-12
     9416.40    1.64992E-12
     9419.14    1.64249E-12
     9421.88    1.63503E-12
     9424.62    1.63109E-12
     9427.36    1.62936E-12
     9430.10    1.63050E-12
     9432.84    1.63116E-12
     9435.58    1.63127E-12
     9438.32    1.63055E-12
     9441.06    1.62965E-12
     9443.80    1.63261E-12
     9446.54    1.63871E-12
     9449.28    1.65368E-12
     9452.02    1.65747E-12
     9454.76    1.63370E-12
     9457.50    1.63750E-12
     9460.24    1.66632E-12
     9462.98    1.64775E-12
     9465.72    1.61478E-12
     9468.46    1.62214E-12
     9471.20    1.62772E-12
     9473.94    1.60295E-12
     9476.68    1.59508E-12
     9479.42    1.61441E-12
     9482.16    1.61630E-12
     9484.90    1.61083E-12
     9487.64    1.61216E-12
     9490.38    1.61474E-12
     9493.12    1.61566E-12
     9495.86    1.61598E-12
     9498.60    1.61414E-12
     9501.34    1.61747E-12
     9504.08    1.62576E-12
     9506.82    1.63278E-12
     9509.56    1.64106E-12
     9512.30    1.65932E-12
     9515.04    1.67037E-12
     9517.78    1.65741E-12
     9520.52    1.64502E-12
     9523.26    1.63597E-12
     9526.00    1.62400E-12
     9528.74    1.61055E-12
     9531.48    1.60480E-12
     9534.22    1.60363E-12
     9536.96    1.60964E-12
     9539.70    1.60885E-12
     9542.44    1.58960E-12
     9545.18    1.58184E-12
     9547.92    1.58509E-12
     9550.66    1.58603E-12
     9553.40    1.58809E-12
     9556.14    1.59507E-12
     9558.88    1.60269E-12
     9561.62    1.60763E-12
     9564.36    1.61251E-12
     9567.10    1.61626E-12
     9569.84    1.62694E-12
     9572.58    1.64216E-12
     9575.32    1.62529E-12
     9578.06    1.60160E-12
     9580.80    1.60859E-12
     9583.54    1.61160E-12
     9586.28    1.59497E-12
     9589.02    1.58269E-12
     9591.76    1.57252E-12
     9594.50    1.57743E-12
     9597.24    1.59169E-12
     9599.98    1.60417E-12
     9602.72    1.61403E-12
     9605.46    1.61368E-12
     9608.20    1.61898E-12
     9610.94    1.64085E-12
     9613.68    1.63661E-12
     9616.42    1.61287E-12
     9619.16    1.61517E-12
     9621.90    1.62656E-12
     9624.64    1.63703E-12
     9627.38    1.64055E-12
     9630.12    1.62897E-12
     9632.86    1.61827E-12
     9635.60    1.60951E-12
     9638.34    1.59294E-12
     9641.08    1.57291E-12
     9643.82    1.56287E-12
     9646.56    1.56183E-12
     9649.30    1.57910E-12
     9652.04    1.58929E-12
     9654.78    1.58191E-12
     9657.52    1.58405E-12
     9660.26    1.59292E-12
     9663.00    1.58591E-12
     9665.74    1.57539E-12
     9668.48    1.58649E-12
     9671.22    1.58776E-12
     9673.96    1.54846E-12
     9676.70    1.53992E-12
     9679.44    1.57398E-12
     9682.18    1.58771E-12
     9684.92    1.59479E-12
     9687.66    1.60301E-12
     9690.40    1.61161E-12
     9693.14    1.62678E-12
     9695.88    1.63068E-12
     9698.62    1.61282E-12
     9701.36    1.60188E-12
     9704.10    1.59515E-12
     9706.84    1.58678E-12
     9709.58    1.57759E-12
     9712.32    1.56382E-12
     9715.06    1.55498E-12
     9717.80    1.56240E-12
     9720.54    1.56184E-12
     9723.28    1.54504E-12
     9726.02    1.55145E-12
     9728.76    1.57074E-12
     9731.50    1.57822E-12
     9734.24    1.57987E-12
     9736.98    1.57083E-12
     9739.72    1.56761E-12
     9742.46    1.57982E-12
     9745.20    1.58603E-12
     9747.94    1.58865E-12
     9750.68    1.57658E-12
     9753.42    1.55775E-12
     9756.16    1.55029E-12
     9758.90    1.54677E-12
     9761.64    1.54257E-12
     9764.38    1.54912E-12
     9767.12    1.57574E-12
     9769.86    1.58141E-12
     9772.60    1.57488E-12
     9775.34    1.56204E-12
     9778.08    1.55208E-12
     9780.82    1.57094E-12
     9783.56    1.58262E-12
     9786.30    1.56635E-12
     9789.04    1.56844E-12
     9791.78    1.58982E-12
     9794.52    1.59506E-12
     9797.26    1.59352E-12
     9800.00    1.59527E-12
     9802.74    1.58819E-12
     9805.48    1.55755E-12
     9808.22    1.53122E-12
     9810.96    1.50858E-12
     9813.70    1.50832E-12
     9816.44    1.52565E-12
     9819.18    1.52215E-12
     9821.92    1.51938E-12
     9824.66    1.54741E-12
     9827.40    1.57326E-12
     9830.14    1.58591E-12
     9832.88    1.58844E-12
     9835.62    1.57860E-12
     9838.36    1.57484E-12
     9841.10    1.57236E-12
     9843.84    1.56712E-12
     9846.58    1.56220E-12
     9849.32    1.56110E-12
     9852.06    1.55747E-12
     9854.80    1.54178E-12
     9857.54    1.55716E-12
     9860.28    1.59686E-12
     9863.02    1.60224E-12
     9865.76    1.59653E-12
     9868.50    1.60444E-12
     9871.24    1.60255E-12
     9873.98    1.57504E-12
     9876.72    1.55515E-12
     9879.46    1.54453E-12
     9882.20    1.52782E-12
     9884.94    1.51117E-12
     9887.68    1.51582E-12
     9890.42    1.53032E-12
     9893.16    1.55654E-12
     9895.90    1.56408E-12
     9898.64    1.53184E-12
     9901.38    1.52842E-12
     9904.12    1.54586E-12
     9906.86    1.55082E-12
     9909.60    1.55377E-12
     9912.34    1.56696E-12
     9915.08    1.57063E-12
     9917.82    1.54413E-12
     9920.56    1.53530E-12
     9923.30    1.55131E-12
     9926.04    1.55427E-12
     9928.78    1.55319E-12
     9931.52    1.56356E-12
     9934.26    1.57080E-12
     9937.00    1.55453E-12
     9939.74    1.54432E-12
     9942.48    1.55071E-12
     9945.22    1.55437E-12
     9947.96    1.55824E-12
     9950.70    1.53500E-12
     9953.44    1.50715E-12
     9956.18    1.53426E-12
     9958.92    1.55627E-12
     9961.66    1.52790E-12
     9964.40    1.52080E-12
     9967.14    1.55075E-12
     9969.88    1.54965E-12
     9972.62    1.53306E-12
     9975.36    1.52102E-12
     9978.10    1.51656E-12
     9980.84    1.54174E-12
     9983.58    1.55518E-12
     9986.32    1.53099E-12
     9989.06    1.53723E-12
     9991.80    1.57194E-12
     9994.54    1.59176E-12
     9997.28    1.60343E-12
    10000.02    1.59298E-12
    10002.76    1.57887E-12
    10005.50    1.58109E-12
    10008.24    1.56206E-12
    10010.98    1.50651E-12
    10013.72    1.47449E-12
    10016.46    1.45410E-12
    10019.20    1.43985E-12
    10021.94    1.43308E-12
    10024.68    1.43240E-12
    10027.42    1.44294E-12
    10030.16    1.47101E-12
    10032.90    1.49830E-12
    10035.64    1.53052E-12
    10038.38    1.51481E-12
    10041.12    1.48083E-12
    10043.86    1.51102E-12
    10046.60    1.54473E-12
    10049.34    1.54036E-12
    10052.08    1.53790E-12
    10054.82    1.54427E-12
    10057.56    1.54249E-12
    10060.30    1.53509E-12
    10063.04    1.51595E-12
    10065.78    1.49868E-12
    10068.52    1.51384E-12
    10071.26    1.52654E-12
    10074.00    1.51912E-12
    10076.74    1.52033E-12
    10079.48    1.53177E-12
    10082.22    1.53322E-12
    10084.96    1.53051E-12
    10087.70    1.53224E-12
    10090.44    1.53377E-12
    10093.18    1.53172E-12
    10095.92    1.53069E-12
    10098.66    1.53894E-12
    10101.40    1.51633E-12
    10104.14    1.46907E-12
    10106.88    1.48905E-12
    10109.62    1.52307E-12
    10112.36    1.48528E-12
    10115.10    1.46200E-12
    10117.84    1.50849E-12
    10120.58    1.51842E-12
    10123.32    1.48122E-12
    10126.06    1.47337E-12
    10128.80    1.47835E-12
    10131.54    1.49703E-12
    10134.28    1.51005E-12
    10137.02    1.48662E-12
    10139.76    1.46779E-12
    10142.50    1.45918E-12
    10145.24    1.46751E-12
    10147.98    1.49255E-12
    10150.72    1.49162E-12
    10153.46    1.47550E-12
    10156.20    1.43223E-12
    10158.94    1.40774E-12
    10161.68    1.43854E-12
    10164.42    1.47337E-12
    10167.16    1.51939E-12
    10169.90    1.52917E-12
    10172.64    1.51624E-12
    10175.38    1.49439E-12
    10178.12    1.47932E-12
    10180.86    1.51385E-12
    10183.60    1.52303E-12
    10186.34    1.46550E-12
    10189.08    1.45724E-12
    10191.82    1.49015E-12
    10194.56    1.57357E-12
    10197.30    1.53703E-12
    10200.04    6.51048E-13
    10202.78   -1.10494E-13
    10205.52   -5.03329E-14
