#*HD044007
#*
#*  Heap-Lindler STIS
#set .z.units = "Ergs/s/cm**2/A"
#set .z.label = "Flux"
#set .table.bandwidth = 2.74
#*
  2950.  3.15237609E-13
  2952.73999  3.43465165E-13
  2955.47998  3.65543777E-13
  2958.21997  3.65961872E-13
  2960.95996  3.699796E-13
  2963.69995  3.63549387E-13
  2966.43994  2.72212022E-13
  2969.17993  2.85792765E-13
  2971.91992  3.27520807E-13
  2974.65991  3.817481E-13
  2977.3999  4.33922809E-13
  2980.13989  3.54877206E-13
  2982.87988  3.00920069E-13
  2985.62012  2.87980821E-13
  2988.36011  3.63808376E-13
  2991.1001  4.2492019E-13
  2993.84009  3.96985613E-13
  2996.58008  4.14521716E-13
  2999.32007  3.68868103E-13
  3002.06006  3.32954936E-13
  3004.80005  3.93685735E-13
  3007.54004  4.02142837E-13
  3010.28003  4.45082502E-13
  3013.02002  4.23897706E-13
  3015.76001  3.92007227E-13
  3018.5  3.51199132E-13
  3021.23999  3.427394E-13
  3023.97998  4.46737916E-13
  3026.71997  4.57877334E-13
  3029.45996  4.59619159E-13
  3032.19995  4.62195169E-13
  3034.93994  4.85215221E-13
  3037.67993  4.39162514E-13
  3040.41992  4.46719674E-13
  3043.15991  4.51226838E-13
  3045.8999  4.74593184E-13
  3048.63989  4.75143037E-13
  3051.37988  5.1887959E-13
  3054.12012  4.73939085E-13
  3056.86011  4.12353555E-13
  3059.6001  3.87422408E-13
  3062.34009  3.96443457E-13
  3065.08008  3.52884985E-13
  3067.82007  3.66954622E-13
  3070.56006  4.18510251E-13
  3073.30005  4.53412535E-13
  3076.04004  4.58927492E-13
  3078.78003  4.57310188E-13
  3081.52002  4.47333685E-13
  3084.26001  4.55183417E-13
  3087.  4.01684952E-13
  3089.73999  3.66924698E-13
  3092.47998  3.52813997E-13
  3095.21997  3.76527151E-13
  3097.95996  3.67562941E-13
  3100.69995  3.65205696E-13
  3103.43994  4.52786138E-13
  3106.17993  5.03398592E-13
  3108.91992  5.17218646E-13
  3111.65991  5.21279471E-13
  3114.3999  5.09318933E-13
  3117.13989  4.59729043E-13
  3119.87988  4.01589406E-13
  3122.62012  4.00449395E-13
  3125.36011  4.10146607E-13
  3128.1001  4.20504939E-13
  3130.84009  4.43947721E-13
  3133.58008  4.4787912E-13
  3136.32007  4.67253298E-13
  3139.06006  4.85338386E-13
  3141.80005  4.13417266E-13
  3144.54004  3.6366003E-13
  3147.28003  4.2942749E-13
  3150.02002  4.75166998E-13
  3152.76001  4.71177838E-13
  3155.5  4.08170215E-13
  3158.23999  3.53179156E-13
  3160.97998  3.84070732E-13
  3163.71997  4.21914158E-13
  3166.45996  4.51275383E-13
  3169.19995  4.98767531E-13
  3171.93994  5.73863385E-13
  3174.67993  5.6813625E-13
  3177.41992  5.2052427E-13
  3180.15991  4.444567E-13
  3182.8999  4.1212777E-13
  3185.63989  4.53557222E-13
  3188.37988  5.0020334E-13
  3191.12012  4.46067852E-13
  3193.86011  4.6383226E-13
  3196.6001  5.37220062E-13
  3199.34009  5.63676709E-13
  3202.08008  5.79779985E-13
  3204.82007  6.05720931E-13
  3207.56006  5.67445667E-13
  3210.30005  5.02524617E-13
  3213.04004  4.78122912E-13
  3215.78003  5.27866433E-13
  3218.52002  5.84686217E-13
  3221.26001  5.6397931E-13
  3224.  5.38845878E-13
  3226.73999  5.0168436E-13
  3229.47998  4.94135928E-13
  3232.21997  5.04328567E-13
  3234.95996  4.88367701E-13
  3237.69995  5.38029148E-13
  3240.43994  5.6990518E-13
  3243.17993  6.1285509E-13
  3245.91992  6.3103239E-13
  3248.65991  6.03873234E-13
  3251.3999  6.03723831E-13
  3254.13989  6.44356909E-13
  3256.87988  7.18265508E-13
  3259.62012  7.45713658E-13
  3262.36011  7.16750444E-13
  3265.1001  7.03420503E-13
  3267.84009  7.30162946E-13
  3270.58008  7.14426456E-13
  3273.32007  6.99275436E-13
  3276.06006  6.7839419E-13
  3278.80005  6.77262554E-13
  3281.54004  7.00626623E-13
  3284.28003  7.15290565E-13
  3287.02002  6.92196951E-13
  3289.76001  7.53568215E-13
  3292.5  8.27835955E-13
  3295.23999  8.25781121E-13
  3297.97998  8.13739863E-13
  3300.71997  7.96044057E-13
  3303.45996  7.61649966E-13
  3306.19995  7.4681228E-13
  3308.93994  7.61207612E-13
  3311.67993  7.76355434E-13
  3314.41992  7.70811203E-13
  3317.15991  7.79200435E-13
  3319.8999  7.66023855E-13
  3322.63989  7.17966864E-13
  3325.37988  7.57091384E-13
  3328.12012  7.5269657E-13
  3330.86011  7.69622484E-13
  3333.6001  7.46006393E-13
  3336.34009  7.19761924E-13
  3339.08008  7.38813741E-13
  3341.82007  7.43721762E-13
  3344.56006  7.75435597E-13
  3347.30005  7.31672318E-13
  3350.04004  7.1561523E-13
  3352.78003  7.73416108E-13
  3355.52002  7.82708913E-13
  3358.26001  6.85779124E-13
  3361.  6.06180796E-13
  3363.73999  7.18263014E-13
  3366.47998  7.51885479E-13
  3369.21997  6.97605548E-13
  3371.95996  6.68593382E-13
  3374.69995  7.61806904E-13
  3377.43994  7.80464831E-13
  3380.17993  7.25277856E-13
  3382.91992  7.34048076E-13
  3385.65991  7.87407682E-13
  3388.3999  8.07099504E-13
  3391.13989  7.78283742E-13
  3393.87988  7.71997917E-13
  3396.62012  8.5100644E-13
  3399.36011  9.08630809E-13
  3402.1001  8.72378504E-13
  3404.84009  8.25390483E-13
  3407.58008  8.07032121E-13
  3410.32007  8.18351951E-13
  3413.06006  8.01131188E-13
  3415.80005  8.13987712E-13
  3418.54004  8.65712341E-13
  3421.28003  8.83977895E-13
  3424.02002  8.65656667E-13
  3426.76001  8.66897374E-13
  3429.5  8.92211272E-13
  3432.23999  8.84966796E-13
  3434.97998  9.23981052E-13
  3437.71997  8.61738415E-13
  3440.45996  7.32951894E-13
  3443.19995  7.2349803E-13
  3445.93994  8.10913836E-13
  3448.67993  8.87468755E-13
  3451.41992  8.82439575E-13
  3454.15991  8.88268517E-13
  3456.8999  8.77264027E-13
  3459.63989  8.43479095E-13
  3462.37988  8.54814592E-13
  3465.12012  8.73109256E-13
  3467.86011  9.00353197E-13
  3470.6001  9.1808245E-13
  3473.34009  8.41860436E-13
  3476.08008  7.76249399E-13
  3478.82007  8.37301691E-13
  3481.56006  8.83433626E-13
  3484.30005  8.9324159E-13
  3487.04004  9.13757893E-13
  3489.78003  8.47849243E-13
  3492.52002  8.23506573E-13
  3495.26001  8.08580796E-13
  3498.  8.48705817E-13
  3500.73999  9.18189027E-13
  3503.47998  9.35239408E-13
  3506.21997  9.10984721E-13
  3508.95996  8.9472017E-13
  3511.69995  8.76952536E-13
  3514.43994  8.80431253E-13
  3517.17993  9.07968362E-13
  3519.91992  8.83017021E-13
  3522.65991  8.2133432E-13
  3525.3999  7.89732537E-13
  3528.13989  8.63291751E-13
  3530.87988  9.28357326E-13
  3533.62012  9.48589406E-13
  3536.36011  9.74075746E-13
  3539.1001  9.94656939E-13
  3541.84009  1.00176313E-12
  3544.58008  1.00898261E-12
  3547.32007  1.01563929E-12
  3550.06006  1.00150715E-12
  3552.80005  9.745902E-13
  3555.54004  9.84033818E-13
  3558.28003  9.89501883E-13
  3561.02002  9.89737806E-13
  3563.76001  9.33740715E-13
  3566.5  8.62035107E-13
  3569.23999  8.31231188E-13
  3571.97998  8.45769798E-13
  3574.71997  8.83935178E-13
  3577.45996  9.13369098E-13
  3580.19995  8.58136695E-13
  3582.93994  8.2156905E-13
  3585.67993  7.87209978E-13
  3588.41992  8.13645483E-13
  3591.15991  9.17737024E-13
  3593.8999  9.77060663E-13
  3596.63989  1.00997064E-12
  3599.37988  1.0271713E-12
  3602.12012  9.90972387E-13
  3604.86011  9.42529475E-13
  3607.6001  9.18211904E-13
  3610.34009  9.05498116E-13
  3613.08008  9.17544903E-13
  3615.82007  9.3985388E-13
  3618.56006  8.9785964E-13
  3621.30005  9.29881064E-13
  3624.04004  1.00647897E-12
  3626.78003  1.04443765E-12
  3629.52002  9.7155812E-13
  3632.26001  8.83877823E-13
  3635.  9.05693001E-13
  3637.73999  9.74460855E-13
  3640.47998  1.00917701E-12
  3643.21997  9.57097032E-13
  3645.95996  9.1344586E-13
  3648.69995  9.35409194E-13
  3651.43994  9.87266909E-13
  3654.17993  1.04498506E-12
  3656.91992  1.08317023E-12
  3659.65991  1.08217504E-12
  3662.3999  1.06645389E-12
  3665.13989  1.06188051E-12
  3667.87988  1.04655358E-12
  3670.62012  1.05357877E-12
  3673.36011  1.07565703E-12
  3676.1001  1.07530825E-12
  3678.84009  1.03990503E-12
  3681.58008  1.0286289E-12
  3684.32007  1.03473848E-12
  3687.06006  1.02107645E-12
  3689.80005  1.06743011E-12
  3692.54004  1.11494733E-12
  3695.28003  1.12494844E-12
  3698.02002  1.17288612E-12
  3700.76001  1.19667611E-12
  3703.5  1.09445363E-12
  3706.23999  1.00597493E-12
  3708.97998  1.02896869E-12
  3711.71997  1.12197513E-12
  3714.45996  1.2160237E-12
  3717.19995  1.2036149E-12
  3719.93994  1.03264955E-12
  3722.67993  9.9472004E-13
  3725.41992  1.13319499E-12
  3728.15991  1.18271181E-12
  3730.8999  1.12168521E-12
  3733.63989  9.70637524E-13
  3736.37988  9.24528249E-13
  3739.12012  1.07132662E-12
  3741.86011  1.1542077E-12
  3744.6001  1.07439762E-12
  3747.34009  9.52731167E-13
  3750.08008  9.62567916E-13
  3752.82007  1.14275104E-12
  3755.56006  1.24710355E-12
  3758.30005  1.16215056E-12
  3761.04004  1.14324273E-12
  3763.78003  1.22197294E-12
  3766.52002  1.22624491E-12
  3769.26001  1.18717341E-12
  3772.  1.22569457E-12
  3774.73999  1.29444784E-12
  3777.47998  1.33613053E-12
  3780.21997  1.39727509E-12
  3782.95996  1.42231431E-12
  3785.69995  1.34776283E-12
  3788.43994  1.27466375E-12
  3791.17993  1.27245816E-12
  3793.91992  1.23038667E-12
  3796.65991  1.13601587E-12
  3799.3999  1.17556323E-12
  3802.13989  1.34824291E-12
  3804.87988  1.4142949E-12
  3807.62012  1.39947429E-12
  3810.36011  1.39296539E-12
  3813.1001  1.30973281E-12
  3815.84009  1.25153143E-12
  3818.58008  1.23883846E-12
  3821.32007  1.21188801E-12
  3824.06006  1.17972646E-12
  3826.80005  1.12497273E-12
  3829.54004  1.12063375E-12
  3832.28003  1.05422572E-12
  3835.02002  1.00407584E-12
  3837.76001  1.04800825E-12
  3840.5  1.14203048E-12
  3843.23999  1.28089011E-12
  3845.97998  1.3618116E-12
  3848.71997  1.37403316E-12
  3851.45996  1.38705171E-12
  3854.19995  1.38394569E-12
  3856.93994  1.31427996E-12
  3859.67993  1.26942911E-12
  3862.41992  1.34674661E-12
  3865.15991  1.42986621E-12
  3867.8999  1.41741165E-12
  3870.63989  1.29206227E-12
  3873.37988  1.18864575E-12
  3876.12012  1.22645047E-12
  3878.86011  1.26593928E-12
  3881.6001  1.29798234E-12
  3884.34009  1.23782495E-12
  3887.08008  1.12323974E-12
  3889.82007  1.12018738E-12
  3892.56006  1.19992926E-12
  3895.30005  1.23847872E-12
  3898.04004  1.25970122E-12
  3900.78003  1.26424273E-12
  3903.52002  1.25286836E-12
  3906.26001  1.24607421E-12
  3909.  1.29965461E-12
  3911.73999  1.34769518E-12
  3914.47998  1.31486022E-12
  3917.21997  1.25476311E-12
  3919.95996  1.1982661E-12
  3922.69995  1.14187761E-12
  3925.43994  1.04004327E-12
  3928.17993  7.74919896E-13
  3930.91992  4.64201377E-13
  3933.65991  3.12699302E-13
  3936.3999  4.50793781E-13
  3939.13989  7.54542479E-13
  3941.87988  9.97820641E-13
  3944.62012  1.13161151E-12
  3947.36011  1.23498759E-12
  3950.1001  1.27404413E-12
  3952.84009  1.30578881E-12
  3955.58008  1.32283626E-12
  3958.32007  1.30039946E-12
  3961.06006  1.16081342E-12
  3963.80005  8.69112887E-13
  3966.54004  5.54378754E-13
  3969.28003  4.14477561E-13
  3972.02002  6.76246223E-13
  3974.76001  1.06290215E-12
  3977.5  1.31513864E-12
  3980.23999  1.42062696E-12
  3982.97998  1.4437659E-12
  3985.71997  1.49079501E-12
  3988.45996  1.54430158E-12
  3991.19995  1.58028668E-12
  3993.93994  1.56568465E-12
  3996.67993  1.5043071E-12
  3999.41992  1.53483411E-12
  4002.15991  1.58977725E-12
  4004.8999  1.54902707E-12
  4007.63989  1.56363702E-12
  4010.37988  1.64948339E-12
  4013.12012  1.64864921E-12
  4015.86011  1.63908167E-12
  4018.6001  1.65129856E-12
  4021.34009  1.65281796E-12
  4024.08008  1.65110894E-12
  4026.82007  1.65686507E-12
  4029.56006  1.62527804E-12
  4032.30005  1.56285694E-12
  4035.04004  1.61112562E-12
  4037.78003  1.69774112E-12
  4040.52002  1.69724358E-12
  4043.26001  1.62013838E-12
  4046.  1.58755528E-12
  4048.73999  1.65576342E-12
  4051.47998  1.68903303E-12
  4054.21997  1.65979567E-12
  4056.95996  1.65728715E-12
  4059.69995  1.66948421E-12
  4062.43994  1.65233333E-12
  4065.17993  1.61212157E-12
  4067.91992  1.65427654E-12
  4070.65991  1.68044842E-12
  4073.3999  1.65035824E-12
  4076.13989  1.59111819E-12
  4078.87988  1.59826959E-12
  4081.62012  1.68788421E-12
  4084.36011  1.68410544E-12
  4087.1001  1.7441414E-12
  4089.84009  1.80590666E-12
  4092.58008  1.77193123E-12
  4095.32007  1.72704082E-12
  4098.06006  1.63199131E-12
  4100.7998  1.50190136E-12
  4103.54004  1.51892062E-12
  4106.27979  1.68213512E-12
  4109.02002  1.70782518E-12
  4111.75977  1.73541704E-12
  4114.5  1.78805137E-12
  4117.24023  1.7742086E-12
  4119.97998  1.71578854E-12
  4122.72021  1.72676966E-12
  4125.45996  1.73254325E-12
  4128.2002  1.71379219E-12
  4130.93994  1.69861499E-12
  4133.68018  1.67705758E-12
  4136.41992  1.74104307E-12
  4139.16016  1.79652777E-12
  4141.8999  1.74107723E-12
  4144.64014  1.69956378E-12
  4147.37988  1.75886194E-12
  4150.12012  1.736681E-12
  4152.85986  1.72088667E-12
  4155.6001  1.72195537E-12
  4158.33984  1.7666323E-12
  4161.08008  1.80563117E-12
  4163.81982  1.82127122E-12
  4166.56006  1.81304049E-12
  4169.2998  1.76166915E-12
  4172.04004  1.682225E-12
  4174.77979  1.63411027E-12
  4177.52002  1.70342343E-12
  4180.25977  1.74163819E-12
  4183.  1.74333356E-12
  4185.74023  1.7158022E-12
  4188.47998  1.70369925E-12
  4191.22021  1.75411421E-12
  4193.95996  1.76752168E-12
  4196.7002  1.71502927E-12
  4199.43994  1.66422345E-12
  4202.18018  1.66761483E-12
  4204.91992  1.70136258E-12
  4207.66016  1.75689227E-12
  4210.3999  1.76625142E-12
  4213.14014  1.74607995E-12
  4215.87988  1.71146127E-12
  4218.62012  1.72450834E-12
  4221.35986  1.74541729E-12
  4224.1001  1.62888138E-12
  4226.83984  1.56363475E-12
  4229.58008  1.68420789E-12
  4232.31982  1.72902231E-12
  4235.06006  1.68490124E-12
  4237.7998  1.66264528E-12
  4240.54004  1.69994433E-12
  4243.27979  1.70568843E-12
  4246.02002  1.68967011E-12
  4248.75977  1.62635313E-12
  4251.5  1.66786615E-12
  4254.24023  1.7070799E-12
  4256.97998  1.68116779E-12
  4259.72021  1.66797023E-12
  4262.45996  1.68236486E-12
  4265.2002  1.73687041E-12
  4267.93994  1.68737377E-12
  4270.68018  1.60738187E-12
  4273.41992  1.5616229E-12
  4276.16016  1.61771421E-12
  4278.8999  1.66987181E-12
  4281.64014  1.61462467E-12
  4284.37988  1.59972404E-12
  4287.12012  1.51345809E-12
  4289.85986  1.50805648E-12
  4292.6001  1.49369286E-12
  4295.33984  1.47585004E-12
  4298.08008  1.29858093E-12
  4300.81982  1.17143784E-12
  4303.56006  1.16986206E-12
  4306.2998  1.16767295E-12
  4309.04004  1.12227599E-12
  4311.77979  1.21061613E-12
  4314.52002  1.51905799E-12
  4317.25977  1.80132016E-12
  4320.  1.8082893E-12
  4322.74023  1.64273499E-12
  4325.47998  1.56739552E-12
  4328.22021  1.73713593E-12
  4330.95996  1.83488511E-12
  4333.7002  1.83328352E-12
  4336.43994  1.71210149E-12
  4339.18018  1.5234592E-12
  4341.91992  1.54568361E-12
  4344.66016  1.75543336E-12
  4347.3999  1.82720093E-12
  4350.14014  1.78335536E-12
  4352.87988  1.69268787E-12
  4355.62012  1.75739664E-12
  4358.35986  1.78653631E-12
  4361.1001  1.81073873E-12
  4363.83984  1.84021873E-12
  4366.58008  1.8306101E-12
  4369.31982  1.80541573E-12
  4372.06006  1.73600869E-12
  4374.7998  1.69919731E-12
  4377.54004  1.75866006E-12
  4380.27979  1.77024194E-12
  4383.02002  1.66443313E-12
  4385.75977  1.64802059E-12
  4388.5  1.73762957E-12
  4391.24023  1.75415617E-12
  4393.97998  1.77615377E-12
  4396.72021  1.78216914E-12
  4399.45996  1.80762024E-12
  4402.2002  1.79118265E-12
  4404.93994  1.80406796E-12
  4407.68018  1.83386162E-12
  4410.41992  1.90182202E-12
  4413.16016  1.92204802E-12
  4415.8999  1.86059545E-12
  4418.64014  1.90295674E-12
  4421.37988  1.96629648E-12
  4424.12012  1.94433965E-12
  4426.85986  1.93633607E-12
  4429.6001  1.93602881E-12
  4432.33984  1.9344964E-12
  4435.08008  1.92321571E-12
  4437.81982  1.984013E-12
  4440.56006  1.96405739E-12
  4443.2998  1.89238469E-12
  4446.04004  1.94911903E-12
  4448.77979  1.97389978E-12
  4451.52002  1.96525543E-12
  4454.25977  1.90120814E-12
  4457.  1.89954367E-12
  4459.74023  1.92763167E-12
  4462.47998  1.93368455E-12
  4465.22021  1.95553664E-12
  4467.95996  1.93323526E-12
  4470.7002  1.97002701E-12
  4473.43994  2.04182504E-12
  4476.18018  2.04525524E-12
  4478.91992  2.03814136E-12
  4481.66016  1.99277834E-12
  4484.3999  2.01959239E-12
  4487.14014  2.03658553E-12
  4489.87988  2.00844441E-12
  4492.62012  2.02258197E-12
  4495.35986  2.00591497E-12
  4498.1001  2.04214792E-12
  4500.83984  2.05823249E-12
  4503.58008  2.08482537E-12
  4506.31982  2.10871576E-12
  4509.06006  2.07944556E-12
  4511.7998  2.0818128E-12
  4514.54004  2.04559503E-12
  4517.27979  2.03060572E-12
  4520.02002  2.03266462E-12
  4522.75977  2.01403586E-12
  4525.5  2.00953533E-12
  4528.24023  1.93118199E-12
  4530.97998  1.94066833E-12
  4533.72021  1.92326276E-12
  4536.45996  1.96217652E-12
  4539.2002  2.06426282E-12
  4541.93994  2.05350537E-12
  4544.68018  2.01630943E-12
  4547.41992  1.97344419E-12
  4550.16016  1.94539437E-12
  4552.8999  1.97468235E-12
  4555.64014  1.98579369E-12
  4558.37988  2.08180478E-12
  4561.12012  2.08613725E-12
  4563.85986  2.05006823E-12
  4566.6001  2.07613787E-12
  4569.33984  2.07174599E-12
  4572.08008  2.05184394E-12
  4574.81982  2.09469182E-12
  4577.56006  2.08221613E-12
  4580.2998  2.04386529E-12
  4583.04004  2.03714541E-12
  4585.77979  2.05641407E-12
  4588.52002  2.07563372E-12
  4591.25977  2.07448555E-12
  4594.  2.07406444E-12
  4596.74023  2.1001124E-12
  4599.47998  2.09140626E-12
  4602.22021  2.0807312E-12
  4604.95996  2.11345243E-12
  4607.7002  2.1245462E-12
  4610.43994  2.12329785E-12
  4613.18018  2.10930232E-12
  4615.91992  2.10178706E-12
  4618.66016  2.10030149E-12
  4621.3999  2.1380263E-12
  4624.14014  2.12694033E-12
  4626.87988  2.12589256E-12
  4629.62012  2.12617163E-12
  4632.35986  2.13042648E-12
  4635.1001  2.13168545E-12
  4637.83984  2.12061401E-12
  4640.58008  2.13848947E-12
  4643.31982  2.14283669E-12
  4646.06006  2.09900174E-12
  4648.7998  2.10800301E-12
  4651.54004  2.11694941E-12
  4654.27979  2.09238876E-12
  4657.02002  2.10192649E-12
  4659.75977  2.17139631E-12
  4662.5  2.15764212E-12
  4665.24023  2.11985529E-12
  4667.97998  2.0689147E-12
  4670.72021  2.11558527E-12
  4673.45996  2.15255006E-12
  4676.2002  2.15090424E-12
  4678.93994  2.12046808E-12
  4681.68018  2.1187223E-12
  4684.41992  2.16132732E-12
  4687.16016  2.16672123E-12
  4689.8999  2.16027738E-12
  4692.64014  2.16802661E-12
  4695.37988  2.17575632E-12
  4698.12012  2.15954988E-12
  4700.85986  2.13032131E-12
  4703.6001  2.11077575E-12
  4706.33984  2.09420697E-12
  4709.08008  2.09119701E-12
  4711.81982  2.16084312E-12
  4714.56006  2.1542219E-12
  4717.2998  2.17814026E-12
  4720.04004  2.21011317E-12
  4722.77979  2.18157805E-12
  4725.52002  2.17603995E-12
  4728.25977  2.16321405E-12
  4731.  2.14185939E-12
  4733.74023  2.15662774E-12
  4736.47998  2.15899824E-12
  4739.22021  2.18026248E-12
  4741.95996  2.18172312E-12
  4744.7002  2.18510821E-12
  4747.43994  2.19608099E-12
  4750.18018  2.20244634E-12
  4752.91992  2.17837597E-12
  4755.66016  2.16308395E-12
  4758.3999  2.13984624E-12
  4761.14014  2.1331604E-12
  4763.87988  2.10840373E-12
  4766.62012  2.17343027E-12
  4769.35986  2.20029615E-12
  4772.1001  2.1641031E-12
  4774.83984  2.19689609E-12
  4777.58008  2.18410706E-12
  4780.31982  2.16916936E-12
  4783.06006  2.16172284E-12
  4785.7998  2.14385888E-12
  4788.54004  2.14702475E-12
  4791.27979  2.16760832E-12
  4794.02002  2.19553889E-12
  4796.75977  2.19125889E-12
  4799.5  2.17080087E-12
  4802.24023  2.17076075E-12
  4804.97998  2.1690514E-12
  4807.72021  2.17809755E-12
  4810.45996  2.18929584E-12
  4813.2002  2.19388266E-12
  4815.93994  2.20417651E-12
  4818.68018  2.20475786E-12
  4821.41992  2.18649491E-12
  4824.16016  2.16728176E-12
  4826.8999  2.18688305E-12
  4829.64014  2.19193023E-12
  4832.37988  2.20616906E-12
  4835.12012  2.20043146E-12
  4837.85986  2.17588751E-12
  4840.6001  2.15716767E-12
  4843.33984  2.17341076E-12
  4846.08008  2.1901504E-12
  4848.81982  2.17785815E-12
  4851.56006  2.16821721E-12
  4854.2998  2.1303688E-12
  4857.04004  2.07495653E-12
  4859.77979  1.85346877E-12
  4862.52002  1.82854188E-12
  4865.25977  2.03841674E-12
  4868.  2.12401711E-12
  4870.74023  2.11827604E-12
  4873.47998  2.11909028E-12
  4876.22021  2.14118588E-12
  4878.95996  2.14971096E-12
  4881.7002  2.16285475E-12
  4884.43994  2.15908649E-12
  4887.18018  2.14347073E-12
  4889.91992  2.11856747E-12
  4892.66016  2.14819265E-12
  4895.3999  2.21831299E-12
  4898.14014  2.2235692E-12
  4900.87988  2.19096984E-12
  4903.62012  2.18969504E-12
  4906.35986  2.20571673E-12
  4909.1001  2.18616184E-12
  4911.83984  2.18518281E-12
  4914.58008  2.19300446E-12
  4917.31982  2.16530309E-12
  4920.06006  2.08494506E-12
  4922.7998  2.12264277E-12
  4925.54004  2.16924547E-12
  4928.27979  2.20783071E-12
  4931.02002  2.21243228E-12
  4933.75977  2.14880175E-12
  4936.5  2.1636525E-12
  4939.24023  2.13622414E-12
  4941.97998  2.19829255E-12
  4944.72021  2.23018761E-12
  4947.45996  2.23423667E-12
  4950.2002  2.23861012E-12
  4952.93994  2.2324267E-12
  4955.68018  2.18695418E-12
  4958.41992  2.15899932E-12
  4961.16016  2.22241388E-12
  4963.8999  2.22621921E-12
  4966.64014  2.20541294E-12
  4969.37988  2.21020381E-12
  4972.12012  2.22357072E-12
  4974.85986  2.22906936E-12
  4977.6001  2.22506952E-12
  4980.33984  2.16528705E-12
  4983.08008  2.11201217E-12
  4985.81982  2.14406791E-12
  4988.56006  2.18519582E-12
  4991.2998  2.17561017E-12
  4994.04004  2.18129573E-12
  4996.77979  2.19027205E-12
  4999.52002  2.16736698E-12
  5002.25977  2.14879091E-12
  5005.  2.13333648E-12
  5007.74023  2.13118715E-12
  5010.47998  2.13320594E-12
  5013.22021  2.11197769E-12
  5015.95996  2.09997839E-12
  5018.7002  2.11026552E-12
  5021.43994  2.14971899E-12
  5024.18018  2.17419832E-12
  5026.91992  2.18946432E-12
  5029.66016  2.20508659E-12
  5032.3999  2.20976406E-12
  5035.14014  2.18005215E-12
  5037.87988  2.14630245E-12
  5040.62012  2.10509995E-12
  5043.35986  2.12698977E-12
  5046.1001  2.21194243E-12
  5048.83984  2.19527543E-12
  5051.58008  2.17294997E-12
  5054.31982  2.22824688E-12
  5057.06006  2.25227345E-12
  5059.7998  2.23623919E-12
  5062.54004  2.22635387E-12
  5065.27979  2.22519334E-12
  5068.02002  2.19950512E-12
  5070.75977  2.2065366E-12
  5073.5  2.20946612E-12
  5076.24023  2.19408779E-12
  5078.97998  2.14102781E-12
  5081.72021  2.12286503E-12
  5084.45996  2.16006922E-12
  5087.2002  2.20738922E-12
  5089.93994  2.242322E-12
  5092.68018  2.24594453E-12
  5095.41992  2.23037647E-12
  5098.16016  2.18260024E-12
  5100.8999  2.16836228E-12
  5103.64014  2.21220676E-12
  5106.37988  2.1818079E-12
  5109.12012  2.15162935E-12
  5111.85986  2.18415065E-12
  5114.6001  2.21956763E-12
  5117.33984  2.24536622E-12
  5120.08008  2.23867517E-12
  5122.81982  2.18755851E-12
  5125.56006  2.15957959E-12
  5128.2998  2.16194597E-12
  5131.04004  2.18478968E-12
  5133.77979  2.1908766E-12
  5136.52002  2.17849198E-12
  5139.25977  2.12498617E-12
  5142.  2.11855772E-12
  5144.74023  2.16632506E-12
  5147.47998  2.18250158E-12
  5150.22021  2.17337281E-12
  5152.95996  2.16891023E-12
  5155.7002  2.1898941E-12
  5158.43994  2.23831652E-12
  5161.18018  2.22528788E-12
  5163.91992  2.15893384E-12
  5166.66016  2.02559085E-12
  5169.3999  1.98051037E-12
  5172.14014  1.98451628E-12
  5174.87988  2.09177163E-12
  5177.62012  2.21023395E-12
  5180.35986  2.21125136E-12
  5183.1001  2.07632262E-12
  5185.83984  2.0726784E-12
  5188.58008  2.14108917E-12
  5191.31982  2.13710495E-12
  5194.06006  2.12961051E-12
  5196.7998  2.15679774E-12
  5199.54004  2.17857048E-12
  5202.27979  2.17596644E-12
  5205.02002  2.12412488E-12
  5207.75977  2.11843043E-12
  5210.5  2.15024786E-12
  5213.24023  2.21183141E-12
  5215.97998  2.20466939E-12
  5218.72021  2.22135374E-12
  5221.45996  2.24619086E-12
  5224.2002  2.19653202E-12
  5226.93994  2.1042289E-12
  5229.68018  2.14970619E-12
  5232.41992  2.18869345E-12
  5235.16016  2.20849229E-12
  5237.8999  2.2382673E-12
  5240.64014  2.26779793E-12
  5243.37988  2.26269242E-12
  5246.12012  2.23730886E-12
  5248.85986  2.20814729E-12
  5251.6001  2.19364327E-12
  5254.33984  2.21118219E-12
  5257.08008  2.24990447E-12
  5259.81982  2.23401896E-12
  5262.56006  2.15145263E-12
  5265.2998  2.08578185E-12
  5268.04004  2.08571853E-12
  5270.77979  2.09597834E-12
  5273.52002  2.16348619E-12
  5276.25977  2.21602142E-12
  5279.  2.24338343E-12
  5281.74023  2.2160559E-12
  5284.47998  2.22361214E-12
  5287.22021  2.27022199E-12
  5289.95996  2.2784552E-12
  5292.7002  2.27542529E-12
  5295.43994  2.24601739E-12
  5298.18018  2.22712972E-12
  5300.91992  2.22562008E-12
  5303.66016  2.25308964E-12
  5306.3999  2.26540748E-12
  5309.14014  2.27965325E-12
  5311.87988  2.28397574E-12
  5314.62012  2.25440391E-12
  5317.35986  2.2339036E-12
  5320.1001  2.25994592E-12
  5322.83984  2.23242518E-12
  5325.58008  2.18266334E-12
  5328.31982  2.13977338E-12
  5331.06006  2.19226265E-12
  5333.7998  2.23897745E-12
  5336.54004  2.23647229E-12
  5339.27979  2.21822105E-12
  5342.02002  2.22444697E-12
  5344.75977  2.24224632E-12
  5347.5  2.19111795E-12
  5350.24023  2.21873258E-12
  5352.97998  2.26655175E-12
  5355.72021  2.28621462E-12
  5358.45996  2.28958107E-12
  5361.2002  2.27071313E-12
  5363.93994  2.21987511E-12
  5366.68018  2.21384738E-12
  5369.41992  2.20588695E-12
  5372.16016  2.20113467E-12
  5374.8999  2.25557875E-12
  5377.64014  2.2729995E-12
  5380.37988  2.25155485E-12
  5383.12012  2.24858955E-12
  5385.85986  2.26044682E-12
  5388.6001  2.26512862E-12
  5391.33984  2.24941355E-12
  5394.08008  2.23015638E-12
  5396.81982  2.16831306E-12
  5399.56006  2.19053898E-12
  5402.2998  2.2124017E-12
  5405.04004  2.18004456E-12
  5407.77979  2.19993685E-12
  5410.52002  2.21473274E-12
  5413.25977  2.23618021E-12
  5416.  2.2479271E-12
  5418.74023  2.25316619E-12
  5421.47998  2.25443384E-12
  5424.22021  2.24087068E-12
  5426.95996  2.2320572E-12
  5429.7002  2.21793504E-12
  5432.43994  2.21848147E-12
  5435.18018  2.21258493E-12
  5437.91992  2.24598617E-12
  5440.66016  2.2671357E-12
  5443.3999  2.25207505E-12
  5446.14014  2.21505626E-12
  5448.87988  2.23348575E-12
  5451.62012  2.25849764E-12
  5454.35986  2.23089342E-12
  5457.1001  2.23115883E-12
  5459.83984  2.25444012E-12
  5462.58008  2.24342897E-12
  5465.31982  2.25688782E-12
  5468.06006  2.27925643E-12
  5470.7998  2.27948129E-12
  5473.54004  2.26406437E-12
  5476.27979  2.22137066E-12
  5479.02002  2.22834208E-12
  5481.75977  2.25084426E-12
  5484.5  2.27270655E-12
  5487.24023  2.2789934E-12
  5489.97998  2.26485367E-12
  5492.72021  2.27919896E-12
  5495.45996  2.27344315E-12
  5498.2002  2.25145293E-12
  5500.93994  2.26141848E-12
  5503.68018  2.25648016E-12
  5506.41992  2.23907741E-12
  5509.16016  2.24702331E-12
  5511.8999  2.25449021E-12
  5514.64014  2.26380004E-12
  5517.37988  2.27968772E-12
  5520.12012  2.28390484E-12
  5522.85986  2.27571521E-12
  5525.6001  2.25560065E-12
  5528.33984  2.24372062E-12
  5531.08008  2.25806895E-12
  5533.81982  2.27092694E-12
  5536.56006  2.27639847E-12
  5539.2998  2.28583168E-12
  5542.04004  2.28408113E-12
  5544.77979  2.29319385E-12
  5547.52002  2.30600651E-12
  5550.25977  2.30930271E-12
  5553.  2.30789064E-12
  5555.74023  2.30175037E-12
  5558.47998  2.29771237E-12
  5561.22021  2.28603529E-12
  5563.95996  2.27756876E-12
  5566.7002  2.27528868E-12
  5569.43994  2.26451041E-12
  5572.18018  2.25457934E-12
  5574.91992  2.25748695E-12
  5577.66016  2.26746508E-12
  5580.3999  2.25888774E-12
  5583.14014  2.25079981E-12
  5585.87988  2.24300873E-12
  5588.62012  2.22362818E-12
  5591.35986  2.22658719E-12
  5594.1001  2.24401097E-12
  5596.83984  2.25331581E-12
  5599.58008  2.25802233E-12
  5602.31982  2.25981126E-12
  5605.06006  2.27819066E-12
  5607.7998  2.29885403E-12
  5610.54004  2.30793531E-12
  5613.27979  2.28747143E-12
  5616.02002  2.25483738E-12
  5618.75977  2.26737054E-12
  5621.5  2.28900774E-12
  5624.24023  2.29222977E-12
  5626.97998  2.30219836E-12
  5629.72021  2.34665043E-12
  5632.45996  2.34117131E-12
  5635.2002  2.29869227E-12
  5637.93994  2.28603421E-12
  5640.68018  2.29118959E-12
  5643.41992  2.3117131E-12
  5646.16016  2.32021932E-12
  5648.8999  2.37415274E-12
  5651.64014  2.37631637E-12
  5654.37988  2.26706653E-12
  5657.12012  2.24635176E-12
  5659.85986  2.25950573E-12
  5662.6001  2.27345703E-12
  5665.33984  2.28578961E-12
  5668.08008  2.28957001E-12
  5670.81982  2.28573801E-12
  5673.56006  2.27019141E-12
  5676.2998  2.2668473E-12
  5679.04004  2.26973561E-12
  5681.77979  2.27504192E-12
  5684.52002  2.27626164E-12
  5687.25977  2.25280428E-12
  5690.  2.24848243E-12
  5692.74023  2.29411585E-12
  5695.47998  2.29336667E-12
  5698.22021  2.25294393E-12
  5700.95996  2.23598809E-12
  5703.7002  2.22727696E-12
  5706.43994  2.22527682E-12
  5709.18018  2.22567689E-12
  5711.91992  2.22034847E-12
  5714.66016  2.23001457E-12
  5717.3999  2.26358667E-12
  5720.14014  2.28414705E-12
  5722.87988  2.29576709E-12
  5725.62012  2.23980058E-12
  5728.35986  2.18512968E-12
  5731.1001  2.23391856E-12
  5733.83984  2.27648607E-12
  5736.58008  2.27794129E-12
  5739.31982  2.28436757E-12
  5742.06006  2.29393826E-12
  5744.7998  2.29254267E-12
  5747.54004  2.2842958E-12
  5750.27979  2.26777841E-12
  5753.02002  2.25910957E-12
  5755.75977  2.28028664E-12
  5758.5  2.28936813E-12
  5761.24023  2.27217941E-12
  5763.97998  2.28546522E-12
  5766.72021  2.31552624E-12
  5769.45996  2.3049737E-12
  5772.2002  2.2817425E-12
  5774.93994  2.26497532E-12
  5777.68018  2.26055502E-12
  5780.41992  2.28209725E-12
  5783.16016  2.2889531E-12
  5785.8999  2.28126871E-12
  5788.64014  2.27942188E-12
  5791.37988  2.28067868E-12
  5794.12012  2.29611274E-12
  5796.85986  2.30786896E-12
  5799.6001  2.29599868E-12
  5802.33984  2.29059805E-12
  5805.08008  2.3011159E-12
  5807.81982  2.29605592E-12
  5810.56006  2.28118501E-12
  5813.2998  2.27849315E-12
  5816.04004  2.28220242E-12
  5818.77979  2.29963466E-12
  5821.52002  2.30214502E-12
  5824.26025  2.26099239E-12
  5827.  2.25098109E-12
  5829.74023  2.27718777E-12
  5832.47998  2.27865838E-12
  5835.22021  2.27321027E-12
  5837.95996  2.29210119E-12
  5840.7002  2.30849042E-12
  5843.43994  2.29957394E-12
  5846.18018  2.28655528E-12
  5848.91992  2.26667166E-12
  5851.66016  2.26547448E-12
  5854.3999  2.27880518E-12
  5857.14014  2.26729421E-12
  5859.87988  2.25100017E-12
  5862.62012  2.24866198E-12
  5865.35986  2.26848336E-12
  5868.1001  2.34515749E-12
  5870.83984  2.36063144E-12
  5873.58008  2.29919144E-12
  5876.31982  2.27044273E-12
  5879.06006  2.24962995E-12
  5881.7998  2.2210441E-12
  5884.54004  2.19326011E-12
  5887.27979  2.166811E-12
  5890.02002  2.15753305E-12
  5892.76025  2.17309872E-12
  5895.5  2.19540857E-12
  5898.24023  2.22708137E-12
  5900.97998  2.25466976E-12
  5903.72021  2.27885267E-12
  5906.45996  2.29751071E-12
  5909.2002  2.2977681E-12
  5911.93994  2.25403919E-12
  5914.68018  2.24042508E-12
  5917.41992  2.26930649E-12
  5920.16016  2.2804948E-12
  5922.8999  2.28406031E-12
  5925.64014  2.25498027E-12
  5928.37988  2.22757641E-12
  5931.12012  2.24978803E-12
  5933.85986  2.2668937E-12
  5936.6001  2.26488273E-12
  5939.33984  2.258425E-12
  5942.08008  2.24539896E-12
  5944.81982  2.24539636E-12
  5947.56006  2.25351877E-12
  5950.2998  2.27501958E-12
  5953.04004  2.29013791E-12
  5955.77979  2.28252486E-12
  5958.52002  2.27028704E-12
  5961.26025  2.24952717E-12
  5964.  2.24383511E-12
  5966.74023  2.24755544E-12
  5969.47998  2.25764611E-12
  5972.22021  2.26998455E-12
  5974.95996  2.27682001E-12
  5977.7002  2.28237763E-12
  5980.43994  2.28869614E-12
  5983.18018  2.28932173E-12
  5985.91992  2.28454517E-12
  5988.66016  2.27455164E-12
  5991.3999  2.26449827E-12
  5994.14014  2.27824617E-12
  5996.87988  2.29032331E-12
  5999.62012  2.2824893E-12
  6002.35986  2.27193459E-12
  6005.1001  2.2576704E-12
  6007.83984  2.24907809E-12
  6010.58008  2.24409749E-12
  6013.31982  2.24384487E-12
  6016.06006  2.24667615E-12
  6018.7998  2.25139048E-12
  6021.54004  2.2548248E-12
  6024.27979  2.25398237E-12
  6027.02002  2.25613408E-12
  6029.76025  2.26109366E-12
  6032.5  2.26833222E-12
  6035.24023  2.2752967E-12
  6037.97998  2.26790461E-12
  6040.72021  2.26012243E-12
  6043.45996  2.26443972E-12
  6046.2002  2.26513665E-12
  6048.93994  2.25932315E-12
  6051.68018  2.2532501E-12
  6054.41992  2.2460638E-12
  6057.16016  2.24270841E-12
  6059.8999  2.23365944E-12
  6062.64014  2.1861742E-12
  6065.37988  2.16458925E-12
  6068.12012  2.21583624E-12
  6070.85986  2.2409481E-12
  6073.6001  2.23704865E-12
  6076.33984  2.25065864E-12
  6079.08008  2.26877718E-12
  6081.81982  2.27375605E-12
  6084.56006  2.26821079E-12
  6087.2998  2.23884453E-12
  6090.04004  2.22931634E-12
  6092.77979  2.26157613E-12
  6095.52002  2.26586913E-12
  6098.26025  2.25224071E-12
  6101.  2.22896441E-12
  6103.74023  2.2082143E-12
  6106.47998  2.23054886E-12
  6109.22021  2.25189398E-12
  6111.95996  2.25576307E-12
  6114.7002  2.24244733E-12
  6117.43994  2.20293271E-12
  6120.18018  2.19770274E-12
  6122.91992  2.2100466E-12
  6125.66016  2.22122537E-12
  6128.3999  2.22628838E-12
  6131.14014  2.20778278E-12
  6133.87988  2.19218046E-12
  6136.62012  2.18576741E-12
  6139.35986  2.18003306E-12
  6142.1001  2.17515307E-12
  6144.83984  2.19343402E-12
  6147.58008  2.21774595E-12
  6150.31982  2.21427217E-12
  6153.06006  2.20487994E-12
  6155.7998  2.19692211E-12
  6158.54004  2.18911174E-12
  6161.27979  2.18170729E-12
  6164.02002  2.17146917E-12
  6166.76025  2.16146285E-12
  6169.5  2.17509647E-12
  6172.24023  2.19653028E-12
  6174.97998  2.21603465E-12
  6177.72021  2.22579203E-12
  6180.45996  2.22099856E-12
  6183.2002  2.20904761E-12
  6185.93994  2.18810126E-12
  6188.68018  2.17719766E-12
  6191.41992  2.17348448E-12
  6194.16016  2.18679783E-12
  6196.8999  2.1989834E-12
  6199.64014  2.19890707E-12
  6202.37988  2.19074173E-12
  6205.12012  2.16582047E-12
  6207.85986  2.1706005E-12
  6210.6001  2.19236044E-12
  6213.33984  2.19482809E-12
  6216.08008  2.19296478E-12
  6218.81982  2.19846754E-12
  6221.56006  2.19757676E-12
  6224.2998  2.18018117E-12
  6227.04004  2.17670174E-12
  6229.77979  2.18615057E-12
  6232.52002  2.19334577E-12
  6235.26025  2.19867115E-12
  6238.  2.18933942E-12
  6240.74023  2.17767189E-12
  6243.47998  2.17246967E-12
  6246.22021  2.16478137E-12
  6248.95996  2.14882387E-12
  6251.7002  2.15098122E-12
  6254.43994  2.1650173E-12
  6257.18018  2.16639792E-12
  6259.91992  2.16840109E-12
  6262.66016  2.18855403E-12
  6265.3999  2.20402364E-12
  6268.14014  2.20594138E-12
  6270.87988  2.20380094E-12
  6273.62012  2.19688807E-12
  6276.35986  2.18651638E-12
  6279.1001  2.17544711E-12
  6281.83984  2.17853817E-12
  6284.58008  2.1860274E-12
  6287.31982  2.19702967E-12
  6290.06006  2.19610029E-12
  6292.7998  2.17328976E-12
  6295.54004  2.16596814E-12
  6298.27979  2.16750966E-12
  6301.02002  2.15896311E-12
  6303.76025  2.15217818E-12
  6306.5  2.16664707E-12
  6309.24023  2.17909696E-12
  6311.97998  2.18031821E-12
  6314.72021  2.17661609E-12
  6317.45996  2.16734291E-12
  6320.2002  2.15430625E-12
  6322.93994  2.14077172E-12
  6325.68018  2.15528832E-12
  6328.41992  2.16235168E-12
  6331.16016  2.1122572E-12
  6333.8999  2.09387499E-12
  6336.64014  2.14140858E-12
  6339.37988  2.15558322E-12
  6342.12012  2.15005205E-12
  6344.85986  2.16232999E-12
  6347.6001  2.17731974E-12
  6350.33984  2.17935674E-12
  6353.08008  2.17764218E-12
  6355.81982  2.17314556E-12
  6358.56006  2.17170097E-12
  6361.2998  2.17372453E-12
  6364.04004  2.17681862E-12
  6366.77979  2.18083711E-12
  6369.52002  2.18109515E-12
  6372.26025  2.18162315E-12
  6375.  2.1887713E-12
  6377.74023  2.18996414E-12
  6380.47998  2.17850087E-12
  6383.22021  2.17504877E-12
  6385.95996  2.17787897E-12
  6388.7002  2.15946488E-12
  6391.43994  2.13824249E-12
  6394.18018  2.15413646E-12
  6396.91992  2.16684158E-12
  6399.66016  2.14909145E-12
  6402.3999  2.14389465E-12
  6405.14014  2.15514564E-12
  6407.87988  2.16769354E-12
  6410.62012  2.18261086E-12
  6413.35986  2.18735316E-12
  6416.1001  2.18209695E-12
  6418.83984  2.15257434E-12
  6421.58008  2.13806447E-12
  6424.31982  2.16112067E-12
  6427.06006  2.16228879E-12
  6429.7998  2.14489797E-12
  6432.54004  2.15195158E-12
  6435.27979  2.16701722E-12
  6438.02002  2.16821071E-12
  6440.76025  2.16687475E-12
  6443.5  2.17026028E-12
  6446.24023  2.16303126E-12
  6448.97998  2.13537781E-12
  6451.72021  2.13425826E-12
  6454.45996  2.14796366E-12
  6457.2002  2.15132773E-12
  6459.93994  2.15193054E-12
  6462.68018  2.14934689E-12
  6465.41992  2.15138194E-12
  6468.16016  2.16474191E-12
  6470.8999  2.17113827E-12
  6473.64014  2.1719924E-12
  6476.37988  2.1646259E-12
  6479.12012  2.15464604E-12
  6481.85986  2.16357032E-12
  6484.6001  2.1718404E-12
  6487.33984  2.16766275E-12
  6490.08008  2.15719912E-12
  6492.81982  2.1371906E-12
  6495.56006  2.12197751E-12
  6498.2998  2.10992183E-12
  6501.04004  2.13186283E-12
  6503.77979  2.16500862E-12
  6506.52002  2.18617008E-12
  6509.26025  2.19379072E-12
  6512.  2.17770875E-12
  6514.74023  2.16737587E-12
  6517.47998  2.16090947E-12
  6520.22021  2.16139498E-12
  6522.95996  2.16694501E-12
  6525.7002  2.17740301E-12
  6528.43994  2.18238426E-12
  6531.18018  2.16498304E-12
  6533.91992  2.15665203E-12
  6536.66016  2.16996321E-12
  6539.3999  2.16047948E-12
  6542.14014  2.13619769E-12
  6544.87988  2.14273391E-12
  6547.62012  2.15280051E-12
  6550.35986  2.13079272E-12
  6553.1001  2.10011392E-12
  6555.83984  2.07639049E-12
  6558.58008  2.01390684E-12
  6561.31982  1.8887422E-12
  6564.06006  1.89593892E-12
  6566.7998  1.97613995E-12
  6569.54004  2.05296283E-12
  6572.27979  2.12210501E-12
  6575.02002  2.15510075E-12
  6577.76025  2.17122847E-12
  6580.5  2.16998208E-12
  6583.24023  2.16013579E-12
  6585.97998  2.13986554E-12
  6588.72021  2.14010689E-12
  6591.45996  2.14670144E-12
  6594.2002  2.14069778E-12
  6596.93994  2.14039658E-12
  6599.68018  2.15971815E-12
  6602.41992  2.16783232E-12
  6605.16016  2.16153397E-12
  6607.8999  2.16162591E-12
  6610.64014  2.16345626E-12
  6613.37988  2.16200929E-12
  6616.12012  2.1634452E-12
  6618.85986  2.18120465E-12
  6621.6001  2.18445206E-12
  6624.33984  2.15647118E-12
  6627.08008  2.14624846E-12
  6629.81982  2.14867208E-12
  6632.56006  2.14158097E-12
  6635.2998  2.13467351E-12
  6638.04004  2.13432245E-12
  6640.77979  2.15650089E-12
  6643.52002  2.24495617E-12
  6646.26025  2.26205599E-12
  6649.  2.17226736E-12
  6651.74023  2.15651195E-12
  6654.47998  2.17162443E-12
  6657.22021  2.15739471E-12
  6659.95996  2.14180388E-12
  6662.7002  2.14416223E-12
  6665.43994  2.15009542E-12
  6668.18018  2.15926712E-12
  6670.91992  2.16291243E-12
  6673.66016  2.16191713E-12
  6676.3999  2.15634455E-12
  6679.14014  2.15167641E-12
  6681.87988  2.17301004E-12
  6684.62012  2.18651811E-12
  6687.35986  2.16427245E-12
  6690.1001  2.14667065E-12
  6692.83984  2.13585898E-12
  6695.58008  2.13081592E-12
  6698.31982  2.13126738E-12
  6701.06006  2.14198407E-12
  6703.7998  2.15244771E-12
  6706.54004  2.14488019E-12
  6709.27979  2.13695099E-12
  6712.02002  2.13044296E-12
  6714.76025  2.13625298E-12
  6717.5  2.15629186E-12
  6720.24023  2.15576363E-12
  6722.97998  2.14635297E-12
  6725.72021  2.14070688E-12
  6728.45996  2.13799356E-12
  6731.2002  2.14448446E-12
  6733.93994  2.14319751E-12
  6736.68018  2.12635898E-12
  6739.41992  2.12466871E-12
  6742.16016  2.13172318E-12
  6744.8999  2.13226962E-12
  6747.64014  2.13090786E-12
  6750.37988  2.12896367E-12
  6753.12012  2.12652877E-12
  6755.85986  2.1226714E-12
  6758.6001  2.12267899E-12
  6761.33984  2.12825721E-12
  6764.08008  2.11845168E-12
  6766.81982  2.10406757E-12
  6769.56006  2.11788052E-12
  6772.2998  2.13163601E-12
  6775.04004  2.12019898E-12
  6777.77979  2.11663261E-12
  6780.52002  2.13120624E-12
  6783.26025  2.13188516E-12
  6786.  2.12389611E-12
  6788.74023  2.11455679E-12
  6791.47998  2.10677569E-12
  6794.22021  2.11515506E-12
  6796.95996  2.11755765E-12
  6799.7002  2.09633873E-12
  6802.43994  2.09283524E-12
  6805.18018  2.11101926E-12
  6807.91992  2.11299533E-12
  6810.66016  2.10910065E-12
  6813.3999  2.11515224E-12
  6816.14014  2.11765501E-12
  6818.87988  2.09856047E-12
  6821.62012  2.09246032E-12
  6824.35986  2.11313454E-12
  6827.1001  2.1219465E-12
  6829.83984  2.12418191E-12
  6832.58008  2.11886281E-12
  6835.31982  2.10962563E-12
  6838.06006  2.1029812E-12
  6840.7998  2.09960022E-12
  6843.54004  2.10373927E-12
  6846.27979  2.10313798E-12
  6849.02002  2.09697797E-12
  6851.76025  2.08980966E-12
  6854.5  2.08151703E-12
  6857.24023  2.07598565E-12
  6859.97998  2.07445953E-12
  6862.72021  2.08170807E-12
  6865.45996  2.08903446E-12
  6868.2002  2.09650873E-12
  6870.93994  2.09540176E-12
  6873.68018  2.08617889E-12
  6876.41992  2.09023467E-12
  6879.16016  2.09827728E-12
  6881.8999  2.09647924E-12
  6884.64014  2.09697364E-12
  6887.37988  2.09993481E-12
  6890.12012  2.12554627E-12
  6892.85986  2.19994747E-12
  6895.6001  2.17150798E-12
  6898.33984  2.08677758E-12
  6901.08008  2.08306788E-12
  6903.81982  2.09886514E-12
  6906.56006  2.09531264E-12
  6909.2998  2.0951229E-12
  6912.04004  2.10440346E-12
  6914.77979  2.10936628E-12
  6917.52002  2.11145467E-12
  6920.26025  2.10603778E-12
  6923.  2.09828617E-12
  6925.74023  2.10348449E-12
  6928.47998  2.10785773E-12
  6931.22021  2.10202407E-12
  6933.95996  2.09797522E-12
  6936.7002  2.10202016E-12
  6939.43994  2.08174472E-12
  6942.18018  2.04767692E-12
  6944.91992  2.05580366E-12
  6947.66016  2.07660083E-12
  6950.3999  2.08668391E-12
  6953.14014  2.09235428E-12
  6955.87988  2.08946554E-12
  6958.62012  2.09604816E-12
  6961.35986  2.11402965E-12
  6964.1001  2.10288753E-12
  6966.83984  2.07970273E-12
  6969.58008  2.07594966E-12
  6972.31982  2.07436715E-12
  6975.06006  2.06354486E-12
  6977.7998  2.06242055E-12
  6980.54004  2.07789146E-12
  6983.27979  2.08501554E-12
  6986.02002  2.08824559E-12
  6988.76025  2.08339986E-12
  6991.5  2.07752977E-12
  6994.24023  2.08632612E-12
  6996.97998  2.08777201E-12
  6999.72021  2.06612115E-12
  7002.45996  2.06042106E-12
  7005.2002  2.07173124E-12
  7007.93994  2.07504283E-12
  7010.68018  2.07479498E-12
  7013.41992  2.06353728E-12
  7016.16016  2.05477302E-12
  7018.8999  2.0642149E-12
  7021.64014  2.06936551E-12
  7024.37988  2.06563759E-12
  7027.12012  2.06182315E-12
  7029.85986  2.05693817E-12
  7032.6001  2.06914997E-12
  7035.33984  2.0819917E-12
  7038.08008  2.06266319E-12
  7040.81982  2.04965103E-12
  7043.56006  2.06295137E-12
  7046.2998  2.07379036E-12
  7049.04004  2.08464734E-12
  7051.77979  2.0801234E-12
  7054.52002  2.06697073E-12
  7057.26025  2.06114184E-12
  7060.  2.0590812E-12
  7062.74023  2.0645664E-12
  7065.47998  2.06555758E-12
  7068.22021  2.05557706E-12
  7070.95996  2.0559715E-12
  7073.7002  2.06402907E-12
  7076.43994  2.05895218E-12
  7079.18018  2.05022349E-12
  7081.91992  2.04927741E-12
  7084.66016  2.0496146E-12
  7087.3999  2.04893285E-12
  7090.14014  2.04988565E-12
  7092.87988  2.05308318E-12
  7095.62012  2.05529907E-12
  7098.35986  2.05653593E-12
  7101.1001  2.05074499E-12
  7103.83984  2.04363436E-12
  7106.58008  2.04051337E-12
  7109.31982  2.03858111E-12
  7112.06006  2.0394617E-12
  7114.7998  2.03327979E-12
  7117.54004  2.02009763E-12
  7120.27979  2.03453313E-12
  7123.02002  2.0554513E-12
  7125.76025  2.04021587E-12
  7128.5  2.0269036E-12
  7131.24023  2.03844862E-12
  7133.97998  2.04461925E-12
  7136.72021  2.04384296E-12
  7139.45996  2.03943481E-12
  7142.2002  2.03225306E-12
  7144.93994  2.03664342E-12
  7147.68018  2.03945237E-12
  7150.41992  2.02111179E-12
  7153.16016  2.01018716E-12
  7155.8999  2.02039579E-12
  7158.64014  2.01813067E-12
  7161.37988  2.00447926E-12
  7164.12012  2.01309434E-12
  7166.85986  2.02712348E-12
  7169.6001  2.00994516E-12
  7172.33984  1.99657825E-12
  7175.08008  2.01366961E-12
  7177.81982  2.02196463E-12
  7180.56006  2.01484402E-12
  7183.2998  2.01395736E-12
  7186.04004  2.01568818E-12
  7188.77979  2.03043832E-12
  7191.52002  2.0413352E-12
  7194.26025  2.01751181E-12
  7197.  1.99790206E-12
  7199.74023  1.99540536E-12
  7202.47998  1.99779494E-12
  7205.22021  2.0072004E-12
  7207.95996  2.00422101E-12
  7210.7002  1.99832208E-12
  7213.43994  2.01137696E-12
  7216.18018  2.02596382E-12
  7218.91992  2.03312996E-12
  7221.66016  2.03340188E-12
  7224.3999  2.02074772E-12
  7227.14014  2.02435269E-12
  7229.87988  2.03747804E-12
  7232.62012  2.02897638E-12
  7235.35986  2.01495548E-12
  7238.1001  2.00990309E-12
  7240.83984  2.01056012E-12
  7243.58008  2.02197959E-12
  7246.31982  2.02388171E-12
  7249.06006  2.01496111E-12
  7251.7998  2.01674918E-12
  7254.54004  2.02157258E-12
  7257.27979  2.01201035E-12
  7260.02002  2.00459593E-12
  7262.76025  2.01577947E-12
  7265.5  2.02180633E-12
  7268.24023  2.0176727E-12
  7270.97998  2.01314681E-12
  7273.72021  2.00708439E-12
  7276.45996  2.01655121E-12
  7279.2002  2.02825322E-12
  7281.93994  2.01841408E-12
  7284.68018  2.01175101E-12
  7287.41992  2.02213311E-12
  7290.16016  2.0252426E-12
  7292.8999  2.02020302E-12
  7295.64014  2.0158211E-12
  7298.37988  2.01179481E-12
  7301.12012  2.02036131E-12
  7303.85986  2.0248666E-12
  7306.6001  2.00171628E-12
  7309.33984  1.99057914E-12
  7312.08008  2.00281046E-12
  7314.81982  2.01613249E-12
  7317.56006  2.03368247E-12
  7320.2998  2.02512833E-12
  7323.04004  2.00511374E-12
  7325.77979  1.98599665E-12
  7328.52002  1.97801541E-12
  7331.26025  1.99829736E-12
  7334.  2.00578226E-12
  7336.74023  1.99706723E-12
  7339.47998  1.99093433E-12
  7342.22021  1.98513385E-12
  7344.95996  1.9901743E-12
  7347.7002  1.99890235E-12
  7350.43994  2.00761846E-12
  7353.18018  2.01170721E-12
  7355.91992  2.00743784E-12
  7358.66016  2.00553723E-12
  7361.3999  2.00495068E-12
  7364.14014  2.00116399E-12
  7366.87988  1.99607453E-12
  7369.62012  1.9914992E-12
  7372.35986  1.98862281E-12
  7375.1001  1.98823293E-12
  7377.83984  1.9913834E-12
  7380.58008  2.00090985E-12
  7383.31982  2.00140273E-12
  7386.06006  1.99663073E-12
  7388.7998  1.98919787E-12
  7391.54004  1.98371354E-12
  7394.27979  1.99368842E-12
  7397.02002  1.99370642E-12
  7399.76025  1.96724516E-12
  7402.5  1.96210713E-12
  7405.24023  1.97700103E-12
  7407.97998  1.96102076E-12
  7410.72021  1.93693325E-12
  7413.45996  1.94550474E-12
  7416.2002  1.95806045E-12
  7418.93994  1.96099582E-12
  7421.68018  1.96114696E-12
  7424.41992  1.95437828E-12
  7427.16016  1.96287669E-12
  7429.8999  1.98061944E-12
  7432.64014  1.99046292E-12
  7435.37988  1.99393887E-12
  7438.12012  1.98265254E-12
  7440.85986  1.9727889E-12
  7443.6001  1.97042534E-12
  7446.33984  1.9693561E-12
  7449.08008  1.96988042E-12
  7451.81982  1.97312891E-12
  7454.56006  1.9766363E-12
  7457.2998  1.97060749E-12
  7460.04004  1.9623398E-12
  7462.77979  1.95137548E-12
  7465.52002  1.95368895E-12
  7468.26025  1.98358452E-12
  7471.  1.97792542E-12
  7473.74023  1.95063952E-12
  7476.47998  1.96317203E-12
  7479.22021  1.98300512E-12
  7481.95996  1.97432608E-12
  7484.7002  1.96402291E-12
  7487.43994  1.96029564E-12
  7490.18018  1.95572464E-12
  7492.91992  1.95053132E-12
  7495.66016  1.94443333E-12
  7498.3999  1.93795739E-12
  7501.14014  1.93129237E-12
  7503.87988  1.92910922E-12
  7506.62012  1.94023617E-12
  7509.35986  1.94650416E-12
  7512.1001  1.94344085E-12
  7514.83984  1.9407002E-12
  7517.58008  1.93701153E-12
  7520.31982  1.93857473E-12
  7523.06006  1.94339163E-12
  7525.7998  1.95001697E-12
  7528.54004  1.96046456E-12
  7531.27979  1.98396486E-12
  7534.02002  1.9838753E-12
  7536.76025  1.9536484E-12
  7539.5  1.94608349E-12
  7542.24023  1.94775663E-12
  7544.97998  1.94688254E-12
  7547.72021  1.9456407E-12
  7550.45996  1.94784054E-12
  7553.2002  1.93547977E-12
  7555.93994  1.88756779E-12
  7558.68018  1.88883002E-12
  7561.41992  1.92852678E-12
  7564.16016  1.93042674E-12
  7566.8999  1.92041326E-12
  7569.64014  1.91612069E-12
  7572.37988  1.91558856E-12
  7575.12012  1.92334126E-12
  7577.85986  1.92737709E-12
  7580.6001  1.92613894E-12
  7583.33984  1.92843029E-12
  7586.08008  1.93270226E-12
  7588.81982  1.94407468E-12
  7591.56006  1.95112828E-12
  7594.2998  1.93541103E-12
  7597.04004  1.92367736E-12
  7599.77979  1.92401108E-12
  7602.52002  1.92276512E-12
  7605.26025  1.92126068E-12
  7608.  1.91870239E-12
  7610.74023  1.91665499E-12
  7613.47998  1.92094517E-12
  7616.22021  1.9228267E-12
  7618.95996  1.91516204E-12
  7621.7002  1.90932274E-12
  7624.43994  1.90229213E-12
  7627.18018  1.91579044E-12
  7629.91992  1.94089189E-12
  7632.66016  1.9336891E-12
  7635.3999  1.91784522E-12
  7638.14014  1.91077557E-12
  7640.87988  1.90672803E-12
  7643.62012  1.90855209E-12
  7646.35986  1.90221276E-12
  7649.1001  1.88718984E-12
  7651.83984  1.89357883E-12
  7654.58008  1.90733692E-12
  7657.31982  1.90388829E-12
  7660.06006  1.89627849E-12
  7662.7998  1.88461031E-12
  7665.54004  1.88573918E-12
  7668.27979  1.90821469E-12
  7671.02002  1.91601661E-12
  7673.76025  1.91732697E-12
  7676.5  1.93001799E-12
  7679.24023  1.93873325E-12
  7681.97998  1.91992039E-12
  7684.72021  1.9021991E-12
  7687.45996  1.89820794E-12
  7690.2002  1.88458884E-12
  7692.93994  1.86080773E-12
  7695.68018  1.84549034E-12
  7698.41992  1.83784975E-12
  7701.16016  1.85576251E-12
  7703.8999  1.87752244E-12
  7706.64014  1.88919735E-12
  7709.37988  1.89375078E-12
  7712.12012  1.88726899E-12
  7714.85986  1.8880186E-12
  7717.6001  1.89212404E-12
  7720.33984  1.885294E-12
  7723.08008  1.87699791E-12
  7725.81982  1.88300374E-12
  7728.56006  1.88195553E-12
  7731.2998  1.85775137E-12
  7734.04004  1.85127326E-12
  7736.77979  1.86497649E-12
  7739.52002  1.86183013E-12
  7742.26025  1.85311575E-12
  7745.  1.8549899E-12
  7747.74023  1.86037102E-12
  7750.47998  1.86486048E-12
  7753.22021  1.87600955E-12
  7755.95996  1.90564795E-12
  7758.7002  1.89962586E-12
  7761.43994  1.86737323E-12
  7764.18018  1.87385112E-12
  7766.91992  1.88905272E-12
  7769.66016  1.88008159E-12
  7772.3999  1.8678763E-12
  7775.14014  1.85867034E-12
  7777.87988  1.8482737E-12
  7780.62012  1.83515876E-12
  7783.35986  1.8306771E-12
  7786.1001  1.83152213E-12
  7788.83984  1.83309184E-12
  7791.58008  1.83667968E-12
  7794.31982  1.84303701E-12
  7797.06006  1.84962961E-12
  7799.7998  1.85629854E-12
  7802.54004  1.8622482E-12
  7805.27979  1.86782512E-12
  7808.02002  1.8600245E-12
  7810.76025  1.85048309E-12
  7813.5  1.864965E-12
  7816.24023  1.87782494E-12
  7818.97998  1.87598309E-12
  7821.72021  1.87307656E-12
  7824.45996  1.86999071E-12
  7827.2002  1.85915584E-12
  7829.93994  1.84567856E-12
  7832.68018  1.86194745E-12
  7835.41992  1.88128766E-12
  7838.16016  1.87945623E-12
  7840.8999  1.86970947E-12
  7843.64014  1.84839925E-12
  7846.37988  1.83865466E-12
  7849.12012  1.8383873E-12
  7851.85986  1.82707191E-12
  7854.6001  1.81658855E-12
  7857.33984  1.83444362E-12
  7860.08008  1.84833203E-12
  7862.81982  1.83540032E-12
  7865.56006  1.82742189E-12
  7868.2998  1.82666143E-12
  7871.04004  1.82653914E-12
  7873.77979  1.82785276E-12
  7876.52002  1.82634572E-12
  7879.26025  1.82948448E-12
  7882.  1.8541787E-12
  7884.74023  1.86823907E-12
  7887.47998  1.85548668E-12
  7890.22021  1.85297199E-12
  7892.95996  1.85902118E-12
  7895.7002  1.85074265E-12
  7898.43994  1.83791372E-12
  7901.18018  1.83829861E-12
  7903.91992  1.83872687E-12
  7906.66016  1.83021827E-12
  7909.3999  1.82567806E-12
  7912.14014  1.82755699E-12
  7914.87988  1.82748131E-12
  7917.62012  1.82721915E-12
  7920.35986  1.83000923E-12
  7923.1001  1.83466675E-12
  7925.83984  1.84371333E-12
  7928.58008  1.84605716E-12
  7931.31982  1.8319209E-12
  7934.06006  1.82881509E-12
  7936.7998  1.83735601E-12
  7939.54004  1.82982384E-12
  7942.27979  1.81739194E-12
  7945.02002  1.82252217E-12
  7947.76025  1.82950595E-12
  7950.5  1.8292542E-12
  7953.24023  1.82768622E-12
  7955.97998  1.81775515E-12
  7958.72021  1.83947909E-12
  7961.45996  1.88264161E-12
  7964.2002  1.86322117E-12
  7966.93994  1.82887429E-12
  7969.68018  1.83537538E-12
  7972.41992  1.84296675E-12
  7975.16016  1.8401565E-12
  7977.8999  1.83535435E-12
  7980.64014  1.82658771E-12
  7983.37988  1.83110189E-12
  7986.12012  1.84043297E-12
  7988.85986  1.82867003E-12
  7991.6001  1.8177404E-12
  7994.33984  1.82899052E-12
  7997.08008  1.83167695E-12
  7999.81982  1.81612538E-12
  8002.56006  1.80977867E-12
  8005.2998  1.80855515E-12
  8008.04004  1.81686079E-12
  8010.77979  1.82661286E-12
  8013.52002  1.82078332E-12
  8016.26025  1.81320215E-12
  8019.  1.81033606E-12
  8021.74023  1.80197166E-12
  8024.47998  1.78349945E-12
  8027.22021  1.79115652E-12
  8029.95996  1.81152239E-12
  8032.7002  1.80901084E-12
  8035.43994  1.80522719E-12
  8038.18018  1.81971105E-12
  8040.91992  1.82521598E-12
  8043.66016  1.81222886E-12
  8046.3999  1.80475892E-12
  8049.14014  1.79970774E-12
  8051.87988  1.80030025E-12
  8054.62012  1.80346992E-12
  8057.35986  1.80300685E-12
  8060.1001  1.80389178E-12
  8062.83984  1.80814174E-12
  8065.58008  1.81491194E-12
  8068.31982  1.82872467E-12
  8071.06006  1.81972211E-12
  8073.7998  1.79835216E-12
  8076.54004  1.79597298E-12
  8079.27979  1.7976638E-12
  8082.02002  1.79283324E-12
  8084.76025  1.79195873E-12
  8087.5  1.79899097E-12
  8090.24023  1.80499875E-12
  8092.97998  1.81177881E-12
  8095.72021  1.79857464E-12
  8098.45996  1.77802272E-12
  8101.2002  1.76972987E-12
  8103.93994  1.77276726E-12
  8106.68018  1.80129457E-12
  8109.41992  1.80910376E-12
  8112.16016  1.78617299E-12
  8114.8999  1.77371431E-12
  8117.64014  1.76552902E-12
  8120.37988  1.78727172E-12
  8123.12012  1.81321386E-12
  8125.85986  1.8137603E-12
  8128.6001  1.80657149E-12
  8131.33984  1.78790934E-12
  8134.08008  1.7864062E-12
  8136.81982  1.80141904E-12
  8139.56006  1.80207943E-12
  8142.2998  1.7982149E-12
  8145.04004  1.80097083E-12
  8147.77979  1.802025E-12
  8150.52002  1.79444914E-12
  8153.26025  1.7911987E-12
  8156.  1.79430277E-12
  8158.74023  1.79855891E-12
  8161.47998  1.80447432E-12
  8164.22021  1.80838905E-12
  8166.95996  1.80643705E-12
  8169.7002  1.78212816E-12
  8172.43994  1.76980544E-12
  8175.18018  1.79218912E-12
  8177.91992  1.79513533E-12
  8180.66016  1.77990738E-12
  8183.3999  1.76667936E-12
  8186.14014  1.75419163E-12
  8188.87988  1.75480453E-12
  8191.62012  1.76075192E-12
  8194.36035  1.77206242E-12
  8197.09961  1.77481846E-12
  8199.83984  1.76302755E-12
  8202.58008  1.75671749E-12
  8205.32031  1.75256782E-12
  8208.05957  1.75545884E-12
  8210.7998  1.76164953E-12
  8213.54004  1.76652497E-12
  8216.28027  1.77165867E-12
  8219.01953  1.77701061E-12
  8221.75977  1.78341901E-12
  8224.5  1.79239653E-12
  8227.24023  1.79124445E-12
  8229.98047  1.78322981E-12
  8232.71973  1.77010229E-12
  8235.45996  1.75213544E-12
  8238.2002  1.72113376E-12
  8240.94043  1.71134569E-12
  8243.67969  1.73866162E-12
  8246.41992  1.75370081E-12
  8249.16016  1.76392028E-12
  8251.90039  1.75606675E-12
  8254.63965  1.74434122E-12
  8257.37988  1.75687882E-12
  8260.12012  1.76746194E-12
  8262.86035  1.7637441E-12
  8265.59961  1.76135831E-12
  8268.33984  1.75911499E-12
  8271.08008  1.76540531E-12
  8273.82031  1.77572063E-12
  8276.55957  1.77366097E-12
  8279.2998  1.76921357E-12
  8282.04004  1.77531004E-12
  8284.78027  1.76478645E-12
  8287.51953  1.71551814E-12
  8290.25977  1.70963124E-12
  8293.  1.73728696E-12
  8295.74023  1.73832791E-12
  8298.48047  1.73476771E-12
  8301.21973  1.75306688E-12
  8303.95996  1.76306506E-12
  8306.7002  1.74048449E-12
  8309.44043  1.73481997E-12
  8312.17969  1.75214498E-12
  8314.91992  1.76121487E-12
  8317.66016  1.76655001E-12
  8320.40039  1.751777E-12
  8323.13965  1.73352652E-12
  8325.87988  1.72566312E-12
  8328.62012  1.72966524E-12
  8331.36035  1.75820404E-12
  8334.09961  1.75942279E-12
  8336.83984  1.73715784E-12
  8339.58008  1.73671082E-12
  8342.32031  1.74229977E-12
  8345.05957  1.73694522E-12
  8347.7998  1.7309678E-12
  8350.54004  1.73119375E-12
  8353.28027  1.72384329E-12
  8356.01953  1.70252961E-12
  8358.75977  1.69898492E-12
  8361.5  1.70538215E-12
  8364.24023  1.70872669E-12
  8366.98047  1.71216036E-12
  8369.71973  1.71323882E-12
  8372.45996  1.72022466E-12
  8375.2002  1.74584761E-12
  8377.94043  1.74168514E-12
  8380.67969  1.7071572E-12
  8383.41992  1.71295194E-12
  8386.16016  1.73155717E-12
  8388.90039  1.71877291E-12
  8391.63965  1.70688095E-12
  8394.37988  1.71619685E-12
  8397.12012  1.72250126E-12
  8399.86035  1.72534578E-12
  8402.59961  1.7187303E-12
  8405.33984  1.70535829E-12
  8408.08008  1.70392932E-12
  8410.82031  1.70755575E-12
  8413.55957  1.71301309E-12
  8416.2998  1.72008425E-12
  8419.04004  1.73039361E-12
  8421.78027  1.73508625E-12
  8424.51953  1.73471459E-12
  8427.25977  1.72867721E-12
  8430.  1.71952188E-12
  8432.74023  1.71717794E-12
  8435.48047  1.71602164E-12
  8438.21973  1.71284894E-12
  8440.95996  1.71099647E-12
  8443.7002  1.70881289E-12
  8446.44043  1.71690841E-12
  8449.17969  1.73256743E-12
  8451.91992  1.73081384E-12
  8454.66016  1.72510899E-12
  8457.40039  1.73537497E-12
  8460.13965  1.73470938E-12
  8462.87988  1.70294074E-12
  8465.62012  1.68932685E-12
  8468.36035  1.69527597E-12
  8471.09961  1.69382238E-12
  8473.83984  1.6915654E-12
  8476.58008  1.69580842E-12
  8479.32031  1.69822554E-12
  8482.05957  1.68829772E-12
  8484.7998  1.68429181E-12
  8487.54004  1.69682432E-12
  8490.28027  1.68695385E-12
  8493.01953  1.66078349E-12
  8495.75977  1.63094332E-12
  8498.5  1.60730066E-12
  8501.24023  1.62173649E-12
  8503.98047  1.64872597E-12
  8506.71973  1.6866557E-12
  8509.45996  1.70947913E-12
  8512.2002  1.71576078E-12
  8514.94043  1.71733916E-12
  8517.67969  1.71299097E-12
  8520.41992  1.70912102E-12
  8523.16016  1.70227135E-12
  8525.90039  1.69178159E-12
  8528.63965  1.67321484E-12
  8531.37988  1.64554915E-12
  8534.12012  1.6093085E-12
  8536.86035  1.56462018E-12
  8539.59961  1.49210299E-12
  8542.33984  1.42975042E-12
  8545.08008  1.47716605E-12
  8547.82031  1.54585058E-12
  8550.55957  1.60810493E-12
  8553.2998  1.64121603E-12
  8556.04004  1.63507749E-12
  8558.78027  1.64734816E-12
  8561.51953  1.66369707E-12
  8564.25977  1.66276021E-12
  8567.  1.65878281E-12
  8569.74023  1.66439659E-12
  8572.48047  1.67027893E-12
  8575.21973  1.67311087E-12
  8577.95996  1.68285297E-12
  8580.7002  1.69978246E-12
  8583.44043  1.69490377E-12
  8586.17969  1.68247827E-12
  8588.91992  1.68569932E-12
  8591.66016  1.69144451E-12
  8594.40039  1.69555364E-12
  8597.13965  1.69797921E-12
  8599.87988  1.69691745E-12
  8602.62012  1.70258209E-12
  8605.36035  1.71150735E-12
  8608.09961  1.70868202E-12
  8610.83984  1.70106485E-12
  8613.58008  1.68962533E-12
  8616.32031  1.68599976E-12
  8619.05957  1.70308982E-12
  8621.7998  1.69892019E-12
  8624.54004  1.67423876E-12
  8627.28027  1.66692376E-12
  8630.02051  1.66754978E-12
  8632.75977  1.6739251E-12
  8635.5  1.68322441E-12
  8638.24023  1.70018351E-12
  8640.98047  1.69618627E-12
  8643.71973  1.6548219E-12
  8646.45996  1.64559772E-12
  8649.2002  1.65301616E-12
  8651.94043  1.65242765E-12
  8654.67969  1.63822341E-12
  8657.41992  1.5777026E-12
  8660.16016  1.52586288E-12
  8662.90039  1.49059823E-12
  8665.63965  1.51131993E-12
  8668.37988  1.596037E-12
  8671.12012  1.6362828E-12
  8673.86035  1.65762662E-12
  8676.59961  1.66235125E-12
  8679.33984  1.659335E-12
  8682.08008  1.65379808E-12
  8684.82031  1.65537462E-12
  8687.55957  1.6717348E-12
  8690.2998  1.67228753E-12
  8693.04004  1.66298811E-12
  8695.78027  1.66501448E-12
  8698.52051  1.66806803E-12
  8701.25977  1.65955899E-12
  8704.  1.65312349E-12
  8706.74023  1.65548163E-12
  8709.48047  1.65553563E-12
  8712.21973  1.65236021E-12
  8714.95996  1.65766955E-12
  8717.7002  1.66635575E-12
  8720.44043  1.66297737E-12
  8723.17969  1.66058963E-12
  8725.91992  1.67174889E-12
  8728.66016  1.67959635E-12
  8731.40039  1.68161633E-12
  8734.13965  1.67910011E-12
  8736.87988  1.67209063E-12
  8739.62012  1.67272554E-12
  8742.36035  1.67306934E-12
  8745.09961  1.66203488E-12
  8747.83984  1.64452382E-12
  8750.58008  1.61261933E-12
  8753.32031  1.60339201E-12
  8756.05957  1.62200873E-12
  8758.7998  1.63123117E-12
  8761.54004  1.63843743E-12
  8764.28027  1.63962431E-12
  8767.02051  1.64192293E-12
  8769.75977  1.6594509E-12
  8772.5  1.66250607E-12
  8775.24023  1.63347396E-12
  8777.98047  1.62939963E-12
  8780.71973  1.64347941E-12
  8783.45996  1.65430885E-12
  8786.2002  1.66316494E-12
  8788.94043  1.65728412E-12
  8791.67969  1.65331822E-12
  8794.41992  1.66696095E-12
  8797.16016  1.66301597E-12
  8799.90039  1.63404522E-12
  8802.63965  1.62040151E-12
  8805.37988  1.61333262E-12
  8808.12012  1.60797309E-12
  8810.86035  1.60800409E-12
  8813.59961  1.62306963E-12
  8816.33984  1.62778851E-12
  8819.08008  1.60405532E-12
  8821.82031  1.60910348E-12
  8824.55957  1.63942948E-12
  8827.2998  1.64330843E-12
  8830.04004  1.63759663E-12
  8832.78027  1.63875998E-12
  8835.52051  1.63590127E-12
  8838.25977  1.61982439E-12
  8841.  1.61166523E-12
  8843.74023  1.61540898E-12
  8846.48047  1.61537201E-12
  8849.21973  1.61448415E-12
  8851.95996  1.61038999E-12
  8854.7002  1.60777511E-12
  8857.44043  1.61543847E-12
  8860.17969  1.62095175E-12
  8862.91992  1.61883712E-12
  8865.66016  1.62052197E-12
  8868.40039  1.6262845E-12
  8871.13965  1.61901818E-12
  8873.87988  1.60766431E-12
  8876.62012  1.6121645E-12
  8879.36035  1.61768363E-12
  8882.09961  1.61660843E-12
  8884.83984  1.61244314E-12
  8887.58008  1.60075067E-12
  8890.32031  1.6047298E-12
  8893.05957  1.61833849E-12
  8895.7998  1.61773882E-12
  8898.54004  1.6135049E-12
  8901.28027  1.61110079E-12
  8904.02051  1.61598783E-12
  8906.75977  1.63746078E-12
  8909.5  1.64644687E-12
  8912.24023  1.64398356E-12
  8914.98047  1.63542129E-12
  8917.71973  1.62343218E-12
  8920.45996  1.62722743E-12
  8923.2002  1.62704952E-12
  8925.94043  1.60092664E-12
  8928.67969  1.58838242E-12
  8931.41992  1.60195435E-12
  8934.16016  1.60095819E-12
  8936.90039  1.59258739E-12
  8939.63965  1.592133E-12
  8942.37988  1.59546898E-12
  8945.12012  1.60114446E-12
  8947.86035  1.61153838E-12
  8950.59961  1.63321873E-12
  8953.33984  1.64179694E-12
  8956.08008  1.63773877E-12
  8958.82031  1.62159717E-12
  8961.55957  1.59847201E-12
  8964.2998  1.59310651E-12
  8967.04004  1.59591199E-12
  8969.78027  1.60890181E-12
  8972.52051  1.61359446E-12
  8975.25977  1.60042118E-12
  8978.  1.5993295E-12
  8980.74023  1.60587125E-12
  8983.48047  1.62837387E-12
  8986.21973  1.65167489E-12
  8988.95996  1.64239228E-12
  8991.7002  1.62783231E-12
  8994.44043  1.61841862E-12
  8997.17969  1.60649716E-12
  8999.91992  1.590969E-12
  9002.66016  1.57905243E-12
  9005.40039  1.56959439E-12
  9008.13965  1.56387078E-12
  9010.87988  1.56429936E-12
  9013.62012  1.57799793E-12
  9016.36035  1.5888406E-12
  9019.09961  1.5928051E-12
  9021.83984  1.59424145E-12
  9024.58008  1.59251497E-12
  9027.32031  1.60066578E-12
  9030.05957  1.60876358E-12
  9032.7998  1.5938597E-12
  9035.54004  1.58187124E-12
  9038.28027  1.58825264E-12
  9041.02051  1.59421868E-12
  9043.75977  1.60005949E-12
  9046.5  1.6026078E-12
  9049.24023  1.60281044E-12
  9051.98047  1.6030043E-12
  9054.71973  1.59733912E-12
  9057.45996  1.57197888E-12
  9060.2002  1.55545422E-12
  9062.94043  1.55567519E-12
  9065.67969  1.56726314E-12
  9068.41992  1.59260235E-12
  9071.16016  1.5884556E-12
  9073.90039  1.57448804E-12
  9076.63965  1.58226925E-12
  9079.37988  1.58957212E-12
  9082.12012  1.58590708E-12
  9084.86035  1.57896233E-12
  9087.59961  1.56548993E-12
  9090.33984  1.56341205E-12
  9093.08008  1.56853252E-12
  9095.82031  1.57930754E-12
  9098.55957  1.59088259E-12
  9101.2998  1.59746088E-12
  9104.04004  1.59469454E-12
  9106.78027  1.57158867E-12
  9109.52051  1.56904416E-12
  9112.25977  1.5862409E-12
  9115.  1.58943345E-12
  9117.74023  1.58713017E-12
  9120.48047  1.58128285E-12
  9123.21973  1.57628435E-12
  9125.95996  1.57496444E-12
  9128.7002  1.58029926E-12
  9131.44043  1.60408731E-12
  9134.17969  1.58812828E-12
  9136.91992  1.54688458E-12
  9139.66016  1.52863724E-12
  9142.40039  1.52254077E-12
  9145.13965  1.53586258E-12
  9147.87988  1.54856054E-12
  9150.62012  1.54858851E-12
  9153.36035  1.56047267E-12
  9156.09961  1.58617791E-12
  9158.83984  1.59374402E-12
  9161.58008  1.59190033E-12
  9164.32031  1.58634098E-12
  9167.05957  1.57874918E-12
  9169.7998  1.5671377E-12
  9172.54004  1.5696396E-12
  9175.28027  1.60371412E-12
  9178.02051  1.59375833E-12
  9180.75977  1.55479416E-12
  9183.5  1.55826795E-12
  9186.24023  1.57390388E-12
  9188.98047  1.57761857E-12
  9191.71973  1.57576382E-12
  9194.45996  1.56776285E-12
  9197.2002  1.55416934E-12
  9199.94043  1.53232982E-12
  9202.67969  1.5228527E-12
  9205.41992  1.52042539E-12
  9208.16016  1.52450416E-12
  9210.90039  1.52692334E-12
  9213.63965  1.51141231E-12
  9216.37988  1.5108586E-12
  9219.12012  1.5399214E-12
  9221.86035  1.55296826E-12
  9224.59961  1.55669423E-12
  9227.33984  1.5478982E-12
  9230.08008  1.53493451E-12
  9232.82031  1.53654433E-12
  9235.55957  1.53847833E-12
  9238.2998  1.53334734E-12
  9241.04004  1.53388673E-12
  9243.78027  1.5408871E-12
  9246.52051  1.55017589E-12
  9249.25977  1.56022699E-12
  9252.  1.55657063E-12
  9254.74023  1.54430071E-12
  9257.48047  1.51770805E-12
  9260.21973  1.50366785E-12
  9262.95996  1.51376264E-12
  9265.7002  1.52032304E-12
  9268.44043  1.52675214E-12
  9271.17969  1.52948932E-12
  9273.91992  1.52976525E-12
  9276.66016  1.52659905E-12
  9279.40039  1.52530809E-12
  9282.13965  1.53283614E-12
  9284.87988  1.5321017E-12
  9287.62012  1.51767455E-12
  9290.36035  1.52079315E-12
  9293.09961  1.53225577E-12
  9295.83984  1.52685861E-12
  9298.58008  1.52069459E-12
  9301.32031  1.53110998E-12
  9304.05957  1.53607585E-12
  9306.7998  1.52645182E-12
  9309.54004  1.52376267E-12
  9312.28027  1.52634014E-12
  9315.02051  1.52412208E-12
  9317.75977  1.52355017E-12
  9320.5  1.54321044E-12
  9323.24023  1.55832096E-12
  9325.98047  1.55045562E-12
  9328.71973  1.5430619E-12
  9331.45996  1.53754548E-12
  9334.2002  1.53170998E-12
  9336.94043  1.5255206E-12
  9339.67969  1.51559527E-12
  9342.41992  1.50607847E-12
  9345.16016  1.50222998E-12
  9347.90039  1.50098488E-12
  9350.63965  1.5015942E-12
  9353.37988  1.50574269E-12
  9356.12012  1.51419166E-12
  9358.86035  1.51760256E-12
  9361.59961  1.51570987E-12
  9364.33984  1.49471689E-12
  9367.08008  1.47531239E-12
  9369.82031  1.47410621E-12
  9372.55957  1.47422515E-12
  9375.2998  1.47450769E-12
  9378.04004  1.47549778E-12
  9380.78027  1.47741042E-12
  9383.52051  1.48171969E-12
  9386.25977  1.48911992E-12
  9389.  1.50392654E-12
  9391.74023  1.51644951E-12
  9394.48047  1.52581908E-12
  9397.21973  1.52142697E-12
  9399.95996  1.50060422E-12
  9402.7002  1.4968402E-12
  9405.44043  1.49909544E-12
  9408.17969  1.48956379E-12
  9410.91992  1.48267455E-12
  9413.66016  1.49294411E-12
  9416.40039  1.49481404E-12
  9419.13965  1.47838827E-12
  9421.87988  1.4782625E-12
  9424.62012  1.48825082E-12
  9427.36035  1.49384639E-12
  9430.09961  1.49374176E-12
  9432.83984  1.47013944E-12
  9435.58008  1.4564915E-12
  9438.32031  1.47480281E-12
  9441.05957  1.48334893E-12
  9443.7998  1.4818833E-12
  9446.54004  1.48187799E-12
  9449.28027  1.48121934E-12
  9452.02051  1.48126216E-12
  9454.75977  1.47797074E-12
  9457.5  1.46383177E-12
  9460.24023  1.45449516E-12
  9462.98047  1.45432809E-12
  9465.71973  1.45371703E-12
  9468.45996  1.45390796E-12
  9471.2002  1.45635489E-12
  9473.94043  1.46095896E-12
  9476.67969  1.47095357E-12
  9479.41992  1.47667837E-12
  9482.16016  1.47269913E-12
  9484.90039  1.4629501E-12
  9487.63965  1.44194455E-12
  9490.37988  1.44871951E-12
  9493.12012  1.46931447E-12
  9495.86035  1.46572273E-12
  9498.59961  1.46081704E-12
  9501.33984  1.47298168E-12
  9504.08008  1.48462774E-12
  9506.82031  1.49540178E-12
  9509.55957  1.49450428E-12
  9512.2998  1.48300729E-12
  9515.04004  1.47928826E-12
  9517.78027  1.47759745E-12
  9520.52051  1.47429313E-12
  9523.25977  1.47038729E-12
  9526.  1.46574452E-12
  9528.74023  1.46083265E-12
  9531.48047  1.45503661E-12
  9534.21973  1.45361858E-12
  9536.95996  1.45334634E-12
  9539.7002  1.4308563E-12
  9542.44043  1.40907696E-12
  9545.17969  1.41766134E-12
  9547.91992  1.42175605E-12
  9550.66016  1.40718275E-12
  9553.40039  1.40789648E-12
  9556.13965  1.42229653E-12
  9558.87988  1.41746337E-12
  9561.62012  1.40949394E-12
  9564.36035  1.4301095E-12
  9567.09961  1.45019489E-12
  9569.83984  1.45309806E-12
  9572.58008  1.45283406E-12
  9575.32031  1.44858648E-12
  9578.05957  1.44675786E-12
  9580.7998  1.44586719E-12
  9583.54004  1.44740611E-12
  9586.28027  1.44784467E-12
  9589.02051  1.43947788E-12
  9591.75977  1.4348389E-12
  9594.5  1.44032789E-12
  9597.24023  1.44184068E-12
  9599.98047  1.43968702E-12
  9602.71973  1.44319127E-12
  9605.45996  1.44936884E-12
  9608.2002  1.45400792E-12
  9610.94043  1.46112549E-12
  9613.67969  1.48030817E-12
  9616.41992  1.48189837E-12
  9619.16016  1.45230789E-12
  9621.90039  1.44435386E-12
  9624.63965  1.44778915E-12
  9627.37988  1.46428702E-12
  9630.12012  1.47790721E-12
  9632.86035  1.45415104E-12
  9635.59961  1.43132598E-12
  9638.33984  1.42225283E-12
  9641.08008  1.41693959E-12
  9643.82031  1.41603959E-12
  9646.55957  1.41688495E-12
  9649.2998  1.41912697E-12
  9652.04004  1.42025985E-12
  9654.78027  1.41634523E-12
  9657.52051  1.39231367E-12
  9660.25977  1.39195513E-12
  9663.  1.43978677E-12
  9665.74023  1.44218166E-12
  9668.48047  1.4162225E-12
  9671.21973  1.42265843E-12
  9673.95996  1.43115999E-12
  9676.7002  1.39915293E-12
  9679.44043  1.379676E-12
  9682.17969  1.40318421E-12
  9684.91992  1.41510892E-12
  9687.66016  1.4138636E-12
  9690.40039  1.42533424E-12
  9693.13965  1.44036887E-12
  9695.87988  1.43262973E-12
  9698.62012  1.42776589E-12
  9701.36035  1.46093695E-12
  9704.09961  1.46486729E-12
  9706.83984  1.41048295E-12
  9709.58008  1.38680365E-12
  9712.32031  1.38118195E-12
  9715.05957  1.37439159E-12
  9717.7998  1.37395347E-12
  9720.54004  1.39075296E-12
  9723.28027  1.40948288E-12
  9726.02051  1.42740832E-12
  9728.75977  1.42998623E-12
  9731.5  1.41228739E-12
  9734.24023  1.40758585E-12
  9736.98047  1.40714274E-12
  9739.71973  1.3952459E-12
  9742.45996  1.3898572E-12
  9745.2002  1.42000214E-12
  9747.94043  1.43190939E-12
  9750.67969  1.40443126E-12
  9753.41992  1.38808062E-12
  9756.16016  1.37677576E-12
  9758.90039  1.37879074E-12
  9761.63965  1.38600763E-12
  9764.37988  1.3797198E-12
  9767.12012  1.37698642E-12
  9769.86035  1.3899191E-12
  9772.59961  1.39658738E-12
  9775.33984  1.39559642E-12
  9778.08008  1.39064606E-12
  9780.82031  1.38308028E-12
  9783.55957  1.39074191E-12
  9786.2998  1.40237052E-12
  9789.04004  1.41207347E-12
  9791.78027  1.41177152E-12
  9794.52051  1.39092741E-12
  9797.25977  1.38502122E-12
  9800.  1.39140771E-12
  9802.74023  1.39255491E-12
  9805.48047  1.3932579E-12
  9808.21973  1.39947114E-12
  9810.95996  1.39992727E-12
  9813.7002  1.38441309E-12
  9816.44043  1.36862028E-12
  9819.17969  1.34757559E-12
  9821.91992  1.35230759E-12
  9824.66016  1.37358972E-12
  9827.40039  1.37959978E-12
  9830.13965  1.38557308E-12
  9832.87988  1.41061956E-12
  9835.62012  1.42099613E-12
  9838.36035  1.39452946E-12
  9841.09961  1.38988094E-12
  9843.83984  1.4055494E-12
  9846.58008  1.40747331E-12
  9849.32031  1.40139484E-12
  9852.05957  1.37227165E-12
  9854.7998  1.35243477E-12
  9857.54004  1.37601345E-12
  9860.28027  1.39092741E-12
  9863.02051  1.38426542E-12
  9865.75977  1.4036039E-12
  9868.5  1.43715964E-12
  9871.24023  1.41358583E-12
  9873.98047  1.37345083E-12
  9876.71973  1.35432247E-12
  9879.45996  1.34888108E-12
  9882.2002  1.36828081E-12
  9884.94043  1.37034275E-12
  9887.67969  1.35410227E-12
  9890.41992  1.34951371E-12
  9893.16016  1.35083112E-12
  9895.90039  1.36729809E-12
  9898.63965  1.37667969E-12
  9901.37988  1.34777432E-12
  9904.12012  1.33739959E-12
  9906.86035  1.36342521E-12
  9909.59961  1.37132417E-12
  9912.33984  1.37005771E-12
  9915.08008  1.37294787E-12
  9917.82031  1.3763643E-12
  9920.55957  1.38016768E-12
  9923.2998  1.38174075E-12
  9926.04004  1.38025192E-12
  9928.78027  1.37386196E-12
  9931.52051  1.36011124E-12
  9934.25977  1.35938396E-12
  9937.  1.3645221E-12
  9939.74023  1.35899712E-12
  9942.48047  1.35588665E-12
  9945.21973  1.37084387E-12
  9947.95996  1.37559907E-12
  9950.7002  1.3590677E-12
  9953.44043  1.35327947E-12
  9956.17969  1.35378785E-12
  9958.91992  1.35474195E-12
  9961.66016  1.35824045E-12
  9964.40039  1.37682292E-12
  9967.13965  1.37287469E-12
  9969.87988  1.3000717E-12
  9972.62012  1.28090637E-12
  9975.36035  1.3325274E-12
  9978.09961  1.34053001E-12
  9980.83984  1.33312198E-12
  9983.58008  1.34276661E-12
  9986.32031  1.35607389E-12
  9989.05957  1.37042331E-12
  9991.7998  1.37561566E-12
  9994.54004  1.35881226E-12
  9997.28027  1.36947116E-12
  10000.0205  1.40336722E-12
  10002.7598  1.40233268E-12
  10005.5  1.38405281E-12
  10008.2402  1.35479822E-12
  10010.9805  1.3264884E-12
  10013.7197  1.30921966E-12
  10016.46  1.29408279E-12
  10019.2002  1.27888932E-12
  10021.9404  1.27557903E-12
  10024.6797  1.28095548E-12
  10027.4199  1.28828458E-12
  10030.1602  1.30100585E-12
  10032.9004  1.3286143E-12
  10035.6396  1.34365023E-12
  10038.3799  1.33332657E-12
  10041.1201  1.32364833E-12
  10043.8604  1.31095015E-12
  10046.5996  1.3202872E-12
  10049.3398  1.33553585E-12
  10052.0801  1.31507457E-12
  10054.8203  1.30554378E-12
  10057.5596  1.34934631E-12
  10060.2998  1.3689515E-12
  10063.04  1.35292797E-12
  10065.7803  1.33683819E-12
  10068.5205  1.31597034E-12
  10071.2598  1.31033791E-12
  10074.  1.31393084E-12
  10076.7402  1.32883461E-12
  10079.4805  1.34256506E-12
  10082.2197  1.35220719E-12
  10084.96  1.3530983E-12
  10087.7002  1.34448073E-12
  10090.4404  1.3412947E-12
  10093.1797  1.33975426E-12
  10095.9199  1.34209722E-12
  10098.6602  1.33671828E-12
  10101.4004  1.30206219E-12
  10104.1396  1.29086217E-12
  10106.8799  1.32336004E-12
  10109.6201  1.32108658E-12
  10112.3604  1.30118475E-12
  10115.0996  1.32947277E-12
  10117.8398  1.3590896E-12
  10120.5801  1.31940205E-12
  10123.3203  1.29199733E-12
  10126.0596  1.31803292E-12
  10128.7998  1.31800397E-12
  10131.54  1.28723399E-12
  10134.2803  1.3139419E-12
  10137.0205  1.35693854E-12
  10139.7598  1.30027185E-12
  10142.5  1.24400869E-12
  10145.2402  1.26878575E-12
  10147.9805  1.28829152E-12
  10150.7197  1.29207409E-12
  10153.46  1.28965881E-12
  10156.2002  1.28078049E-12
  10158.9404  1.27762145E-12
  10161.6797  1.27882351E-12
  10164.4199  1.29263549E-12
  10167.1602  1.30020137E-12
  10169.9004  1.28821194E-12
  10172.6396  1.28222097E-12
  10175.3799  1.28307499E-12
  10178.1201  1.27815673E-12
  10180.8604  1.27247583E-12
  10183.5996  1.28356223E-12
  10186.3398  1.29326281E-12
  10189.0801  1.2867268E-12
  10191.8203  1.2711492E-12
  10194.5596  1.37838449E-12
  10197.2998  9.42155533E-13
  10200.04  5.19243394E-14
  10202.7803 -1.11087822E-13
  10205.5205  0.
