#*HD045282
#*
#*  Heap-Lindler STIS
#set .z.units = "Ergs/s/cm**2/A"
#set .z.label = "Flux"
#set .table.bandwidth = 2.74
#*
  2950.  6.54910642E-13
  2952.73999  7.37754638E-13
  2955.47998  7.32240711E-13
  2958.21997  7.86624021E-13
  2960.95996  7.6512993E-13
  2963.69995  7.81785498E-13
  2966.43994  5.96858229E-13
  2969.17993  6.20468683E-13
  2971.91992  6.58554591E-13
  2974.65991  7.50839332E-13
  2977.3999  8.54764339E-13
  2980.13989  7.65342759E-13
  2982.87988  6.35405086E-13
  2985.62012  5.86024339E-13
  2988.36011  7.15399853E-13
  2991.1001  8.52947107E-13
  2993.84009  7.91992936E-13
  2996.58008  7.91594004E-13
  2999.32007  7.35982022E-13
  3002.06006  6.72762573E-13
  3004.80005  7.77502411E-13
  3007.54004  8.0026464E-13
  3010.28003  8.38825049E-13
  3013.02002  8.45564612E-13
  3015.76001  7.61614621E-13
  3018.5  6.80157428E-13
  3021.23999  6.7323908E-13
  3023.97998  8.60902983E-13
  3026.71997  9.12440587E-13
  3029.45996  9.16978841E-13
  3032.19995  9.05904204E-13
  3034.93994  9.28049955E-13
  3037.67993  8.49882176E-13
  3040.41992  8.67537379E-13
  3043.15991  8.6854753E-13
  3045.8999  8.97548366E-13
  3048.63989  8.81849769E-13
  3051.37988  9.52482451E-13
  3054.12012  9.0257245E-13
  3056.86011  8.21418237E-13
  3059.6001  7.32148012E-13
  3062.34009  7.89154712E-13
  3065.08008  7.05751809E-13
  3067.82007  7.65915109E-13
  3070.56006  8.32657727E-13
  3073.30005  8.62050503E-13
  3076.04004  8.84745565E-13
  3078.78003  8.80248673E-13
  3081.52002  8.84486386E-13
  3084.26001  8.58055597E-13
  3087.  7.86795162E-13
  3089.73999  7.16491319E-13
  3092.47998  7.12938768E-13
  3095.21997  7.33746234E-13
  3097.95996  6.94649687E-13
  3100.69995  7.62194127E-13
  3103.43994  8.86062599E-13
  3106.17993  9.55292919E-13
  3108.91992  9.85032368E-13
  3111.65991  9.74576973E-13
  3114.3999  9.72206799E-13
  3117.13989  8.71891372E-13
  3119.87988  7.79126329E-13
  3122.62012  8.03703729E-13
  3125.36011  8.22040786E-13
  3128.1001  8.39698374E-13
  3130.84009  8.69685075E-13
  3133.58008  8.72186763E-13
  3136.32007  8.98302808E-13
  3139.06006  9.05694465E-13
  3141.80005  7.66891704E-13
  3144.54004  7.24956878E-13
  3147.28003  8.48964562E-13
  3150.02002  9.02917715E-13
  3152.76001  8.76535606E-13
  3155.5  7.50455633E-13
  3158.23999  7.35924342E-13
  3160.97998  8.03640574E-13
  3163.71997  8.30261803E-13
  3166.45996  8.82825822E-13
  3169.19995  9.87749162E-13
  3171.93994  1.02660372E-12
  3174.67993  9.92254673E-13
  3177.41992  9.01114036E-13
  3180.15991  8.08022106E-13
  3182.8999  8.20843393E-13
  3185.63989  8.96106865E-13
  3188.37988  9.07455046E-13
  3191.12012  8.49409247E-13
  3193.86011  8.91490712E-13
  3196.6001  9.96045152E-13
  3199.34009  1.03804432E-12
  3202.08008  1.0706104E-12
  3204.82007  1.08051415E-12
  3207.56006  1.00315329E-12
  3210.30005  9.03824758E-13
  3213.04004  9.00908688E-13
  3215.78003  9.80109873E-13
  3218.52002  1.0305836E-12
  3221.26001  1.00921864E-12
  3224.  9.56762881E-13
  3226.73999  8.96011238E-13
  3229.47998  8.97457076E-13
  3232.21997  9.03519393E-13
  3234.95996  9.00157661E-13
  3237.69995  9.62081977E-13
  3240.43994  1.02840024E-12
  3243.17993  1.0833308E-12
  3245.91992  1.05590536E-12
  3248.65991  1.02104013E-12
  3251.3999  1.05963578E-12
  3254.13989  1.14144122E-12
  3256.87988  1.23166841E-12
  3259.62012  1.229648E-12
  3262.36011  1.17746188E-12
  3265.1001  1.18432E-12
  3267.84009  1.21048842E-12
  3270.58008  1.20126663E-12
  3273.32007  1.18071481E-12
  3276.06006  1.14922872E-12
  3278.80005  1.1562448E-12
  3281.54004  1.19201122E-12
  3284.28003  1.17647136E-12
  3287.02002  1.17740984E-12
  3289.76001  1.25309778E-12
  3292.5  1.31433081E-12
  3295.23999  1.33669085E-12
  3297.97998  1.33308338E-12
  3300.71997  1.28984941E-12
  3303.45996  1.242443E-12
  3306.19995  1.2298012E-12
  3308.93994  1.25875547E-12
  3311.67993  1.27723179E-12
  3314.41992  1.27388388E-12
  3317.15991  1.2710101E-12
  3319.8999  1.2157262E-12
  3322.63989  1.19777994E-12
  3325.37988  1.23264907E-12
  3328.12012  1.22716204E-12
  3330.86011  1.23997351E-12
  3333.6001  1.21056388E-12
  3336.34009  1.18591909E-12
  3339.08008  1.20076009E-12
  3341.82007  1.2214986E-12
  3344.56006  1.25461956E-12
  3347.30005  1.17914565E-12
  3350.04004  1.17141355E-12
  3352.78003  1.26950804E-12
  3355.52002  1.28322624E-12
  3358.26001  1.15634976E-12
  3361.  1.09778311E-12
  3363.73999  1.23154872E-12
  3366.47998  1.21507318E-12
  3369.21997  1.12288716E-12
  3371.95996  1.15047782E-12
  3374.69995  1.26363882E-12
  3377.43994  1.23591111E-12
  3380.17993  1.15940872E-12
  3382.91992  1.23491809E-12
  3385.65991  1.27315693E-12
  3388.3999  1.27692182E-12
  3391.13989  1.23242876E-12
  3393.87988  1.23339295E-12
  3396.62012  1.35600515E-12
  3399.36011  1.38938362E-12
  3402.1001  1.32123956E-12
  3404.84009  1.26637871E-12
  3407.58008  1.25674265E-12
  3410.32007  1.26723523E-12
  3413.06006  1.25123089E-12
  3415.80005  1.27116948E-12
  3418.54004  1.34827815E-12
  3421.28003  1.3474804E-12
  3424.02002  1.31802826E-12
  3426.76001  1.35321279E-12
  3429.5  1.3903015E-12
  3432.23999  1.3773377E-12
  3434.97998  1.34420394E-12
  3437.71997  1.24190447E-12
  3440.45996  1.09643837E-12
  3443.19995  1.14161794E-12
  3445.93994  1.26572461E-12
  3448.67993  1.32782674E-12
  3451.41992  1.32153435E-12
  3454.15991  1.31964925E-12
  3456.8999  1.31516987E-12
  3459.63989  1.27328627E-12
  3462.37988  1.29766543E-12
  3465.12012  1.34116221E-12
  3467.86011  1.35440227E-12
  3470.6001  1.33903197E-12
  3473.34009  1.22371752E-12
  3476.08008  1.19671471E-12
  3478.82007  1.29912346E-12
  3481.56006  1.34652261E-12
  3484.30005  1.36396992E-12
  3487.04004  1.35484657E-12
  3489.78003  1.26357974E-12
  3492.52002  1.23699293E-12
  3495.26001  1.23534603E-12
  3498.  1.30083238E-12
  3500.73999  1.38448877E-12
  3503.47998  1.36957719E-12
  3506.21997  1.3638281E-12
  3508.95996  1.34532923E-12
  3511.69995  1.29411987E-12
  3514.43994  1.31092403E-12
  3517.17993  1.35288926E-12
  3519.91992  1.31017875E-12
  3522.65991  1.2173898E-12
  3525.3999  1.18558126E-12
  3528.13989  1.3067518E-12
  3530.87988  1.3884949E-12
  3533.62012  1.40365584E-12
  3536.36011  1.43591259E-12
  3539.1001  1.45417749E-12
  3541.84009  1.46676725E-12
  3544.58008  1.4808828E-12
  3547.32007  1.47115805E-12
  3550.06006  1.44943552E-12
  3552.80005  1.42826181E-12
  3555.54004  1.43030683E-12
  3558.28003  1.42576576E-12
  3561.02002  1.42001894E-12
  3563.76001  1.35731866E-12
  3566.5  1.23129144E-12
  3569.23999  1.2262023E-12
  3571.97998  1.24247455E-12
  3574.71997  1.29742506E-12
  3577.45996  1.30874467E-12
  3580.19995  1.2366487E-12
  3582.93994  1.17502644E-12
  3585.67993  1.15356238E-12
  3588.41992  1.22671036E-12
  3591.15991  1.36143245E-12
  3593.8999  1.42131131E-12
  3596.63989  1.46663768E-12
  3599.37988  1.46238479E-12
  3602.12012  1.40728759E-12
  3604.86011  1.35419681E-12
  3607.6001  1.32298361E-12
  3610.34009  1.29778588E-12
  3613.08008  1.35903875E-12
  3615.82007  1.34662127E-12
  3618.56006  1.28277152E-12
  3621.30005  1.34233651E-12
  3624.04004  1.45193005E-12
  3626.78003  1.48829007E-12
  3629.52002  1.37462361E-12
  3632.26001  1.2651528E-12
  3635.  1.34961833E-12
  3637.73999  1.4293304E-12
  3640.47998  1.44695291E-12
  3643.21997  1.36880492E-12
  3645.95996  1.34211815E-12
  3648.69995  1.36240704E-12
  3651.43994  1.44093103E-12
  3654.17993  1.52076745E-12
  3656.91992  1.54883972E-12
  3659.65991  1.55903556E-12
  3662.3999  1.5330287E-12
  3665.13989  1.51138379E-12
  3667.87988  1.5183821E-12
  3670.62012  1.50008348E-12
  3673.36011  1.5383286E-12
  3676.1001  1.48784717E-12
  3678.84009  1.43364725E-12
  3681.58008  1.44754814E-12
  3684.32007  1.45124472E-12
  3687.06006  1.42342963E-12
  3689.80005  1.49770051E-12
  3692.54004  1.55697471E-12
  3695.28003  1.57627568E-12
  3698.02002  1.61327689E-12
  3700.76001  1.61623059E-12
  3703.5  1.45287731E-12
  3706.23999  1.36451538E-12
  3708.97998  1.44441186E-12
  3711.71997  1.52943901E-12
  3714.45996  1.65132166E-12
  3717.19995  1.605268E-12
  3719.93994  1.35761899E-12
  3722.67993  1.35066134E-12
  3725.41992  1.58364977E-12
  3728.15991  1.59130077E-12
  3730.8999  1.49159515E-12
  3733.63989  1.26427059E-12
  3736.37988  1.25055782E-12
  3739.12012  1.50159713E-12
  3741.86011  1.5778263E-12
  3744.6001  1.41778744E-12
  3747.34009  1.25625768E-12
  3750.08008  1.28935296E-12
  3752.82007  1.60538976E-12
  3755.56006  1.70152336E-12
  3758.30005  1.55947878E-12
  3761.04004  1.58677748E-12
  3763.78003  1.65702836E-12
  3766.52002  1.62009273E-12
  3769.26001  1.54922386E-12
  3772.  1.62051882E-12
  3774.73999  1.77511543E-12
  3777.47998  1.84088183E-12
  3780.21997  1.91233509E-12
  3782.95996  1.89817953E-12
  3785.69995  1.8147685E-12
  3788.43994  1.73888952E-12
  3791.17993  1.73527436E-12
  3793.91992  1.61873629E-12
  3796.65991  1.48671592E-12
  3799.3999  1.55063343E-12
  3802.13989  1.83114201E-12
  3804.87988  1.89578691E-12
  3807.62012  1.88272575E-12
  3810.36011  1.89619175E-12
  3813.1001  1.7623136E-12
  3815.84009  1.67862176E-12
  3818.58008  1.69012016E-12
  3821.32007  1.61210075E-12
  3824.06006  1.59743204E-12
  3826.80005  1.48685524E-12
  3829.54004  1.47665615E-12
  3832.28003  1.34746012E-12
  3835.02002  1.26786754E-12
  3837.76001  1.35993278E-12
  3840.5  1.51977053E-12
  3843.23999  1.76657289E-12
  3845.97998  1.87787091E-12
  3848.71997  1.90278457E-12
  3851.45996  1.88886125E-12
  3854.19995  1.8909427E-12
  3856.93994  1.75352788E-12
  3859.67993  1.70928885E-12
  3862.41992  1.86579463E-12
  3865.15991  1.93543814E-12
  3867.8999  1.93001821E-12
  3870.63989  1.80411567E-12
  3873.37988  1.66970788E-12
  3876.12012  1.75701218E-12
  3878.86011  1.75037339E-12
  3881.6001  1.81794402E-12
  3884.34009  1.65850081E-12
  3887.08008  1.42697952E-12
  3889.82007  1.44958579E-12
  3892.56006  1.62780987E-12
  3895.30005  1.66751639E-12
  3898.04004  1.71090605E-12
  3900.78003  1.70842594E-12
  3903.52002  1.68355889E-12
  3906.26001  1.67517617E-12
  3909.  1.79666525E-12
  3911.73999  1.83632515E-12
  3914.47998  1.77866814E-12
  3917.21997  1.71835972E-12
  3919.95996  1.63068723E-12
  3922.69995  1.57291498E-12
  3925.43994  1.44309532E-12
  3928.17993  1.0431288E-12
  3930.91992  6.25358489E-13
  3933.65991  4.70400791E-13
  3936.3999  7.41006919E-13
  3939.13989  1.17824695E-12
  3941.87988  1.45085549E-12
  3944.62012  1.59248385E-12
  3947.36011  1.69909063E-12
  3950.1001  1.74193656E-12
  3952.84009  1.75173775E-12
  3955.58008  1.78007511E-12
  3958.32007  1.72035118E-12
  3961.06006  1.54948558E-12
  3963.80005  1.16010749E-12
  3966.54004  7.40244237E-13
  3969.28003  6.35900837E-13
  3972.02002  1.0719611E-12
  3974.76001  1.51071213E-12
  3977.5  1.77358161E-12
  3980.23999  1.87800578E-12
  3982.97998  1.91547646E-12
  3985.71997  1.98354549E-12
  3988.45996  2.01070844E-12
  3991.19995  2.04072978E-12
  3993.93994  2.02688365E-12
  3996.67993  1.95601543E-12
  3999.41992  2.00716982E-12
  4002.15991  2.04584613E-12
  4004.8999  1.99174596E-12
  4007.63989  2.03120658E-12
  4010.37988  2.11498375E-12
  4013.12012  2.09495962E-12
  4015.86011  2.10291528E-12
  4018.6001  2.11566441E-12
  4021.34009  2.11553409E-12
  4024.08008  2.1159823E-12
  4026.82007  2.13300016E-12
  4029.56006  2.06095752E-12
  4032.30005  2.00080512E-12
  4035.04004  2.06981546E-12
  4037.78003  2.16415167E-12
  4040.52002  2.12918854E-12
  4043.26001  2.07125289E-12
  4046.  1.95919431E-12
  4048.73999  2.10491694E-12
  4051.47998  2.1282687E-12
  4054.21997  2.11170794E-12
  4056.95996  2.09204442E-12
  4059.69995  2.10014883E-12
  4062.43994  2.05656347E-12
  4065.17993  2.02075878E-12
  4067.91992  2.07066135E-12
  4070.65991  2.10650789E-12
  4073.3999  2.058785E-12
  4076.13989  2.02751184E-12
  4078.87988  2.02108664E-12
  4081.62012  2.1299195E-12
  4084.36011  2.10631621E-12
  4087.1001  2.17222074E-12
  4089.84009  2.2156645E-12
  4092.58008  2.16282547E-12
  4095.32007  2.08868361E-12
  4098.06006  1.95973728E-12
  4100.7998  1.74820488E-12
  4103.54004  1.82885261E-12
  4106.27979  2.05639694E-12
  4109.02002  2.10678914E-12
  4111.75977  2.14162867E-12
  4114.5  2.19083952E-12
  4117.24023  2.17271665E-12
  4119.97998  2.11255427E-12
  4122.72021  2.12959728E-12
  4125.45996  2.15657765E-12
  4128.2002  2.12996374E-12
  4130.93994  2.10478033E-12
  4133.68018  2.07132141E-12
  4136.41992  2.16836683E-12
  4139.16016  2.21026843E-12
  4141.8999  2.13766635E-12
  4144.64014  2.11427577E-12
  4147.37988  2.17617873E-12
  4150.12012  2.14532255E-12
  4152.85986  2.13398071E-12
  4155.6001  2.10883372E-12
  4158.33984  2.17515307E-12
  4161.08008  2.20254305E-12
  4163.81982  2.20761105E-12
  4166.56006  2.20100565E-12
  4169.2998  2.16118009E-12
  4172.04004  2.05047698E-12
  4174.77979  2.05207054E-12
  4177.52002  2.09778115E-12
  4180.25977  2.1456528E-12
  4183.  2.1199893E-12
  4185.74023  2.10941768E-12
  4188.47998  2.09789673E-12
  4191.22021  2.13974238E-12
  4193.95996  2.16724728E-12
  4196.7002  2.10272186E-12
  4199.43994  2.04125996E-12
  4202.18018  2.06514883E-12
  4204.91992  2.103316E-12
  4207.66016  2.14521109E-12
  4210.3999  2.1518115E-12
  4213.14014  2.15464799E-12
  4215.87988  2.09209993E-12
  4218.62012  2.12039002E-12
  4221.35986  2.12975883E-12
  4224.1001  2.00163172E-12
  4226.83984  1.87058008E-12
  4229.58008  2.07913287E-12
  4232.31982  2.11730785E-12
  4235.06006  2.06311639E-12
  4237.7998  2.03979889E-12
  4240.54004  2.10310046E-12
  4243.27979  2.11124325E-12
  4246.02002  2.08331464E-12
  4248.75977  2.00182319E-12
  4251.5  2.0742802E-12
  4254.24023  2.07235336E-12
  4256.97998  2.11011655E-12
  4259.72021  2.02795203E-12
  4262.45996  2.08361496E-12
  4265.2002  2.14135068E-12
  4267.93994  2.06724503E-12
  4270.68018  1.96501257E-12
  4273.41992  1.94073251E-12
  4276.16016  2.04790243E-12
  4278.8999  2.0709994E-12
  4281.64014  2.01586556E-12
  4284.37988  1.99039092E-12
  4287.12012  1.95189676E-12
  4289.85986  1.85112147E-12
  4292.6001  1.90732976E-12
  4295.33984  1.86800553E-12
  4298.08008  1.67744616E-12
  4300.81982  1.56144997E-12
  4303.56006  1.5721118E-12
  4306.2998  1.57631731E-12
  4309.04004  1.51261555E-12
  4311.77979  1.65466133E-12
  4314.52002  1.92434675E-12
  4317.25977  2.17358293E-12
  4320.  2.15413299E-12
  4322.74023  1.99554197E-12
  4325.47998  1.93421906E-12
  4328.22021  2.122553E-12
  4330.95996  2.19375191E-12
  4333.7002  2.17424212E-12
  4336.43994  2.01450336E-12
  4339.18018  1.75847802E-12
  4341.91992  1.83300922E-12
  4344.66016  2.07149315E-12
  4347.3999  2.16823933E-12
  4350.14014  2.13008474E-12
  4352.87988  2.07432248E-12
  4355.62012  2.15913485E-12
  4358.35986  2.16190781E-12
  4361.1001  2.20138231E-12
  4363.83984  2.21663616E-12
  4366.58008  2.21599562E-12
  4369.31982  2.1575272E-12
  4372.06006  2.13050693E-12
  4374.7998  2.08552099E-12
  4377.54004  2.13546932E-12
  4380.27979  2.12683668E-12
  4383.02002  1.98924666E-12
  4385.75977  2.02971255E-12
  4388.5  2.10310718E-12
  4391.24023  2.13859789E-12
  4393.97998  2.14091028E-12
  4396.72021  2.17326222E-12
  4399.45996  2.14358024E-12
  4402.2002  2.15157601E-12
  4404.93994  2.11864402E-12
  4407.68018  2.18198853E-12
  4410.41992  2.26466957E-12
  4413.16016  2.25878734E-12
  4415.8999  2.18944676E-12
  4418.64014  2.26383018E-12
  4421.37988  2.27833052E-12
  4424.12012  2.27671419E-12
  4426.85986  2.24865677E-12
  4429.6001  2.25752923E-12
  4432.33984  2.25878279E-12
  4435.08008  2.23081211E-12
  4437.81982  2.29162154E-12
  4440.56006  2.2730626E-12
  4443.2998  2.21322678E-12
  4446.04004  2.26579497E-12
  4448.77979  2.28520479E-12
  4451.52002  2.2745987E-12
  4454.25977  2.19430051E-12
  4457.  2.21111389E-12
  4459.74023  2.22274065E-12
  4462.47998  2.24341227E-12
  4465.22021  2.24782259E-12
  4467.95996  2.2507881E-12
  4470.7002  2.27097377E-12
  4473.43994  2.33005846E-12
  4476.18018  2.32471225E-12
  4478.91992  2.32948708E-12
  4481.66016  2.26248967E-12
  4484.3999  2.30424165E-12
  4487.14014  2.32429896E-12
  4489.87988  2.2978299E-12
  4492.62012  2.29850969E-12
  4495.35986  2.30071409E-12
  4498.1001  2.32979348E-12
  4500.83984  2.32657296E-12
  4503.58008  2.37161441E-12
  4506.31982  2.36145695E-12
  4509.06006  2.36147668E-12
  4511.7998  2.34664003E-12
  4514.54004  2.32020609E-12
  4517.27979  2.31648403E-12
  4520.02002  2.30139497E-12
  4522.75977  2.27425262E-12
  4525.5  2.25156048E-12
  4528.24023  2.21602467E-12
  4530.97998  2.21029033E-12
  4533.72021  2.17162377E-12
  4536.45996  2.24626914E-12
  4539.2002  2.33462685E-12
  4541.93994  2.32753638E-12
  4544.68018  2.28551748E-12
  4547.41992  2.24470269E-12
  4550.16016  2.23739083E-12
  4552.8999  2.23570294E-12
  4555.64014  2.2631209E-12
  4558.37988  2.32397695E-12
  4561.12012  2.33575811E-12
  4563.85986  2.3085301E-12
  4566.6001  2.33939452E-12
  4569.33984  2.33900833E-12
  4572.08008  2.31339448E-12
  4574.81982  2.33747592E-12
  4577.56006  2.34602615E-12
  4580.2998  2.31327154E-12
  4583.04004  2.29815624E-12
  4585.77979  2.3033951E-12
  4588.52002  2.3325068E-12
  4591.25977  2.32793212E-12
  4594.  2.32330431E-12
  4596.74023  2.3414467E-12
  4599.47998  2.33394489E-12
  4602.22021  2.32562125E-12
  4604.95996  2.34318966E-12
  4607.7002  2.35379576E-12
  4610.43994  2.35139404E-12
  4613.18018  2.35139187E-12
  4615.91992  2.33895412E-12
  4618.66016  2.35044124E-12
  4621.3999  2.36441726E-12
  4624.14014  2.36171477E-12
  4626.87988  2.37179135E-12
  4629.62012  2.35948197E-12
  4632.35986  2.35334668E-12
  4635.1001  2.35227007E-12
  4637.83984  2.34881624E-12
  4640.58008  2.37382054E-12
  4643.31982  2.36808099E-12
  4646.06006  2.32942528E-12
  4648.7998  2.33909094E-12
  4651.54004  2.3327965E-12
  4654.27979  2.31298813E-12
  4657.02002  2.34964587E-12
  4659.75977  2.38016616E-12
  4662.5  2.37814391E-12
  4665.24023  2.33813706E-12
  4667.97998  2.29997315E-12
  4670.72021  2.34075129E-12
  4673.45996  2.36985713E-12
  4676.2002  2.37340421E-12
  4678.93994  2.35053123E-12
  4681.68018  2.36402955E-12
  4684.41992  2.3759768E-12
  4687.16016  2.38147935E-12
  4689.8999  2.37291805E-12
  4692.64014  2.37179981E-12
  4695.37988  2.37944863E-12
  4698.12012  2.36598588E-12
  4700.85986  2.33385273E-12
  4703.6001  2.3014791E-12
  4706.33984  2.31111441E-12
  4709.08008  2.32630408E-12
  4711.81982  2.35632369E-12
  4714.56006  2.36086888E-12
  4717.2998  2.41574772E-12
  4720.04004  2.39663909E-12
  4722.77979  2.39768231E-12
  4725.52002  2.39934917E-12
  4728.25977  2.35198276E-12
  4731.  2.34427798E-12
  4733.74023  2.35600602E-12
  4736.47998  2.34973239E-12
  4739.22021  2.37946099E-12
  4741.95996  2.37788803E-12
  4744.7002  2.37895446E-12
  4747.43994  2.38821636E-12
  4750.18018  2.38306011E-12
  4752.91992  2.36459658E-12
  4755.66016  2.34651101E-12
  4758.3999  2.34166614E-12
  4761.14014  2.34389114E-12
  4763.87988  2.34111818E-12
  4766.62012  2.35261094E-12
  4769.35986  2.35263545E-12
  4772.1001  2.36646727E-12
  4774.83984  2.38253037E-12
  4777.58008  2.36644016E-12
  4780.31982  2.36602144E-12
  4783.06006  2.36084481E-12
  4785.7998  2.35113231E-12
  4788.54004  2.3455838E-12
  4791.27979  2.36602838E-12
  4794.02002  2.38857089E-12
  4796.75977  2.37668782E-12
  4799.5  2.35991066E-12
  4802.24023  2.35736864E-12
  4804.97998  2.34822101E-12
  4807.72021  2.35039744E-12
  4810.45996  2.36786979E-12
  4813.2002  2.3727925E-12
  4815.93994  2.38505895E-12
  4818.68018  2.39597036E-12
  4821.41992  2.36670644E-12
  4824.16016  2.35394581E-12
  4826.8999  2.35891124E-12
  4829.64014  2.37932352E-12
  4832.37988  2.37025026E-12
  4835.12012  2.35589564E-12
  4837.85986  2.34731548E-12
  4840.6001  2.35731747E-12
  4843.33984  2.35031807E-12
  4846.08008  2.3520721E-12
  4848.81982  2.34288522E-12
  4851.56006  2.33435125E-12
  4854.2998  2.30463934E-12
  4857.04004  2.18160928E-12
  4859.77979  1.93083093E-12
  4862.52002  1.91885375E-12
  4865.25977  2.14479888E-12
  4868.  2.2803248E-12
  4870.74023  2.2605392E-12
  4873.47998  2.2687234E-12
  4876.22021  2.29714121E-12
  4878.95996  2.31993439E-12
  4881.7002  2.32609028E-12
  4884.43994  2.32128552E-12
  4887.18018  2.3169125E-12
  4889.91992  2.2807871E-12
  4892.66016  2.30300154E-12
  4895.3999  2.36718067E-12
  4898.14014  2.37992547E-12
  4900.87988  2.36355271E-12
  4903.62012  2.34855625E-12
  4906.35986  2.35180126E-12
  4909.1001  2.341891E-12
  4911.83984  2.34067735E-12
  4914.58008  2.35407267E-12
  4917.31982  2.31935716E-12
  4920.06006  2.26269611E-12
  4922.7998  2.26837863E-12
  4925.54004  2.31431909E-12
  4928.27979  2.35574407E-12
  4931.02002  2.36074441E-12
  4933.75977  2.3199602E-12
  4936.5  2.30138868E-12
  4939.24023  2.30440645E-12
  4941.97998  2.34053922E-12
  4944.72021  2.36879071E-12
  4947.45996  2.38083836E-12
  4950.2002  2.38588229E-12
  4952.93994  2.36502701E-12
  4955.68018  2.32047237E-12
  4958.41992  2.2886905E-12
  4961.16016  2.33019984E-12
  4963.8999  2.36402629E-12
  4966.64014  2.34660858E-12
  4969.37988  2.34338937E-12
  4972.12012  2.3541594E-12
  4974.85986  2.36161503E-12
  4977.6001  2.36122515E-12
  4980.33984  2.31234476E-12
  4983.08008  2.25742276E-12
  4985.81982  2.27255042E-12
  4988.56006  2.31331187E-12
  4991.2998  2.32123457E-12
  4994.04004  2.32349123E-12
  4996.77979  2.32545537E-12
  4999.52002  2.31131065E-12
  5002.25977  2.28872477E-12
  5005.  2.27176633E-12
  5007.74023  2.2554029E-12
  5010.47998  2.28692521E-12
  5013.22021  2.2620896E-12
  5015.95996  2.24093227E-12
  5018.7002  2.25819558E-12
  5021.43994  2.2842611E-12
  5024.18018  2.30396561E-12
  5026.91992  2.31188918E-12
  5029.66016  2.32296365E-12
  5032.3999  2.32737874E-12
  5035.14014  2.31632877E-12
  5037.87988  2.29171868E-12
  5040.62012  2.22353906E-12
  5043.35986  2.23952887E-12
  5046.1001  2.32558309E-12
  5048.83984  2.32058188E-12
  5051.58008  2.30173909E-12
  5054.31982  2.33261045E-12
  5057.06006  2.35142938E-12
  5059.7998  2.35263805E-12
  5062.54004  2.36446951E-12
  5065.27979  2.34071746E-12
  5068.02002  2.3044934E-12
  5070.75977  2.31491345E-12
  5073.5  2.32587907E-12
  5076.24023  2.30782862E-12
  5078.97998  2.26262997E-12
  5081.72021  2.24039038E-12
  5084.45996  2.28340502E-12
  5087.2002  2.33229018E-12
  5089.93994  2.34592033E-12
  5092.68018  2.34543808E-12
  5095.41992  2.33068599E-12
  5098.16016  2.2820335E-12
  5100.8999  2.28133788E-12
  5103.64014  2.3160176E-12
  5106.37988  2.29417527E-12
  5109.12012  2.26254388E-12
  5111.85986  2.27914931E-12
  5114.6001  2.32464026E-12
  5117.33984  2.35326363E-12
  5120.08008  2.34153495E-12
  5122.81982  2.30766339E-12
  5125.56006  2.28041522E-12
  5128.2998  2.27329028E-12
  5131.04004  2.29418676E-12
  5133.77979  2.2992554E-12
  5136.52002  2.26966211E-12
  5139.25977  2.2304541E-12
  5142.  2.23152464E-12
  5144.74023  2.26789117E-12
  5147.47998  2.2844812E-12
  5150.22021  2.27997309E-12
  5152.95996  2.26285267E-12
  5155.7002  2.29019212E-12
  5158.43994  2.32840765E-12
  5161.18018  2.30634435E-12
  5163.91992  2.25766346E-12
  5166.66016  2.13681828E-12
  5169.3999  2.06389484E-12
  5172.14014  2.06264151E-12
  5174.87988  2.14188172E-12
  5177.62012  2.27762752E-12
  5180.35986  2.2781397E-12
  5183.1001  2.13235484E-12
  5185.83984  2.10702939E-12
  5188.58008  2.21350022E-12
  5191.31982  2.21729254E-12
  5194.06006  2.20779926E-12
  5196.7998  2.23390425E-12
  5199.54004  2.27107525E-12
  5202.27979  2.26808958E-12
  5205.02002  2.22549691E-12
  5207.75977  2.20248147E-12
  5210.5  2.23848457E-12
  5213.24023  2.28772058E-12
  5215.97998  2.28096383E-12
  5218.72021  2.29462803E-12
  5221.45996  2.32275093E-12
  5224.2002  2.28066177E-12
  5226.93994  2.21049242E-12
  5229.68018  2.2161049E-12
  5232.41992  2.26007689E-12
  5235.16016  2.27274731E-12
  5237.8999  2.30645082E-12
  5240.64014  2.33138313E-12
  5243.37988  2.32497376E-12
  5246.12012  2.30867495E-12
  5248.85986  2.28280459E-12
  5251.6001  2.28235204E-12
  5254.33984  2.29055251E-12
  5257.08008  2.30193772E-12
  5259.81982  2.30048424E-12
  5262.56006  2.22544899E-12
  5265.2998  2.16604187E-12
  5268.04004  2.15332396E-12
  5270.77979  2.16853315E-12
  5273.52002  2.2232318E-12
  5276.25977  2.27326079E-12
  5279.  2.29298134E-12
  5281.74023  2.28673829E-12
  5284.47998  2.27909878E-12
  5287.22021  2.31469965E-12
  5289.95996  2.33712962E-12
  5292.7002  2.32757672E-12
  5295.43994  2.30385589E-12
  5298.18018  2.27441937E-12
  5300.91992  2.28148555E-12
  5303.66016  2.30367136E-12
  5306.3999  2.32077877E-12
  5309.14014  2.32762074E-12
  5311.87988  2.3205474E-12
  5314.62012  2.30499691E-12
  5317.35986  2.29328449E-12
  5320.1001  2.29511267E-12
  5322.83984  2.27203022E-12
  5325.58008  2.22884515E-12
  5328.31982  2.19025471E-12
  5331.06006  2.21863825E-12
  5333.7998  2.28590757E-12
  5336.54004  2.30972598E-12
  5339.27979  2.2939929E-12
  5342.02002  2.26772399E-12
  5344.75977  2.28730056E-12
  5347.5  2.29115078E-12
  5350.24023  2.29055598E-12
  5352.97998  2.30878185E-12
  5355.72021  2.31485664E-12
  5358.45996  2.31536817E-12
  5361.2002  2.29210379E-12
  5363.93994  2.2622119E-12
  5366.68018  2.25363391E-12
  5369.41992  2.23031793E-12
  5372.16016  2.23124752E-12
  5374.8999  2.27199379E-12
  5377.64014  2.29909993E-12
  5380.37988  2.28437169E-12
  5383.12012  2.27364915E-12
  5385.85986  2.29063795E-12
  5388.6001  2.29791381E-12
  5391.33984  2.27208378E-12
  5394.08008  2.25442017E-12
  5396.81982  2.24967375E-12
  5399.56006  2.24230638E-12
  5402.2998  2.24331166E-12
  5405.04004  2.21158964E-12
  5407.77979  2.2086753E-12
  5410.52002  2.23686152E-12
  5413.25977  2.25577521E-12
  5416.  2.27387401E-12
  5418.74023  2.27229758E-12
  5421.47998  2.26823465E-12
  5424.22021  2.25963215E-12
  5426.95996  2.25119836E-12
  5429.7002  2.24621363E-12
  5432.43994  2.22628469E-12
  5435.18018  2.23035132E-12
  5437.91992  2.24927195E-12
  5440.66016  2.28899126E-12
  5443.3999  2.28422056E-12
  5446.14014  2.24025182E-12
  5448.87988  2.22786091E-12
  5451.62012  2.26399325E-12
  5454.35986  2.25105373E-12
  5457.1001  2.23183061E-12
  5459.83984  2.2648348E-12
  5462.58008  2.27137103E-12
  5465.31982  2.2617457E-12
  5468.06006  2.27639912E-12
  5470.7998  2.28403516E-12
  5473.54004  2.26638933E-12
  5476.27979  2.22543793E-12
  5479.02002  2.22552879E-12
  5481.75977  2.26640711E-12
  5484.5  2.28751783E-12
  5487.24023  2.28054229E-12
  5489.97998  2.27941993E-12
  5492.72021  2.2907622E-12
  5495.45996  2.27467741E-12
  5498.2002  2.2676585E-12
  5500.93994  2.27144172E-12
  5503.68018  2.26248794E-12
  5506.41992  2.26210565E-12
  5509.16016  2.26823204E-12
  5511.8999  2.27953528E-12
  5514.64014  2.27997222E-12
  5517.37988  2.28317604E-12
  5520.12012  2.28578506E-12
  5522.85986  2.28103495E-12
  5525.6001  2.2685688E-12
  5528.33984  2.26115893E-12
  5531.08008  2.27068863E-12
  5533.81982  2.29528722E-12
  5536.56006  2.29085717E-12
  5539.2998  2.2896986E-12
  5542.04004  2.29415467E-12
  5544.77979  2.29298893E-12
  5547.52002  2.28557646E-12
  5550.25977  2.28568033E-12
  5553.  2.2937006E-12
  5555.74023  2.28895288E-12
  5558.47998  2.2808797E-12
  5561.22021  2.28117416E-12
  5563.95996  2.29136827E-12
  5566.7002  2.28436844E-12
  5569.43994  2.26942705E-12
  5572.18018  2.25057039E-12
  5574.91992  2.24624312E-12
  5577.66016  2.25957295E-12
  5580.3999  2.25736855E-12
  5583.14014  2.25808304E-12
  5585.87988  2.25222662E-12
  5588.62012  2.23828833E-12
  5591.35986  2.24125861E-12
  5594.1001  2.26416412E-12
  5596.83984  2.27791982E-12
  5599.58008  2.27092715E-12
  5602.31982  2.25060508E-12
  5605.06006  2.25295E-12
  5607.7998  2.27935986E-12
  5610.54004  2.28775527E-12
  5613.27979  2.27082264E-12
  5616.02002  2.27125588E-12
  5618.75977  2.27929286E-12
  5621.5  2.28631307E-12
  5624.24023  2.28543399E-12
  5626.97998  2.27563584E-12
  5629.72021  2.27434412E-12
  5632.45996  2.27457159E-12
  5635.2002  2.27551701E-12
  5637.93994  2.27950861E-12
  5640.68018  2.28187825E-12
  5643.41992  2.29618408E-12
  5646.16016  2.30506391E-12
  5648.8999  2.28528741E-12
  5651.64014  2.28277943E-12
  5654.37988  2.26378334E-12
  5657.12012  2.24657814E-12
  5659.85986  2.24705974E-12
  5662.6001  2.25507829E-12
  5665.33984  2.27506382E-12
  5668.08008  2.28044233E-12
  5670.81982  2.27293575E-12
  5673.56006  2.2903747E-12
  5676.2998  2.30756299E-12
  5679.04004  2.26355089E-12
  5681.77979  2.22307914E-12
  5684.52002  2.22019733E-12
  5687.25977  2.23739408E-12
  5690.  2.29672184E-12
  5692.74023  2.27012094E-12
  5695.47998  2.19716021E-12
  5698.22021  2.21753085E-12
  5700.95996  2.25269499E-12
  5703.7002  2.23075313E-12
  5706.43994  2.21056593E-12
  5709.18018  2.2005479E-12
  5711.91992  2.21331503E-12
  5714.66016  2.24991336E-12
  5717.3999  2.27772098E-12
  5720.14014  2.29636167E-12
  5722.87988  2.26964498E-12
  5725.62012  2.24104025E-12
  5728.35986  2.24476405E-12
  5731.1001  2.23852729E-12
  5733.83984  2.20623845E-12
  5736.58008  2.21730078E-12
  5739.31982  2.25453705E-12
  5742.06006  2.26287175E-12
  5744.7998  2.26133717E-12
  5747.54004  2.25582422E-12
  5750.27979  2.25320695E-12
  5753.02002  2.25837187E-12
  5755.75977  2.26379636E-12
  5758.5  2.27084649E-12
  5761.24023  2.26908683E-12
  5763.97998  2.26294049E-12
  5766.72021  2.25945694E-12
  5769.45996  2.25841438E-12
  5772.2002  2.26262585E-12
  5774.93994  2.26633295E-12
  5777.68018  2.26861802E-12
  5780.41992  2.27123572E-12
  5783.16016  2.2738931E-12
  5785.8999  2.27369512E-12
  5788.64014  2.273794E-12
  5791.37988  2.27702471E-12
  5794.12012  2.28779539E-12
  5796.85986  2.31860147E-12
  5799.6001  2.32499306E-12
  5802.33984  2.30568667E-12
  5805.08008  2.28280264E-12
  5807.81982  2.25699017E-12
  5810.56006  2.25525067E-12
  5813.2998  2.26074606E-12
  5816.04004  2.26503538E-12
  5818.77979  2.26706067E-12
  5821.52002  2.26423047E-12
  5824.26025  2.26644246E-12
  5827.  2.27210763E-12
  5829.74023  2.26744101E-12
  5832.47998  2.25730545E-12
  5835.22021  2.24031882E-12
  5837.95996  2.23163371E-12
  5840.7002  2.24594128E-12
  5843.43994  2.25128813E-12
  5846.18018  2.247918E-12
  5848.91992  2.23499669E-12
  5851.66016  2.2164306E-12
  5854.3999  2.21216817E-12
  5857.14014  2.21507079E-12
  5859.87988  2.22348637E-12
  5862.62012  2.23626521E-12
  5865.35986  2.25968831E-12
  5868.1001  2.26267247E-12
  5870.83984  2.24913773E-12
  5873.58008  2.24003541E-12
  5876.31982  2.22837872E-12
  5879.06006  2.20798965E-12
  5881.7998  2.18386398E-12
  5884.54004  2.15158273E-12
  5887.27979  2.13677318E-12
  5890.02002  2.14236788E-12
  5892.76025  2.15353625E-12
  5895.5  2.17269909E-12
  5898.24023  2.19966688E-12
  5900.97998  2.22700677E-12
  5903.72021  2.25097718E-12
  5906.45996  2.25335028E-12
  5909.2002  2.21384261E-12
  5911.93994  2.20198534E-12
  5914.68018  2.21107702E-12
  5917.41992  2.22340397E-12
  5920.16016  2.23341051E-12
  5922.8999  2.20393278E-12
  5925.64014  2.18045438E-12
  5928.37988  2.19776541E-12
  5931.12012  2.2035995E-12
  5933.85986  2.19223576E-12
  5936.6001  2.18195947E-12
  5939.33984  2.17131976E-12
  5942.08008  2.18142106E-12
  5944.81982  2.19791199E-12
  5947.56006  2.20897736E-12
  5950.2998  2.2149151E-12
  5953.04004  2.2131845E-12
  5955.77979  2.21054425E-12
  5958.52002  2.20661271E-12
  5961.26025  2.19646805E-12
  5964.  2.18585458E-12
  5966.74023  2.19440612E-12
  5969.47998  2.20321439E-12
  5972.22021  2.20309123E-12
  5974.95996  2.19249055E-12
  5977.7002  2.16150145E-12
  5980.43994  2.15798126E-12
  5983.18018  2.17017398E-12
  5985.91992  2.16095891E-12
  5988.66016  2.15330423E-12
  5991.3999  2.17841001E-12
  5994.14014  2.19692342E-12
  5996.87988  2.19099153E-12
  5999.62012  2.19217266E-12
  6002.35986  2.20073872E-12
  6005.1001  2.19422635E-12
  6007.83984  2.1817474E-12
  6010.58008  2.18156027E-12
  6013.31982  2.18344592E-12
  6016.06006  2.18253172E-12
  6018.7998  2.1812903E-12
  6021.54004  2.17902606E-12
  6024.27979  2.17935587E-12
  6027.02002  2.18163248E-12
  6029.76025  2.18892808E-12
  6032.5  2.19575009E-12
  6035.24023  2.19018011E-12
  6037.97998  2.18628284E-12
  6040.72021  2.19273644E-12
  6043.45996  2.19068015E-12
  6046.2002  2.17753398E-12
  6048.93994  2.18136793E-12
  6051.68018  2.19261024E-12
  6054.41992  2.18826216E-12
  6057.16016  2.1935175E-12
  6059.8999  2.25208849E-12
  6062.64014  2.26209069E-12
  6065.37988  2.17303866E-12
  6068.12012  2.15558344E-12
  6070.85986  2.18354219E-12
  6073.6001  2.19701752E-12
  6076.33984  2.20282516E-12
  6079.08008  2.1748328E-12
  6081.81982  2.15636298E-12
  6084.56006  2.18067925E-12
  6087.2998  2.17939534E-12
  6090.04004  2.14317474E-12
  6092.77979  2.14512566E-12
  6095.52002  2.16286017E-12
  6098.26025  2.14785806E-12
  6101.  2.13264584E-12
  6103.74023  2.14476418E-12
  6106.47998  2.15693717E-12
  6109.22021  2.16809687E-12
  6111.95996  2.16505459E-12
  6114.7002  2.14958043E-12
  6117.43994  2.13718973E-12
  6120.18018  2.12517027E-12
  6122.91992  2.11331538E-12
  6125.66016  2.10911301E-12
  6128.3999  2.12497489E-12
  6131.14014  2.126354E-12
  6133.87988  2.10719918E-12
  6136.62012  2.09955382E-12
  6139.35986  2.09750208E-12
  6142.1001  2.10731844E-12
  6144.83984  2.12113053E-12
  6147.58008  2.13416394E-12
  6150.31982  2.13717325E-12
  6153.06006  2.12263106E-12
  6155.7998  2.11174242E-12
  6158.54004  2.10212511E-12
  6161.27979  2.09451315E-12
  6164.02002  2.09077504E-12
  6166.76025  2.10071045E-12
  6169.5  2.11014452E-12
  6172.24023  2.10762701E-12
  6174.97998  2.11056715E-12
  6177.72021  2.1253342E-12
  6180.45996  2.121116E-12
  6183.2002  2.10550414E-12
  6185.93994  2.0873559E-12
  6188.68018  2.07624803E-12
  6191.41992  2.09801751E-12
  6194.16016  2.11473634E-12
  6196.8999  2.11724995E-12
  6199.64014  2.10327632E-12
  6202.37988  2.0686907E-12
  6205.12012  2.08170265E-12
  6207.85986  2.11159302E-12
  6210.6001  2.10289425E-12
  6213.33984  2.08955336E-12
  6216.08008  2.08614528E-12
  6218.81982  2.08774382E-12
  6221.56006  2.09929752E-12
  6224.2998  2.09531481E-12
  6227.04004  2.08255787E-12
  6229.77979  2.0906007E-12
  6232.52002  2.10073278E-12
  6235.26025  2.09210015E-12
  6238.  2.07907563E-12
  6240.74023  2.05921543E-12
  6243.47998  2.05609119E-12
  6246.22021  2.06989742E-12
  6248.95996  2.08501575E-12
  6251.7002  2.10033596E-12
  6254.43994  2.09485857E-12
  6257.18018  2.08551535E-12
  6259.91992  2.08498453E-12
  6262.66016  2.07919966E-12
  6265.3999  2.05570131E-12
  6268.14014  2.07165535E-12
  6270.87988  2.11486124E-12
  6273.62012  2.1197254E-12
  6276.35986  2.10977828E-12
  6279.1001  2.0969873E-12
  6281.83984  2.08416899E-12
  6284.58008  2.07046359E-12
  6287.31982  2.07173102E-12
  6290.06006  2.09193492E-12
  6292.7998  2.09396194E-12
  6295.54004  2.08689684E-12
  6298.27979  2.06887068E-12
  6301.02002  2.05904586E-12
  6303.76025  2.09041573E-12
  6306.5  2.10149172E-12
  6309.24023  2.07262766E-12
  6311.97998  2.05485498E-12
  6314.72021  2.04092277E-12
  6317.45996  2.05055786E-12
  6320.2002  2.06725652E-12
  6322.93994  2.05312828E-12
  6325.68018  2.06206731E-12
  6328.41992  2.15405905E-12
  6331.16016  2.16207499E-12
  6333.8999  2.05955847E-12
  6336.64014  2.04268742E-12
  6339.37988  2.06155362E-12
  6342.12012  2.06335274E-12
  6344.85986  2.06321375E-12
  6347.6001  2.06244982E-12
  6350.33984  2.06128604E-12
  6353.08008  2.06041477E-12
  6355.81982  2.05696723E-12
  6358.56006  2.05115265E-12
  6361.2998  2.04888016E-12
  6364.04004  2.04997954E-12
  6366.77979  2.05953418E-12
  6369.52002  2.06946764E-12
  6372.26025  2.07665829E-12
  6375.  2.07877791E-12
  6377.74023  2.07482837E-12
  6380.47998  2.06958235E-12
  6383.22021  2.06287374E-12
  6385.95996  2.06224317E-12
  6388.7002  2.06205474E-12
  6391.43994  2.05792414E-12
  6394.18018  2.05013155E-12
  6396.91992  2.03551954E-12
  6399.66016  2.02679063E-12
  6402.3999  2.02243387E-12
  6405.14014  2.02336975E-12
  6407.87988  2.02980276E-12
  6410.62012  2.04961699E-12
  6413.35986  2.06085084E-12
  6416.1001  2.04013152E-12
  6418.83984  2.03161142E-12
  6421.58008  2.04338499E-12
  6424.31982  2.04155508E-12
  6427.06006  2.0342495E-12
  6429.7998  2.0419983E-12
  6432.54004  2.04989042E-12
  6435.27979  2.03918848E-12
  6438.02002  2.03162053E-12
  6440.76025  2.03434253E-12
  6443.5  2.03785274E-12
  6446.24023  2.04353179E-12
  6448.97998  2.04164506E-12
  6451.72021  2.03523136E-12
  6454.45996  2.02397712E-12
  6457.2002  2.01617954E-12
  6459.93994  2.0205118E-12
  6462.68018  2.02589573E-12
  6465.41992  2.03347669E-12
  6468.16016  2.03439414E-12
  6470.8999  2.03072086E-12
  6473.64014  2.02131064E-12
  6476.37988  2.01382921E-12
  6479.12012  2.02559887E-12
  6481.85986  2.03393162E-12
  6484.6001  2.03210452E-12
  6487.33984  2.02137222E-12
  6490.08008  2.00026389E-12
  6492.81982  1.98052685E-12
  6495.56006  1.96572923E-12
  6498.2998  1.98778233E-12
  6501.04004  2.01607481E-12
  6503.77979  2.03188594E-12
  6506.52002  2.03856203E-12
  6509.26025  2.03253928E-12
  6512.  2.02845748E-12
  6514.74023  2.02377524E-12
  6517.47998  2.02322057E-12
  6520.22021  2.02002976E-12
  6522.95996  1.99411473E-12
  6525.7002  1.98297975E-12
  6528.43994  2.01363318E-12
  6531.18018  2.0279234E-12
  6533.91992  2.02711697E-12
  6536.66016  2.01314269E-12
  6539.3999  1.99313461E-12
  6542.14014  2.01296922E-12
  6544.87988  2.024264E-12
  6547.62012  1.97719575E-12
  6550.35986  1.93568881E-12
  6553.1001  1.91762144E-12
  6555.83984  1.87562401E-12
  6558.58008  1.81637246E-12
  6561.31982  1.7475163E-12
  6564.06006  1.70508095E-12
  6566.7998  1.80111481E-12
  6569.54004  1.9012192E-12
  6572.27979  1.94594341E-12
  6575.02002  1.97611589E-12
  6577.76025  1.98899404E-12
  6580.5  2.0014036E-12
  6583.24023  2.00906305E-12
  6585.97998  2.00931416E-12
  6588.72021  2.00470543E-12
  6591.45996  1.99331914E-12
  6594.2002  1.98972089E-12
  6596.93994  2.00028188E-12
  6599.68018  2.01034697E-12
  6602.41992  2.02210124E-12
  6605.16016  2.01795807E-12
  6607.8999  2.00851055E-12
  6610.64014  2.01012948E-12
  6613.37988  2.01540304E-12
  6616.12012  2.02844252E-12
  6618.85986  2.02569602E-12
  6621.6001  2.00049807E-12
  6624.33984  1.98852089E-12
  6627.08008  1.98278264E-12
  6629.81982  1.98927615E-12
  6632.56006  1.9977635E-12
  6635.2998  1.99361057E-12
  6638.04004  1.99337248E-12
  6640.77979  2.00159572E-12
  6643.52002  2.01327106E-12
  6646.26025  2.03053785E-12
  6649.  2.017061E-12
  6651.74023  1.99083003E-12
  6654.47998  1.97804923E-12
  6657.22021  1.97323061E-12
  6659.95996  1.98160585E-12
  6662.7002  1.98673586E-12
  6665.43994  1.98672979E-12
  6668.18018  1.98729661E-12
  6670.91992  1.98758176E-12
  6673.66016  1.98906234E-12
  6676.3999  1.99002945E-12
  6679.14014  1.98831359E-12
  6681.87988  1.98537497E-12
  6684.62012  1.97780139E-12
  6687.35986  1.98295937E-12
  6690.1001  2.00217946E-12
  6692.83984  1.9968222E-12
  6695.58008  1.98114507E-12
  6698.31982  1.9737842E-12
  6701.06006  1.96857569E-12
  6703.7998  1.96400123E-12
  6706.54004  1.96310069E-12
  6709.27979  1.96589641E-12
  6712.02002  1.97449197E-12
  6714.76025  1.98758154E-12
  6717.5  1.99105012E-12
  6720.24023  1.9884656E-12
  6722.97998  1.97761816E-12
  6725.72021  1.96677201E-12
  6728.45996  1.95744939E-12
  6731.2002  1.95559584E-12
  6733.93994  1.96266245E-12
  6736.68018  1.95865785E-12
  6739.41992  1.95132777E-12
  6742.16016  1.95605619E-12
  6744.8999  1.96172787E-12
  6747.64014  1.96179618E-12
  6750.37988  1.95962148E-12
  6753.12012  1.95230182E-12
  6755.85986  1.95534734E-12
  6758.6001  1.96541329E-12
  6761.33984  1.96293632E-12
  6764.08008  1.95596989E-12
  6766.81982  1.94996254E-12
  6769.56006  1.94555374E-12
  6772.2998  1.942593E-12
  6775.04004  1.94658937E-12
  6777.77979  1.96171768E-12
  6780.52002  1.94996168E-12
  6783.26025  1.92637269E-12
  6786.  1.92391784E-12
  6788.74023  1.93084459E-12
  6791.47998  1.95166929E-12
  6794.22021  1.95831329E-12
  6796.95996  1.93936317E-12
  6799.7002  1.9251341E-12
  6802.43994  1.91126325E-12
  6805.18018  1.92652188E-12
  6807.91992  1.94996601E-12
  6810.66016  1.94816342E-12
  6813.3999  1.94277819E-12
  6816.14014  1.93909537E-12
  6818.87988  1.93975912E-12
  6821.62012  1.94705211E-12
  6824.35986  1.94515823E-12
  6827.1001  1.93819505E-12
  6829.83984  1.92845067E-12
  6832.58008  1.92091785E-12
  6835.31982  1.92556583E-12
  6838.06006  1.9267012E-12
  6840.7998  1.91847319E-12
  6843.54004  1.91572886E-12
  6846.27979  1.91689828E-12
  6849.02002  1.9142602E-12
  6851.76025  1.90935462E-12
  6854.5  1.89700079E-12
  6857.24023  1.89308573E-12
  6859.97998  1.91440115E-12
  6862.72021  1.92505582E-12
  6865.45996  1.92170628E-12
  6868.2002  1.92040307E-12
  6870.93994  1.91778472E-12
  6873.68018  1.90932968E-12
  6876.41992  1.90015234E-12
  6879.16016  1.89348905E-12
  6881.8999  1.89463289E-12
  6884.64014  1.90747721E-12
  6887.37988  1.92364397E-12
  6890.12012  1.94591153E-12
  6892.85986  1.93528158E-12
  6895.6001  1.91109108E-12
  6898.33984  1.90301941E-12
  6901.08008  1.90063568E-12
  6903.81982  1.90451821E-12
  6906.56006  1.90681368E-12
  6909.2998  1.90697783E-12
  6912.04004  1.90510021E-12
  6914.77979  1.90189097E-12
  6917.52002  1.90528539E-12
  6920.26025  1.90942574E-12
  6923.  1.90669355E-12
  6925.74023  1.90618246E-12
  6928.47998  1.91240318E-12
  6931.22021  1.91529973E-12
  6933.95996  1.91663352E-12
  6936.7002  1.90080915E-12
  6939.43994  1.87906049E-12
  6942.18018  1.87973942E-12
  6944.91992  1.88602714E-12
  6947.66016  1.89164244E-12
  6950.3999  1.89549049E-12
  6953.14014  1.89984486E-12
  6955.87988  1.8899706E-12
  6958.62012  1.87069956E-12
  6961.35986  1.87730408E-12
  6964.1001  1.89050013E-12
  6966.83984  1.89185017E-12
  6969.58008  1.89046023E-12
  6972.31982  1.8906298E-12
  6975.06006  1.87764171E-12
  6977.7998  1.84612178E-12
  6980.54004  1.86174687E-12
  6983.27979  1.89718749E-12
  6986.02002  1.89783757E-12
  6988.76025  1.89136424E-12
  6991.5  1.88902323E-12
  6994.24023  1.88834452E-12
  6996.97998  1.89363867E-12
  6999.72021  1.88434077E-12
  7002.45996  1.86462174E-12
  7005.2002  1.85133289E-12
  7007.93994  1.84370336E-12
  7010.68018  1.85068627E-12
  7013.41992  1.86076783E-12
  7016.16016  1.87339901E-12
  7018.8999  1.87413735E-12
  7021.64014  1.8595236E-12
  7024.37988  1.86345882E-12
  7027.12012  1.873999E-12
  7029.85986  1.86338596E-12
  7032.6001  1.85480581E-12
  7035.33984  1.87046646E-12
  7038.08008  1.88138958E-12
  7040.81982  1.88506892E-12
  7043.56006  1.87359416E-12
  7046.2998  1.84852155E-12
  7049.04004  1.85629984E-12
  7051.77979  1.87117466E-12
  7054.52002  1.8547607E-12
  7057.26025  1.84061729E-12
  7060.  1.84489468E-12
  7062.74023  1.8462057E-12
  7065.47998  1.84347915E-12
  7068.22021  1.84518178E-12
  7070.95996  1.84901074E-12
  7073.7002  1.85165381E-12
  7076.43994  1.85190144E-12
  7079.18018  1.84693883E-12
  7081.91992  1.83920067E-12
  7084.66016  1.82178881E-12
  7087.3999  1.83016102E-12
  7090.14014  1.86112519E-12
  7092.87988  1.8575007E-12
  7095.62012  1.84089397E-12
  7098.35986  1.82935112E-12
  7101.1001  1.82478208E-12
  7103.83984  1.83577806E-12
  7106.58008  1.84359125E-12
  7109.31982  1.85120647E-12
  7112.06006  1.83590361E-12
  7114.7998  1.80754706E-12
  7117.54004  1.80671342E-12
  7120.27979  1.81441667E-12
  7123.02002  1.8197104E-12
  7125.76025  1.82554015E-12
  7128.5  1.83379852E-12
  7131.24023  1.83529949E-12
  7133.97998  1.83083301E-12
  7136.72021  1.82330713E-12
  7139.45996  1.81514656E-12
  7142.2002  1.81632097E-12
  7144.93994  1.82023624E-12
  7147.68018  1.82847769E-12
  7150.41992  1.82458996E-12
  7153.16016  1.79857811E-12
  7155.8999  1.79902968E-12
  7158.64014  1.81367399E-12
  7161.37988  1.81103017E-12
  7164.12012  1.81506275E-12
  7166.85986  1.86919837E-12
  7169.6001  1.89306903E-12
  7172.33984  1.84222668E-12
  7175.08008  1.82001528E-12
  7177.81982  1.82098477E-12
  7180.56006  1.81285228E-12
  7183.2998  1.80234668E-12
  7186.04004  1.787332E-12
  7188.77979  1.7756417E-12
  7191.52002  1.77488287E-12
  7194.26025  1.77582742E-12
  7197.  1.7768701E-12
  7199.74023  1.78438557E-12
  7202.47998  1.79612618E-12
  7205.22021  1.78858219E-12
  7207.95996  1.7776646E-12
  7210.7002  1.78199415E-12
  7213.43994  1.78965967E-12
  7216.18018  1.80221192E-12
  7218.91992  1.8018962E-12
  7221.66016  1.78599279E-12
  7224.3999  1.79427241E-12
  7227.14014  1.81147577E-12
  7229.87988  1.81032251E-12
  7232.62012  1.80223165E-12
  7235.35986  1.78512532E-12
  7238.1001  1.78025249E-12
  7240.83984  1.79888602E-12
  7243.58008  1.79918623E-12
  7246.31982  1.78891158E-12
  7249.06006  1.79867015E-12
  7251.7998  1.80865002E-12
  7254.54004  1.78612724E-12
  7257.27979  1.77087088E-12
  7260.02002  1.7820837E-12
  7262.76025  1.79361701E-12
  7265.5  1.80790354E-12
  7268.24023  1.8112225E-12
  7270.97998  1.80812234E-12
  7273.72021  1.80464498E-12
  7276.45996  1.79944243E-12
  7279.2002  1.79103206E-12
  7281.93994  1.78602348E-12
  7284.68018  1.79056336E-12
  7287.41992  1.77869427E-12
  7290.16016  1.75421884E-12
  7292.8999  1.76402241E-12
  7295.64014  1.78586844E-12
  7298.37988  1.79706944E-12
  7301.12012  1.80061391E-12
  7303.85986  1.79240347E-12
  7306.6001  1.78154204E-12
  7309.33984  1.76275769E-12
  7312.08008  1.7743425E-12
  7314.81982  1.80118344E-12
  7317.56006  1.79901818E-12
  7320.2998  1.7896832E-12
  7323.04004  1.78531408E-12
  7325.77979  1.78105133E-12
  7328.52002  1.77715568E-12
  7331.26025  1.77123594E-12
  7334.  1.7634493E-12
  7336.74023  1.75896775E-12
  7339.47998  1.75770195E-12
  7342.22021  1.76511822E-12
  7344.95996  1.77135574E-12
  7347.7002  1.76984057E-12
  7350.43994  1.76816396E-12
  7353.18018  1.76573166E-12
  7355.91992  1.76715793E-12
  7358.66016  1.77064439E-12
  7361.3999  1.76974917E-12
  7364.14014  1.76790581E-12
  7366.87988  1.76802301E-12
  7369.62012  1.76716877E-12
  7372.35986  1.76313337E-12
  7375.1001  1.76409018E-12
  7377.83984  1.77011758E-12
  7380.58008  1.76254128E-12
  7383.31982  1.75061419E-12
  7386.06006  1.75136782E-12
  7388.7998  1.75163866E-12
  7391.54004  1.74262265E-12
  7394.27979  1.73795462E-12
  7397.02002  1.74032858E-12
  7399.76025  1.73845552E-12
  7402.5  1.73516735E-12
  7405.24023  1.73988666E-12
  7407.97998  1.74447793E-12
  7410.72021  1.7356882E-12
  7413.45996  1.73363364E-12
  7416.2002  1.74999208E-12
  7418.93994  1.75576155E-12
  7421.68018  1.75277761E-12
  7424.41992  1.74502719E-12
  7427.16016  1.73464086E-12
  7429.8999  1.73353096E-12
  7432.64014  1.73144181E-12
  7435.37988  1.71657014E-12
  7438.12012  1.71545189E-12
  7440.85986  1.73997101E-12
  7443.6001  1.74166009E-12
  7446.33984  1.73117803E-12
  7449.08008  1.73686044E-12
  7451.81982  1.74431216E-12
  7454.56006  1.7393077E-12
  7457.2998  1.73240903E-12
  7460.04004  1.72426873E-12
  7462.77979  1.72232346E-12
  7465.52002  1.72687992E-12
  7468.26025  1.7301476E-12
  7471.  1.73403913E-12
  7473.74023  1.74310512E-12
  7476.47998  1.74569127E-12
  7479.22021  1.7240417E-12
  7481.95996  1.71375403E-12
  7484.7002  1.72633945E-12
  7487.43994  1.72564578E-12
  7490.18018  1.71779951E-12
  7492.91992  1.71306816E-12
  7495.66016  1.70878838E-12
  7498.3999  1.70251725E-12
  7501.14014  1.70147631E-12
  7503.87988  1.71230651E-12
  7506.62012  1.71893652E-12
  7509.35986  1.72250441E-12
  7512.1001  1.71647473E-12
  7514.83984  1.70549328E-12
  7517.58008  1.70492255E-12
  7520.31982  1.70930262E-12
  7523.06006  1.72070225E-12
  7525.7998  1.72615286E-12
  7528.54004  1.72021371E-12
  7531.27979  1.71844657E-12
  7534.02002  1.71868422E-12
  7536.76025  1.7128201E-12
  7539.5  1.70518872E-12
  7542.24023  1.70080703E-12
  7544.97998  1.69908022E-12
  7547.72021  1.7046618E-12
  7550.45996  1.69938315E-12
  7553.2002  1.6777107E-12
  7555.93994  1.67756586E-12
  7558.68018  1.68881565E-12
  7561.41992  1.7021484E-12
  7564.16016  1.71023569E-12
  7566.8999  1.69352965E-12
  7569.64014  1.68690777E-12
  7572.37988  1.70775232E-12
  7575.12012  1.70367268E-12
  7577.85986  1.67976689E-12
  7580.6001  1.6815375E-12
  7583.33984  1.69181672E-12
  7586.08008  1.69364273E-12
  7588.81982  1.69293117E-12
  7591.56006  1.69017122E-12
  7594.2998  1.68586586E-12
  7597.04004  1.67893509E-12
  7599.77979  1.6753672E-12
  7602.52002  1.67409012E-12
  7605.26025  1.67831623E-12
  7608.  1.68361082E-12
  7610.74023  1.68617431E-12
  7613.47998  1.68407833E-12
  7616.22021  1.67226487E-12
  7618.95996  1.6697841E-12
  7621.7002  1.67504845E-12
  7624.43994  1.68164527E-12
  7627.18018  1.68812262E-12
  7629.91992  1.68290447E-12
  7632.66016  1.67954214E-12
  7635.3999  1.68978839E-12
  7638.14014  1.69326499E-12
  7640.87988  1.68848258E-12
  7643.62012  1.676369E-12
  7646.35986  1.65882239E-12
  7649.1001  1.65994475E-12
  7651.83984  1.66472261E-12
  7654.58008  1.65769275E-12
  7657.31982  1.65117301E-12
  7660.06006  1.64630484E-12
  7662.7998  1.64957566E-12
  7665.54004  1.66254792E-12
  7668.27979  1.65388948E-12
  7671.02002  1.64081975E-12
  7673.76025  1.66937406E-12
  7676.5  1.6924564E-12
  7679.24023  1.67187553E-12
  7681.97998  1.6584015E-12
  7684.72021  1.65978049E-12
  7687.45996  1.65588539E-12
  7690.2002  1.6500655E-12
  7692.93994  1.64263503E-12
  7695.68018  1.63626729E-12
  7698.41992  1.63430478E-12
  7701.16016  1.6398379E-12
  7703.8999  1.66026882E-12
  7706.64014  1.67041457E-12
  7709.37988  1.67166541E-12
  7712.12012  1.66276389E-12
  7714.85986  1.64795445E-12
  7717.6001  1.64252759E-12
  7720.33984  1.64188444E-12
  7723.08008  1.65532507E-12
  7725.81982  1.64495381E-12
  7728.56006  1.58206727E-12
  7731.2998  1.58481984E-12
  7734.04004  1.63083089E-12
  7736.77979  1.62515465E-12
  7739.52002  1.60620269E-12
  7742.26025  1.60576934E-12
  7745.  1.60712947E-12
  7747.74023  1.60311705E-12
  7750.47998  1.61117994E-12
  7753.22021  1.63473792E-12
  7755.95996  1.64302339E-12
  7758.7002  1.64442039E-12
  7761.43994  1.6497964E-12
  7764.18018  1.64986189E-12
  7766.91992  1.63214949E-12
  7769.66016  1.62136613E-12
  7772.3999  1.62817882E-12
  7775.14014  1.61816578E-12
  7777.87988  1.59607689E-12
  7780.62012  1.60195869E-12
  7783.35986  1.61417667E-12
  7786.1001  1.59921252E-12
  7788.83984  1.58916196E-12
  7791.58008  1.60332934E-12
  7794.31982  1.60769239E-12
  7797.06006  1.59840392E-12
  7799.7998  1.6027288E-12
  7802.54004  1.61298611E-12
  7805.27979  1.6145362E-12
  7808.02002  1.61512416E-12
  7810.76025  1.62221961E-12
  7813.5  1.62340844E-12
  7816.24023  1.61052497E-12
  7818.97998  1.61182981E-12
  7821.72021  1.62467414E-12
  7824.45996  1.61937846E-12
  7827.2002  1.60808606E-12
  7829.93994  1.60390874E-12
  7832.68018  1.6034614E-12
  7835.41992  1.6093291E-12
  7838.16016  1.61172811E-12
  7840.8999  1.61051099E-12
  7843.64014  1.60411268E-12
  7846.37988  1.59437828E-12
  7849.12012  1.5949271E-12
  7851.85986  1.59579218E-12
  7854.6001  1.58615655E-12
  7857.33984  1.57727661E-12
  7860.08008  1.5714126E-12
  7862.81982  1.56872659E-12
  7865.56006  1.57018799E-12
  7868.2998  1.55159457E-12
  7871.04004  1.53058208E-12
  7873.77979  1.55041485E-12
  7876.52002  1.57414142E-12
  7879.26025  1.5796457E-12
  7882.  1.59066748E-12
  7884.74023  1.61449359E-12
  7887.47998  1.61749759E-12
  7890.22021  1.60819025E-12
  7892.95996  1.60717468E-12
  7895.7002  1.607211E-12
  7898.43994  1.6093845E-12
  7901.18018  1.59956391E-12
  7903.91992  1.56087513E-12
  7906.66016  1.54884276E-12
  7909.3999  1.56197234E-12
  7912.14014  1.56460489E-12
  7914.87988  1.56545285E-12
  7917.62012  1.56784991E-12
  7920.35986  1.57107205E-12
  7923.1001  1.57674004E-12
  7925.83984  1.57897827E-12
  7928.58008  1.57634431E-12
  7931.31982  1.57286456E-12
  7934.06006  1.56809884E-12
  7936.7998  1.56318188E-12
  7939.54004  1.56713878E-12
  7942.27979  1.61474783E-12
  7945.02002  1.6327792E-12
  7947.76025  1.57053602E-12
  7950.5  1.54513208E-12
  7953.24023  1.55439691E-12
  7955.97998  1.56235008E-12
  7958.72021  1.57371728E-12
  7961.45996  1.57986428E-12
  7964.2002  1.58062387E-12
  7966.93994  1.57169622E-12
  7969.68018  1.56172666E-12
  7972.41992  1.54578357E-12
  7975.16016  1.55361455E-12
  7977.8999  1.57909048E-12
  7980.64014  1.59113738E-12
  7983.37988  1.59268627E-12
  7986.12012  1.56420103E-12
  7988.85986  1.54611502E-12
  7991.6001  1.56651883E-12
  7994.33984  1.57022334E-12
  7997.08008  1.55487494E-12
  7999.81982  1.54948222E-12
  8002.56006  1.54873987E-12
  8005.2998  1.55903144E-12
  8008.04004  1.56861123E-12
  8010.77979  1.56425415E-12
  8013.52002  1.56020043E-12
  8016.26025  1.56058478E-12
  8019.  1.55355958E-12
  8021.74023  1.54065953E-12
  8024.47998  1.5363019E-12
  8027.22021  1.53895332E-12
  8029.95996  1.56044242E-12
  8032.7002  1.5730402E-12
  8035.43994  1.55458318E-12
  8038.18018  1.54647128E-12
  8040.91992  1.55024897E-12
  8043.66016  1.55660435E-12
  8046.3999  1.56473836E-12
  8049.14014  1.55828811E-12
  8051.87988  1.54589991E-12
  8054.62012  1.52652381E-12
  8057.35986  1.52183626E-12
  8060.1001  1.54605419E-12
  8062.83984  1.55567085E-12
  8065.58008  1.55543699E-12
  8068.31982  1.56625114E-12
  8071.06006  1.57594727E-12
  8073.7998  1.55971015E-12
  8076.54004  1.54320686E-12
  8079.27979  1.5412747E-12
  8082.02002  1.5369611E-12
  8084.76025  1.52695586E-12
  8087.5  1.52891263E-12
  8090.24023  1.53819893E-12
  8092.97998  1.54723142E-12
  8095.72021  1.55527913E-12
  8098.45996  1.5590618E-12
  8101.2002  1.55878554E-12
  8103.93994  1.5553239E-12
  8106.68018  1.54210683E-12
  8109.41992  1.51749305E-12
  8112.16016  1.52498261E-12
  8114.8999  1.54374896E-12
  8117.64014  1.53808628E-12
  8120.37988  1.53053308E-12
  8123.12012  1.52975777E-12
  8125.85986  1.53418402E-12
  8128.6001  1.54904735E-12
  8131.33984  1.54775422E-12
  8134.08008  1.53678936E-12
  8136.81982  1.52389071E-12
  8139.56006  1.514545E-12
  8142.2998  1.52417586E-12
  8145.04004  1.53355074E-12
  8147.77979  1.53752044E-12
  8150.52002  1.53793146E-12
  8153.26025  1.53431716E-12
  8156.  1.53318363E-12
  8158.74023  1.53187922E-12
  8161.47998  1.52480394E-12
  8164.22021  1.51817122E-12
  8166.95996  1.51692027E-12
  8169.7002  1.51526643E-12
  8172.43994  1.51109789E-12
  8175.18018  1.51385664E-12
  8177.91992  1.52090829E-12
  8180.66016  1.51283944E-12
  8183.3999  1.50160917E-12
  8186.14014  1.50040017E-12
  8188.87988  1.50170393E-12
  8191.62012  1.5051467E-12
  8194.36035  1.50631395E-12
  8197.09961  1.50447872E-12
  8199.83984  1.51083226E-12
  8202.58008  1.51931701E-12
  8205.32031  1.51186236E-12
  8208.05957  1.50280244E-12
  8210.7998  1.50161849E-12
  8213.54004  1.50241809E-12
  8216.28027  1.50833599E-12
  8219.01953  1.50093913E-12
  8221.75977  1.48416934E-12
  8224.5  1.49429416E-12
  8227.24023  1.50994191E-12
  8229.98047  1.50297179E-12
  8232.71973  1.4943011E-12
  8235.45996  1.4876634E-12
  8238.2002  1.49140401E-12
  8240.94043  1.50924878E-12
  8243.67969  1.51000989E-12
  8246.41992  1.50214422E-12
  8249.16016  1.48949299E-12
  8251.90039  1.48390046E-12
  8254.63965  1.50836342E-12
  8257.37988  1.5215059E-12
  8260.12012  1.5104221E-12
  8262.86035  1.50703235E-12
  8265.59961  1.50714424E-12
  8268.33984  1.49998471E-12
  8271.08008  1.49102768E-12
  8273.82031  1.48765288E-12
  8276.55957  1.4852839E-12
  8279.2998  1.48380863E-12
  8282.04004  1.47809098E-12
  8284.78027  1.46347333E-12
  8287.51953  1.47318908E-12
  8290.25977  1.49503348E-12
  8293.  1.49447111E-12
  8295.74023  1.48752928E-12
  8298.48047  1.4798823E-12
  8301.21973  1.4786887E-12
  8303.95996  1.49060592E-12
  8306.7002  1.49433688E-12
  8309.44043  1.49221651E-12
  8312.17969  1.49225738E-12
  8314.91992  1.49322807E-12
  8317.66016  1.49938753E-12
  8320.40039  1.50067654E-12
  8323.13965  1.4868947E-12
  8325.87988  1.478784E-12
  8328.62012  1.47630443E-12
  8331.36035  1.48520887E-12
  8334.09961  1.50054123E-12
  8336.83984  1.48772357E-12
  8339.58008  1.47081186E-12
  8342.32031  1.47467921E-12
  8345.05957  1.47549041E-12
  8347.7998  1.46531864E-12
  8350.54004  1.45988408E-12
  8353.28027  1.45773194E-12
  8356.01953  1.46120724E-12
  8358.75977  1.46557267E-12
  8361.5  1.45295776E-12
  8364.24023  1.44578793E-12
  8366.98047  1.4642313E-12
  8369.71973  1.4733644E-12
  8372.45996  1.46929647E-12
  8375.2002  1.46087005E-12
  8377.94043  1.44861044E-12
  8380.67969  1.46025553E-12
  8383.41992  1.47555709E-12
  8386.16016  1.47132014E-12
  8388.90039  1.46574582E-12
  8391.63965  1.46310698E-12
  8394.37988  1.46037533E-12
  8397.12012  1.45746815E-12
  8399.86035  1.45690588E-12
  8402.59961  1.45721683E-12
  8405.33984  1.45311497E-12
  8408.08008  1.45240124E-12
  8410.82031  1.46554546E-12
  8413.55957  1.46987641E-12
  8416.2998  1.45940139E-12
  8419.04004  1.45288588E-12
  8421.78027  1.44742692E-12
  8424.51953  1.45383239E-12
  8427.25977  1.46341587E-12
  8430.  1.46418804E-12
  8432.74023  1.46564033E-12
  8435.48047  1.47520949E-12
  8438.21973  1.46931827E-12
  8440.95996  1.44408075E-12
  8443.7002  1.44919135E-12
  8446.44043  1.46709294E-12
  8449.17969  1.46934635E-12
  8451.91992  1.46660754E-12
  8454.66016  1.46102314E-12
  8457.40039  1.45416144E-12
  8460.13965  1.44552361E-12
  8462.87988  1.43923252E-12
  8465.62012  1.43442528E-12
  8468.36035  1.4238195E-12
  8471.09961  1.41508203E-12
  8473.83984  1.42338886E-12
  8476.58008  1.43219366E-12
  8479.32031  1.43489485E-12
  8482.05957  1.43698757E-12
  8484.7998  1.43958868E-12
  8487.54004  1.43279193E-12
  8490.28027  1.42033922E-12
  8493.01953  1.41089907E-12
  8495.75977  1.40039586E-12
  8498.5  1.38007401E-12
  8501.24023  1.37697622E-12
  8503.98047  1.40288074E-12
  8506.71973  1.42527114E-12
  8509.45996  1.44889146E-12
  8512.2002  1.44726993E-12
  8514.94043  1.43667185E-12
  8517.67969  1.4431299E-12
  8520.41992  1.44539599E-12
  8523.16016  1.43055999E-12
  8525.90039  1.42369157E-12
  8528.63965  1.43001941E-12
  8531.37988  1.41731299E-12
  8534.12012  1.39080262E-12
  8536.86035  1.33050363E-12
  8539.59961  1.26996536E-12
  8542.33984  1.23629481E-12
  8545.08008  1.24254047E-12
  8547.82031  1.31307356E-12
  8550.55957  1.36078822E-12
  8553.2998  1.39680834E-12
  8556.04004  1.41722788E-12
  8558.78027  1.42412373E-12
  8561.51953  1.41254207E-12
  8564.25977  1.40462002E-12
  8567.  1.41987453E-12
  8569.74023  1.42772296E-12
  8572.48047  1.42501711E-12
  8575.21973  1.42545567E-12
  8577.95996  1.42649477E-12
  8580.7002  1.42971713E-12
  8583.44043  1.43049938E-12
  8586.17969  1.41824887E-12
  8588.91992  1.4131966E-12
  8591.66016  1.42563468E-12
  8594.40039  1.43028124E-12
  8597.13965  1.42911399E-12
  8599.87988  1.42829411E-12
  8602.62012  1.42830919E-12
  8605.36035  1.43817553E-12
  8608.09961  1.44389752E-12
  8610.83984  1.43254679E-12
  8613.58008  1.42556507E-12
  8616.32031  1.42812856E-12
  8619.05957  1.41780218E-12
  8621.7998  1.40086944E-12
  8624.54004  1.40344875E-12
  8627.28027  1.41062368E-12
  8630.02051  1.40848867E-12
  8632.75977  1.40575539E-12
  8635.5  1.40390553E-12
  8638.24023  1.40305703E-12
  8640.98047  1.40376653E-12
  8643.71973  1.39719605E-12
  8646.45996  1.38880108E-12
  8649.2002  1.3966237E-12
  8651.94043  1.39793591E-12
  8654.67969  1.37709202E-12
  8657.41992  1.3431244E-12
  8660.16016  1.28256401E-12
  8662.90039  1.25895334E-12
  8665.63965  1.26075702E-12
  8668.37988  1.32595139E-12
  8671.12012  1.40197511E-12
  8673.86035  1.40439234E-12
  8676.59961  1.39410488E-12
  8679.33984  1.38139337E-12
  8682.08008  1.38156337E-12
  8684.82031  1.39731737E-12
  8687.55957  1.39027266E-12
  8690.2998  1.37525213E-12
  8693.04004  1.38267045E-12
  8695.78027  1.39405067E-12
  8698.52051  1.40152527E-12
  8701.25977  1.40163814E-12
  8704.  1.38726877E-12
  8706.74023  1.38956218E-12
  8709.48047  1.40264634E-12
  8712.21973  1.39193529E-12
  8714.95996  1.37676903E-12
  8717.7002  1.38242412E-12
  8720.44043  1.38885485E-12
  8723.17969  1.38769812E-12
  8725.91992  1.39077627E-12
  8728.66016  1.39908441E-12
  8731.40039  1.40369953E-12
  8734.13965  1.40591575E-12
  8736.87988  1.40283965E-12
  8739.62012  1.39509378E-12
  8742.36035  1.38027242E-12
  8745.09961  1.36707974E-12
  8747.83984  1.35749127E-12
  8750.58008  1.34824975E-12
  8753.32031  1.3395565E-12
  8756.05957  1.34775112E-12
  8758.7998  1.36231987E-12
  8761.54004  1.3684261E-12
  8764.28027  1.37074466E-12
  8767.02051  1.36853257E-12
  8769.75977  1.36567266E-12
  8772.5  1.36174286E-12
  8775.24023  1.35840048E-12
  8777.98047  1.35653045E-12
  8780.71973  1.36691461E-12
  8783.45996  1.3803585E-12
  8786.2002  1.3936699E-12
  8788.94043  1.39279929E-12
  8791.67969  1.36363891E-12
  8794.41992  1.35560627E-12
  8797.16016  1.36368542E-12
  8799.90039  1.35849665E-12
  8802.63965  1.34679041E-12
  8805.37988  1.32111076E-12
  8808.12012  1.30723275E-12
  8810.86035  1.32915695E-12
  8813.59961  1.34536371E-12
  8816.33984  1.35395568E-12
  8819.08008  1.35992335E-12
  8821.82031  1.3627799E-12
  8824.55957  1.36149273E-12
  8827.2998  1.35960047E-12
  8830.04004  1.36397978E-12
  8832.78027  1.36400223E-12
  8835.52051  1.35397292E-12
  8838.25977  1.34868028E-12
  8841.  1.34664827E-12
  8843.74023  1.35030962E-12
  8846.48047  1.35547541E-12
  8849.21973  1.34658398E-12
  8851.95996  1.34318479E-12
  8854.7002  1.36510811E-12
  8857.44043  1.37330761E-12
  8860.17969  1.36172432E-12
  8862.91992  1.34852893E-12
  8865.66016  1.33188989E-12
  8868.40039  1.33132437E-12
  8871.13965  1.336161E-12
  8873.87988  1.33877913E-12
  8876.62012  1.33786027E-12
  8879.36035  1.32808478E-12
  8882.09961  1.328107E-12
  8884.83984  1.33837006E-12
  8887.58008  1.33543643E-12
  8890.32031  1.32867588E-12
  8893.05957  1.33486971E-12
  8895.7998  1.34322295E-12
  8898.54004  1.34785119E-12
  8901.28027  1.35350249E-12
  8904.02051  1.36141489E-12
  8906.75977  1.36745107E-12
  8909.5  1.37211791E-12
  8912.24023  1.36966339E-12
  8914.98047  1.36281654E-12
  8917.71973  1.35472287E-12
  8920.45996  1.34144844E-12
  8923.2002  1.3151149E-12
  8925.94043  1.30457429E-12
  8928.67969  1.30865653E-12
  8931.41992  1.32902099E-12
  8934.16016  1.35593641E-12
  8936.90039  1.34420871E-12
  8939.63965  1.32602642E-12
  8942.37988  1.32061506E-12
  8945.12012  1.31978174E-12
  8947.86035  1.32452307E-12
  8950.59961  1.32925615E-12
  8953.33984  1.33495439E-12
  8956.08008  1.3420519E-12
  8958.82031  1.34505623E-12
  8961.55957  1.32475227E-12
  8964.2998  1.31462441E-12
  8967.04004  1.34042744E-12
  8969.78027  1.34526331E-12
  8972.52051  1.32537904E-12
  8975.25977  1.31856169E-12
  8978.  1.31730727E-12
  8980.74023  1.32530434E-12
  8983.48047  1.33477084E-12
  8986.21973  1.33918928E-12
  8988.95996  1.33842503E-12
  8991.7002  1.32989648E-12
  8994.44043  1.3236132E-12
  8997.17969  1.31813137E-12
  8999.91992  1.30855353E-12
  9002.66016  1.30096433E-12
  9005.40039  1.3132067E-12
  9008.13965  1.31881181E-12
  9010.87988  1.29957243E-12
  9013.62012  1.28524947E-12
  9016.36035  1.27305892E-12
  9019.09961  1.28303011E-12
  9021.83984  1.30656792E-12
  9024.58008  1.3189455E-12
  9027.32031  1.32458953E-12
  9030.05957  1.31579827E-12
  9032.7998  1.31344241E-12
  9035.54004  1.33015821E-12
  9038.28027  1.32618948E-12
  9041.02051  1.30482355E-12
  9043.75977  1.30888703E-12
  9046.5  1.31869288E-12
  9049.24023  1.30249977E-12
  9051.98047  1.28932466E-12
  9054.71973  1.29867395E-12
  9057.45996  1.29861638E-12
  9060.2002  1.28018776E-12
  9062.94043  1.29316826E-12
  9065.67969  1.32165914E-12
  9068.41992  1.30786018E-12
  9071.16016  1.28947862E-12
  9073.90039  1.30666604E-12
  9076.63965  1.31518017E-12
  9079.37988  1.29981572E-12
  9082.12012  1.28798957E-12
  9084.86035  1.27607647E-12
  9087.59961  1.2872598E-12
  9090.33984  1.30759899E-12
  9093.08008  1.31052938E-12
  9095.82031  1.30745957E-12
  9098.55957  1.29904713E-12
  9101.2998  1.2934597E-12
  9104.04004  1.28985028E-12
  9106.78027  1.29724519E-12
  9109.52051  1.31166183E-12
  9112.25977  1.30397201E-12
  9115.  1.29397784E-12
  9117.74023  1.3076635E-12
  9120.48047  1.31364743E-12
  9123.21973  1.29639821E-12
  9125.95996  1.29046155E-12
  9128.7002  1.29521166E-12
  9131.44043  1.28942679E-12
  9134.17969  1.27966995E-12
  9136.91992  1.27155252E-12
  9139.66016  1.26772009E-12
  9142.40039  1.27282668E-12
  9145.13965  1.28098096E-12
  9147.87988  1.29549377E-12
  9150.62012  1.29691646E-12
  9153.36035  1.29018476E-12
  9156.09961  1.30284314E-12
  9158.83984  1.31613004E-12
  9161.58008  1.30362756E-12
  9164.32031  1.29216754E-12
  9167.05957  1.29233386E-12
  9169.7998  1.29009054E-12
  9172.54004  1.28563859E-12
  9175.28027  1.28060073E-12
  9178.02051  1.27757017E-12
  9180.75977  1.29399779E-12
  9183.5  1.30974029E-12
  9186.24023  1.31044893E-12
  9188.98047  1.30040716E-12
  9191.71973  1.27152423E-12
  9194.45996  1.26249271E-12
  9197.2002  1.26624091E-12
  9199.94043  1.25717969E-12
  9202.67969  1.24679401E-12
  9205.41992  1.24624161E-12
  9208.16016  1.2501893E-12
  9210.90039  1.26011983E-12
  9213.63965  1.26598623E-12
  9216.37988  1.26856674E-12
  9219.12012  1.26319636E-12
  9221.86035  1.25286695E-12
  9224.59961  1.2472497E-12
  9227.33984  1.24346909E-12
  9230.08008  1.24079848E-12
  9232.82031  1.24081095E-12
  9235.55957  1.24386927E-12
  9238.2998  1.24986187E-12
  9241.04004  1.25886931E-12
  9243.78027  1.26534384E-12
  9246.52051  1.26740805E-12
  9249.25977  1.2527478E-12
  9252.  1.24099927E-12
  9254.74023  1.24522766E-12
  9257.48047  1.24565093E-12
  9260.21973  1.24132421E-12
  9262.95996  1.23784132E-12
  9265.7002  1.23452691E-12
  9268.44043  1.23325211E-12
  9271.17969  1.23412988E-12
  9273.91992  1.23822404E-12
  9276.66016  1.24399351E-12
  9279.40039  1.25414035E-12
  9282.13965  1.25474305E-12
  9284.87988  1.24716025E-12
  9287.62012  1.24177957E-12
  9290.36035  1.23784739E-12
  9293.09961  1.24333291E-12
  9295.83984  1.24433764E-12
  9298.58008  1.22691646E-12
  9301.32031  1.22007027E-12
  9304.05957  1.22793952E-12
  9306.7998  1.23248666E-12
  9309.54004  1.23682683E-12
  9312.28027  1.23647869E-12
  9315.02051  1.23656153E-12
  9317.75977  1.24513594E-12
  9320.5  1.25052583E-12
  9323.24023  1.24760315E-12
  9325.98047  1.24814764E-12
  9328.71973  1.25177689E-12
  9331.45996  1.24671421E-12
  9334.2002  1.23819954E-12
  9336.94043  1.23488925E-12
  9339.67969  1.23179602E-12
  9342.41992  1.22454304E-12
  9345.16016  1.22374864E-12
  9347.90039  1.23150958E-12
  9350.63965  1.242613E-12
  9353.37988  1.25614298E-12
  9356.12012  1.24349934E-12
  9358.86035  1.22460896E-12
  9361.59961  1.22108281E-12
  9364.33984  1.21913525E-12
  9367.08008  1.21509747E-12
  9369.82031  1.2146627E-12
  9372.55957  1.21775842E-12
  9375.2998  1.22253412E-12
  9378.04004  1.22703941E-12
  9380.78027  1.21860291E-12
  9383.52051  1.2135437E-12
  9386.25977  1.22944721E-12
  9389.  1.23549565E-12
  9391.74023  1.22328298E-12
  9394.48047  1.22025014E-12
  9397.21973  1.22156354E-12
  9399.95996  1.23095544E-12
  9402.7002  1.23817254E-12
  9405.44043  1.2218411E-12
  9408.17969  1.20559389E-12
  9410.91992  1.19692982E-12
  9413.66016  1.19273114E-12
  9416.40039  1.19395412E-12
  9419.13965  1.19159836E-12
  9421.87988  1.1889296E-12
  9424.62012  1.1912679E-12
  9427.36035  1.19717029E-12
  9430.09961  1.212305E-12
  9432.83984  1.21456675E-12
  9435.58008  1.19171611E-12
  9438.32031  1.1883064E-12
  9441.05957  1.1967545E-12
  9443.7998  1.19670365E-12
  9446.54004  1.19464519E-12
  9449.28027  1.19372719E-12
  9452.02051  1.19337743E-12
  9454.75977  1.19417302E-12
  9457.5  1.19437912E-12
  9460.24023  1.19419362E-12
  9462.98047  1.19257685E-12
  9465.71973  1.18968518E-12
  9468.45996  1.18420562E-12
  9471.2002  1.17877973E-12
  9473.94043  1.17551455E-12
  9476.67969  1.1748792E-12
  9479.41992  1.17906769E-12
  9482.16016  1.17890962E-12
  9484.90039  1.17572152E-12
  9487.63965  1.17093921E-12
  9490.37988  1.16762567E-12
  9493.12012  1.17728364E-12
  9495.86035  1.18436662E-12
  9498.59961  1.17659409E-12
  9501.33984  1.17892588E-12
  9504.08008  1.19589018E-12
  9506.82031  1.1981194E-12
  9509.55957  1.19390348E-12
  9512.2998  1.20096522E-12
  9515.04004  1.20650939E-12
  9517.78027  1.19683105E-12
  9520.52051  1.18965775E-12
  9523.25977  1.18977441E-12
  9526.  1.19032312E-12
  9528.74023  1.19249185E-12
  9531.48047  1.18045005E-12
  9534.21973  1.16302974E-12
  9536.95996  1.15464517E-12
  9539.7002  1.14755232E-12
  9542.44043  1.13697604E-12
  9545.17969  1.13360059E-12
  9547.91992  1.14006179E-12
  9550.66016  1.14415649E-12
  9553.40039  1.14777773E-12
  9556.13965  1.14279007E-12
  9558.87988  1.13944162E-12
  9561.62012  1.15589732E-12
  9564.36035  1.16246411E-12
  9567.09961  1.14113406E-12
  9569.83984  1.14305245E-12
  9572.58008  1.16576649E-12
  9575.32031  1.17321962E-12
  9578.05957  1.17296721E-12
  9580.7998  1.15851187E-12
  9583.54004  1.1470241E-12
  9586.28027  1.15283943E-12
  9589.02051  1.16004342E-12
  9591.75977  1.1726142E-12
  9594.5  1.16458243E-12
  9597.24023  1.14423206E-12
  9599.98047  1.14870158E-12
  9602.71973  1.16052827E-12
  9605.45996  1.1696489E-12
  9608.2002  1.17110304E-12
  9610.94043  1.15587834E-12
  9613.67969  1.15187146E-12
  9616.41992  1.15826294E-12
  9619.16016  1.16117901E-12
  9621.90039  1.16387401E-12
  9624.63965  1.16985143E-12
  9627.37988  1.17123769E-12
  9630.12012  1.15951769E-12
  9632.86035  1.14745258E-12
  9635.59961  1.13467775E-12
  9638.33984  1.12817839E-12
  9641.08008  1.12616817E-12
  9643.82031  1.121367E-12
  9646.55957  1.1201155E-12
  9649.2998  1.13584684E-12
  9652.04004  1.14649121E-12
  9654.78027  1.14110446E-12
  9657.52051  1.13587763E-12
  9660.25977  1.12867777E-12
  9663.  1.13427778E-12
  9665.74023  1.14522627E-12
  9668.48047  1.14261595E-12
  9671.21973  1.13652631E-12
  9673.95996  1.13111538E-12
  9676.7002  1.12705277E-12
  9679.44043  1.12410981E-12
  9682.17969  1.12402036E-12
  9684.91992  1.12659253E-12
  9687.66016  1.14931892E-12
  9690.40039  1.17135295E-12
  9693.13965  1.15114624E-12
  9695.87988  1.12865349E-12
  9698.62012  1.11587432E-12
  9701.36035  1.11608173E-12
  9704.09961  1.13432495E-12
  9706.83984  1.12999291E-12
  9709.58008  1.11661342E-12
  9712.32031  1.12177704E-12
  9715.05957  1.12990335E-12
  9717.7998  1.13467439E-12
  9720.54004  1.12924676E-12
  9723.28027  1.10226487E-12
  9726.02051  1.09958646E-12
  9728.75977  1.11498788E-12
  9731.5  1.11544454E-12
  9734.24023  1.11271409E-12
  9736.98047  1.11760482E-12
  9739.71973  1.12189511E-12
  9742.45996  1.12242474E-12
  9745.2002  1.12114625E-12
  9747.94043  1.11707974E-12
  9750.67969  1.1176214E-12
  9753.41992  1.11930658E-12
  9756.16016  1.10429201E-12
  9758.90039  1.09204421E-12
  9761.63965  1.10676637E-12
  9764.37988  1.11897319E-12
  9767.12012  1.1223958E-12
  9769.86035  1.12234777E-12
  9772.59961  1.11854981E-12
  9775.33984  1.10724982E-12
  9778.08008  1.09706612E-12
  9780.82031  1.11692058E-12
  9783.55957  1.13209572E-12
  9786.2998  1.11674168E-12
  9789.04004  1.11199277E-12
  9791.78027  1.12339554E-12
  9794.52051  1.12720955E-12
  9797.25977  1.1276004E-12
  9800.  1.11853376E-12
  9802.74023  1.10878039E-12
  9805.48047  1.11152006E-12
  9808.21973  1.11132783E-12
  9810.95996  1.10339591E-12
  9813.7002  1.09373372E-12
  9816.44043  1.0802289E-12
  9819.17969  1.09173369E-12
  9821.91992  1.11270791E-12
  9824.66016  1.11058287E-12
  9827.40039  1.1112811E-12
  9830.13965  1.13773205E-12
  9832.87988  1.14377594E-12
  9835.62012  1.11508318E-12
  9838.36035  1.11003307E-12
  9841.09961  1.1157904E-12
  9843.83984  1.11602318E-12
  9846.58008  1.11295391E-12
  9849.32031  1.09699565E-12
  9852.05957  1.0933819E-12
  9854.7998  1.1225516E-12
  9857.54004  1.12697623E-12
  9860.28027  1.10689116E-12
  9863.02051  1.10793276E-12
  9865.75977  1.11353364E-12
  9868.5  1.09204616E-12
  9871.24023  1.07487977E-12
  9873.98047  1.08907794E-12
  9876.71973  1.096892E-12
  9879.45996  1.0970246E-12
  9882.2002  1.07720267E-12
  9884.94043  1.04265511E-12
  9887.67969  1.05408488E-12
  9890.41992  1.07785092E-12
  9893.16016  1.07610643E-12
  9895.90039  1.07716093E-12
  9898.63965  1.0925141E-12
  9901.37988  1.10148587E-12
  9904.12012  1.10440433E-12
  9906.86035  1.10624075E-12
  9909.59961  1.10607638E-12
  9912.33984  1.10388489E-12
  9915.08008  1.09987833E-12
  9917.82031  1.09031122E-12
  9920.55957  1.09042224E-12
  9923.2998  1.11683048E-12
  9926.04004  1.09624614E-12
  9928.78027  1.04206812E-12
  9931.52051  1.05077459E-12
  9934.25977  1.07787401E-12
  9937.  1.07920801E-12
  9939.74023  1.07367522E-12
  9942.48047  1.0614233E-12
  9945.21973  1.05325644E-12
  9947.95996  1.04900051E-12
  9950.7002  1.0505545E-12
  9953.44043  1.05302507E-12
  9956.17969  1.02052069E-12
  9958.91992  9.98470729E-13
  9961.66016  1.0481582E-12
  9964.40039  1.07017455E-12
  9967.13965  1.02787028E-12
  9969.87988  1.02144617E-12
  9972.62012  1.03804216E-12
  9975.36035  1.04309497E-12
  9978.09961  1.04744002E-12
  9980.83984  1.06105554E-12
  9983.58008  1.07092189E-12
  9986.32031  1.06723734E-12
  9989.05957  1.06868063E-12
  9991.7998  1.07665417E-12
  9994.54004  1.0839926E-12
  9997.28027  1.09055961E-12
  10000.0205  1.08561955E-12
  10002.7598  1.07415205E-12
  10005.5  1.0546234E-12
  10008.2402  1.041939E-12
  10010.9805  1.04212797E-12
  10013.7197  1.04474751E-12
  10016.46  1.05195009E-12
  10019.2002  1.03118339E-12
  10021.9404  1.00509726E-12
  10024.6797  1.02076268E-12
  10027.4199  1.04106686E-12
  10030.1602  1.05135345E-12
  10032.9004  1.053122E-12
  10035.6396  1.04332829E-12
  10038.3799  1.03649793E-12
  10041.1201  1.03085747E-12
  10043.8604  1.04294232E-12
  10046.5996  1.05540229E-12
  10049.3398  1.04247871E-12
  10052.0801  1.03864573E-12
  10054.8203  1.06544688E-12
  10057.5596  1.05831088E-12
  10060.2998  1.0186177E-12
  10063.04  1.0190722E-12
  10065.7803  1.03535073E-12
  10068.5205  1.04478741E-12
  10071.2598  1.04868393E-12
  10074.  1.03796258E-12
  10076.7402  1.03546425E-12
  10079.4805  1.04621867E-12
  10082.2197  1.05390111E-12
  10084.96  1.06043657E-12
  10087.7002  1.04086065E-12
  10090.4404  1.0264168E-12
  10093.1797  1.08320135E-12
  10095.9199  1.0997956E-12
  10098.6602  1.00455462E-12
  10101.4004  9.77346351E-13
  10104.1396  1.01410167E-12
  10106.8799  1.02549056E-12
  10109.6201  1.02702959E-12
  10112.3604  9.89870187E-13
  10115.0996  9.707943E-13
  10117.8398  1.04196751E-12
  10120.5801  1.06731182E-12
  10123.3203  1.00595899E-12
  10126.0596  9.97297839E-13
  10128.7998  1.01473062E-12
  10131.54  1.00456362E-12
  10134.2803  9.90847161E-13
  10137.0205  9.97433256E-13
  10139.7598  1.00211224E-12
  10142.5  9.8993719E-13
  10145.2402  1.00128608E-12
  10147.9805  1.0431661E-12
  10150.7197  1.03191696E-12
  10153.46  1.00018507E-12
  10156.2002  1.02188613E-12
  10158.9404  1.04361029E-12
  10161.6797  1.02773389E-12
  10164.4199  1.00650586E-12
  10167.1602  9.73347705E-13
  10169.9004  9.75248853E-13
  10172.6396  1.00326822E-12
  10175.3799  1.00726133E-12
  10178.1201  1.00589762E-12
  10180.8604  1.01638815E-12
  10183.5996  1.02102983E-12
  10186.3398  1.01120403E-12
  10189.0801  9.97878212E-13
  10191.8203  9.7470621E-13
  10194.5596  1.03785047E-12
  10197.2998  1.08445317E-12
  10200.04  5.14491282E-13
  10202.7803 -5.9747556E-14
  10205.5205 -4.6243862E-14
