#*HD055496
#*
#*  Heap-Lindler STIS
#set .z.units = "Ergs/s/cm**2/A"
#set .z.label = "Flux"
#set .table.bandwidth = 2.74
#*
  2950.  1.73247999E-13
  2952.73999  1.86919124E-13
  2955.47998  1.9520228E-13
  2958.21997  2.06749928E-13
  2960.95996  2.03757814E-13
  2963.69995  1.89106191E-13
  2966.43994  1.43899649E-13
  2969.17993  1.52012056E-13
  2971.91992  1.61485056E-13
  2974.65991  2.05091369E-13
  2977.3999  2.32923462E-13
  2980.13989  1.91248357E-13
  2982.87988  1.55844508E-13
  2985.62012  1.5456912E-13
  2988.36011  1.89623328E-13
  2991.1001  2.31532567E-13
  2993.84009  2.13548919E-13
  2996.58008  2.19049659E-13
  2999.32007  1.92519679E-13
  3002.06006  1.77870102E-13
  3004.80005  2.10581403E-13
  3007.54004  2.06996719E-13
  3010.28003  2.25575364E-13
  3013.02002  2.20814401E-13
  3015.76001  1.99863238E-13
  3018.5  1.68590998E-13
  3021.23999  1.49780416E-13
  3023.97998  1.93142242E-13
  3026.71997  2.10046309E-13
  3029.45996  2.25534421E-13
  3032.19995  2.313978E-13
  3034.93994  2.45328389E-13
  3037.67993  2.19593319E-13
  3040.41992  2.33043484E-13
  3043.15991  2.38398331E-13
  3045.8999  2.47477386E-13
  3048.63989  2.28873805E-13
  3051.37988  2.24346556E-13
  3054.12012  1.92868047E-13
  3056.86011  1.73511094E-13
  3059.6001  1.58810749E-13
  3062.34009  1.88848232E-13
  3065.08008  1.75784653E-13
  3067.82007  1.88688759E-13
  3070.56006  2.06663191E-13
  3073.30005  2.10913277E-13
  3076.04004  2.14994363E-13
  3078.78003  2.16285309E-13
  3081.52002  2.15745472E-13
  3084.26001  2.06410491E-13
  3087.  1.82924775E-13
  3089.73999  1.58196752E-13
  3092.47998  1.52790839E-13
  3095.21997  1.69530934E-13
  3097.95996  1.6771846E-13
  3100.69995  1.77659103E-13
  3103.43994  2.1776614E-13
  3106.17993  2.35154073E-13
  3108.91992  2.40974639E-13
  3111.65991  2.35618491E-13
  3114.3999  2.29486406E-13
  3117.13989  2.06688399E-13
  3119.87988  1.90750749E-13
  3122.62012  1.95811276E-13
  3125.36011  2.05792536E-13
  3128.1001  2.09213438E-13
  3130.84009  2.07496618E-13
  3133.58008  2.04629879E-13
  3136.32007  2.26095957E-13
  3139.06006  2.28454788E-13
  3141.80005  2.04364452E-13
  3144.54004  1.91301009E-13
  3147.28003  2.24614394E-13
  3150.02002  2.4386187E-13
  3152.76001  2.30131452E-13
  3155.5  1.87156009E-13
  3158.23999  1.65483011E-13
  3160.97998  1.86486812E-13
  3163.71997  2.17344006E-13
  3166.45996  2.36404646E-13
  3169.19995  2.65591694E-13
  3171.93994  2.98446923E-13
  3174.67993  2.85113702E-13
  3177.41992  2.62074813E-13
  3180.15991  2.16819943E-13
  3182.8999  2.16404274E-13
  3185.63989  2.4734533E-13
  3188.37988  2.50330654E-13
  3191.12012  2.20714506E-13
  3193.86011  2.43440142E-13
  3196.6001  2.91787292E-13
  3199.34009  3.04674932E-13
  3202.08008  3.1183457E-13
  3204.82007  3.19981834E-13
  3207.56006  2.91737744E-13
  3210.30005  2.63913078E-13
  3213.04004  2.54631575E-13
  3215.78003  2.83069602E-13
  3218.52002  3.06330184E-13
  3221.26001  2.85814666E-13
  3224.  2.69655067E-13
  3226.73999  2.57505931E-13
  3229.47998  2.66244871E-13
  3232.21997  2.74852867E-13
  3234.95996  2.55803733E-13
  3237.69995  2.77036179E-13
  3240.43994  2.99172742E-13
  3243.17993  3.31561655E-13
  3245.91992  3.5001128E-13
  3248.65991  3.24711287E-13
  3251.3999  3.32561154E-13
  3254.13989  3.59502548E-13
  3256.87988  3.95301278E-13
  3259.62012  4.03147947E-13
  3262.36011  3.92431557E-13
  3265.1001  3.94956691E-13
  3267.84009  3.94742832E-13
  3270.58008  3.78369238E-13
  3273.32007  3.6335892E-13
  3276.06006  3.49346095E-13
  3278.80005  3.19565067E-13
  3281.54004  3.12058295E-13
  3284.28003  3.29918574E-13
  3287.02002  3.48946837E-13
  3289.76001  4.0388328E-13
  3292.5  4.22483283E-13
  3295.23999  4.09643863E-13
  3297.97998  3.99069205E-13
  3300.71997  3.88221112E-13
  3303.45996  3.63230144E-13
  3306.19995  3.25273743E-13
  3308.93994  3.04234638E-13
  3311.67993  3.1117158E-13
  3314.41992  3.19783371E-13
  3317.15991  3.28574543E-13
  3319.8999  3.26816455E-13
  3322.63989  3.20866977E-13
  3325.37988  3.28852342E-13
  3328.12012  3.14598689E-13
  3330.86011  3.19073381E-13
  3333.6001  2.93697629E-13
  3336.34009  2.54349981E-13
  3339.08008  2.70250158E-13
  3341.82007  3.01370311E-13
  3344.56006  2.96036606E-13
  3347.30005  2.8441263E-13
  3350.04004  2.8766708E-13
  3352.78003  3.26510547E-13
  3355.52002  2.77208568E-13
  3358.26001  1.6129959E-13
  3361.  1.61097454E-13
  3363.73999  2.31464018E-13
  3366.47998  2.0743105E-13
  3369.21997  1.55095378E-13
  3371.95996  1.61857046E-13
  3374.69995  2.11236736E-13
  3377.43994  2.36240633E-13
  3380.17993  2.15315314E-13
  3382.91992  2.18208427E-13
  3385.65991  2.17717337E-13
  3388.3999  2.33583335E-13
  3391.13989  2.56972937E-13
  3393.87988  2.882252E-13
  3396.62012  3.4180536E-13
  3399.36011  3.68807063E-13
  3402.1001  3.37677965E-13
  3404.84009  3.00812272E-13
  3407.58008  2.82444478E-13
  3410.32007  2.84391298E-13
  3413.06006  2.9105307E-13
  3415.80005  3.14905952E-13
  3418.54004  3.51222903E-13
  3421.28003  3.76971078E-13
  3424.02002  3.59173872E-13
  3426.76001  3.83136068E-13
  3429.5  4.05658038E-13
  3432.23999  3.86264181E-13
  3434.97998  3.91982453E-13
  3437.71997  3.50047844E-13
  3440.45996  3.08952543E-13
  3443.19995  3.34621165E-13
  3445.93994  3.9148944E-13
  3448.67993  4.2878079E-13
  3451.41992  4.17790775E-13
  3454.15991  4.17870111E-13
  3456.8999  4.2344497E-13
  3459.63989  4.02895843E-13
  3462.37988  4.14665589E-13
  3465.12012  4.3183469E-13
  3467.86011  4.60860516E-13
  3470.6001  4.68885185E-13
  3473.34009  4.28227278E-13
  3476.08008  3.90853392E-13
  3478.82007  4.40466348E-13
  3481.56006  4.55646751E-13
  3484.30005  4.81409346E-13
  3487.04004  5.00149401E-13
  3489.78003  4.63729803E-13
  3492.52002  4.56972188E-13
  3495.26001  4.38924803E-13
  3498.  4.75612171E-13
  3500.73999  5.18225491E-13
  3503.47998  5.19146846E-13
  3506.21997  4.93797277E-13
  3508.95996  4.97636546E-13
  3511.69995  4.81759381E-13
  3514.43994  4.83824623E-13
  3517.17993  5.01622019E-13
  3519.91992  4.68227291E-13
  3522.65991  4.2923705E-13
  3525.3999  4.14725491E-13
  3528.13989  4.60385582E-13
  3530.87988  4.6466406E-13
  3533.62012  4.79917375E-13
  3536.36011  4.8011367E-13
  3539.1001  4.79729592E-13
  3541.84009  4.58179664E-13
  3544.58008  4.60114585E-13
  3547.32007  4.38661531E-13
  3550.06006  4.18295417E-13
  3552.80005  3.93955268E-13
  3555.54004  3.82516474E-13
  3558.28003  3.88378403E-13
  3561.02002  3.89354049E-13
  3563.76001  3.83266552E-13
  3566.5  3.54193969E-13
  3569.23999  3.52922715E-13
  3571.97998  3.7939305E-13
  3574.71997  3.90394206E-13
  3577.45996  3.55789291E-13
  3580.19995  2.97515024E-13
  3582.93994  2.26981181E-13
  3585.67993  2.2943412E-13
  3588.41992  2.77222906E-13
  3591.15991  3.84801349E-13
  3593.8999  4.86171162E-13
  3596.63989  5.43855651E-13
  3599.37988  5.83090867E-13
  3602.12012  5.53604417E-13
  3604.86011  5.40830727E-13
  3607.6001  5.21749148E-13
  3610.34009  5.02671743E-13
  3613.08008  5.37111371E-13
  3615.82007  5.68428171E-13
  3618.56006  5.27096867E-13
  3621.30005  5.69978309E-13
  3624.04004  6.06008191E-13
  3626.78003  6.30131418E-13
  3629.52002  5.64748552E-13
  3632.26001  5.18543162E-13
  3635.  5.41194151E-13
  3637.73999  5.8597349E-13
  3640.47998  6.16048933E-13
  3643.21997  5.67665489E-13
  3645.95996  5.53095222E-13
  3648.69995  5.65063567E-13
  3651.43994  6.02012255E-13
  3654.17993  6.41503831E-13
  3656.91992  6.58000997E-13
  3659.65991  6.4531903E-13
  3662.3999  6.46568411E-13
  3665.13989  6.46501461E-13
  3667.87988  6.332234E-13
  3670.62012  6.29366188E-13
  3673.36011  6.53338603E-13
  3676.1001  6.49757375E-13
  3678.84009  6.23829981E-13
  3681.58008  6.20679181E-13
  3684.32007  6.26304022E-13
  3687.06006  6.12723902E-13
  3689.80005  6.73628091E-13
  3692.54004  6.88559019E-13
  3695.28003  6.93600938E-13
  3698.02002  7.07445116E-13
  3700.76001  7.29011144E-13
  3703.5  6.35070176E-13
  3706.23999  5.93749334E-13
  3708.97998  6.2462649E-13
  3711.71997  6.66515346E-13
  3714.45996  7.29805756E-13
  3717.19995  6.87884482E-13
  3719.93994  5.77325026E-13
  3722.67993  5.80597744E-13
  3725.41992  6.6736471E-13
  3728.15991  6.39763795E-13
  3730.8999  6.00588101E-13
  3733.63989  5.0786106E-13
  3736.37988  4.86961491E-13
  3739.12012  5.69749868E-13
  3741.86011  6.0238289E-13
  3744.6001  5.70311539E-13
  3747.34009  5.29843855E-13
  3750.08008  5.33560555E-13
  3752.82007  6.58349135E-13
  3755.56006  6.98207497E-13
  3758.30005  5.92067628E-13
  3761.04004  6.09970191E-13
  3763.78003  6.40136869E-13
  3766.52002  6.31736254E-13
  3769.26001  6.29789244E-13
  3772.  6.29129398E-13
  3774.73999  6.39932877E-13
  3777.47998  6.38842061E-13
  3780.21997  6.64245568E-13
  3782.95996  6.56816452E-13
  3785.69995  6.0954269E-13
  3788.43994  5.59146859E-13
  3791.17993  5.41717224E-13
  3793.91992  5.12832019E-13
  3796.65991  4.81073785E-13
  3799.3999  5.00052094E-13
  3802.13989  5.57121189E-13
  3804.87988  5.46007521E-13
  3807.62012  5.10010708E-13
  3810.36011  5.17020346E-13
  3813.1001  4.99966821E-13
  3815.84009  4.55305823E-13
  3818.58008  4.3177869E-13
  3821.32007  4.23058181E-13
  3824.06006  3.95744256E-13
  3826.80005  3.846784E-13
  3829.54004  3.71798349E-13
  3832.28003  3.55837349E-13
  3835.02002  3.61661628E-13
  3837.76001  3.62259214E-13
  3840.5  3.92495444E-13
  3843.23999  4.07504732E-13
  3845.97998  3.7342796E-13
  3848.71997  3.35885372E-13
  3851.45996  3.3408557E-13
  3854.19995  3.28388467E-13
  3856.93994  3.0995871E-13
  3859.67993  2.85213313E-13
  3862.41992  3.38373399E-13
  3865.15991  3.37771044E-13
  3867.8999  2.87835971E-13
  3870.63989  2.79711421E-13
  3873.37988  3.84971677E-13
  3876.12012  4.24426607E-13
  3878.86011  3.63361251E-13
  3881.6001  3.69140347E-13
  3884.34009  5.80796208E-13
  3887.08008  6.5325539E-13
  3889.82007  6.74659005E-13
  3892.56006  7.3065886E-13
  3895.30005  7.36332544E-13
  3898.04004  7.61141692E-13
  3900.78003  7.66351175E-13
  3903.52002  7.57987423E-13
  3906.26001  7.26808154E-13
  3909.  7.79877356E-13
  3911.73999  7.9987926E-13
  3914.47998  7.54905144E-13
  3917.21997  7.27634804E-13
  3919.95996  6.70655805E-13
  3922.69995  6.39314556E-13
  3925.43994  5.52103177E-13
  3928.17993  3.63616797E-13
  3930.91992  2.13442233E-13
  3933.65991  1.63625718E-13
  3936.3999  2.6071891E-13
  3939.13989  4.24427583E-13
  3941.87988  5.31225725E-13
  3944.62012  6.34775164E-13
  3947.36011  7.16207692E-13
  3950.1001  7.44795284E-13
  3952.84009  7.56305066E-13
  3955.58008  7.66593115E-13
  3958.32007  7.36834096E-13
  3961.06006  5.95036173E-13
  3963.80005  4.24899861E-13
  3966.54004  2.51631452E-13
  3969.28003  2.42049002E-13
  3972.02002  4.09545499E-13
  3974.76001  6.23502985E-13
  3977.5  7.99915147E-13
  3980.23999  8.73177127E-13
  3982.97998  8.81191441E-13
  3985.71997  9.12005389E-13
  3988.45996  9.50108807E-13
  3991.19995  9.85520584E-13
  3993.93994  9.69292463E-13
  3996.67993  9.40377008E-13
  3999.41992  9.76710249E-13
  4002.15991  1.01985922E-12
  4004.8999  9.73012361E-13
  4007.63989  1.00633618E-12
  4010.37988  1.05657865E-12
  4013.12012  1.05420078E-12
  4015.86011  1.05763803E-12
  4018.6001  1.0550637E-12
  4021.34009  1.04092982E-12
  4024.08008  1.03662196E-12
  4026.82007  1.06944586E-12
  4029.56006  1.01119146E-12
  4032.30005  9.75247552E-13
  4035.04004  1.0366173E-12
  4037.78003  1.11471542E-12
  4040.52002  1.0798349E-12
  4043.26001  1.02567564E-12
  4046.  9.94059652E-13
  4048.73999  1.04588408E-12
  4051.47998  1.06677536E-12
  4054.21997  1.05982313E-12
  4056.95996  1.04758715E-12
  4059.69995  1.06462603E-12
  4062.43994  1.04247101E-12
  4065.17993  1.02173261E-12
  4067.91992  1.06325018E-12
  4070.65991  1.06223569E-12
  4073.3999  1.01522653E-12
  4076.13989  9.09716963E-13
  4078.87988  9.46904881E-13
  4081.62012  1.04249107E-12
  4084.36011  1.04315981E-12
  4087.1001  1.10066036E-12
  4089.84009  1.12943303E-12
  4092.58008  1.10806351E-12
  4095.32007  1.06120429E-12
  4098.06006  1.01497554E-12
  4100.7998  9.14699414E-13
  4103.54004  9.56270545E-13
  4106.27979  1.03644513E-12
  4109.02002  1.01694434E-12
  4111.75977  1.02779645E-12
  4114.5  1.05493273E-12
  4117.24023  1.03047388E-12
  4119.97998  1.00008727E-12
  4122.72021  9.92216942E-13
  4125.45996  9.98905602E-13
  4128.2002  9.88559603E-13
  4130.93994  9.59672229E-13
  4133.68018  9.41609746E-13
  4136.41992  9.87074788E-13
  4139.16016  1.00182449E-12
  4141.8999  9.31576864E-13
  4144.64014  9.20543047E-13
  4147.37988  9.26809194E-13
  4150.12012  8.86491347E-13
  4152.85986  8.83015828E-13
  4155.6001  8.90957609E-13
  4158.33984  9.3856227E-13
  4161.08008  9.61894952E-13
  4163.81982  9.34081263E-13
  4166.56006  8.99179819E-13
  4169.2998  9.14241447E-13
  4172.04004  8.64724958E-13
  4174.77979  8.60084519E-13
  4177.52002  8.49232414E-13
  4180.25977  8.72837989E-13
  4183.  9.34461167E-13
  4185.74023  9.39744484E-13
  4188.47998  9.29023243E-13
  4191.22021  9.30885252E-13
  4193.95996  9.0158561E-13
  4196.7002  8.73419501E-13
  4199.43994  9.31688862E-13
  4202.18018  9.66918386E-13
  4204.91992  9.5456954E-13
  4207.66016  9.59881371E-13
  4210.3999  9.50493482E-13
  4213.14014  8.98914949E-13
  4215.87988  9.17423798E-13
  4218.62012  1.08903815E-12
  4221.35986  1.13039515E-12
  4224.1001  1.02890136E-12
  4226.83984  9.79443631E-13
  4229.58008  1.0904307E-12
  4232.31982  1.11748187E-12
  4235.06006  1.09214959E-12
  4237.7998  1.07728269E-12
  4240.54004  1.10601144E-12
  4243.27979  1.12729368E-12
  4246.02002  1.10168504E-12
  4248.75977  1.0586176E-12
  4251.5  1.10139523E-12
  4254.24023  1.10367303E-12
  4256.97998  1.10739293E-12
  4259.72021  1.09426595E-12
  4262.45996  1.12856686E-12
  4265.2002  1.1512308E-12
  4267.93994  1.10735238E-12
  4270.68018  1.04056672E-12
  4273.41992  1.01114223E-12
  4276.16016  1.06959916E-12
  4278.8999  1.08299415E-12
  4281.64014  1.0501038E-12
  4284.37988  1.01690065E-12
  4287.12012  9.82937147E-13
  4289.85986  9.55883051E-13
  4292.6001  9.95639335E-13
  4295.33984  9.54137051E-13
  4298.08008  8.18571014E-13
  4300.81982  7.40510192E-13
  4303.56006  7.34011484E-13
  4306.2998  7.30957287E-13
  4309.04004  6.96962995E-13
  4311.77979  7.82855443E-13
  4314.52002  1.03348818E-12
  4317.25977  1.22898718E-12
  4320.  1.22333383E-12
  4322.74023  1.07601428E-12
  4325.47998  1.05056285E-12
  4328.22021  1.17249418E-12
  4330.95996  1.24270147E-12
  4333.7002  1.23831078E-12
  4336.43994  1.14898802E-12
  4339.18018  1.00521815E-12
  4341.91992  1.06203739E-12
  4344.66016  1.19744351E-12
  4347.3999  1.23728404E-12
  4350.14014  1.17172103E-12
  4352.87988  1.13638417E-12
  4355.62012  1.17066469E-12
  4358.35986  1.18942258E-12
  4361.1001  1.21443448E-12
  4363.83984  1.2290775E-12
  4366.58008  1.20678944E-12
  4369.31982  1.16575445E-12
  4372.06006  1.14371511E-12
  4374.7998  1.1278193E-12
  4377.54004  1.17029812E-12
  4380.27979  1.16959307E-12
  4383.02002  1.09391066E-12
  4385.75977  1.10568575E-12
  4388.5  1.1514355E-12
  4391.24023  1.16804602E-12
  4393.97998  1.17326906E-12
  4396.72021  1.19739017E-12
  4399.45996  1.19437956E-12
  4402.2002  1.21583472E-12
  4404.93994  1.21766085E-12
  4407.68018  1.31289012E-12
  4410.41992  1.33409072E-12
  4413.16016  1.29143625E-12
  4415.8999  1.26900226E-12
  4418.64014  1.30396226E-12
  4421.37988  1.32499404E-12
  4424.12012  1.32476191E-12
  4426.85986  1.31905869E-12
  4429.6001  1.31792006E-12
  4432.33984  1.32047281E-12
  4435.08008  1.31035807E-12
  4437.81982  1.34835676E-12
  4440.56006  1.32304736E-12
  4443.2998  1.27535048E-12
  4446.04004  1.31670445E-12
  4448.77979  1.33829222E-12
  4451.52002  1.32361494E-12
  4454.25977  1.28880294E-12
  4457.  1.2831961E-12
  4459.74023  1.2862452E-12
  4462.47998  1.30568332E-12
  4465.22021  1.32985972E-12
  4467.95996  1.31529835E-12
  4470.7002  1.34255335E-12
  4473.43994  1.40548131E-12
  4476.18018  1.42615444E-12
  4478.91992  1.40092365E-12
  4481.66016  1.36809878E-12
  4484.3999  1.37965464E-12
  4487.14014  1.38663018E-12
  4489.87988  1.35578593E-12
  4492.62012  1.35353838E-12
  4495.35986  1.34451705E-12
  4498.1001  1.36416106E-12
  4500.83984  1.40144634E-12
  4503.58008  1.44253012E-12
  4506.31982  1.44860469E-12
  4509.06006  1.43584602E-12
  4511.7998  1.42160643E-12
  4514.54004  1.4001865E-12
  4517.27979  1.39173341E-12
  4520.02002  1.39625345E-12
  4522.75977  1.36729777E-12
  4525.5  1.31712891E-12
  4528.24023  1.29921204E-12
  4530.97998  1.31056028E-12
  4533.72021  1.30952844E-12
  4536.45996  1.35666088E-12
  4539.2002  1.40975588E-12
  4541.93994  1.41126477E-12
  4544.68018  1.37924643E-12
  4547.41992  1.33693599E-12
  4550.16016  1.32474847E-12
  4552.8999  1.31863129E-12
  4555.64014  1.36136599E-12
  4558.37988  1.42314231E-12
  4561.12012  1.42983368E-12
  4563.85986  1.41819933E-12
  4566.6001  1.43799154E-12
  4569.33984  1.4296794E-12
  4572.08008  1.41434954E-12
  4574.81982  1.42809495E-12
  4577.56006  1.4211888E-12
  4580.2998  1.40064436E-12
  4583.04004  1.40134009E-12
  4585.77979  1.42615065E-12
  4588.52002  1.44397623E-12
  4591.25977  1.43920932E-12
  4594.  1.44799624E-12
  4596.74023  1.46635503E-12
  4599.47998  1.45061621E-12
  4602.22021  1.43174405E-12
  4604.95996  1.44355166E-12
  4607.7002  1.47651813E-12
  4610.43994  1.48765364E-12
  4613.18018  1.4780333E-12
  4615.91992  1.47261272E-12
  4618.66016  1.4840439E-12
  4621.3999  1.50616835E-12
  4624.14014  1.50424009E-12
  4626.87988  1.48016191E-12
  4629.62012  1.48286602E-12
  4632.35986  1.49821128E-12
  4635.1001  1.48994705E-12
  4637.83984  1.48207239E-12
  4640.58008  1.50852475E-12
  4643.31982  1.51047176E-12
  4646.06006  1.47924186E-12
  4648.7998  1.4772582E-12
  4651.54004  1.48032509E-12
  4654.27979  1.46281424E-12
  4657.02002  1.481524E-12
  4659.75977  1.5218522E-12
  4662.5  1.5156047E-12
  4665.24023  1.46632543E-12
  4667.97998  1.43551273E-12
  4670.72021  1.47617975E-12
  4673.45996  1.51795969E-12
  4676.2002  1.51231349E-12
  4678.93994  1.48388474E-12
  4681.68018  1.47424672E-12
  4684.41992  1.49369178E-12
  4687.16016  1.50818637E-12
  4689.8999  1.51196037E-12
  4692.64014  1.530957E-12
  4695.37988  1.54634769E-12
  4698.12012  1.52035253E-12
  4700.85986  1.49326786E-12
  4703.6001  1.48044673E-12
  4706.33984  1.46770118E-12
  4709.08008  1.49225651E-12
  4711.81982  1.51897147E-12
  4714.56006  1.52124819E-12
  4717.2998  1.53525456E-12
  4720.04004  1.54196924E-12
  4722.77979  1.54126852E-12
  4725.52002  1.53466205E-12
  4728.25977  1.51467662E-12
  4731.  1.5089065E-12
  4733.74023  1.51238418E-12
  4736.47998  1.51538309E-12
  4739.22021  1.51975578E-12
  4741.95996  1.53071013E-12
  4744.7002  1.54311459E-12
  4747.43994  1.54246169E-12
  4750.18018  1.54090998E-12
  4752.91992  1.53763547E-12
  4755.66016  1.52651145E-12
  4758.3999  1.53237384E-12
  4761.14014  1.50832688E-12
  4763.87988  1.48225377E-12
  4766.62012  1.51448689E-12
  4769.35986  1.53347712E-12
  4772.1001  1.53908266E-12
  4774.83984  1.55889429E-12
  4777.58008  1.56081929E-12
  4780.31982  1.54323028E-12
  4783.06006  1.53134981E-12
  4785.7998  1.50918026E-12
  4788.54004  1.51227587E-12
  4791.27979  1.53958747E-12
  4794.02002  1.55262597E-12
  4796.75977  1.54193E-12
  4799.5  1.53509443E-12
  4802.24023  1.54421213E-12
  4804.97998  1.53835972E-12
  4807.72021  1.53916333E-12
  4810.45996  1.55010336E-12
  4813.2002  1.55579933E-12
  4815.93994  1.56316475E-12
  4818.68018  1.56383272E-12
  4821.41992  1.54926256E-12
  4824.16016  1.53761389E-12
  4826.8999  1.54517122E-12
  4829.64014  1.55160043E-12
  4832.37988  1.55957636E-12
  4835.12012  1.56079186E-12
  4837.85986  1.54470794E-12
  4840.6001  1.53755622E-12
  4843.33984  1.55042006E-12
  4846.08008  1.56672212E-12
  4848.81982  1.55634327E-12
  4851.56006  1.52824736E-12
  4854.2998  1.50036331E-12
  4857.04004  1.44095337E-12
  4859.77979  1.32815091E-12
  4862.52002  1.31055691E-12
  4865.25977  1.4428221E-12
  4868.  1.50306471E-12
  4870.74023  1.50004998E-12
  4873.47998  1.49910423E-12
  4876.22021  1.52000754E-12
  4878.95996  1.52724686E-12
  4881.7002  1.53200998E-12
  4884.43994  1.51845756E-12
  4887.18018  1.52229271E-12
  4889.91992  1.51050114E-12
  4892.66016  1.52704E-12
  4895.3999  1.58217731E-12
  4898.14014  1.57334931E-12
  4900.87988  1.54586446E-12
  4903.62012  1.54602221E-12
  4906.35986  1.56050682E-12
  4909.1001  1.5517185E-12
  4911.83984  1.54172898E-12
  4914.58008  1.56150386E-12
  4917.31982  1.53754787E-12
  4920.06006  1.48341571E-12
  4922.7998  1.48166538E-12
  4925.54004  1.53119206E-12
  4928.27979  1.58169951E-12
  4931.02002  1.58081317E-12
  4933.75977  1.53839799E-12
  4936.5  1.51777885E-12
  4939.24023  1.52726692E-12
  4941.97998  1.55267303E-12
  4944.72021  1.58880721E-12
  4947.45996  1.59226354E-12
  4950.2002  1.59967027E-12
  4952.93994  1.58804708E-12
  4955.68018  1.55141037E-12
  4958.41992  1.52691792E-12
  4961.16016  1.56009569E-12
  4963.8999  1.5810685E-12
  4966.64014  1.57158824E-12
  4969.37988  1.57584308E-12
  4972.12012  1.58259289E-12
  4974.85986  1.58983666E-12
  4977.6001  1.58031639E-12
  4980.33984  1.52190684E-12
  4983.08008  1.47656421E-12
  4985.81982  1.49627088E-12
  4988.56006  1.54521383E-12
  4991.2998  1.54719748E-12
  4994.04004  1.5436374E-12
  4996.77979  1.54705524E-12
  4999.52002  1.54333729E-12
  5002.25977  1.53082874E-12
  5005.  1.52188592E-12
  5007.74023  1.52319162E-12
  5010.47998  1.51445729E-12
  5013.22021  1.48339555E-12
  5015.95996  1.47845028E-12
  5018.7002  1.51255896E-12
  5021.43994  1.52428406E-12
  5024.18018  1.5404853E-12
  5026.91992  1.55649972E-12
  5029.66016  1.56948966E-12
  5032.3999  1.56942352E-12
  5035.14014  1.53825227E-12
  5037.87988  1.49858045E-12
  5040.62012  1.47747147E-12
  5043.35986  1.48684992E-12
  5046.1001  1.56438675E-12
  5048.83984  1.56299995E-12
  5051.58008  1.54488054E-12
  5054.31982  1.59257048E-12
  5057.06006  1.62764019E-12
  5059.7998  1.60076759E-12
  5062.54004  1.57715453E-12
  5065.27979  1.55739755E-12
  5068.02002  1.56201636E-12
  5070.75977  1.57044961E-12
  5073.5  1.56253244E-12
  5076.24023  1.54104247E-12
  5078.97998  1.51705254E-12
  5081.72021  1.49830213E-12
  5084.45996  1.53360549E-12
  5087.2002  1.56079641E-12
  5089.93994  1.56564724E-12
  5092.68018  1.60338182E-12
  5095.41992  1.62694456E-12
  5098.16016  1.55607656E-12
  5100.8999  1.53081736E-12
  5103.64014  1.5541238E-12
  5106.37988  1.53854739E-12
  5109.12012  1.51899359E-12
  5111.85986  1.54692242E-12
  5114.6001  1.57512133E-12
  5117.33984  1.59413335E-12
  5120.08008  1.58392396E-12
  5122.81982  1.55926335E-12
  5125.56006  1.52905726E-12
  5128.2998  1.51939138E-12
  5131.04004  1.53352569E-12
  5133.77979  1.55393797E-12
  5136.52002  1.54978016E-12
  5139.25977  1.5201397E-12
  5142.  1.5077374E-12
  5144.74023  1.51762999E-12
  5147.47998  1.53695318E-12
  5150.22021  1.53142809E-12
  5152.95996  1.52263239E-12
  5155.7002  1.54642651E-12
  5158.43994  1.59397614E-12
  5161.18018  1.59183907E-12
  5163.91992  1.53563284E-12
  5166.66016  1.43602361E-12
  5169.3999  1.36352399E-12
  5172.14014  1.39926894E-12
  5174.87988  1.44276182E-12
  5177.62012  1.56190057E-12
  5180.35986  1.55920437E-12
  5183.1001  1.46207916E-12
  5185.83984  1.42363378E-12
  5188.58008  1.50581836E-12
  5191.31982  1.50173006E-12
  5194.06006  1.48563659E-12
  5196.7998  1.5192345E-12
  5199.54004  1.53853189E-12
  5202.27979  1.52935531E-12
  5205.02002  1.49919584E-12
  5207.75977  1.48008819E-12
  5210.5  1.51902926E-12
  5213.24023  1.56951492E-12
  5215.97998  1.56912905E-12
  5218.72021  1.55851352E-12
  5221.45996  1.5954988E-12
  5224.2002  1.56112558E-12
  5226.93994  1.50076577E-12
  5229.68018  1.52290376E-12
  5232.41992  1.57295238E-12
  5235.16016  1.56314035E-12
  5237.8999  1.6031292E-12
  5240.64014  1.60550935E-12
  5243.37988  1.60761302E-12
  5246.12012  1.60510494E-12
  5248.85986  1.56342257E-12
  5251.6001  1.55430053E-12
  5254.33984  1.56771015E-12
  5257.08008  1.57514821E-12
  5259.81982  1.58234222E-12
  5262.56006  1.53037262E-12
  5265.2998  1.46862622E-12
  5268.04004  1.47598427E-12
  5270.77979  1.48046679E-12
  5273.52002  1.52846789E-12
  5276.25977  1.56612906E-12
  5279.  1.59996799E-12
  5281.74023  1.58706663E-12
  5284.47998  1.58317185E-12
  5287.22021  1.62168521E-12
  5289.95996  1.62824572E-12
  5292.7002  1.61907044E-12
  5295.43994  1.60858815E-12
  5298.18018  1.57183305E-12
  5300.91992  1.58179622E-12
  5303.66016  1.59971363E-12
  5306.3999  1.62179764E-12
  5309.14014  1.61895421E-12
  5311.87988  1.63614977E-12
  5314.62012  1.61491133E-12
  5317.35986  1.60166444E-12
  5320.1001  1.60925483E-12
  5322.83984  1.5888187E-12
  5325.58008  1.55517591E-12
  5328.31982  1.52644683E-12
  5331.06006  1.54702564E-12
  5333.7998  1.59646547E-12
  5336.54004  1.59621014E-12
  5339.27979  1.59481109E-12
  5342.02002  1.56695696E-12
  5344.75977  1.5930279E-12
  5347.5  1.58037689E-12
  5350.24023  1.57657134E-12
  5352.97998  1.60226899E-12
  5355.72021  1.6174488E-12
  5358.45996  1.63940996E-12
  5361.2002  1.62621641E-12
  5363.93994  1.5994157E-12
  5366.68018  1.58394066E-12
  5369.41992  1.57501638E-12
  5372.16016  1.55835728E-12
  5374.8999  1.60490046E-12
  5377.64014  1.63175539E-12
  5380.37988  1.61966252E-12
  5383.12012  1.60830388E-12
  5385.85986  1.612552E-12
  5388.6001  1.63942709E-12
  5391.33984  1.60192703E-12
  5394.08008  1.57810863E-12
  5396.81982  1.5642921E-12
  5399.56006  1.57101795E-12
  5402.2998  1.57762464E-12
  5405.04004  1.55029331E-12
  5407.77979  1.56914152E-12
  5410.52002  1.57833046E-12
  5413.25977  1.58666396E-12
  5416.  1.60244181E-12
  5418.74023  1.59586808E-12
  5421.47998  1.61466316E-12
  5424.22021  1.60518181E-12
  5426.95996  1.58011039E-12
  5429.7002  1.57820155E-12
  5432.43994  1.57121148E-12
  5435.18018  1.58174006E-12
  5437.91992  1.60831494E-12
  5440.66016  1.63204237E-12
  5443.3999  1.61242558E-12
  5446.14014  1.58387658E-12
  5448.87988  1.58890045E-12
  5451.62012  1.61364162E-12
  5454.35986  1.59466071E-12
  5457.1001  1.57585154E-12
  5459.83984  1.60618112E-12
  5462.58008  1.61513392E-12
  5465.31982  1.62150252E-12
  5468.06006  1.62396702E-12
  5470.7998  1.62621186E-12
  5473.54004  1.60843637E-12
  5476.27979  1.58228888E-12
  5479.02002  1.57412473E-12
  5481.75977  1.61231E-12
  5484.5  1.62275911E-12
  5487.24023  1.63464923E-12
  5489.97998  1.61963661E-12
  5492.72021  1.63810079E-12
  5495.45996  1.61720095E-12
  5498.2002  1.58420911E-12
  5500.93994  1.59898863E-12
  5503.68018  1.59949983E-12
  5506.41992  1.61332232E-12
  5509.16016  1.60518886E-12
  5511.8999  1.61700829E-12
  5514.64014  1.62060328E-12
  5517.37988  1.63627608E-12
  5520.12012  1.6512939E-12
  5522.85986  1.6374816E-12
  5525.6001  1.62620839E-12
  5528.33984  1.61295771E-12
  5531.08008  1.61941337E-12
  5533.81982  1.6328874E-12
  5536.56006  1.63101683E-12
  5539.2998  1.64901946E-12
  5542.04004  1.66745068E-12
  5544.77979  1.64629139E-12
  5547.52002  1.64285697E-12
  5550.25977  1.66407177E-12
  5553.  1.66022881E-12
  5555.74023  1.65253347E-12
  5558.47998  1.65942856E-12
  5561.22021  1.65861823E-12
  5563.95996  1.63733686E-12
  5566.7002  1.62139497E-12
  5569.43994  1.61875331E-12
  5572.18018  1.61681649E-12
  5574.91992  1.63133721E-12
  5577.66016  1.62840672E-12
  5580.3999  1.62790365E-12
  5583.14014  1.63377992E-12
  5585.87988  1.6365751E-12
  5588.62012  1.60053199E-12
  5591.35986  1.5946361E-12
  5594.1001  1.61959259E-12
  5596.83984  1.61499904E-12
  5599.58008  1.60770008E-12
  5602.31982  1.6317272E-12
  5605.06006  1.6533798E-12
  5607.7998  1.66237315E-12
  5610.54004  1.65263745E-12
  5613.27979  1.65060294E-12
  5616.02002  1.63865861E-12
  5618.75977  1.64655952E-12
  5621.5  1.6716331E-12
  5624.24023  1.64721145E-12
  5626.97998  1.65005509E-12
  5629.72021  1.66939477E-12
  5632.45996  1.67724667E-12
  5635.2002  1.67463732E-12
  5637.93994  1.65710121E-12
  5640.68018  1.65063265E-12
  5643.41992  1.63952532E-12
  5646.16016  1.64478132E-12
  5648.8999  1.65348128E-12
  5651.64014  1.63099959E-12
  5654.37988  1.61982222E-12
  5657.12012  1.63326817E-12
  5659.85986  1.63590636E-12
  5662.6001  1.63425003E-12
  5665.33984  1.63077288E-12
  5668.08008  1.62912414E-12
  5670.81982  1.63563932E-12
  5673.56006  1.65038545E-12
  5676.2998  1.69343034E-12
  5679.04004  1.67663247E-12
  5681.77979  1.5896002E-12
  5684.52002  1.59683063E-12
  5687.25977  1.64380716E-12
  5690.  1.66072321E-12
  5692.74023  1.66346255E-12
  5695.47998  1.64291898E-12
  5698.22021  1.62530612E-12
  5700.95996  1.61399366E-12
  5703.7002  1.60646236E-12
  5706.43994  1.60282117E-12
  5709.18018  1.60602814E-12
  5711.91992  1.61714663E-12
  5714.66016  1.64873399E-12
  5717.3999  1.66713128E-12
  5720.14014  1.64462617E-12
  5722.87988  1.64651344E-12
  5725.62012  1.67769379E-12
  5728.35986  1.67972157E-12
  5731.1001  1.66809708E-12
  5733.83984  1.65496154E-12
  5736.58008  1.64504846E-12
  5739.31982  1.65179133E-12
  5742.06006  1.6515553E-12
  5744.7998  1.63790585E-12
  5747.54004  1.62322293E-12
  5750.27979  1.60587862E-12
  5753.02002  1.63137808E-12
  5755.75977  1.674019E-12
  5758.5  1.71057504E-12
  5761.24023  1.72275757E-12
  5763.97998  1.67925125E-12
  5766.72021  1.66063582E-12
  5769.45996  1.67250003E-12
  5772.2002  1.67160025E-12
  5774.93994  1.66677555E-12
  5777.68018  1.6540481E-12
  5780.41992  1.65109647E-12
  5783.16016  1.69535241E-12
  5785.8999  1.71024371E-12
  5788.64014  1.65846991E-12
  5791.37988  1.64985864E-12
  5794.12012  1.6718159E-12
  5796.85986  1.67327382E-12
  5799.6001  1.67011749E-12
  5802.33984  1.67483247E-12
  5805.08008  1.67731291E-12
  5807.81982  1.67013636E-12
  5810.56006  1.66888638E-12
  5813.2998  1.67500107E-12
  5816.04004  1.68380533E-12
  5818.77979  1.69326814E-12
  5821.52002  1.67432984E-12
  5824.26025  1.65397362E-12
  5827.  1.6646594E-12
  5829.74023  1.670491E-12
  5832.47998  1.65713949E-12
  5835.22021  1.6603845E-12
  5837.95996  1.67829379E-12
  5840.7002  1.67857189E-12
  5843.43994  1.66996993E-12
  5846.18018  1.65327539E-12
  5848.91992  1.63799725E-12
  5851.66016  1.63166854E-12
  5854.3999  1.62875345E-12
  5857.14014  1.62792739E-12
  5859.87988  1.63802207E-12
  5862.62012  1.65443798E-12
  5865.35986  1.63905434E-12
  5868.1001  1.62336529E-12
  5870.83984  1.65259137E-12
  5873.58008  1.66696138E-12
  5876.31982  1.64348884E-12
  5879.06006  1.62104976E-12
  5881.7998  1.59719124E-12
  5884.54004  1.56196237E-12
  5887.27979  1.52726378E-12
  5890.02002  1.53025476E-12
  5892.76025  1.54729224E-12
  5895.5  1.57068315E-12
  5898.24023  1.59256668E-12
  5900.97998  1.61211224E-12
  5903.72021  1.62991647E-12
  5906.45996  1.64533057E-12
  5909.2002  1.64210442E-12
  5911.93994  1.63398049E-12
  5914.68018  1.64081118E-12
  5917.41992  1.64343257E-12
  5920.16016  1.63087404E-12
  5922.8999  1.63067021E-12
  5925.64014  1.64422675E-12
  5928.37988  1.6401161E-12
  5931.12012  1.62963892E-12
  5933.85986  1.63171213E-12
  5936.6001  1.63685612E-12
  5939.33984  1.64358089E-12
  5942.08008  1.64377756E-12
  5944.81982  1.63302466E-12
  5947.56006  1.62683593E-12
  5950.2998  1.62257111E-12
  5953.04004  1.61971185E-12
  5955.77979  1.6209138E-12
  5958.52002  1.63522462E-12
  5961.26025  1.64605861E-12
  5964.  1.64503394E-12
  5966.74023  1.64272654E-12
  5969.47998  1.63872778E-12
  5972.22021  1.63318176E-12
  5974.95996  1.62701818E-12
  5977.7002  1.62623582E-12
  5980.43994  1.62648595E-12
  5983.18018  1.62464443E-12
  5985.91992  1.62297985E-12
  5988.66016  1.62104553E-12
  5991.3999  1.62132807E-12
  5994.14014  1.62339825E-12
  5996.87988  1.64012586E-12
  5999.62012  1.656725E-12
  6002.35986  1.63888542E-12
  6005.1001  1.62683387E-12
  6007.83984  1.64655919E-12
  6010.58008  1.6505342E-12
  6013.31982  1.63313362E-12
  6016.06006  1.63743097E-12
  6018.7998  1.65027562E-12
  6021.54004  1.6436866E-12
  6024.27979  1.63241718E-12
  6027.02002  1.62223381E-12
  6029.76025  1.62059905E-12
  6032.5  1.63438815E-12
  6035.24023  1.64174176E-12
  6037.97998  1.64562634E-12
  6040.72021  1.63546661E-12
  6043.45996  1.62745652E-12
  6046.2002  1.675089E-12
  6048.93994  1.6997341E-12
  6051.68018  1.63748214E-12
  6054.41992  1.60550349E-12
  6057.16016  1.60716221E-12
  6059.8999  1.64311067E-12
  6062.64014  1.6993658E-12
  6065.37988  1.66176589E-12
  6068.12012  1.60985851E-12
  6070.85986  1.61774392E-12
  6073.6001  1.62877144E-12
  6076.33984  1.63608114E-12
  6079.08008  1.63060451E-12
  6081.81982  1.61228745E-12
  6084.56006  1.61359229E-12
  6087.2998  1.62137166E-12
  6090.04004  1.6158792E-12
  6092.77979  1.61409525E-12
  6095.52002  1.63186825E-12
  6098.26025  1.63439802E-12
  6101.  1.61151723E-12
  6103.74023  1.60985407E-12
  6106.47998  1.61770586E-12
  6109.22021  1.60409099E-12
  6111.95996  1.59161215E-12
  6114.7002  1.60947308E-12
  6117.43994  1.6224435E-12
  6120.18018  1.6187275E-12
  6122.91992  1.61441823E-12
  6125.66016  1.60848797E-12
  6128.3999  1.60013084E-12
  6131.14014  1.590105E-12
  6133.87988  1.58057616E-12
  6136.62012  1.57114003E-12
  6139.35986  1.55526547E-12
  6142.1001  1.55949169E-12
  6144.83984  1.60171453E-12
  6147.58008  1.60368084E-12
  6150.31982  1.58329003E-12
  6153.06006  1.58765655E-12
  6155.7998  1.59284164E-12
  6158.54004  1.56950722E-12
  6161.27979  1.55700312E-12
  6164.02002  1.57896905E-12
  6166.76025  1.57994342E-12
  6169.5  1.55769657E-12
  6172.24023  1.56898182E-12
  6174.97998  1.59240904E-12
  6177.72021  1.58689544E-12
  6180.45996  1.57935557E-12
  6183.2002  1.58794733E-12
  6185.93994  1.59214384E-12
  6188.68018  1.58693154E-12
  6191.41992  1.58649981E-12
  6194.16016  1.58883551E-12
  6196.8999  1.61156169E-12
  6199.64014  1.63207176E-12
  6202.37988  1.6048791E-12
  6205.12012  1.58049854E-12
  6207.85986  1.58093135E-12
  6210.6001  1.57927013E-12
  6213.33984  1.57480561E-12
  6216.08008  1.58163749E-12
  6218.81982  1.59234691E-12
  6221.56006  1.58077024E-12
  6224.2998  1.56684041E-12
  6227.04004  1.56571273E-12
  6229.77979  1.56514081E-12
  6232.52002  1.56177024E-12
  6235.26025  1.56689494E-12
  6238.  1.57888101E-12
  6240.74023  1.5720758E-12
  6243.47998  1.55893365E-12
  6246.22021  1.55302811E-12
  6248.95996  1.54994062E-12
  6251.7002  1.54974796E-12
  6254.43994  1.55110441E-12
  6257.18018  1.55356674E-12
  6259.91992  1.56089898E-12
  6262.66016  1.5712079E-12
  6265.3999  1.57720278E-12
  6268.14014  1.58295024E-12
  6270.87988  1.5932983E-12
  6273.62012  1.59841107E-12
  6276.35986  1.59313231E-12
  6279.1001  1.59367615E-12
  6281.83984  1.59843666E-12
  6284.58008  1.58712529E-12
  6287.31982  1.57413004E-12
  6290.06006  1.59276964E-12
  6292.7998  1.60336024E-12
  6295.54004  1.57583235E-12
  6298.27979  1.56452965E-12
  6301.02002  1.57525653E-12
  6303.76025  1.58018249E-12
  6306.5  1.58380362E-12
  6309.24023  1.57367175E-12
  6311.97998  1.56972395E-12
  6314.72021  1.60927814E-12
  6317.45996  1.62661052E-12
  6320.2002  1.59205331E-12
  6322.93994  1.57563155E-12
  6325.68018  1.57092503E-12
  6328.41992  1.567224E-12
  6331.16016  1.56496929E-12
  6333.8999  1.55785682E-12
  6336.64014  1.55264213E-12
  6339.37988  1.55346363E-12
  6342.12012  1.55653593E-12
  6344.85986  1.56537879E-12
  6347.6001  1.55912577E-12
  6350.33984  1.54450942E-12
  6353.08008  1.54922006E-12
  6355.81982  1.55823585E-12
  6358.56006  1.55688993E-12
  6361.2998  1.55984947E-12
  6364.04004  1.57702681E-12
  6366.77979  1.57786653E-12
  6369.52002  1.56281476E-12
  6372.26025  1.55812787E-12
  6375.  1.55797413E-12
  6377.74023  1.56516868E-12
  6380.47998  1.57024784E-12
  6383.22021  1.5661501E-12
  6385.95996  1.55596727E-12
  6388.7002  1.53239661E-12
  6391.43994  1.53283939E-12
  6394.18018  1.5479059E-12
  6396.91992  1.54397621E-12
  6399.66016  1.5364075E-12
  6402.3999  1.53871653E-12
  6405.14014  1.54027507E-12
  6407.87988  1.53473252E-12
  6410.62012  1.54014757E-12
  6413.35986  1.55896802E-12
  6416.1001  1.5558157E-12
  6418.83984  1.5422532E-12
  6421.58008  1.53055769E-12
  6424.31982  1.52455793E-12
  6427.06006  1.53564444E-12
  6429.7998  1.54209718E-12
  6432.54004  1.5368929E-12
  6435.27979  1.54351792E-12
  6438.02002  1.5575605E-12
  6440.76025  1.56001752E-12
  6443.5  1.55682205E-12
  6446.24023  1.54753955E-12
  6448.97998  1.54171543E-12
  6451.72021  1.54526663E-12
  6454.45996  1.55049584E-12
  6457.2002  1.55973682E-12
  6459.93994  1.55427244E-12
  6462.68018  1.54236975E-12
  6465.41992  1.54747667E-12
  6468.16016  1.55176761E-12
  6470.8999  1.53799326E-12
  6473.64014  1.53130319E-12
  6476.37988  1.53949683E-12
  6479.12012  1.54183339E-12
  6481.85986  1.54124283E-12
  6484.6001  1.53941768E-12
  6487.33984  1.53299715E-12
  6490.08008  1.5109641E-12
  6492.81982  1.49103158E-12
  6495.56006  1.47614831E-12
  6498.2998  1.48478354E-12
  6501.04004  1.52658853E-12
  6503.77979  1.5340563E-12
  6506.52002  1.52575251E-12
  6509.26025  1.52428265E-12
  6512.  1.52850302E-12
  6514.74023  1.55133859E-12
  6517.47998  1.56260822E-12
  6520.22021  1.54925205E-12
  6522.95996  1.54535195E-12
  6525.7002  1.54681075E-12
  6528.43994  1.5528542E-12
  6531.18018  1.55849931E-12
  6533.91992  1.54622007E-12
  6536.66016  1.53730641E-12
  6539.3999  1.54743395E-12
  6542.14014  1.54981182E-12
  6544.87988  1.5438332E-12
  6547.62012  1.52949539E-12
  6550.35986  1.50846479E-12
  6553.1001  1.49869342E-12
  6555.83984  1.47513566E-12
  6558.58008  1.38309936E-12
  6561.31982  1.33665821E-12
  6564.06006  1.37979103E-12
  6566.7998  1.43208286E-12
  6569.54004  1.50447059E-12
  6572.27979  1.53245017E-12
  6575.02002  1.53920507E-12
  6577.76025  1.54634877E-12
  6580.5  1.54835736E-12
  6583.24023  1.54272417E-12
  6585.97998  1.54098045E-12
  6588.72021  1.5471102E-12
  6591.45996  1.54188392E-12
  6594.2002  1.53097684E-12
  6596.93994  1.53499359E-12
  6599.68018  1.54625531E-12
  6602.41992  1.5687293E-12
  6605.16016  1.57582768E-12
  6607.8999  1.54701935E-12
  6610.64014  1.53802719E-12
  6613.37988  1.54551632E-12
  6616.12012  1.55601422E-12
  6618.85986  1.56832598E-12
  6621.6001  1.56836154E-12
  6624.33984  1.56355256E-12
  6627.08008  1.55471664E-12
  6629.81982  1.54887323E-12
  6632.56006  1.54677464E-12
  6635.2998  1.54904865E-12
  6638.04004  1.55464736E-12
  6640.77979  1.54723977E-12
  6643.52002  1.53821801E-12
  6646.26025  1.54173961E-12
  6649.  1.54668986E-12
  6651.74023  1.54905125E-12
  6654.47998  1.55606832E-12
  6657.22021  1.5699448E-12
  6659.95996  1.56406724E-12
  6662.7002  1.54861258E-12
  6665.43994  1.5394566E-12
  6668.18018  1.53480267E-12
  6670.91992  1.54127492E-12
  6673.66016  1.5409193E-12
  6676.3999  1.5251421E-12
  6679.14014  1.52580791E-12
  6681.87988  1.53701661E-12
  6684.62012  1.54245594E-12
  6687.35986  1.5457903E-12
  6690.1001  1.54694129E-12
  6692.83984  1.54457155E-12
  6695.58008  1.53609731E-12
  6698.31982  1.53058534E-12
  6701.06006  1.5309171E-12
  6703.7998  1.5060454E-12
  6706.54004  1.47318008E-12
  6709.27979  1.49122663E-12
  6712.02002  1.51983883E-12
  6714.76025  1.53490892E-12
  6717.5  1.5411098E-12
  6720.24023  1.53387286E-12
  6722.97998  1.53211059E-12
  6725.72021  1.53290087E-12
  6728.45996  1.52467904E-12
  6731.2002  1.51536065E-12
  6733.93994  1.51941296E-12
  6736.68018  1.5220003E-12
  6739.41992  1.51397688E-12
  6742.16016  1.51169507E-12
  6744.8999  1.51526805E-12
  6747.64014  1.524506E-12
  6750.37988  1.53711776E-12
  6753.12012  1.5394243E-12
  6755.85986  1.53704187E-12
  6758.6001  1.53088913E-12
  6761.33984  1.52558998E-12
  6764.08008  1.52447326E-12
  6766.81982  1.51580419E-12
  6769.56006  1.50027516E-12
  6772.2998  1.50874951E-12
  6775.04004  1.52542302E-12
  6777.77979  1.52809514E-12
  6780.52002  1.52679605E-12
  6783.26025  1.52480806E-12
  6786.  1.51679017E-12
  6788.74023  1.49523059E-12
  6791.47998  1.50780918E-12
  6794.22021  1.53782889E-12
  6796.95996  1.52721607E-12
  6799.7002  1.50977451E-12
  6802.43994  1.51155607E-12
  6805.18018  1.51858799E-12
  6807.91992  1.53345197E-12
  6810.66016  1.53784212E-12
  6813.3999  1.53366404E-12
  6816.14014  1.52345497E-12
  6818.87988  1.51107132E-12
  6821.62012  1.51169019E-12
  6824.35986  1.51237042E-12
  6827.1001  1.50451635E-12
  6829.83984  1.50038163E-12
  6832.58008  1.50232333E-12
  6835.31982  1.50053949E-12
  6838.06006  1.49725284E-12
  6840.7998  1.49445669E-12
  6843.54004  1.4954522E-12
  6846.27979  1.51377522E-12
  6849.02002  1.51846092E-12
  6851.76025  1.48832531E-12
  6854.5  1.48035935E-12
  6857.24023  1.49215059E-12
  6859.97998  1.49556008E-12
  6862.72021  1.49797785E-12
  6865.45996  1.50526369E-12
  6868.2002  1.51189825E-12
  6870.93994  1.51338675E-12
  6873.68018  1.51631355E-12
  6876.41992  1.5247738E-12
  6879.16016  1.51985022E-12
  6881.8999  1.50641056E-12
  6884.64014  1.50718977E-12
  6887.37988  1.50960028E-12
  6890.12012  1.49694818E-12
  6892.85986  1.49148846E-12
  6895.6001  1.50701142E-12
  6898.33984  1.51113096E-12
  6901.08008  1.50458021E-12
  6903.81982  1.496396E-12
  6906.56006  1.48755704E-12
  6909.2998  1.49002458E-12
  6912.04004  1.4974351E-12
  6914.77979  1.51093385E-12
  6917.52002  1.51595566E-12
  6920.26025  1.50947701E-12
  6923.  1.49520229E-12
  6925.74023  1.47342945E-12
  6928.47998  1.47283834E-12
  6931.22021  1.47969495E-12
  6933.95996  1.48323964E-12
  6936.7002  1.4807386E-12
  6939.43994  1.46628087E-12
  6942.18018  1.45366054E-12
  6944.91992  1.43960809E-12
  6947.66016  1.4495254E-12
  6950.3999  1.47113192E-12
  6953.14014  1.46905751E-12
  6955.87988  1.46407073E-12
  6958.62012  1.47213079E-12
  6961.35986  1.47247839E-12
  6964.1001  1.45408772E-12
  6966.83984  1.45799258E-12
  6969.58008  1.47809206E-12
  6972.31982  1.46908744E-12
  6975.06006  1.4521252E-12
  6977.7998  1.45077862E-12
  6980.54004  1.45398006E-12
  6983.27979  1.46271179E-12
  6986.02002  1.46393813E-12
  6988.76025  1.45530181E-12
  6991.5  1.45357663E-12
  6994.24023  1.45452595E-12
  6996.97998  1.45327814E-12
  6999.72021  1.45207641E-12
  7002.45996  1.45321851E-12
  7005.2002  1.45185762E-12
  7007.93994  1.44383648E-12
  7010.68018  1.44438454E-12
  7013.41992  1.45176297E-12
  7016.16016  1.45796678E-12
  7018.8999  1.46378873E-12
  7021.64014  1.46776981E-12
  7024.37988  1.46695676E-12
  7027.12012  1.45575869E-12
  7029.85986  1.44935192E-12
  7032.6001  1.44861911E-12
  7035.33984  1.45094646E-12
  7038.08008  1.4556468E-12
  7040.81982  1.45198957E-12
  7043.56006  1.44959955E-12
  7046.2998  1.46174706E-12
  7049.04004  1.46926687E-12
  7051.77979  1.46606425E-12
  7054.52002  1.4611307E-12
  7057.26025  1.4529157E-12
  7060.  1.45744289E-12
  7062.74023  1.46617917E-12
  7065.47998  1.46357904E-12
  7068.22021  1.46002633E-12
  7070.95996  1.45931477E-12
  7073.7002  1.46184063E-12
  7076.43994  1.47148309E-12
  7079.18018  1.468223E-12
  7081.91992  1.457067E-12
  7084.66016  1.44400973E-12
  7087.3999  1.43490937E-12
  7090.14014  1.44514804E-12
  7092.87988  1.45449766E-12
  7095.62012  1.4579388E-12
  7098.35986  1.45604579E-12
  7101.1001  1.44861922E-12
  7103.83984  1.43940339E-12
  7106.58008  1.42901999E-12
  7109.31982  1.42271871E-12
  7112.06006  1.4180805E-12
  7114.7998  1.41374564E-12
  7117.54004  1.41228847E-12
  7120.27979  1.41474495E-12
  7123.02002  1.4169732E-12
  7125.76025  1.41985881E-12
  7128.5  1.42677808E-12
  7131.24023  1.43247382E-12
  7133.97998  1.42799065E-12
  7136.72021  1.4214618E-12
  7139.45996  1.41379378E-12
  7142.2002  1.40978256E-12
  7144.93994  1.40943344E-12
  7147.68018  1.40713775E-12
  7150.41992  1.40798918E-12
  7153.16016  1.43493442E-12
  7155.8999  1.46016836E-12
  7158.64014  1.46399115E-12
  7161.37988  1.45388584E-12
  7164.12012  1.42093141E-12
  7166.85986  1.4086384E-12
  7169.6001  1.40858907E-12
  7172.33984  1.39613896E-12
  7175.08008  1.38533933E-12
  7177.81982  1.39668051E-12
  7180.56006  1.40716497E-12
  7183.2998  1.40755495E-12
  7186.04004  1.40616381E-12
  7188.77979  1.40233853E-12
  7191.52002  1.39893349E-12
  7194.26025  1.39644741E-12
  7197.  1.40234515E-12
  7199.74023  1.40990258E-12
  7202.47998  1.4172384E-12
  7205.22021  1.41463067E-12
  7207.95996  1.39189344E-12
  7210.7002  1.38912124E-12
  7213.43994  1.40024212E-12
  7216.18018  1.39929821E-12
  7218.91992  1.39541297E-12
  7221.66016  1.39426036E-12
  7224.3999  1.39672768E-12
  7227.14014  1.40790461E-12
  7229.87988  1.41156119E-12
  7232.62012  1.40561813E-12
  7235.35986  1.40487795E-12
  7238.1001  1.40583899E-12
  7240.83984  1.40507636E-12
  7243.58008  1.40508612E-12
  7246.31982  1.40915524E-12
  7249.06006  1.41120221E-12
  7251.7998  1.41026568E-12
  7254.54004  1.40547654E-12
  7257.27979  1.39685236E-12
  7260.02002  1.38866186E-12
  7262.76025  1.38415093E-12
  7265.5  1.39891267E-12
  7268.24023  1.41267369E-12
  7270.97998  1.41494477E-12
  7273.72021  1.41190358E-12
  7276.45996  1.40029394E-12
  7279.2002  1.40047598E-12
  7281.93994  1.40610494E-12
  7284.68018  1.4010866E-12
  7287.41992  1.39182708E-12
  7290.16016  1.3786511E-12
  7292.8999  1.37039035E-12
  7295.64014  1.37015399E-12
  7298.37988  1.37526915E-12
  7301.12012  1.38676592E-12
  7303.85986  1.38786302E-12
  7306.6001  1.38569961E-12
  7309.33984  1.39128856E-12
  7312.08008  1.39603325E-12
  7314.81982  1.39430936E-12
  7317.56006  1.39456578E-12
  7320.2998  1.40038458E-12
  7323.04004  1.39317041E-12
  7325.77979  1.37889841E-12
  7328.52002  1.38476535E-12
  7331.26025  1.39552714E-12
  7334.  1.39602891E-12
  7336.74023  1.40068014E-12
  7339.47998  1.42055671E-12
  7342.22021  1.41930857E-12
  7344.95996  1.39704676E-12
  7347.7002  1.38952348E-12
  7350.43994  1.38823566E-12
  7353.18018  1.3929115E-12
  7355.91992  1.39867187E-12
  7358.66016  1.4019132E-12
  7361.3999  1.40261045E-12
  7364.14014  1.39863349E-12
  7366.87988  1.40039803E-12
  7369.62012  1.40522012E-12
  7372.35986  1.40031563E-12
  7375.1001  1.39368595E-12
  7377.83984  1.39443773E-12
  7380.58008  1.39618677E-12
  7383.31982  1.39806038E-12
  7386.06006  1.3979254E-12
  7388.7998  1.39553896E-12
  7391.54004  1.39596451E-12
  7394.27979  1.395976E-12
  7397.02002  1.38298227E-12
  7399.76025  1.37244849E-12
  7402.5  1.37939508E-12
  7405.24023  1.3839702E-12
  7407.97998  1.38425979E-12
  7410.72021  1.3787709E-12
  7413.45996  1.36860163E-12
  7416.2002  1.38000473E-12
  7418.93994  1.39394822E-12
  7421.68018  1.37892204E-12
  7424.41992  1.36928175E-12
  7427.16016  1.38279806E-12
  7429.8999  1.38969695E-12
  7432.64014  1.39049568E-12
  7435.37988  1.38723766E-12
  7438.12012  1.3812637E-12
  7440.85986  1.38100772E-12
  7443.6001  1.38108839E-12
  7446.33984  1.37538624E-12
  7449.08008  1.37618454E-12
  7451.81982  1.39119434E-12
  7454.56006  1.39218899E-12
  7457.2998  1.3833805E-12
  7460.04004  1.37954524E-12
  7462.77979  1.37850452E-12
  7465.52002  1.38563098E-12
  7468.26025  1.39107302E-12
  7471.  1.38811141E-12
  7473.74023  1.38789772E-12
  7476.47998  1.39255263E-12
  7479.22021  1.38600589E-12
  7481.95996  1.37416521E-12
  7484.7002  1.37403804E-12
  7487.43994  1.37649581E-12
  7490.18018  1.37611851E-12
  7492.91992  1.37475177E-12
  7495.66016  1.37305033E-12
  7498.3999  1.36684685E-12
  7501.14014  1.3559491E-12
  7503.87988  1.37105496E-12
  7506.62012  1.39020674E-12
  7509.35986  1.36530739E-12
  7512.1001  1.34644964E-12
  7514.83984  1.36578628E-12
  7517.58008  1.37575487E-12
  7520.31982  1.37274545E-12
  7523.06006  1.37366355E-12
  7525.7998  1.37445003E-12
  7528.54004  1.36268546E-12
  7531.27979  1.35331449E-12
  7534.02002  1.36907618E-12
  7536.76025  1.37724012E-12
  7539.5  1.36399139E-12
  7542.24023  1.36124326E-12
  7544.97998  1.36647865E-12
  7547.72021  1.36973679E-12
  7550.45996  1.3710773E-12
  7553.2002  1.36090954E-12
  7555.93994  1.35296765E-12
  7558.68018  1.35628986E-12
  7561.41992  1.36320252E-12
  7564.16016  1.37787904E-12
  7566.8999  1.37654157E-12
  7569.64014  1.36568274E-12
  7572.37988  1.36066831E-12
  7575.12012  1.35762387E-12
  7577.85986  1.35708794E-12
  7580.6001  1.3571054E-12
  7583.33984  1.3568955E-12
  7586.08008  1.35725394E-12
  7588.81982  1.35780016E-12
  7591.56006  1.36467183E-12
  7594.2998  1.37236782E-12
  7597.04004  1.36345958E-12
  7599.77979  1.3536224E-12
  7602.52002  1.35203415E-12
  7605.26025  1.3538142E-12
  7608.  1.36306743E-12
  7610.74023  1.35821833E-12
  7613.47998  1.34462276E-12
  7616.22021  1.33952615E-12
  7618.95996  1.33942022E-12
  7621.7002  1.34793348E-12
  7624.43994  1.35619044E-12
  7627.18018  1.36189183E-12
  7629.91992  1.36230144E-12
  7632.66016  1.35680963E-12
  7635.3999  1.35298901E-12
  7638.14014  1.35000973E-12
  7640.87988  1.35400859E-12
  7643.62012  1.35531994E-12
  7646.35986  1.34211045E-12
  7649.1001  1.33479295E-12
  7651.83984  1.3388534E-12
  7654.58008  1.33871484E-12
  7657.31982  1.33684394E-12
  7660.06006  1.3310994E-12
  7662.7998  1.32630018E-12
  7665.54004  1.33287814E-12
  7668.27979  1.34003843E-12
  7671.02002  1.34550216E-12
  7673.76025  1.34431214E-12
  7676.5  1.33344421E-12
  7679.24023  1.34045867E-12
  7681.97998  1.35478261E-12
  7684.72021  1.3538026E-12
  7687.45996  1.3451717E-12
  7690.2002  1.32376965E-12
  7692.93994  1.31525368E-12
  7695.68018  1.331353E-12
  7698.41992  1.33678832E-12
  7701.16016  1.33664141E-12
  7703.8999  1.3379134E-12
  7706.64014  1.33888853E-12
  7709.37988  1.33946923E-12
  7712.12012  1.338968E-12
  7714.85986  1.33551319E-12
  7717.6001  1.33560762E-12
  7720.33984  1.34096141E-12
  7723.08008  1.33913529E-12
  7725.81982  1.33421193E-12
  7728.56006  1.33750216E-12
  7731.2998  1.33919438E-12
  7734.04004  1.32576545E-12
  7736.77979  1.32106533E-12
  7739.52002  1.33802995E-12
  7742.26025  1.33602818E-12
  7745.  1.31940617E-12
  7747.74023  1.31238824E-12
  7750.47998  1.31114238E-12
  7753.22021  1.32306904E-12
  7755.95996  1.33625348E-12
  7758.7002  1.34498792E-12
  7761.43994  1.34985577E-12
  7764.18018  1.35005375E-12
  7766.91992  1.35024381E-12
  7769.66016  1.34907688E-12
  7772.3999  1.34314576E-12
  7775.14014  1.33451171E-12
  7777.87988  1.32371577E-12
  7780.62012  1.31398939E-12
  7783.35986  1.30380971E-12
  7786.1001  1.30519413E-12
  7788.83984  1.31837683E-12
  7791.58008  1.31113631E-12
  7794.31982  1.29963499E-12
  7797.06006  1.31489112E-12
  7799.7998  1.33025698E-12
  7802.54004  1.32920259E-12
  7805.27979  1.33169907E-12
  7808.02002  1.34181631E-12
  7810.76025  1.34123442E-12
  7813.5  1.33519487E-12
  7816.24023  1.34670812E-12
  7818.97998  1.35756727E-12
  7821.72021  1.34225812E-12
  7824.45996  1.33318638E-12
  7827.2002  1.34565785E-12
  7829.93994  1.34598214E-12
  7832.68018  1.33528952E-12
  7835.41992  1.33176272E-12
  7838.16016  1.33017176E-12
  7840.8999  1.32616249E-12
  7843.64014  1.32080469E-12
  7846.37988  1.31409271E-12
  7849.12012  1.3056895E-12
  7851.85986  1.29356942E-12
  7854.6001  1.28771017E-12
  7857.33984  1.28574679E-12
  7860.08008  1.27826493E-12
  7862.81982  1.27458059E-12
  7865.56006  1.29335182E-12
  7868.2998  1.30574837E-12
  7871.04004  1.29868403E-12
  7873.77979  1.2906913E-12
  7876.52002  1.27829886E-12
  7879.26025  1.29095823E-12
  7882.  1.31177426E-12
  7884.74023  1.2920331E-12
  7887.47998  1.26848055E-12
  7890.22021  1.26593809E-12
  7892.95996  1.26368751E-12
  7895.7002  1.25919219E-12
  7898.43994  1.25722382E-12
  7901.18018  1.25702628E-12
  7903.91992  1.2516173E-12
  7906.66016  1.24579318E-12
  7909.3999  1.24647905E-12
  7912.14014  1.24814926E-12
  7914.87988  1.24744973E-12
  7917.62012  1.25275213E-12
  7920.35986  1.26673162E-12
  7923.1001  1.2645926E-12
  7925.83984  1.25564999E-12
  7928.58008  1.26374475E-12
  7931.31982  1.26886067E-12
  7934.06006  1.25018463E-12
  7936.7998  1.23860611E-12
  7939.54004  1.24630243E-12
  7942.27979  1.23313209E-12
  7945.02002  1.20472881E-12
  7947.76025  1.22270792E-12
  7950.5  1.25279203E-12
  7953.24023  1.24648512E-12
  7955.97998  1.23754479E-12
  7958.72021  1.23771045E-12
  7961.45996  1.23878371E-12
  7964.2002  1.24071077E-12
  7966.93994  1.24450201E-12
  7969.68018  1.24933993E-12
  7972.41992  1.25117646E-12
  7975.16016  1.25124466E-12
  7977.8999  1.24773011E-12
  7980.64014  1.24820792E-12
  7983.37988  1.25785255E-12
  7986.12012  1.25953317E-12
  7988.85986  1.2550462E-12
  7991.6001  1.25828818E-12
  7994.33984  1.26217721E-12
  7997.08008  1.25570789E-12
  7999.81982  1.2463213E-12
  8002.56006  1.2315562E-12
  8005.2998  1.23185663E-12
  8008.04004  1.25373095E-12
  8010.77979  1.26294927E-12
  8013.52002  1.26642327E-12
  8016.26025  1.26090967E-12
  8019.  1.25300258E-12
  8021.74023  1.2509065E-12
  8024.47998  1.24960144E-12
  8027.22021  1.2457857E-12
  8029.95996  1.25237429E-12
  8032.7002  1.26942098E-12
  8035.43994  1.27115451E-12
  8038.18018  1.26555461E-12
  8040.91992  1.2563506E-12
  8043.66016  1.249127E-12
  8046.3999  1.25056953E-12
  8049.14014  1.25094629E-12
  8051.87988  1.24929873E-12
  8054.62012  1.24832544E-12
  8057.35986  1.24765942E-12
  8060.1001  1.2491863E-12
  8062.83984  1.24954224E-12
  8065.58008  1.24285662E-12
  8068.31982  1.23639423E-12
  8071.06006  1.23214232E-12
  8073.7998  1.22907197E-12
  8076.54004  1.22747385E-12
  8079.27979  1.22367665E-12
  8082.02002  1.21920215E-12
  8084.76025  1.21822908E-12
  8087.5  1.2139854E-12
  8090.24023  1.19464486E-12
  8092.97998  1.19083172E-12
  8095.72021  1.21337326E-12
  8098.45996  1.22269252E-12
  8101.2002  1.22613714E-12
  8103.93994  1.21879752E-12
  8106.68018  1.21120074E-12
  8109.41992  1.22641513E-12
  8112.16016  1.23241153E-12
  8114.8999  1.2088607E-12
  8117.64014  1.20414399E-12
  8120.37988  1.21939286E-12
  8123.12012  1.21835799E-12
  8125.85986  1.21018874E-12
  8128.6001  1.19326456E-12
  8131.33984  1.18909049E-12
  8134.08008  1.23509417E-12
  8136.81982  1.25313171E-12
  8139.56006  1.21786381E-12
  8142.2998  1.20820357E-12
  8145.04004  1.21097793E-12
  8147.77979  1.21371511E-12
  8150.52002  1.21829901E-12
  8153.26025  1.22423426E-12
  8156.  1.22711151E-12
  8158.74023  1.22401048E-12
  8161.47998  1.21871697E-12
  8164.22021  1.20968047E-12
  8166.95996  1.20899905E-12
  8169.7002  1.2121119E-12
  8172.43994  1.20871184E-12
  8175.18018  1.20526083E-12
  8177.91992  1.20787874E-12
  8180.66016  1.20644564E-12
  8183.3999  1.19444851E-12
  8186.14014  1.19623669E-12
  8188.87988  1.2082053E-12
  8191.62012  1.21624238E-12
  8194.36035  1.22121649E-12
  8197.09961  1.21498601E-12
  8199.83984  1.208992E-12
  8202.58008  1.20855517E-12
  8205.32031  1.2104213E-12
  8208.05957  1.21571123E-12
  8210.7998  1.21585478E-12
  8213.54004  1.21474055E-12
  8216.28027  1.23110409E-12
  8219.01953  1.24216349E-12
  8221.75977  1.21577054E-12
  8224.5  1.20210569E-12
  8227.24023  1.21902781E-12
  8229.98047  1.22439006E-12
  8232.71973  1.22271594E-12
  8235.45996  1.22920836E-12
  8238.2002  1.23621306E-12
  8240.94043  1.2321163E-12
  8243.67969  1.223488E-12
  8246.41992  1.20651145E-12
  8249.16016  1.20488103E-12
  8251.90039  1.2271397E-12
  8254.63965  1.22593678E-12
  8257.37988  1.21344254E-12
  8260.12012  1.2073786E-12
  8262.86035  1.20642558E-12
  8265.59961  1.21917678E-12
  8268.33984  1.22794548E-12
  8271.08008  1.2255289E-12
  8273.82031  1.22698206E-12
  8276.55957  1.23180622E-12
  8279.2998  1.22082249E-12
  8282.04004  1.20560333E-12
  8284.78027  1.2127416E-12
  8287.51953  1.21702399E-12
  8290.25977  1.20008419E-12
  8293.  1.18963411E-12
  8295.74023  1.18599705E-12
  8298.48047  1.19638023E-12
  8301.21973  1.21613787E-12
  8303.95996  1.2094568E-12
  8306.7002  1.19803418E-12
  8309.44043  1.20389202E-12
  8312.17969  1.20882297E-12
  8314.91992  1.20814264E-12
  8317.66016  1.20659277E-12
  8320.40039  1.20406235E-12
  8323.13965  1.19733477E-12
  8325.87988  1.1901902E-12
  8328.62012  1.19561706E-12
  8331.36035  1.20228632E-12
  8334.09961  1.20384768E-12
  8336.83984  1.20291895E-12
  8339.58008  1.19859157E-12
  8342.32031  1.19521916E-12
  8345.05957  1.19199572E-12
  8347.7998  1.19049996E-12
  8350.54004  1.18978373E-12
  8353.28027  1.18775454E-12
  8356.01953  1.18889143E-12
  8358.75977  1.19850961E-12
  8361.5  1.19954762E-12
  8364.24023  1.19160942E-12
  8366.98047  1.18633781E-12
  8369.71973  1.18358893E-12
  8372.45996  1.19707196E-12
  8375.2002  1.21055639E-12
  8377.94043  1.2115518E-12
  8380.67969  1.20826493E-12
  8383.41992  1.200074E-12
  8386.16016  1.19183255E-12
  8388.90039  1.18274292E-12
  8391.63965  1.17814222E-12
  8394.37988  1.17891168E-12
  8397.12012  1.19467272E-12
  8399.86035  1.20494901E-12
  8402.59961  1.19634337E-12
  8405.33984  1.19342828E-12
  8408.08008  1.19612198E-12
  8410.82031  1.19981618E-12
  8413.55957  1.20463416E-12
  8416.2998  1.20633917E-12
  8419.04004  1.20896815E-12
  8421.78027  1.22135722E-12
  8424.51953  1.22000782E-12
  8427.25977  1.18944633E-12
  8430.  1.18665917E-12
  8432.74023  1.20328161E-12
  8435.48047  1.19369673E-12
  8438.21973  1.18157307E-12
  8440.95996  1.20297435E-12
  8443.7002  1.22165862E-12
  8446.44043  1.21908961E-12
  8449.17969  1.21922914E-12
  8451.91992  1.22445218E-12
  8454.66016  1.21637325E-12
  8457.40039  1.20184114E-12
  8460.13965  1.20367843E-12
  8462.87988  1.20521735E-12
  8465.62012  1.18772386E-12
  8468.36035  1.1791965E-12
  8471.09961  1.19175709E-12
  8473.83984  1.19101267E-12
  8476.58008  1.18037795E-12
  8479.32031  1.18958749E-12
  8482.05957  1.20126532E-12
  8484.7998  1.18332568E-12
  8487.54004  1.16328345E-12
  8490.28027  1.15509447E-12
  8493.01953  1.14429083E-12
  8495.75977  1.12780998E-12
  8498.5  1.12035609E-12
  8501.24023  1.12059624E-12
  8503.98047  1.14994602E-12
  8506.71973  1.18191535E-12
  8509.45996  1.1843109E-12
  8512.2002  1.18375643E-12
  8514.94043  1.18568046E-12
  8517.67969  1.18560088E-12
  8520.41992  1.18398965E-12
  8523.16016  1.17505181E-12
  8525.90039  1.16344575E-12
  8528.63965  1.16416197E-12
  8531.37988  1.15635615E-12
  8534.12012  1.12562141E-12
  8536.86035  1.08634011E-12
  8539.59961  1.02623693E-12
  8542.33984  1.00975142E-12
  8545.08008  1.02314283E-12
  8547.82031  1.08030663E-12
  8550.55957  1.14393044E-12
  8553.2998  1.15586512E-12
  8556.04004  1.16204735E-12
  8558.78027  1.17120766E-12
  8561.51953  1.18475043E-12
  8564.25977  1.20379379E-12
  8567.  1.20799497E-12
  8569.74023  1.2037295E-12
  8572.48047  1.19544565E-12
  8575.21973  1.18637153E-12
  8577.95996  1.18037676E-12
  8580.7002  1.17506113E-12
  8583.44043  1.16670248E-12
  8586.17969  1.17474574E-12
  8588.91992  1.19377479E-12
  8591.66016  1.1923135E-12
  8594.40039  1.18640319E-12
  8597.13965  1.19198076E-12
  8599.87988  1.19705699E-12
  8602.62012  1.2003714E-12
  8605.36035  1.19493575E-12
  8608.09961  1.1779231E-12
  8610.83984  1.18269988E-12
  8613.58008  1.19678692E-12
  8616.32031  1.1998319E-12
  8619.05957  1.19740925E-12
  8621.7998  1.1864085E-12
  8624.54004  1.17929028E-12
  8627.28027  1.177542E-12
  8630.02051  1.18206215E-12
  8632.75977  1.19219272E-12
  8635.5  1.19726006E-12
  8638.24023  1.19830166E-12
  8640.98047  1.19063255E-12
  8643.71973  1.1811769E-12
  8646.45996  1.17423063E-12
  8649.2002  1.16182606E-12
  8651.94043  1.14454138E-12
  8654.67969  1.11860521E-12
  8657.41992  1.08690769E-12
  8660.16016  1.05045551E-12
  8662.90039  1.03358511E-12
  8665.63965  1.07369203E-12
  8668.37988  1.11563775E-12
  8671.12012  1.16047786E-12
  8673.86035  1.16559551E-12
  8676.59961  1.13820574E-12
  8679.33984  1.14389466E-12
  8682.08008  1.15598731E-12
  8684.82031  1.14496466E-12
  8687.55957  1.13689494E-12
  8690.2998  1.14364106E-12
  8693.04004  1.15218544E-12
  8695.78027  1.16283589E-12
  8698.52051  1.17544201E-12
  8701.25977  1.18818388E-12
  8704.  1.18679448E-12
  8706.74023  1.18056357E-12
  8709.48047  1.17584057E-12
  8712.21973  1.17090951E-12
  8714.95996  1.16419949E-12
  8717.7002  1.16334394E-12
  8720.44043  1.16745806E-12
  8723.17969  1.17335352E-12
  8725.91992  1.17906455E-12
  8728.66016  1.17770594E-12
  8731.40039  1.17184918E-12
  8734.13965  1.15814812E-12
  8736.87988  1.15180717E-12
  8739.62012  1.1543301E-12
  8742.36035  1.16055939E-12
  8745.09961  1.16961887E-12
  8747.83984  1.16395511E-12
  8750.58008  1.15706316E-12
  8753.32031  1.16225692E-12
  8756.05957  1.16994348E-12
  8758.7998  1.18346587E-12
  8761.54004  1.18036776E-12
  8764.28027  1.16152476E-12
  8767.02051  1.15681813E-12
  8769.75977  1.15691116E-12
  8772.5  1.16081439E-12
  8775.24023  1.14958574E-12
  8777.98047  1.08242224E-12
  8780.71973  1.07422665E-12
  8783.45996  1.16436483E-12
  8786.2002  1.17820153E-12
  8788.94043  1.1558598E-12
  8791.67969  1.15637849E-12
  8794.41992  1.16080138E-12
  8797.16016  1.16343578E-12
  8799.90039  1.16499182E-12
  8802.63965  1.16697103E-12
  8805.37988  1.16060384E-12
  8808.12012  1.14491468E-12
  8810.86035  1.14178014E-12
  8813.59961  1.14384988E-12
  8816.33984  1.1422844E-12
  8819.08008  1.14148936E-12
  8821.82031  1.14360247E-12
  8824.55957  1.14592244E-12
  8827.2998  1.1478932E-12
  8830.04004  1.15220734E-12
  8832.78027  1.15775098E-12
  8835.52051  1.15081848E-12
  8838.25977  1.14072272E-12
  8841.  1.13620875E-12
  8843.74023  1.13835558E-12
  8846.48047  1.15127395E-12
  8849.21973  1.1638623E-12
  8851.95996  1.17890376E-12
  8854.7002  1.17399168E-12
  8857.44043  1.15927743E-12
  8860.17969  1.1573779E-12
  8862.91992  1.1551245E-12
  8865.66016  1.13941159E-12
  8868.40039  1.13849056E-12
  8871.13965  1.16708097E-12
  8873.87988  1.16960033E-12
  8876.62012  1.15609952E-12
  8879.36035  1.15252729E-12
  8882.09961  1.15022727E-12
  8884.83984  1.14373192E-12
  8887.58008  1.13738283E-12
  8890.32031  1.12979342E-12
  8893.05957  1.1323375E-12
  8895.7998  1.14760675E-12
  8898.54004  1.1516093E-12
  8901.28027  1.1516904E-12
  8904.02051  1.15986441E-12
  8906.75977  1.16895924E-12
  8909.5  1.1739379E-12
  8912.24023  1.17976104E-12
  8914.98047  1.18802266E-12
  8917.71973  1.19580897E-12
  8920.45996  1.20366759E-12
  8923.2002  1.1767745E-12
  8925.94043  1.13910758E-12
  8928.67969  1.12408032E-12
  8931.41992  1.12345766E-12
  8934.16016  1.14700979E-12
  8936.90039  1.15674191E-12
  8939.63965  1.1496624E-12
  8942.37988  1.14580784E-12
  8945.12012  1.14271017E-12
  8947.86035  1.15043153E-12
  8950.59961  1.16266859E-12
  8953.33984  1.18107119E-12
  8956.08008  1.1846573E-12
  8958.82031  1.15874844E-12
  8961.55957  1.15085795E-12
  8964.2998  1.1559512E-12
  8967.04004  1.1404199E-12
  8969.78027  1.12194412E-12
  8972.52051  1.1307654E-12
  8975.25977  1.14158672E-12
  8978.  1.14280775E-12
  8980.74023  1.14291562E-12
  8983.48047  1.14186275E-12
  8986.21973  1.13976287E-12
  8988.95996  1.13738738E-12
  8991.7002  1.14613527E-12
  8994.44043  1.15137056E-12
  8997.17969  1.12761688E-12
  8999.91992  1.11751678E-12
  9002.66016  1.14402075E-12
  9005.40039  1.14480734E-12
  9008.13965  1.12411523E-12
  9010.87988  1.11688274E-12
  9013.62012  1.11535596E-12
  9016.36035  1.12151401E-12
  9019.09961  1.12880441E-12
  9021.83984  1.1322113E-12
  9024.58008  1.13629473E-12
  9027.32031  1.1437291E-12
  9030.05957  1.14016413E-12
  9032.7998  1.13018991E-12
  9035.54004  1.13559769E-12
  9038.28027  1.14208924E-12
  9041.02051  1.13245969E-12
  9043.75977  1.12607872E-12
  9046.5  1.13095319E-12
  9049.24023  1.1316809E-12
  9051.98047  1.12939833E-12
  9054.71973  1.12224509E-12
  9057.45996  1.11423197E-12
  9060.2002  1.11991037E-12
  9062.94043  1.12719903E-12
  9065.67969  1.13005373E-12
  9068.41992  1.12884702E-12
  9071.16016  1.1215409E-12
  9073.90039  1.11659694E-12
  9076.63965  1.11262128E-12
  9079.37988  1.11591422E-12
  9082.12012  1.12123754E-12
  9084.86035  1.12258716E-12
  9087.59961  1.12135713E-12
  9090.33984  1.11380002E-12
  9093.08008  1.11630052E-12
  9095.82031  1.13141603E-12
  9098.55957  1.12253544E-12
  9101.2998  1.10521087E-12
  9104.04004  1.11588614E-12
  9106.78027  1.12661421E-12
  9109.52051  1.11605961E-12
  9112.25977  1.1086583E-12
  9115.  1.10652047E-12
  9117.74023  1.11143039E-12
  9120.48047  1.12240273E-12
  9123.21973  1.12655263E-12
  9125.95996  1.12474168E-12
  9128.7002  1.1093188E-12
  9131.44043  1.09324225E-12
  9134.17969  1.08102405E-12
  9136.91992  1.07348982E-12
  9139.66016  1.0720989E-12
  9142.40039  1.0633135E-12
  9145.13965  1.05298246E-12
  9147.87988  1.05597594E-12
  9150.62012  1.06646603E-12
  9153.36035  1.08999376E-12
  9156.09961  1.09842571E-12
  9158.83984  1.08258758E-12
  9161.58008  1.06107083E-12
  9164.32031  1.03125548E-12
  9167.05957  1.03717577E-12
  9169.7998  1.05477628E-12
  9172.54004  1.05153245E-12
  9175.28027  1.04758747E-12
  9178.02051  1.05005815E-12
  9180.75977  1.05157636E-12
  9183.5  1.05184481E-12
  9186.24023  1.05441545E-12
  9188.98047  1.05656E-12
  9191.71973  1.04359078E-12
  9194.45996  1.02526375E-12
  9197.2002  1.00422025E-12
  9199.94043  9.94223258E-13
  9202.67969  1.00362936E-12
  9205.41992  1.00944405E-12
  9208.16016  1.01458674E-12
  9210.90039  1.01719718E-12
  9213.63965  1.01470178E-12
  9216.37988  9.89002825E-13
  9219.12012  9.77160518E-13
  9221.86035  1.01476184E-12
  9224.59961  1.03029412E-12
  9227.33984  1.0147059E-12
  9230.08008  1.01145568E-12
  9232.82031  1.01155922E-12
  9235.55957  1.00832331E-12
  9238.2998  1.00811005E-12
  9241.04004  1.02155827E-12
  9243.78027  1.02979365E-12
  9246.52051  1.02524976E-12
  9249.25977  1.02320225E-12
  9252.  1.02239408E-12
  9254.74023  1.01988654E-12
  9257.48047  1.01637438E-12
  9260.21973  1.01031553E-12
  9262.95996  1.00770878E-12
  9265.7002  1.01552078E-12
  9268.44043  1.02019912E-12
  9271.17969  1.01812558E-12
  9273.91992  1.02654192E-12
  9276.66016  1.03986177E-12
  9279.40039  1.0289521E-12
  9282.13965  1.01248285E-12
  9284.87988  1.00760155E-12
  9287.62012  1.00765305E-12
  9290.36035  1.01483828E-12
  9293.09961  1.01769222E-12
  9295.83984  1.01728055E-12
  9298.58008  1.01071799E-12
  9301.32031  1.00299304E-12
  9304.05957  1.01173898E-12
  9306.7998  1.02254555E-12
  9309.54004  1.02764477E-12
  9312.28027  1.0298934E-12
  9315.02051  1.02959958E-12
  9317.75977  1.02419375E-12
  9320.5  1.01495797E-12
  9323.24023  1.01850928E-12
  9325.98047  1.02504745E-12
  9328.71973  1.02333485E-12
  9331.45996  1.02247518E-12
  9334.2002  1.02613089E-12
  9336.94043  1.027819E-12
  9339.67969  1.02808148E-12
  9342.41992  1.02431496E-12
  9345.16016  1.01835933E-12
  9347.90039  1.01585591E-12
  9350.63965  1.01301216E-12
  9353.37988  1.00580525E-12
  9356.12012  1.00255687E-12
  9358.86035  1.00636068E-12
  9361.59961  1.00713762E-12
  9364.33984  1.00654847E-12
  9367.08008  1.00332958E-12
  9369.82031  1.00094304E-12
  9372.55957  1.00921127E-12
  9375.2998  1.0127925E-12
  9378.04004  1.00068402E-12
  9380.78027  9.97038606E-13
  9383.52051  1.00405892E-12
  9386.25977  9.96272943E-13
  9389.  9.84442779E-13
  9391.74023  1.00199081E-12
  9394.48047  1.02064939E-12
  9397.21973  1.01595446E-12
  9399.95996  1.01176663E-12
  9402.7002  1.01390988E-12
  9405.44043  1.00746733E-12
  9408.17969  9.94382636E-13
  9410.91992  9.8927149E-13
  9413.66016  9.87001279E-13
  9416.40039  9.82962301E-13
  9419.13965  9.81609325E-13
  9421.87988  9.86708003E-13
  9424.62012  9.88937556E-13
  9427.36035  9.86971897E-13
  9430.09961  9.91087095E-13
  9432.83984  9.97163506E-13
  9435.58008  9.89212943E-13
  9438.32031  9.81382835E-13
  9441.05957  9.87930224E-13
  9443.7998  9.94964527E-13
  9446.54004  1.00423413E-12
  9449.28027  9.96804093E-13
  9452.02051  9.74179613E-13
  9454.75977  9.75339818E-13
  9457.5  9.83786837E-13
  9460.24023  9.78476631E-13
  9462.98047  9.73461654E-13
  9465.71973  9.75409965E-13
  9468.45996  9.75859909E-13
  9471.2002  9.73760569E-13
  9473.94043  9.75650875E-13
  9476.67969  9.78477282E-13
  9479.41992  9.61428528E-13
  9482.16016  9.47320672E-13
  9484.90039  9.68384877E-13
  9487.63965  9.82723126E-13
  9490.37988  9.73845028E-13
  9493.12012  9.78139011E-13
  9495.86035  9.93389507E-13
  9498.59961  9.97181287E-13
  9501.33984  9.97096611E-13
  9504.08008  9.99702166E-13
  9506.82031  1.00598111E-12
  9509.55957  1.02378425E-12
  9512.2998  1.02873493E-12
  9515.04004  1.0133539E-12
  9517.78027  1.0098799E-12
  9520.52051  1.01100356E-12
  9523.25977  1.00445607E-12
  9526.  9.98392992E-13
  9528.74023  1.00398325E-12
  9531.48047  1.00547121E-12
  9534.21973  9.95851296E-13
  9536.95996  9.88693936E-13
  9539.7002  9.83321389E-13
  9542.44043  9.74501621E-13
  9545.17969  9.66350481E-13
  9547.91992  9.72849405E-13
  9550.66016  9.79193181E-13
  9553.40039  9.72452045E-13
  9556.13965  9.71869612E-13
  9558.87988  9.81812179E-13
  9561.62012  9.89176839E-13
  9564.36035  9.95629143E-13
  9567.09961  9.85462146E-13
  9569.83984  9.71282625E-13
  9572.58008  9.69377356E-13
  9575.32031  9.69233266E-13
  9578.05957  9.71158917E-13
  9580.7998  9.63450457E-13
  9583.54004  9.4188535E-13
  9586.28027  9.58684629E-13
  9589.02051  9.90203579E-13
  9591.75977  9.82132453E-13
  9594.5  9.65145498E-13
  9597.24023  9.47813984E-13
  9599.98047  9.48958685E-13
  9602.71973  9.82617525E-13
  9605.45996  9.95391812E-13
  9608.2002  9.9689625E-13
  9610.94043  1.01365975E-12
  9613.67969  1.03088588E-12
  9616.41992  1.0315261E-12
  9619.16016  1.02373654E-12
  9621.90039  1.00585198E-12
  9624.63965  9.90505963E-13
  9627.37988  9.76479206E-13
  9630.12012  9.70890686E-13
  9632.86035  9.69776993E-13
  9635.59961  9.60298464E-13
  9638.33984  9.50949497E-13
  9641.08008  9.46390969E-13
  9643.82031  9.47135708E-13
  9646.55957  9.57699523E-13
  9649.2998  9.58409459E-13
  9652.04004  9.52231349E-13
  9654.78027  9.49893918E-13
  9657.52051  9.49212605E-13
  9660.25977  9.51162326E-13
  9663.  9.54593175E-13
  9665.74023  9.59862073E-13
  9668.48047  9.63700582E-13
  9671.21973  9.66302017E-13
  9673.95996  9.66402197E-13
  9676.7002  9.64561113E-13
  9679.44043  9.64522841E-13
  9682.17969  9.5905586E-13
  9684.91992  9.28084432E-13
  9687.66016  9.22361688E-13
  9690.40039  9.71681503E-13
  9693.13965  9.83625616E-13
  9695.87988  9.68298467E-13
  9698.62012  9.71009839E-13
  9701.36035  9.7475424E-13
  9704.09961  9.57045641E-13
  9706.83984  9.41599229E-13
  9709.58008  9.40960851E-13
  9712.32031  9.44561595E-13
  9715.05957  9.55544888E-13
  9717.7998  9.53277388E-13
  9720.54004  9.44864521E-13
  9723.28027  9.5531623E-13
  9726.02051  9.67508192E-13
  9728.75977  9.64651427E-13
  9731.5  9.61351441E-13
  9734.24023  9.61500519E-13
  9736.98047  9.58416614E-13
  9739.71973  9.52028929E-13
  9742.45996  9.55752513E-13
  9745.2002  9.61138504E-13
  9747.94043  9.46670476E-13
  9750.67969  9.36315261E-13
  9753.41992  9.5094104E-13
  9756.16016  9.534694E-13
  9758.90039  9.36829824E-13
  9761.63965  9.25990838E-13
  9764.37988  9.18026506E-13
  9767.12012  9.42114117E-13
  9769.86035  9.6952806E-13
  9772.59961  9.61537816E-13
  9775.33984  9.53820248E-13
  9778.08008  9.56232597E-13
  9780.82031  9.58804542E-13
  9783.55957  9.62023647E-13
  9786.2998  9.67374076E-13
  9789.04004  9.72400546E-13
  9791.78027  9.69912952E-13
  9794.52051  9.61241395E-13
  9797.25977  9.41533093E-13
  9800.  9.28166289E-13
  9802.74023  9.21368125E-13
  9805.48047  9.28901487E-13
  9808.21973  9.47712612E-13
  9810.95996  9.53858303E-13
  9813.7002  9.5721109E-13
  9816.44043  9.68126512E-13
  9819.17969  9.71164989E-13
  9821.91992  9.54233762E-13
  9824.66016  9.49669271E-13
  9827.40039  9.56770253E-13
  9830.13965  9.67605661E-13
  9832.87988  9.79728885E-13
  9835.62012  9.72146625E-13
  9838.36035  9.64899926E-13
  9841.09961  9.75827166E-13
  9843.83984  9.82166171E-13
  9846.58008  9.81540803E-13
  9849.32031  9.73731404E-13
  9852.05957  9.59394456E-13
  9854.7998  9.50131358E-13
  9857.54004  9.45439473E-13
  9860.28027  9.52824733E-13
  9863.02051  9.60182129E-13
  9865.75977  9.65873432E-13
  9868.5  9.57394537E-13
  9871.24023  9.27934162E-13
  9873.98047  9.38556524E-13
  9876.71973  9.6568207E-13
  9879.45996  9.49377946E-13
  9882.2002  9.31911449E-13
  9884.94043  9.47315794E-13
  9887.67969  9.60346169E-13
  9890.41992  9.6889944E-13
  9893.16016  9.61295496E-13
  9895.90039  9.39605056E-13
  9898.63965  9.39342896E-13
  9901.37988  9.46755695E-13
  9904.12012  9.51415162E-13
  9906.86035  9.53006229E-13
  9909.59961  9.48727642E-13
  9912.33984  9.43075587E-13
  9915.08008  9.34012741E-13
  9917.82031  9.35661054E-13
  9920.55957  9.43148446E-13
  9923.2998  9.47240116E-13
  9926.04004  9.46041639E-13
  9928.78027  9.27660726E-13
  9931.52051  9.19768927E-13
  9934.25977  9.36692672E-13
  9937.  9.35285486E-13
  9939.74023  9.19380782E-13
  9942.48047  9.408353E-13
  9945.21973  9.69953176E-13
  9947.95996  9.55759777E-13
  9950.7002  9.33606274E-13
  9953.44043  9.10371388E-13
  9956.17969  9.07433254E-13
  9958.91992  9.36068605E-13
  9961.66016  9.33321237E-13
  9964.40039  9.15911227E-13
  9967.13965  9.13208962E-13
  9969.87988  9.1756366E-13
  9972.62012  9.31239894E-13
  9975.36035  9.45240414E-13
  9978.09961  9.56413984E-13
  9980.83984  9.7054927E-13
  9983.58008  9.89369502E-13
  9986.32031  9.68556073E-13
  9989.05957  9.34022282E-13
  9991.7998  9.38785074E-13
  9994.54004  9.45288335E-13
  9997.28027  9.36025129E-13
  10000.0205  9.21679183E-13
  10002.7598  8.96247594E-13
  10005.5  8.94100224E-13
  10008.2402  9.05026325E-13
  10010.9805  8.89323229E-13
  10013.7197  8.73674126E-13
  10016.46  8.88698132E-13
  10019.2002  9.05177788E-13
  10021.9404  9.16653038E-13
  10024.6797  9.23533168E-13
  10027.4199  9.25643785E-13
  10030.1602  9.2768447E-13
  10032.9004  9.28956131E-13
  10035.6396  9.33113612E-13
  10038.3799  9.31906136E-13
  10041.1201  9.1309924E-13
  10043.8604  9.03991617E-13
  10046.5996  9.10332573E-13
  10049.3398  9.16847002E-13
  10052.0801  9.25091384E-13
  10054.8203  9.09845766E-13
  10057.5596  8.92113152E-13
  10060.2998  9.01255253E-13
  10063.04  9.13238235E-13
  10065.7803  9.24424925E-13
  10068.5205  9.25161532E-13
  10071.2598  9.1328865E-13
  10074.  9.16343932E-13
  10076.7402  9.26226977E-13
  10079.4805  9.37187285E-13
  10082.2197  9.43708436E-13
  10084.96  9.36297481E-13
  10087.7002  9.28986163E-13
  10090.4404  9.20739179E-13
  10093.1797  9.26313496E-13
  10095.9199  9.41850656E-13
  10098.6602  9.07624074E-13
  10101.4004  8.73031627E-13
  10104.1396  9.34050255E-13
  10106.8799  9.67440863E-13
  10109.6201  8.94996317E-13
  10112.3604  8.74932559E-13
  10115.0996  9.17634024E-13
  10117.8398  9.01442929E-13
  10120.5801  8.66237095E-13
  10123.3203  8.98759745E-13
  10126.0596  9.34855708E-13
  10128.7998  9.22868444E-13
  10131.54  9.12120531E-13
  10134.2803  9.13030936E-13
  10137.0205  9.02767444E-13
  10139.7598  8.84149416E-13
  10142.5  8.74977987E-13
  10145.2402  8.70524464E-13
  10147.9805  8.68425123E-13
  10150.7197  8.73251395E-13
  10153.46  8.9543569E-13
  10156.2002  8.98981248E-13
  10158.9404  8.76770228E-13
  10161.6797  8.7740801E-13
  10164.4199  8.88256374E-13
  10167.1602  8.9473871E-13
  10169.9004  8.98039455E-13
  10172.6396  8.93857254E-13
  10175.3799  8.87955616E-13
  10178.1201  8.78827664E-13
  10180.8604  8.78219589E-13
  10183.5996  8.84887649E-13
  10186.3398  8.86993116E-13
  10189.0801  8.87447722E-13
  10191.8203  9.63549227E-13
  10194.5596  8.5481741E-13
  10197.2998  2.21401998E-13
  10200.04 -1.00584173E-13
  10202.7803  0.
  10205.5205  0.
