#*HD083212
#*
#*  Heap-Lindler STIS
#set .z.units = "Ergs/s/cm**2/A"
#set .z.label = "Flux"
#set .table.bandwidth = 2.74
#*
  2950.  6.30075758E-14
  2952.73999  6.96088627E-14
  2955.47998  7.34075208E-14
  2958.21997  7.88910224E-14
  2960.95996  7.49058001E-14
  2963.69995  7.27891055E-14
  2966.43994  5.22458291E-14
  2969.17993  5.64607734E-14
  2971.91992  6.79132382E-14
  2974.65991  8.2159709E-14
  2977.3999  8.76285128E-14
  2980.13989  6.9570509E-14
  2982.87988  5.6657712E-14
  2985.62012  5.93665674E-14
  2988.36011  7.98997844E-14
  2991.1001  9.28311247E-14
  2993.84009  8.19529042E-14
  2996.58008  8.94513074E-14
  2999.32007  7.61306166E-14
  3002.06006  6.52354689E-14
  3004.80005  7.96013171E-14
  3007.54004  8.01558798E-14
  3010.28003  9.80127776E-14
  3013.02002  9.22666823E-14
  3015.76001  8.61031285E-14
  3018.5  6.82541927E-14
  3021.23999  6.5734927E-14
  3023.97998  9.17357824E-14
  3026.71997  9.20541516E-14
  3029.45996  9.80074312E-14
  3032.19995  1.0286608E-13
  3034.93994  1.13554389E-13
  3037.67993  1.01779872E-13
  3040.41992  1.0106791E-13
  3043.15991  1.03658693E-13
  3045.8999  1.07705369E-13
  3048.63989  1.03068155E-13
  3051.37988  1.17929294E-13
  3054.12012  1.0366267E-13
  3056.86011  8.798653E-14
  3059.6001  7.49412061E-14
  3062.34009  8.10701942E-14
  3065.08008  6.9883281E-14
  3067.82007  7.72970758E-14
  3070.56006  9.31254856E-14
  3073.30005  1.00340899E-13
  3076.04004  1.02133485E-13
  3078.78003  1.04413426E-13
  3081.52002  1.01408113E-13
  3084.26001  1.09141652E-13
  3087.  1.00974222E-13
  3089.73999  8.11129253E-14
  3092.47998  8.0638553E-14
  3095.21997  8.20041666E-14
  3097.95996  7.66971054E-14
  3100.69995  8.13499523E-14
  3103.43994  1.04090835E-13
  3106.17993  1.2123977E-13
  3108.91992  1.26796211E-13
  3111.65991  1.28547306E-13
  3114.3999  1.27009446E-13
  3117.13989  1.13031729E-13
  3119.87988  9.51641177E-14
  3122.62012  9.39195079E-14
  3125.36011  1.02194694E-13
  3128.1001  9.94485595E-14
  3130.84009  1.09349141E-13
  3133.58008  1.1307694E-13
  3136.32007  1.17350913E-13
  3139.06006  1.27544053E-13
  3141.80005  1.16501047E-13
  3144.54004  1.03579112E-13
  3147.28003  1.11401129E-13
  3150.02002  1.29663438E-13
  3152.76001  1.28147709E-13
  3155.5  1.16932993E-13
  3158.23999  9.5889903E-14
  3160.97998  9.11990142E-14
  3163.71997  1.09139836E-13
  3166.45996  1.26205903E-13
  3169.19995  1.4259328E-13
  3171.93994  1.60519872E-13
  3174.67993  1.60767938E-13
  3177.41992  1.54880408E-13
  3180.15991  1.35109033E-13
  3182.8999  1.20441322E-13
  3185.63989  1.26035372E-13
  3188.37988  1.33982506E-13
  3191.12012  1.20728433E-13
  3193.86011  1.20450389E-13
  3196.6001  1.45323708E-13
  3199.34009  1.64068168E-13
  3202.08008  1.65733787E-13
  3204.82007  1.71074743E-13
  3207.56006  1.67136135E-13
  3210.30005  1.42250849E-13
  3213.04004  1.3081753E-13
  3215.78003  1.42459151E-13
  3218.52002  1.57900142E-13
  3221.26001  1.58591713E-13
  3224.  1.44783599E-13
  3226.73999  1.32627484E-13
  3229.47998  1.29552375E-13
  3232.21997  1.309995E-13
  3234.95996  1.29424805E-13
  3237.69995  1.42525884E-13
  3240.43994  1.57452922E-13
  3243.17993  1.72276052E-13
  3245.91992  1.87456767E-13
  3248.65991  1.81055176E-13
  3251.3999  1.73444524E-13
  3254.13989  1.84698258E-13
  3256.87988  2.24414928E-13
  3259.62012  2.28330809E-13
  3262.36011  2.19470912E-13
  3265.1001  2.13601719E-13
  3267.84009  2.25676831E-13
  3270.58008  2.115511E-13
  3273.32007  1.99116711E-13
  3276.06006  2.07424654E-13
  3278.80005  2.01078398E-13
  3281.54004  2.00568647E-13
  3284.28003  2.02506306E-13
  3287.02002  2.0531401E-13
  3289.76001  2.33562654E-13
  3292.5  2.64522697E-13
  3295.23999  2.67865672E-13
  3297.97998  2.55681002E-13
  3300.71997  2.49311585E-13
  3303.45996  2.35740545E-13
  3306.19995  2.14349521E-13
  3308.93994  2.09918129E-13
  3311.67993  2.14518954E-13
  3314.41992  2.16445107E-13
  3317.15991  2.18228904E-13
  3319.8999  2.20196067E-13
  3322.63989  2.129509E-13
  3325.37988  2.20569927E-13
  3328.12012  2.21362533E-13
  3330.86011  2.18304758E-13
  3333.6001  2.15283208E-13
  3336.34009  1.90537676E-13
  3339.08008  1.97370847E-13
  3341.82007  2.10867375E-13
  3344.56006  2.22408761E-13
  3347.30005  2.13057138E-13
  3350.04004  2.10997113E-13
  3352.78003  2.40443651E-13
  3355.52002  2.25935861E-13
  3358.26001  1.75483651E-13
  3361.  1.54291347E-13
  3363.73999  1.80724129E-13
  3366.47998  1.96161989E-13
  3369.21997  1.57858373E-13
  3371.95996  1.53264676E-13
  3374.69995  1.92937463E-13
  3377.43994  2.14939937E-13
  3380.17993  1.96652942E-13
  3382.91992  2.03546015E-13
  3385.65991  2.04799001E-13
  3388.3999  2.04537098E-13
  3391.13989  2.16049888E-13
  3393.87988  2.21364431E-13
  3396.62012  2.56350578E-13
  3399.36011  2.9089643E-13
  3402.1001  2.84752121E-13
  3404.84009  2.52714191E-13
  3407.58008  2.45058124E-13
  3410.32007  2.41347605E-13
  3413.06006  2.45289737E-13
  3415.80005  2.43501318E-13
  3418.54004  2.72152418E-13
  3421.28003  2.91066433E-13
  3424.02002  2.81991038E-13
  3426.76001  2.84020474E-13
  3429.5  3.07276475E-13
  3432.23999  2.98747192E-13
  3434.97998  2.98938744E-13
  3437.71997  2.90505928E-13
  3440.45996  2.43240893E-13
  3443.19995  2.32164738E-13
  3445.93994  2.73970706E-13
  3448.67993  3.11635022E-13
  3451.41992  3.12427655E-13
  3454.15991  3.03597371E-13
  3456.8999  3.03646648E-13
  3459.63989  2.91513016E-13
  3462.37988  2.91767207E-13
  3465.12012  3.18392909E-13
  3467.86011  3.23730138E-13
  3470.6001  3.30744194E-13
  3473.34009  2.91124411E-13
  3476.08008  2.59288982E-13
  3478.82007  2.85854538E-13
  3481.56006  3.17234059E-13
  3484.30005  3.24601647E-13
  3487.04004  3.39032432E-13
  3489.78003  3.18847731E-13
  3492.52002  2.97005042E-13
  3495.26001  2.89084457E-13
  3498.  3.04412935E-13
  3500.73999  3.64971156E-13
  3503.47998  3.73192769E-13
  3506.21997  3.36771789E-13
  3508.95996  3.38328161E-13
  3511.69995  3.27228452E-13
  3514.43994  3.16250606E-13
  3517.17993  3.45324165E-13
  3519.91992  3.38011601E-13
  3522.65991  2.94342702E-13
  3525.3999  2.80567073E-13
  3528.13989  3.15494863E-13
  3530.87988  3.54541808E-13
  3533.62012  3.66094389E-13
  3536.36011  3.88124916E-13
  3539.1001  3.96815366E-13
  3541.84009  3.97017678E-13
  3544.58008  3.96221494E-13
  3547.32007  3.95510041E-13
  3550.06006  3.84227101E-13
  3552.80005  3.70346142E-13
  3555.54004  3.79921246E-13
  3558.28003  3.89137371E-13
  3561.02002  3.70861382E-13
  3563.76001  3.65660003E-13
  3566.5  3.14871122E-13
  3569.23999  3.09146209E-13
  3571.97998  3.1597896E-13
  3574.71997  3.31851381E-13
  3577.45996  3.38218684E-13
  3580.19995  3.17367552E-13
  3582.93994  2.86985252E-13
  3585.67993  2.72320903E-13
  3588.41992  2.75113211E-13
  3591.15991  3.4208522E-13
  3593.8999  3.8001259E-13
  3596.63989  4.08340842E-13
  3599.37988  4.22676786E-13
  3602.12012  4.010379E-13
  3604.86011  3.77405328E-13
  3607.6001  3.66478657E-13
  3610.34009  3.38375053E-13
  3613.08008  3.53650594E-13
  3615.82007  3.74957471E-13
  3618.56006  3.44138455E-13
  3621.30005  3.7073903E-13
  3624.04004  4.11948606E-13
  3626.78003  4.38097583E-13
  3629.52002  4.2393259E-13
  3632.26001  3.43562933E-13
  3635.  3.60786271E-13
  3637.73999  4.0139902E-13
  3640.47998  4.38121842E-13
  3643.21997  4.08254837E-13
  3645.95996  3.81892597E-13
  3648.69995  3.82227209E-13
  3651.43994  4.09327547E-13
  3654.17993  4.42930415E-13
  3656.91992  4.6132591E-13
  3659.65991  4.7768522E-13
  3662.3999  4.62373846E-13
  3665.13989  4.66517883E-13
  3667.87988  4.50143964E-13
  3670.62012  4.44535928E-13
  3673.36011  4.70755867E-13
  3676.1001  4.79031853E-13
  3678.84009  4.56471883E-13
  3681.58008  4.4748447E-13
  3684.32007  4.58780312E-13
  3687.06006  4.29576866E-13
  3689.80005  4.61984238E-13
  3692.54004  5.02068493E-13
  3695.28003  5.07113286E-13
  3698.02002  5.25857298E-13
  3700.76001  5.53416633E-13
  3703.5  4.8863409E-13
  3706.23999  4.27865859E-13
  3708.97998  4.40014995E-13
  3711.71997  4.98918181E-13
  3714.45996  5.60651623E-13
  3717.19995  5.31200247E-13
  3719.93994  4.45443351E-13
  3722.67993  4.22693076E-13
  3725.41992  4.89215873E-13
  3728.15991  4.92480622E-13
  3730.8999  4.70598278E-13
  3733.63989  3.92245725E-13
  3736.37988  3.71796235E-13
  3739.12012  4.48796057E-13
  3741.86011  4.91105745E-13
  3744.6001  4.40081294E-13
  3747.34009  3.95650553E-13
  3750.08008  3.78027498E-13
  3752.82007  4.9503549E-13
  3755.56006  5.52012104E-13
  3758.30005  4.65599347E-13
  3761.04004  4.5612342E-13
  3763.78003  5.16533756E-13
  3766.52002  5.24270623E-13
  3769.26001  5.35374588E-13
  3772.  5.60321754E-13
  3774.73999  5.83005541E-13
  3777.47998  5.75056604E-13
  3780.21997  6.08635755E-13
  3782.95996  6.1937082E-13
  3785.69995  5.74984504E-13
  3788.43994  5.06474908E-13
  3791.17993  5.11475248E-13
  3793.91992  5.01784324E-13
  3796.65991  4.79763419E-13
  3799.3999  4.82464654E-13
  3802.13989  5.81029365E-13
  3804.87988  6.2213006E-13
  3807.62012  5.79045113E-13
  3810.36011  5.83652755E-13
  3813.1001  5.43804422E-13
  3815.84009  4.93917461E-13
  3818.58008  4.88617556E-13
  3821.32007  4.4355318E-13
  3824.06006  4.4239509E-13
  3826.80005  4.1107005E-13
  3829.54004  4.36415091E-13
  3832.28003  4.13923859E-13
  3835.02002  4.04758583E-13
  3837.76001  4.25554747E-13
  3840.5  4.40910627E-13
  3843.23999  5.00060225E-13
  3845.97998  5.30239752E-13
  3848.71997  5.12590404E-13
  3851.45996  5.03019555E-13
  3854.19995  5.19835802E-13
  3856.93994  4.86201953E-13
  3859.67993  4.45193741E-13
  3862.41992  5.0786724E-13
  3865.15991  5.40586239E-13
  3867.8999  5.11219539E-13
  3870.63989  4.53499516E-13
  3873.37988  4.45485337E-13
  3876.12012  4.97661482E-13
  3878.86011  4.60291798E-13
  3881.6001  4.50800719E-13
  3884.34009  4.85281737E-13
  3887.08008  4.98458317E-13
  3889.82007  5.13503357E-13
  3892.56006  5.74747932E-13
  3895.30005  5.69123308E-13
  3898.04004  5.85172481E-13
  3900.78003  5.86986026E-13
  3903.52002  5.82423866E-13
  3906.26001  5.46492864E-13
  3909.  5.87335085E-13
  3911.73999  6.16811506E-13
  3914.47998  5.96744171E-13
  3917.21997  5.66033982E-13
  3919.95996  5.18079991E-13
  3922.69995  4.85820694E-13
  3925.43994  4.36866553E-13
  3928.17993  2.9924888E-13
  3930.91992  1.79358684E-13
  3933.65991  1.3182245E-13
  3936.3999  1.7595223E-13
  3939.13989  2.99616099E-13
  3941.87988  4.01837824E-13
  3944.62012  4.81456563E-13
  3947.36011  5.42207013E-13
  3950.1001  5.7329174E-13
  3952.84009  5.85222897E-13
  3955.58008  6.05785875E-13
  3958.32007  5.85921448E-13
  3961.06006  5.12999365E-13
  3963.80005  3.60892468E-13
  3966.54004  2.14061719E-13
  3969.28003  1.81605843E-13
  3972.02002  2.88553605E-13
  3974.76001  4.69982885E-13
  3977.5  6.14300657E-13
  3980.23999  6.85515609E-13
  3982.97998  6.97929073E-13
  3985.71997  7.34753241E-13
  3988.45996  7.64808247E-13
  3991.19995  7.76408885E-13
  3993.93994  7.77759096E-13
  3996.67993  7.34585624E-13
  3999.41992  7.7176812E-13
  4002.15991  8.19839856E-13
  4004.8999  7.72704708E-13
  4007.63989  7.87077922E-13
  4010.37988  8.33510127E-13
  4013.12012  8.57827535E-13
  4015.86011  8.67627096E-13
  4018.6001  8.5030984E-13
  4021.34009  8.44578639E-13
  4024.08008  8.44533211E-13
  4026.82007  8.92318825E-13
  4029.56006  8.54168353E-13
  4032.30005  8.07370934E-13
  4035.04004  8.47474055E-13
  4037.78003  9.18954257E-13
  4040.52002  9.03128755E-13
  4043.26001  8.5107816E-13
  4046.  8.13230451E-13
  4048.73999  8.80830782E-13
  4051.47998  9.0748844E-13
  4054.21997  8.76748489E-13
  4056.95996  8.73283271E-13
  4059.69995  8.97166889E-13
  4062.43994  8.58560293E-13
  4065.17993  8.48732109E-13
  4067.91992  8.80322833E-13
  4070.65991  8.92868949E-13
  4073.3999  8.77724488E-13
  4076.13989  8.000697E-13
  4078.87988  8.19348333E-13
  4081.62012  9.03042018E-13
  4084.36011  9.02709168E-13
  4087.1001  9.55486558E-13
  4089.84009  9.93985168E-13
  4092.58008  9.94466879E-13
  4095.32007  9.54854793E-13
  4098.06006  9.09713711E-13
  4100.7998  8.19371968E-13
  4103.54004  8.56708042E-13
  4106.27979  9.32308375E-13
  4109.02002  9.31278926E-13
  4111.75977  9.37200404E-13
  4114.5  9.73191254E-13
  4117.24023  9.62033296E-13
  4119.97998  9.31714666E-13
  4122.72021  9.35017255E-13
  4125.45996  9.42781226E-13
  4128.2002  9.1708737E-13
  4130.93994  8.90150963E-13
  4133.68018  8.85962527E-13
  4136.41992  9.61396002E-13
  4139.16016  1.00021272E-12
  4141.8999  9.22831364E-13
  4144.64014  9.06953549E-13
  4147.37988  9.52594882E-13
  4150.12012  9.51409524E-13
  4152.85986  9.28328052E-13
  4155.6001  9.33674145E-13
  4158.33984  9.84562475E-13
  4161.08008  1.01086142E-12
  4163.81982  1.01257642E-12
  4166.56006  1.00721308E-12
  4169.2998  9.70184436E-13
  4172.04004  8.85659059E-13
  4174.77979  8.74415557E-13
  4177.52002  9.06188373E-13
  4180.25977  9.59183037E-13
  4183.  9.63926963E-13
  4185.74023  9.5951979E-13
  4188.47998  9.51596441E-13
  4191.22021  9.76922211E-13
  4193.95996  9.90466715E-13
  4196.7002  9.37406186E-13
  4199.43994  9.01841048E-13
  4202.18018  9.07667062E-13
  4204.91992  9.22442678E-13
  4207.66016  9.8715014E-13
  4210.3999  1.01179091E-12
  4213.14014  1.00675848E-12
  4215.87988  9.64202351E-13
  4218.62012  1.00305755E-12
  4221.35986  1.01208972E-12
  4224.1001  9.12479185E-13
  4226.83984  8.55838133E-13
  4229.58008  9.67478918E-13
  4232.31982  9.95102546E-13
  4235.06006  9.57149074E-13
  4237.7998  9.48175132E-13
  4240.54004  9.95726071E-13
  4243.27979  1.0195461E-12
  4246.02002  9.8643847E-13
  4248.75977  9.50165077E-13
  4251.5  9.80627255E-13
  4254.24023  9.9573778E-13
  4256.97998  9.99717236E-13
  4259.72021  9.63690174E-13
  4262.45996  1.01767965E-12
  4265.2002  1.0726204E-12
  4267.93994  1.03187652E-12
  4270.68018  9.49335662E-13
  4273.41992  9.32298184E-13
  4276.16016  9.99649799E-13
  4278.8999  1.0089734E-12
  4281.64014  9.84151129E-13
  4284.37988  9.48903716E-13
  4287.12012  8.86039777E-13
  4289.85986  9.17338904E-13
  4292.6001  9.22249798E-13
  4295.33984  8.87818519E-13
  4298.08008  7.90922883E-13
  4300.81982  7.21820878E-13
  4303.56006  7.27066031E-13
  4306.2998  7.24888736E-13
  4309.04004  7.19656973E-13
  4311.77979  7.8836281E-13
  4314.52002  9.47154139E-13
  4317.25977  1.10971171E-12
  4320.  1.12279164E-12
  4322.74023  1.01954946E-12
  4325.47998  9.83861972E-13
  4328.22021  1.0836772E-12
  4330.95996  1.1400542E-12
  4333.7002  1.15563136E-12
  4336.43994  1.07035333E-12
  4339.18018  9.38104087E-13
  4341.91992  9.86244181E-13
  4344.66016  1.10284449E-12
  4347.3999  1.15315797E-12
  4350.14014  1.09886536E-12
  4352.87988  1.07655464E-12
  4355.62012  1.13016996E-12
  4358.35986  1.12891575E-12
  4361.1001  1.15428142E-12
  4363.83984  1.18485657E-12
  4366.58008  1.14771463E-12
  4369.31982  1.11957438E-12
  4372.06006  1.09033767E-12
  4374.7998  1.05833181E-12
  4377.54004  1.11740283E-12
  4380.27979  1.12703477E-12
  4383.02002  1.01509014E-12
  4385.75977  1.01881069E-12
  4388.5  1.08011159E-12
  4391.24023  1.11680988E-12
  4393.97998  1.12017578E-12
  4396.72021  1.13658226E-12
  4399.45996  1.11176346E-12
  4402.2002  1.11222327E-12
  4404.93994  1.11202237E-12
  4407.68018  1.09405952E-12
  4410.41992  1.17649185E-12
  4413.16016  1.19857108E-12
  4415.8999  1.15097005E-12
  4418.64014  1.18592104E-12
  4421.37988  1.20888315E-12
  4424.12012  1.20609924E-12
  4426.85986  1.19789302E-12
  4429.6001  1.18398314E-12
  4432.33984  1.16875346E-12
  4435.08008  1.16570295E-12
  4437.81982  1.23413909E-12
  4440.56006  1.21856063E-12
  4443.2998  1.15609551E-12
  4446.04004  1.18889664E-12
  4448.77979  1.21967757E-12
  4451.52002  1.21134233E-12
  4454.25977  1.16770482E-12
  4457.  1.16360372E-12
  4459.74023  1.16162407E-12
  4462.47998  1.18007481E-12
  4465.22021  1.20738098E-12
  4467.95996  1.18916693E-12
  4470.7002  1.22383971E-12
  4473.43994  1.3062007E-12
  4476.18018  1.34424546E-12
  4478.91992  1.30943021E-12
  4481.66016  1.2722939E-12
  4484.3999  1.30860091E-12
  4487.14014  1.31778269E-12
  4489.87988  1.28247944E-12
  4492.62012  1.28427184E-12
  4495.35986  1.27345378E-12
  4498.1001  1.30352814E-12
  4500.83984  1.34863388E-12
  4503.58008  1.38120212E-12
  4506.31982  1.39179E-12
  4509.06006  1.38565906E-12
  4511.7998  1.36770077E-12
  4514.54004  1.34254554E-12
  4517.27979  1.31999522E-12
  4520.02002  1.30721876E-12
  4522.75977  1.26986778E-12
  4525.5  1.23783807E-12
  4528.24023  1.22231283E-12
  4530.97998  1.22522164E-12
  4533.72021  1.23472521E-12
  4536.45996  1.29171077E-12
  4539.2002  1.34472587E-12
  4541.93994  1.33369563E-12
  4544.68018  1.29893644E-12
  4547.41992  1.26658764E-12
  4550.16016  1.25951278E-12
  4552.8999  1.26257815E-12
  4555.64014  1.29737215E-12
  4558.37988  1.3633774E-12
  4561.12012  1.37160595E-12
  4563.85986  1.33532725E-12
  4566.6001  1.35696435E-12
  4569.33984  1.36445553E-12
  4572.08008  1.35965208E-12
  4574.81982  1.37925077E-12
  4577.56006  1.36000694E-12
  4580.2998  1.32107443E-12
  4583.04004  1.32031441E-12
  4585.77979  1.35346259E-12
  4588.52002  1.37571627E-12
  4591.25977  1.35883817E-12
  4594.  1.35398485E-12
  4596.74023  1.36796542E-12
  4599.47998  1.36544942E-12
  4602.22021  1.37594179E-12
  4604.95996  1.40659576E-12
  4607.7002  1.44119016E-12
  4610.43994  1.43947603E-12
  4613.18018  1.42149313E-12
  4615.91992  1.41653594E-12
  4618.66016  1.43084427E-12
  4621.3999  1.45151881E-12
  4624.14014  1.44510933E-12
  4626.87988  1.43697684E-12
  4629.62012  1.45301295E-12
  4632.35986  1.44951271E-12
  4635.1001  1.42995305E-12
  4637.83984  1.42401574E-12
  4640.58008  1.44421682E-12
  4643.31982  1.45152889E-12
  4646.06006  1.41527111E-12
  4648.7998  1.41503736E-12
  4651.54004  1.42850315E-12
  4654.27979  1.40254767E-12
  4657.02002  1.4317769E-12
  4659.75977  1.48601997E-12
  4662.5  1.47246354E-12
  4665.24023  1.40902264E-12
  4667.97998  1.3655869E-12
  4670.72021  1.40821599E-12
  4673.45996  1.46261898E-12
  4676.2002  1.47004739E-12
  4678.93994  1.44415838E-12
  4681.68018  1.4391099E-12
  4684.41992  1.47662123E-12
  4687.16016  1.49091633E-12
  4689.8999  1.47585579E-12
  4692.64014  1.4929169E-12
  4695.37988  1.50639158E-12
  4698.12012  1.48491581E-12
  4700.85986  1.45477521E-12
  4703.6001  1.43396709E-12
  4706.33984  1.42977416E-12
  4709.08008  1.44961603E-12
  4711.81982  1.48399045E-12
  4714.56006  1.48334958E-12
  4717.2998  1.49981872E-12
  4720.04004  1.5137776E-12
  4722.77979  1.51266944E-12
  4725.52002  1.50572393E-12
  4728.25977  1.48795462E-12
  4731.  1.48825396E-12
  4733.74023  1.49179692E-12
  4736.47998  1.50296268E-12
  4739.22021  1.50907433E-12
  4741.95996  1.51505924E-12
  4744.7002  1.5247777E-12
  4747.43994  1.52993026E-12
  4750.18018  1.53670501E-12
  4752.91992  1.52639175E-12
  4755.66016  1.50188336E-12
  4758.3999  1.49441061E-12
  4761.14014  1.47153546E-12
  4763.87988  1.44690141E-12
  4766.62012  1.48428026E-12
  4769.35986  1.52301197E-12
  4772.1001  1.52200865E-12
  4774.83984  1.53327698E-12
  4777.58008  1.54699474E-12
  4780.31982  1.52659753E-12
  4783.06006  1.50757466E-12
  4785.7998  1.48134554E-12
  4788.54004  1.47754866E-12
  4791.27979  1.52234063E-12
  4794.02002  1.55640995E-12
  4796.75977  1.53777045E-12
  4799.5  1.52000613E-12
  4802.24023  1.53973156E-12
  4804.97998  1.53373766E-12
  4807.72021  1.52009384E-12
  4810.45996  1.53741928E-12
  4813.2002  1.55663254E-12
  4815.93994  1.56730564E-12
  4818.68018  1.56514027E-12
  4821.41992  1.54702119E-12
  4824.16016  1.52833031E-12
  4826.8999  1.54470664E-12
  4829.64014  1.55399662E-12
  4832.37988  1.55214806E-12
  4835.12012  1.56003671E-12
  4837.85986  1.53324001E-12
  4840.6001  1.51932503E-12
  4843.33984  1.55111904E-12
  4846.08008  1.55956899E-12
  4848.81982  1.54793669E-12
  4851.56006  1.54390888E-12
  4854.2998  1.51053161E-12
  4857.04004  1.45214808E-12
  4859.77979  1.33789692E-12
  4862.52002  1.30887716E-12
  4865.25977  1.45315292E-12
  4868.  1.49194004E-12
  4870.74023  1.46825022E-12
  4873.47998  1.471997E-12
  4876.22021  1.5115036E-12
  4878.95996  1.53068584E-12
  4881.7002  1.53316541E-12
  4884.43994  1.51164888E-12
  4887.18018  1.49418292E-12
  4889.91992  1.48851331E-12
  4892.66016  1.53607032E-12
  4895.3999  1.59859116E-12
  4898.14014  1.60244799E-12
  4900.87988  1.56974596E-12
  4903.62012  1.56882114E-12
  4906.35986  1.57701283E-12
  4909.1001  1.55737998E-12
  4911.83984  1.54888125E-12
  4914.58008  1.57436824E-12
  4917.31982  1.53825986E-12
  4920.06006  1.46663215E-12
  4922.7998  1.47466609E-12
  4925.54004  1.5409579E-12
  4928.27979  1.59162137E-12
  4931.02002  1.58522273E-12
  4933.75977  1.5448697E-12
  4936.5  1.52138458E-12
  4939.24023  1.52485403E-12
  4941.97998  1.57115098E-12
  4944.72021  1.60645152E-12
  4947.45996  1.61394227E-12
  4950.2002  1.632071E-12
  4952.93994  1.62367483E-12
  4955.68018  1.58127927E-12
  4958.41992  1.54936936E-12
  4961.16016  1.59983973E-12
  4963.8999  1.60747414E-12
  4966.64014  1.58047739E-12
  4969.37988  1.5862267E-12
  4972.12012  1.59979072E-12
  4974.85986  1.61140144E-12
  4977.6001  1.58881361E-12
  4980.33984  1.54071601E-12
  4983.08008  1.48718754E-12
  4985.81982  1.51359003E-12
  4988.56006  1.56581779E-12
  4991.2998  1.55343707E-12
  4994.04004  1.55859093E-12
  4996.77979  1.57132196E-12
  4999.52002  1.55068157E-12
  5002.25977  1.5201127E-12
  5005.  1.51996243E-12
  5007.74023  1.51495819E-12
  5010.47998  1.52557697E-12
  5013.22021  1.46370286E-12
  5015.95996  1.45945441E-12
  5018.7002  1.51026522E-12
  5021.43994  1.54009867E-12
  5024.18018  1.55851785E-12
  5026.91992  1.57817661E-12
  5029.66016  1.59109184E-12
  5032.3999  1.60935111E-12
  5035.14014  1.57573705E-12
  5037.87988  1.50173732E-12
  5040.62012  1.46905979E-12
  5043.35986  1.50194061E-12
  5046.1001  1.60582788E-12
  5048.83984  1.60594617E-12
  5051.58008  1.58542699E-12
  5054.31982  1.64200554E-12
  5057.06006  1.67872248E-12
  5059.7998  1.65623515E-12
  5062.54004  1.6250342E-12
  5065.27979  1.58719186E-12
  5068.02002  1.60059466E-12
  5070.75977  1.60915931E-12
  5073.5  1.61222034E-12
  5076.24023  1.58809175E-12
  5078.97998  1.5387754E-12
  5081.72021  1.51530557E-12
  5084.45996  1.58336658E-12
  5087.2002  1.62925803E-12
  5089.93994  1.64155842E-12
  5092.68018  1.6482177E-12
  5095.41992  1.64067902E-12
  5098.16016  1.59245024E-12
  5100.8999  1.57755623E-12
  5103.64014  1.62848012E-12
  5106.37988  1.60988258E-12
  5109.12012  1.54795859E-12
  5111.85986  1.59612514E-12
  5114.6001  1.63785272E-12
  5117.33984  1.64791965E-12
  5120.08008  1.64368638E-12
  5122.81982  1.58525948E-12
  5125.56006  1.55012992E-12
  5128.2998  1.55728251E-12
  5131.04004  1.57679891E-12
  5133.77979  1.59880171E-12
  5136.52002  1.58513664E-12
  5139.25977  1.53981515E-12
  5142.  1.533173E-12
  5144.74023  1.55293345E-12
  5147.47998  1.57858503E-12
  5150.22021  1.57619707E-12
  5152.95996  1.56900849E-12
  5155.7002  1.62309608E-12
  5158.43994  1.66294918E-12
  5161.18018  1.65934096E-12
  5163.91992  1.58011202E-12
  5166.66016  1.45271609E-12
  5169.3999  1.37950816E-12
  5172.14014  1.4399044E-12
  5174.87988  1.52447315E-12
  5177.62012  1.64807458E-12
  5180.35986  1.62350981E-12
  5183.1001  1.52271273E-12
  5185.83984  1.51320254E-12
  5188.58008  1.58528399E-12
  5191.31982  1.56097379E-12
  5194.06006  1.53407603E-12
  5196.7998  1.5712787E-12
  5199.54004  1.6052293E-12
  5202.27979  1.6023193E-12
  5205.02002  1.55763282E-12
  5207.75977  1.53630255E-12
  5210.5  1.58107652E-12
  5213.24023  1.63375986E-12
  5215.97998  1.63803823E-12
  5218.72021  1.64629161E-12
  5221.45996  1.67230563E-12
  5224.2002  1.61290425E-12
  5226.93994  1.51810725E-12
  5229.68018  1.5802869E-12
  5232.41992  1.6345716E-12
  5235.16016  1.63447673E-12
  5237.8999  1.67652058E-12
  5240.64014  1.69429423E-12
  5243.37988  1.70042962E-12
  5246.12012  1.66991356E-12
  5248.85986  1.60585748E-12
  5251.6001  1.59849282E-12
  5254.33984  1.64100938E-12
  5257.08008  1.66661682E-12
  5259.81982  1.67782281E-12
  5262.56006  1.57682407E-12
  5265.2998  1.5041449E-12
  5268.04004  1.51997002E-12
  5270.77979  1.52761961E-12
  5273.52002  1.60341066E-12
  5276.25977  1.65784313E-12
  5279.  1.69278036E-12
  5281.74023  1.65801368E-12
  5284.47998  1.66421553E-12
  5287.22021  1.73158916E-12
  5289.95996  1.74154734E-12
  5292.7002  1.72965342E-12
  5295.43994  1.68749552E-12
  5298.18018  1.64149911E-12
  5300.91992  1.67629691E-12
  5303.66016  1.69662721E-12
  5306.3999  1.72774523E-12
  5309.14014  1.73166863E-12
  5311.87988  1.74853263E-12
  5314.62012  1.72342414E-12
  5317.35986  1.70163861E-12
  5320.1001  1.71907302E-12
  5322.83984  1.68745031E-12
  5325.58008  1.63167255E-12
  5328.31982  1.58551113E-12
  5331.06006  1.63892543E-12
  5333.7998  1.69314898E-12
  5336.54004  1.70472078E-12
  5339.27979  1.68167758E-12
  5342.02002  1.67055389E-12
  5344.75977  1.70392498E-12
  5347.5  1.69277873E-12
  5350.24023  1.69911904E-12
  5352.97998  1.73208095E-12
  5355.72021  1.76107035E-12
  5358.45996  1.76454966E-12
  5361.2002  1.73517743E-12
  5363.93994  1.69241184E-12
  5366.68018  1.66872484E-12
  5369.41992  1.66216151E-12
  5372.16016  1.66554476E-12
  5374.8999  1.73932526E-12
  5377.64014  1.74983227E-12
  5380.37988  1.73558542E-12
  5383.12012  1.71691947E-12
  5385.85986  1.7398189E-12
  5388.6001  1.73271055E-12
  5391.33984  1.71259014E-12
  5394.08008  1.68124596E-12
  5396.81982  1.64475996E-12
  5399.56006  1.64935676E-12
  5402.2998  1.69395325E-12
  5405.04004  1.64589598E-12
  5407.77979  1.67060582E-12
  5410.52002  1.68106241E-12
  5413.25977  1.72121518E-12
  5416.  1.72437943E-12
  5418.74023  1.73057911E-12
  5421.47998  1.73068417E-12
  5424.22021  1.70936691E-12
  5426.95996  1.71252173E-12
  5429.7002  1.66539016E-12
  5432.43994  1.68568002E-12
  5435.18018  1.67096827E-12
  5437.91992  1.72814107E-12
  5440.66016  1.76858235E-12
  5443.3999  1.73465073E-12
  5446.14014  1.69082359E-12
  5448.87988  1.72132122E-12
  5451.62012  1.75712147E-12
  5454.35986  1.71253636E-12
  5457.1001  1.71732366E-12
  5459.83984  1.76623137E-12
  5462.58008  1.7384373E-12
  5465.31982  1.74781262E-12
  5468.06006  1.77546606E-12
  5470.7998  1.77188461E-12
  5473.54004  1.73629004E-12
  5476.27979  1.69336355E-12
  5479.02002  1.70742305E-12
  5481.75977  1.73760626E-12
  5484.5  1.74577898E-12
  5487.24023  1.76151639E-12
  5489.97998  1.75688793E-12
  5492.72021  1.76429715E-12
  5495.45996  1.76683798E-12
  5498.2002  1.73883987E-12
  5500.93994  1.74348383E-12
  5503.68018  1.73825592E-12
  5506.41992  1.72673356E-12
  5509.16016  1.73142891E-12
  5511.8999  1.74144152E-12
  5514.64014  1.7550372E-12
  5517.37988  1.77909066E-12
  5520.12012  1.78918707E-12
  5522.85986  1.77120243E-12
  5525.6001  1.74710192E-12
  5528.33984  1.74120831E-12
  5531.08008  1.76293084E-12
  5533.81982  1.78530769E-12
  5536.56006  1.79334379E-12
  5539.2998  1.80004514E-12
  5542.04004  1.8002931E-12
  5544.77979  1.80408184E-12
  5547.52002  1.8127045E-12
  5550.25977  1.8066038E-12
  5553.  1.80980057E-12
  5555.74023  1.80541313E-12
  5558.47998  1.81072019E-12
  5561.22021  1.78907551E-12
  5563.95996  1.76043891E-12
  5566.7002  1.76583086E-12
  5569.43994  1.75837914E-12
  5572.18018  1.76058885E-12
  5574.91992  1.77070207E-12
  5577.66016  1.78298478E-12
  5580.3999  1.78289588E-12
  5583.14014  1.76729811E-12
  5585.87988  1.75427283E-12
  5588.62012  1.72834024E-12
  5591.35986  1.75074549E-12
  5594.1001  1.76635052E-12
  5596.83984  1.78134081E-12
  5599.58008  1.75958336E-12
  5602.31982  1.77110984E-12
  5605.06006  1.8011249E-12
  5607.7998  1.82787227E-12
  5610.54004  1.82231682E-12
  5613.27979  1.80190151E-12
  5616.02002  1.772733E-12
  5618.75977  1.78425753E-12
  5621.5  1.80796307E-12
  5624.24023  1.80147195E-12
  5626.97998  1.81230584E-12
  5629.72021  1.83224009E-12
  5632.45996  1.83028202E-12
  5635.2002  1.84879998E-12
  5637.93994  1.81469119E-12
  5640.68018  1.81044676E-12
  5643.41992  1.82281338E-12
  5646.16016  1.83183156E-12
  5648.8999  1.840217E-12
  5651.64014  1.88447413E-12
  5654.37988  1.83110796E-12
  5657.12012  1.75000672E-12
  5659.85986  1.75314049E-12
  5662.6001  1.77602713E-12
  5665.33984  1.80701255E-12
  5668.08008  1.82440087E-12
  5670.81982  1.82679978E-12
  5673.56006  1.82326485E-12
  5676.2998  1.8134165E-12
  5679.04004  1.80535469E-12
  5681.77979  1.7956114E-12
  5684.52002  1.77570675E-12
  5687.25977  1.77215133E-12
  5690.  1.79891594E-12
  5692.74023  1.8190692E-12
  5695.47998  1.83840508E-12
  5698.22021  1.81183421E-12
  5700.95996  1.76677867E-12
  5703.7002  1.74468231E-12
  5706.43994  1.73598191E-12
  5709.18018  1.74336164E-12
  5711.91992  1.7612345E-12
  5714.66016  1.79354426E-12
  5717.3999  1.81844795E-12
  5720.14014  1.83989391E-12
  5722.87988  1.85319663E-12
  5725.62012  1.85326255E-12
  5728.35986  1.81768478E-12
  5731.1001  1.80102331E-12
  5733.83984  1.82997346E-12
  5736.58008  1.84404748E-12
  5739.31982  1.84810956E-12
  5742.06006  1.85647179E-12
  5744.7998  1.86121886E-12
  5747.54004  1.84168848E-12
  5750.27979  1.82097501E-12
  5753.02002  1.80791081E-12
  5755.75977  1.81368234E-12
  5758.5  1.85175833E-12
  5761.24023  1.85872693E-12
  5763.97998  1.84946026E-12
  5766.72021  1.84649995E-12
  5769.45996  1.84483245E-12
  5772.2002  1.84738206E-12
  5774.93994  1.84680483E-12
  5777.68018  1.83975881E-12
  5780.41992  1.83063612E-12
  5783.16016  1.81711222E-12
  5785.8999  1.82393271E-12
  5788.64014  1.84081092E-12
  5791.37988  1.85375218E-12
  5794.12012  1.85916018E-12
  5796.85986  1.84184265E-12
  5799.6001  1.83939561E-12
  5802.33984  1.86504284E-12
  5805.08008  1.87252102E-12
  5807.81982  1.87023725E-12
  5810.56006  1.85682286E-12
  5813.2998  1.84372309E-12
  5816.04004  1.85602705E-12
  5818.77979  1.86749249E-12
  5821.52002  1.86827051E-12
  5824.26025  1.86871504E-12
  5827.  1.8681133E-12
  5829.74023  1.86989118E-12
  5832.47998  1.87257588E-12
  5835.22021  1.87418765E-12
  5837.95996  1.87302452E-12
  5840.7002  1.86620728E-12
  5843.43994  1.8573333E-12
  5846.18018  1.8458774E-12
  5848.91992  1.83656974E-12
  5851.66016  1.82848355E-12
  5854.3999  1.80796068E-12
  5857.14014  1.79345297E-12
  5859.87988  1.83041689E-12
  5862.62012  1.85796322E-12
  5865.35986  1.82797592E-12
  5868.1001  1.85375348E-12
  5870.83984  1.96217305E-12
  5873.58008  1.93519896E-12
  5876.31982  1.84380094E-12
  5879.06006  1.83355956E-12
  5881.7998  1.8308972E-12
  5884.54004  1.78758484E-12
  5887.27979  1.75297526E-12
  5890.02002  1.73230408E-12
  5892.76025  1.73137622E-12
  5895.5  1.74856895E-12
  5898.24023  1.80114951E-12
  5900.97998  1.86234752E-12
  5903.72021  1.87173714E-12
  5906.45996  1.86994474E-12
  5909.2002  1.87261209E-12
  5911.93994  1.86661537E-12
  5914.68018  1.84734042E-12
  5917.41992  1.84214276E-12
  5920.16016  1.84470798E-12
  5922.8999  1.85444693E-12
  5925.64014  1.86341676E-12
  5928.37988  1.85894681E-12
  5931.12012  1.85394538E-12
  5933.85986  1.84983214E-12
  5936.6001  1.85078558E-12
  5939.33984  1.85689355E-12
  5942.08008  1.8520979E-12
  5944.81982  1.84282559E-12
  5947.56006  1.83478666E-12
  5950.2998  1.83154815E-12
  5953.04004  1.8398861E-12
  5955.77979  1.8452568E-12
  5958.52002  1.8441288E-12
  5961.26025  1.85393996E-12
  5964.  1.86920835E-12
  5966.74023  1.86633738E-12
  5969.47998  1.86010343E-12
  5972.22021  1.86600084E-12
  5974.95996  1.8691511E-12
  5977.7002  1.86595314E-12
  5980.43994  1.85809007E-12
  5983.18018  1.84405334E-12
  5985.91992  1.84510415E-12
  5988.66016  1.85233426E-12
  5991.3999  1.85102454E-12
  5994.14014  1.85026625E-12
  5996.87988  1.85590952E-12
  5999.62012  1.85894399E-12
  6002.35986  1.86009715E-12
  6005.1001  1.85135631E-12
  6007.83984  1.83580798E-12
  6010.58008  1.83718427E-12
  6013.31982  1.84368536E-12
  6016.06006  1.84693645E-12
  6018.7998  1.84547711E-12
  6021.54004  1.83214945E-12
  6024.27979  1.83186821E-12
  6027.02002  1.8441765E-12
  6029.76025  1.86044257E-12
  6032.5  1.87833104E-12
  6035.24023  1.87907871E-12
  6037.97998  1.8759961E-12
  6040.72021  1.8786795E-12
  6043.45996  1.87585039E-12
  6046.2002  1.86040723E-12
  6048.93994  1.8628727E-12
  6051.68018  1.87705385E-12
  6054.41992  1.87031055E-12
  6057.16016  1.85846954E-12
  6059.8999  1.85720081E-12
  6062.64014  1.85894269E-12
  6065.37988  1.86216819E-12
  6068.12012  1.86883668E-12
  6070.85986  1.88312148E-12
  6073.6001  1.86710001E-12
  6076.33984  1.83834133E-12
  6079.08008  1.84899492E-12
  6081.81982  1.86317953E-12
  6084.56006  1.85450461E-12
  6087.2998  1.84554151E-12
  6090.04004  1.83858766E-12
  6092.77979  1.83392537E-12
  6095.52002  1.83123959E-12
  6098.26025  1.83325295E-12
  6101.  1.83452884E-12
  6103.74023  1.81906248E-12
  6106.47998  1.80947575E-12
  6109.22021  1.82180464E-12
  6111.95996  1.82654781E-12
  6114.7002  1.82375707E-12
  6117.43994  1.81055713E-12
  6120.18018  1.79323527E-12
  6122.91992  1.81454699E-12
  6125.66016  1.83651076E-12
  6128.3999  1.82114328E-12
  6131.14014  1.80422593E-12
  6133.87988  1.7866174E-12
  6136.62012  1.788966E-12
  6139.35986  1.80889797E-12
  6142.1001  1.82417601E-12
  6144.83984  1.8379959E-12
  6147.58008  1.84571477E-12
  6150.31982  1.84786301E-12
  6153.06006  1.84436993E-12
  6155.7998  1.83353376E-12
  6158.54004  1.81256399E-12
  6161.27979  1.79549843E-12
  6164.02002  1.78081996E-12
  6166.76025  1.78385562E-12
  6169.5  1.79274954E-12
  6172.24023  1.79653265E-12
  6174.97998  1.80020235E-12
  6177.72021  1.80258282E-12
  6180.45996  1.81158625E-12
  6183.2002  1.82755655E-12
  6185.93994  1.83029308E-12
  6188.68018  1.82643831E-12
  6191.41992  1.81872822E-12
  6194.16016  1.81608092E-12
  6196.8999  1.83094468E-12
  6199.64014  1.83898795E-12
  6202.37988  1.83339346E-12
  6205.12012  1.84488384E-12
  6207.85986  1.86438842E-12
  6210.6001  1.84744212E-12
  6213.33984  1.82457218E-12
  6216.08008  1.83163922E-12
  6218.81982  1.83575724E-12
  6221.56006  1.82422935E-12
  6224.2998  1.82175347E-12
  6227.04004  1.82882312E-12
  6229.77979  1.81750578E-12
  6232.52002  1.80131593E-12
  6235.26025  1.81481132E-12
  6238.  1.82311219E-12
  6240.74023  1.79555242E-12
  6243.47998  1.77697267E-12
  6246.22021  1.77609435E-12
  6248.95996  1.76701047E-12
  6251.7002  1.75494862E-12
  6254.43994  1.76225896E-12
  6257.18018  1.77652261E-12
  6259.91992  1.78549113E-12
  6262.66016  1.79358113E-12
  6265.3999  1.79899216E-12
  6268.14014  1.81115019E-12
  6270.87988  1.83163684E-12
  6273.62012  1.84368905E-12
  6276.35986  1.8492033E-12
  6279.1001  1.8340648E-12
  6281.83984  1.82060703E-12
  6284.58008  1.83218393E-12
  6287.31982  1.84061642E-12
  6290.06006  1.84468695E-12
  6292.7998  1.83501391E-12
  6295.54004  1.81381256E-12
  6298.27979  1.7950358E-12
  6301.02002  1.78411637E-12
  6303.76025  1.81058662E-12
  6306.5  1.82754051E-12
  6309.24023  1.80579412E-12
  6311.97998  1.79427328E-12
  6314.72021  1.79292974E-12
  6317.45996  1.7958522E-12
  6320.2002  1.80306855E-12
  6322.93994  1.81081799E-12
  6325.68018  1.81905446E-12
  6328.41992  1.83328439E-12
  6331.16016  1.82859218E-12
  6333.8999  1.78436085E-12
  6336.64014  1.77533747E-12
  6339.37988  1.79152407E-12
  6342.12012  1.80783437E-12
  6344.85986  1.82640383E-12
  6347.6001  1.84216076E-12
  6350.33984  1.84671679E-12
  6353.08008  1.8267588E-12
  6355.81982  1.81554207E-12
  6358.56006  1.81316062E-12
  6361.2998  1.82316987E-12
  6364.04004  1.84071855E-12
  6366.77979  1.83651575E-12
  6369.52002  1.82765326E-12
  6372.26025  1.82541374E-12
  6375.  1.8278508E-12
  6377.74023  1.84029528E-12
  6380.47998  1.8396376E-12
  6383.22021  1.82751947E-12
  6385.95996  1.83138595E-12
  6388.7002  1.83629002E-12
  6391.43994  1.81151166E-12
  6394.18018  1.78784277E-12
  6396.91992  1.7824905E-12
  6399.66016  1.78095917E-12
  6402.3999  1.78276621E-12
  6405.14014  1.78897674E-12
  6407.87988  1.79908193E-12
  6410.62012  1.81000527E-12
  6413.35986  1.8194168E-12
  6416.1001  1.82414739E-12
  6418.83984  1.82109124E-12
  6421.58008  1.80280129E-12
  6424.31982  1.79660269E-12
  6427.06006  1.80007224E-12
  6429.7998  1.81537522E-12
  6432.54004  1.83464919E-12
  6435.27979  1.83065043E-12
  6438.02002  1.82347605E-12
  6440.76025  1.82486838E-12
  6443.5  1.82346716E-12
  6446.24023  1.81957292E-12
  6448.97998  1.80610735E-12
  6451.72021  1.78681766E-12
  6454.45996  1.80312416E-12
  6457.2002  1.82590596E-12
  6459.93994  1.81920928E-12
  6462.68018  1.8125023E-12
  6465.41992  1.81220945E-12
  6468.16016  1.82024209E-12
  6470.8999  1.83941013E-12
  6473.64014  1.83594958E-12
  6476.37988  1.82329997E-12
  6479.12012  1.82815286E-12
  6481.85986  1.83143518E-12
  6484.6001  1.81915615E-12
  6487.33984  1.80860481E-12
  6490.08008  1.80628548E-12
  6492.81982  1.78578788E-12
  6495.56006  1.75300996E-12
  6498.2998  1.75344201E-12
  6501.04004  1.77351374E-12
  6503.77979  1.82029001E-12
  6506.52002  1.85400588E-12
  6509.26025  1.85080727E-12
  6512.  1.8438443E-12
  6514.74023  1.82955213E-12
  6517.47998  1.82899399E-12
  6520.22021  1.83504622E-12
  6522.95996  1.83626877E-12
  6525.7002  1.83926984E-12
  6528.43994  1.85234076E-12
  6531.18018  1.85624086E-12
  6533.91992  1.84002986E-12
  6536.66016  1.84367539E-12
  6539.3999  1.86123469E-12
  6542.14014  1.84567812E-12
  6544.87988  1.82251545E-12
  6547.62012  1.83125715E-12
  6550.35986  1.83239296E-12
  6553.1001  1.80642686E-12
  6555.83984  1.77676493E-12
  6558.58008  1.74152338E-12
  6561.31982  1.70519252E-12
  6564.06006  1.67615726E-12
  6566.7998  1.73316353E-12
  6569.54004  1.80056729E-12
  6572.27979  1.80265904E-12
  6575.02002  1.80624688E-12
  6577.76025  1.82718315E-12
  6580.5  1.83514705E-12
  6583.24023  1.83325512E-12
  6585.97998  1.82525197E-12
  6588.72021  1.81485924E-12
  6591.45996  1.81305426E-12
  6594.2002  1.81735399E-12
  6596.93994  1.83202889E-12
  6599.68018  1.84116047E-12
  6602.41992  1.84578568E-12
  6605.16016  1.83477257E-12
  6607.8999  1.81474128E-12
  6610.64014  1.82278736E-12
  6613.37988  1.83773114E-12
  6616.12012  1.84325038E-12
  6618.85986  1.84783872E-12
  6621.6001  1.85570873E-12
  6624.33984  1.85078081E-12
  6627.08008  1.83278176E-12
  6629.81982  1.83756309E-12
  6632.56006  1.84896391E-12
  6635.2998  1.83993879E-12
  6638.04004  1.82947082E-12
  6640.77979  1.81666574E-12
  6643.52002  1.83575334E-12
  6646.26025  1.91776044E-12
  6649.  1.9101604E-12
  6651.74023  1.85252313E-12
  6654.47998  1.8477934E-12
  6657.22021  1.85378492E-12
  6659.95996  1.84428276E-12
  6662.7002  1.83327182E-12
  6665.43994  1.81718095E-12
  6668.18018  1.82166955E-12
  6670.91992  1.84879976E-12
  6673.66016  1.84825484E-12
  6676.3999  1.83621542E-12
  6679.14014  1.82687199E-12
  6681.87988  1.8251364E-12
  6684.62012  1.84647761E-12
  6687.35986  1.85585575E-12
  6690.1001  1.84225985E-12
  6692.83984  1.84512843E-12
  6695.58008  1.85634039E-12
  6698.31982  1.85377408E-12
  6701.06006  1.84496559E-12
  6703.7998  1.82887841E-12
  6706.54004  1.82105459E-12
  6709.27979  1.83308577E-12
  6712.02002  1.84092889E-12
  6714.76025  1.84690761E-12
  6717.5  1.83748849E-12
  6720.24023  1.82198766E-12
  6722.97998  1.83067472E-12
  6725.72021  1.84257839E-12
  6728.45996  1.84512908E-12
  6731.2002  1.84421835E-12
  6733.93994  1.83880146E-12
  6736.68018  1.83496772E-12
  6739.41992  1.83160171E-12
  6742.16016  1.82510734E-12
  6744.8999  1.81902974E-12
  6747.64014  1.81911235E-12
  6750.37988  1.82234544E-12
  6753.12012  1.82933616E-12
  6755.85986  1.83507441E-12
  6758.6001  1.84016235E-12
  6761.33984  1.84250098E-12
  6764.08008  1.84074435E-12
  6766.81982  1.81803032E-12
  6769.56006  1.79795968E-12
  6772.2998  1.80678931E-12
  6775.04004  1.81606585E-12
  6777.77979  1.82022192E-12
  6780.52002  1.82812489E-12
  6783.26025  1.83906211E-12
  6786.  1.8374358E-12
  6788.74023  1.83238212E-12
  6791.47998  1.84027251E-12
  6794.22021  1.84424633E-12
  6796.95996  1.83421811E-12
  6799.7002  1.82519321E-12
  6802.43994  1.81574168E-12
  6805.18018  1.81638656E-12
  6807.91992  1.82269E-12
  6810.66016  1.81882168E-12
  6813.3999  1.8144943E-12
  6816.14014  1.81787105E-12
  6818.87988  1.82194884E-12
  6821.62012  1.82662436E-12
  6824.35986  1.82765066E-12
  6827.1001  1.82564207E-12
  6829.83984  1.81950917E-12
  6832.58008  1.81116927E-12
  6835.31982  1.80549369E-12
  6838.06006  1.79963889E-12
  6840.7998  1.78792213E-12
  6843.54004  1.79001204E-12
  6846.27979  1.81385137E-12
  6849.02002  1.8208345E-12
  6851.76025  1.81935348E-12
  6854.5  1.81219482E-12
  6857.24023  1.80321892E-12
  6859.97998  1.7970921E-12
  6862.72021  1.79815743E-12
  6865.45996  1.81329051E-12
  6868.2002  1.81963472E-12
  6870.93994  1.8189417E-12
  6873.68018  1.81503586E-12
  6876.41992  1.80951532E-12
  6879.16016  1.80941048E-12
  6881.8999  1.81377244E-12
  6884.64014  1.8277786E-12
  6887.37988  1.83352552E-12
  6890.12012  1.81649043E-12
  6892.85986  1.84912198E-12
  6895.6001  1.90942553E-12
  6898.33984  1.86765057E-12
  6901.08008  1.80384711E-12
  6903.81982  1.80490822E-12
  6906.56006  1.80934076E-12
  6909.2998  1.79761371E-12
  6912.04004  1.80137968E-12
  6914.77979  1.82198137E-12
  6917.52002  1.82778033E-12
  6920.26025  1.82754072E-12
  6923.  1.83025145E-12
  6925.74023  1.82758257E-12
  6928.47998  1.80781117E-12
  6931.22021  1.79839834E-12
  6933.95996  1.80633947E-12
  6936.7002  1.81391349E-12
  6939.43994  1.82319698E-12
  6942.18018  1.80424198E-12
  6944.91992  1.78086376E-12
  6947.66016  1.78845762E-12
  6950.3999  1.79968041E-12
  6953.14014  1.80528986E-12
  6955.87988  1.81530637E-12
  6958.62012  1.83280778E-12
  6961.35986  1.82915055E-12
  6964.1001  1.81452108E-12
  6966.83984  1.8076081E-12
  6969.58008  1.80221495E-12
  6972.31982  1.79770836E-12
  6975.06006  1.79219031E-12
  6977.7998  1.78023731E-12
  6980.54004  1.78710692E-12
  6983.27979  1.80879367E-12
  6986.02002  1.81237675E-12
  6988.76025  1.80999172E-12
  6991.5  1.81285228E-12
  6994.24023  1.8109366E-12
  6996.97998  1.79611621E-12
  6999.72021  1.78856908E-12
  7002.45996  1.78864128E-12
  7005.2002  1.79443645E-12
  7007.93994  1.80356294E-12
  7010.68018  1.7988291E-12
  7013.41992  1.7897334E-12
  7016.16016  1.77828531E-12
  7018.8999  1.77668936E-12
  7021.64014  1.79498072E-12
  7024.37988  1.79984391E-12
  7027.12012  1.79530587E-12
  7029.85986  1.78897847E-12
  7032.6001  1.78222584E-12
  7035.33984  1.78245483E-12
  7038.08008  1.78762007E-12
  7040.81982  1.80062465E-12
  7043.56006  1.80975699E-12
  7046.2998  1.81550402E-12
  7049.04004  1.81198101E-12
  7051.77979  1.80280367E-12
  7054.52002  1.80852121E-12
  7057.26025  1.81559531E-12
  7060.  1.81250674E-12
  7062.74023  1.80544284E-12
  7065.47998  1.79205348E-12
  7068.22021  1.78554242E-12
  7070.95996  1.78415171E-12
  7073.7002  1.79569911E-12
  7076.43994  1.81086255E-12
  7079.18018  1.80575563E-12
  7081.91992  1.7942208E-12
  7084.66016  1.77649735E-12
  7087.3999  1.77049749E-12
  7090.14014  1.78021324E-12
  7092.87988  1.79303588E-12
  7095.62012  1.8093309E-12
  7098.35986  1.80072352E-12
  7101.1001  1.78814309E-12
  7103.83984  1.79717818E-12
  7106.58008  1.80294007E-12
  7109.31982  1.79751472E-12
  7112.06006  1.79130669E-12
  7114.7998  1.78321659E-12
  7117.54004  1.77897616E-12
  7120.27979  1.77633928E-12
  7123.02002  1.77193048E-12
  7125.76025  1.76778937E-12
  7128.5  1.7644098E-12
  7131.24023  1.76313348E-12
  7133.97998  1.76312871E-12
  7136.72021  1.76986084E-12
  7139.45996  1.78170206E-12
  7142.2002  1.78920496E-12
  7144.93994  1.79195753E-12
  7147.68018  1.78304279E-12
  7150.41992  1.77185957E-12
  7153.16016  1.75856725E-12
  7155.8999  1.75499426E-12
  7158.64014  1.76243015E-12
  7161.37988  1.76168379E-12
  7164.12012  1.75926645E-12
  7166.85986  1.77233608E-12
  7169.6001  1.77497763E-12
  7172.33984  1.72928555E-12
  7175.08008  1.71211504E-12
  7177.81982  1.74922544E-12
  7180.56006  1.76268754E-12
  7183.2998  1.76491168E-12
  7186.04004  1.75918427E-12
  7188.77979  1.75695179E-12
  7191.52002  1.79981811E-12
  7194.26025  1.81801536E-12
  7197.  1.75890476E-12
  7199.74023  1.73617717E-12
  7202.47998  1.75465198E-12
  7205.22021  1.7592053E-12
  7207.95996  1.7614444E-12
  7210.7002  1.76572092E-12
  7213.43994  1.76832203E-12
  7216.18018  1.76084819E-12
  7218.91992  1.76586989E-12
  7221.66016  1.80120383E-12
  7224.3999  1.79997998E-12
  7227.14014  1.77113478E-12
  7229.87988  1.7603088E-12
  7232.62012  1.75846067E-12
  7235.35986  1.77706645E-12
  7238.1001  1.78827721E-12
  7240.83984  1.76824853E-12
  7243.58008  1.76302571E-12
  7246.31982  1.77930045E-12
  7249.06006  1.77430846E-12
  7251.7998  1.76038361E-12
  7254.54004  1.76614365E-12
  7257.27979  1.77321753E-12
  7260.02002  1.762799E-12
  7262.76025  1.75979869E-12
  7265.5  1.77488363E-12
  7268.24023  1.77974714E-12
  7270.97998  1.77697603E-12
  7273.72021  1.78152718E-12
  7276.45996  1.787162E-12
  7279.2002  1.78679088E-12
  7281.93994  1.78070677E-12
  7284.68018  1.76574716E-12
  7287.41992  1.75034488E-12
  7290.16016  1.72807493E-12
  7292.8999  1.73942089E-12
  7295.64014  1.77049206E-12
  7298.37988  1.76715272E-12
  7301.12012  1.75852822E-12
  7303.85986  1.77215751E-12
  7306.6001  1.77833312E-12
  7309.33984  1.76632504E-12
  7312.08008  1.75530445E-12
  7314.81982  1.74208033E-12
  7317.56006  1.75286261E-12
  7320.2998  1.77370575E-12
  7323.04004  1.78042346E-12
  7325.77979  1.77896424E-12
  7328.52002  1.76276745E-12
  7331.26025  1.75602816E-12
  7334.  1.76513632E-12
  7336.74023  1.76794755E-12
  7339.47998  1.76839088E-12
  7342.22021  1.76049615E-12
  7344.95996  1.75066992E-12
  7347.7002  1.74864875E-12
  7350.43994  1.74501071E-12
  7353.18018  1.72984598E-12
  7355.91992  1.73820496E-12
  7358.66016  1.7737579E-12
  7361.3999  1.77101682E-12
  7364.14014  1.75282185E-12
  7366.87988  1.75192532E-12
  7369.62012  1.75509238E-12
  7372.35986  1.75909341E-12
  7375.1001  1.76302668E-12
  7377.83984  1.76972271E-12
  7380.58008  1.76355881E-12
  7383.31982  1.7480597E-12
  7386.06006  1.73988092E-12
  7388.7998  1.73586807E-12
  7391.54004  1.739712E-12
  7394.27979  1.74371357E-12
  7397.02002  1.74522235E-12
  7399.76025  1.74397226E-12
  7402.5  1.74034918E-12
  7405.24023  1.73058161E-12
  7407.97998  1.71758484E-12
  7410.72021  1.71119987E-12
  7413.45996  1.7080135E-12
  7416.2002  1.70555453E-12
  7418.93994  1.71057829E-12
  7421.68018  1.72679677E-12
  7424.41992  1.7423619E-12
  7427.16016  1.75906425E-12
  7429.8999  1.76437033E-12
  7432.64014  1.76285527E-12
  7435.37988  1.75772038E-12
  7438.12012  1.74792928E-12
  7440.85986  1.72645145E-12
  7443.6001  1.7231082E-12
  7446.33984  1.74348893E-12
  7449.08008  1.7464192E-12
  7451.81982  1.74267285E-12
  7454.56006  1.74596958E-12
  7457.2998  1.74941431E-12
  7460.04004  1.75019049E-12
  7462.77979  1.74599137E-12
  7465.52002  1.73090589E-12
  7468.26025  1.72978309E-12
  7471.  1.73990054E-12
  7473.74023  1.73634523E-12
  7476.47998  1.73006086E-12
  7479.22021  1.73652607E-12
  7481.95996  1.74233544E-12
  7484.7002  1.73976621E-12
  7487.43994  1.73998912E-12
  7490.18018  1.74547562E-12
  7492.91992  1.74178673E-12
  7495.66016  1.73341842E-12
  7498.3999  1.73386023E-12
  7501.14014  1.7354706E-12
  7503.87988  1.73225583E-12
  7506.62012  1.72816579E-12
  7509.35986  1.72206867E-12
  7512.1001  1.72174915E-12
  7514.83984  1.72677476E-12
  7517.58008  1.72911284E-12
  7520.31982  1.73007854E-12
  7523.06006  1.72599283E-12
  7525.7998  1.7246533E-12
  7528.54004  1.73671385E-12
  7531.27979  1.73664338E-12
  7534.02002  1.71436834E-12
  7536.76025  1.71691329E-12
  7539.5  1.73250195E-12
  7542.24023  1.73434032E-12
  7544.97998  1.73321882E-12
  7547.72021  1.73710894E-12
  7550.45996  1.73676741E-12
  7553.2002  1.72774989E-12
  7555.93994  1.71978133E-12
  7558.68018  1.71156741E-12
  7561.41992  1.71020912E-12
  7564.16016  1.71275223E-12
  7566.8999  1.71606598E-12
  7569.64014  1.7176011E-12
  7572.37988  1.71284558E-12
  7575.12012  1.70971549E-12
  7577.85986  1.71120193E-12
  7580.6001  1.7043566E-12
  7583.33984  1.69270576E-12
  7586.08008  1.69971231E-12
  7588.81982  1.71301319E-12
  7591.56006  1.72205284E-12
  7594.2998  1.72830478E-12
  7597.04004  1.73305901E-12
  7599.77979  1.72719315E-12
  7602.52002  1.70806869E-12
  7605.26025  1.70606172E-12
  7608.  1.71101349E-12
  7610.74023  1.70731831E-12
  7613.47998  1.70345346E-12
  7616.22021  1.70428016E-12
  7618.95996  1.70495334E-12
  7621.7002  1.70294421E-12
  7624.43994  1.70870176E-12
  7627.18018  1.72025155E-12
  7629.91992  1.72637534E-12
  7632.66016  1.73028638E-12
  7635.3999  1.73580421E-12
  7638.14014  1.73266371E-12
  7640.87988  1.70716598E-12
  7643.62012  1.70086005E-12
  7646.35986  1.71890312E-12
  7649.1001  1.71260781E-12
  7651.83984  1.69652389E-12
  7654.58008  1.69682714E-12
  7657.31982  1.69456745E-12
  7660.06006  1.6695987E-12
  7662.7998  1.65458901E-12
  7665.54004  1.65538557E-12
  7668.27979  1.66894504E-12
  7671.02002  1.69559993E-12
  7673.76025  1.70459588E-12
  7676.5  1.70766071E-12
  7679.24023  1.71705618E-12
  7681.97998  1.72153101E-12
  7684.72021  1.71478901E-12
  7687.45996  1.7061928E-12
  7690.2002  1.69395812E-12
  7692.93994  1.69080938E-12
  7695.68018  1.69160237E-12
  7698.41992  1.67519416E-12
  7701.16016  1.66340921E-12
  7703.8999  1.68622126E-12
  7706.64014  1.69851698E-12
  7709.37988  1.68306178E-12
  7712.12012  1.68013195E-12
  7714.85986  1.68552086E-12
  7717.6001  1.69715956E-12
  7720.33984  1.70714885E-12
  7723.08008  1.6853707E-12
  7725.81982  1.66682185E-12
  7728.56006  1.67489818E-12
  7731.2998  1.67888685E-12
  7734.04004  1.678227E-12
  7736.77979  1.66966473E-12
  7739.52002  1.65645503E-12
  7742.26025  1.66270676E-12
  7745.  1.67143176E-12
  7747.74023  1.66157854E-12
  7750.47998  1.66056914E-12
  7753.22021  1.68168127E-12
  7755.95996  1.69252709E-12
  7758.7002  1.69544326E-12
  7761.43994  1.70021755E-12
  7764.18018  1.70190121E-12
  7766.91992  1.68715584E-12
  7769.66016  1.67263133E-12
  7772.3999  1.66892129E-12
  7775.14014  1.66926173E-12
  7777.87988  1.67728212E-12
  7780.62012  1.67293078E-12
  7783.35986  1.66180069E-12
  7786.1001  1.6646503E-12
  7788.83984  1.67130296E-12
  7791.58008  1.67451068E-12
  7794.31982  1.67459243E-12
  7797.06006  1.66826297E-12
  7799.7998  1.66675712E-12
  7802.54004  1.6688802E-12
  7805.27979  1.68162608E-12
  7808.02002  1.69778059E-12
  7810.76025  1.69235231E-12
  7813.5  1.68501682E-12
  7816.24023  1.68941792E-12
  7818.97998  1.69174874E-12
  7821.72021  1.6916028E-12
  7824.45996  1.68479098E-12
  7827.2002  1.67285738E-12
  7829.93994  1.67404751E-12
  7832.68018  1.67808812E-12
  7835.41992  1.67123195E-12
  7838.16016  1.66833723E-12
  7840.8999  1.67986577E-12
  7843.64014  1.67958236E-12
  7846.37988  1.66630902E-12
  7849.12012  1.65847219E-12
  7851.85986  1.65202932E-12
  7854.6001  1.64530022E-12
  7857.33984  1.64107519E-12
  7860.08008  1.64274518E-12
  7862.81982  1.64533383E-12
  7865.56006  1.64886507E-12
  7868.2998  1.65000359E-12
  7871.04004  1.64939709E-12
  7873.77979  1.65454195E-12
  7876.52002  1.66085483E-12
  7879.26025  1.65932209E-12
  7882.  1.66285985E-12
  7884.74023  1.68440609E-12
  7887.47998  1.68987491E-12
  7890.22021  1.67507338E-12
  7892.95996  1.67221824E-12
  7895.7002  1.67352601E-12
  7898.43994  1.67399417E-12
  7901.18018  1.670921E-12
  7903.91992  1.65607437E-12
  7906.66016  1.64510278E-12
  7909.3999  1.64378407E-12
  7912.14014  1.63716078E-12
  7914.87988  1.6266154E-12
  7917.62012  1.63282539E-12
  7920.35986  1.64386614E-12
  7923.1001  1.63834278E-12
  7925.83984  1.63574785E-12
  7928.58008  1.65043727E-12
  7931.31982  1.65371731E-12
  7934.06006  1.6422471E-12
  7936.7998  1.63148987E-12
  7939.54004  1.62036248E-12
  7942.27979  1.62646882E-12
  7945.02002  1.63671214E-12
  7947.76025  1.63887632E-12
  7950.5  1.64113449E-12
  7953.24023  1.64376509E-12
  7955.97998  1.65043857E-12
  7958.72021  1.66064005E-12
  7961.45996  1.68050719E-12
  7964.2002  1.69660813E-12
  7966.93994  1.66163264E-12
  7969.68018  1.6294791E-12
  7972.41992  1.63517594E-12
  7975.16016  1.64209033E-12
  7977.8999  1.64961751E-12
  7980.64014  1.6542683E-12
  7983.37988  1.65730569E-12
  7986.12012  1.66104326E-12
  7988.85986  1.66120047E-12
  7991.6001  1.64774943E-12
  7994.33984  1.63930295E-12
  7997.08008  1.64578605E-12
  7999.81982  1.64474879E-12
  8002.56006  1.63709617E-12
  8005.2998  1.6324135E-12
  8008.04004  1.62979309E-12
  8010.77979  1.63370597E-12
  8013.52002  1.64096503E-12
  8016.26025  1.65440372E-12
  8019.  1.65707107E-12
  8021.74023  1.64310536E-12
  8024.47998  1.63219199E-12
  8027.22021  1.62141589E-12
  8029.95996  1.62723827E-12
  8032.7002  1.63712988E-12
  8035.43994  1.63283579E-12
  8038.18018  1.63353912E-12
  8040.91992  1.65421485E-12
  8043.66016  1.6511162E-12
  8046.3999  1.62129446E-12
  8049.14014  1.61445293E-12
  8051.87988  1.61930061E-12
  8054.62012  1.63987302E-12
  8057.35986  1.65768744E-12
  8060.1001  1.65269859E-12
  8062.83984  1.64633162E-12
  8065.58008  1.63992051E-12
  8068.31982  1.63721391E-12
  8071.06006  1.63702418E-12
  8073.7998  1.62522383E-12
  8076.54004  1.61239815E-12
  8079.27979  1.61707984E-12
  8082.02002  1.61842154E-12
  8084.76025  1.60335482E-12
  8087.5  1.59842018E-12
  8090.24023  1.60272945E-12
  8092.97998  1.62127744E-12
  8095.72021  1.64642681E-12
  8098.45996  1.64171769E-12
  8101.2002  1.63005102E-12
  8103.93994  1.62596174E-12
  8106.68018  1.62228618E-12
  8109.41992  1.61928294E-12
  8112.16016  1.61248077E-12
  8114.8999  1.60237763E-12
  8117.64014  1.6176587E-12
  8120.37988  1.63636823E-12
  8123.12012  1.61286446E-12
  8125.85986  1.59829051E-12
  8128.6001  1.62520778E-12
  8131.33984  1.63899786E-12
  8134.08008  1.63721521E-12
  8136.81982  1.63437265E-12
  8139.56006  1.62948344E-12
  8142.2998  1.63545371E-12
  8145.04004  1.64114609E-12
  8147.77979  1.6321534E-12
  8150.52002  1.6307692E-12
  8153.26025  1.65099629E-12
  8156.  1.64598456E-12
  8158.74023  1.61959823E-12
  8161.47998  1.61962089E-12
  8164.22021  1.62944267E-12
  8166.95996  1.63627304E-12
  8169.7002  1.6383391E-12
  8172.43994  1.63110584E-12
  8175.18018  1.61986201E-12
  8177.91992  1.5998948E-12
  8180.66016  1.59991801E-12
  8183.3999  1.61095128E-12
  8186.14014  1.60421231E-12
  8188.87988  1.59753395E-12
  8191.62012  1.61245496E-12
  8194.36035  1.61760828E-12
  8197.09961  1.59696366E-12
  8199.83984  1.59148226E-12
  8202.58008  1.5991685E-12
  8205.32031  1.59055234E-12
  8208.05957  1.57862525E-12
  8210.7998  1.58660292E-12
  8213.54004  1.59759977E-12
  8216.28027  1.60380249E-12
  8219.01953  1.60802122E-12
  8221.75977  1.60836611E-12
  8224.5  1.61492271E-12
  8227.24023  1.6247625E-12
  8229.98047  1.62541953E-12
  8232.71973  1.62376373E-12
  8235.45996  1.63132138E-12
  8238.2002  1.62562108E-12
  8240.94043  1.58353582E-12
  8243.67969  1.57974523E-12
  8246.41992  1.616093E-12
  8249.16016  1.61309822E-12
  8251.90039  1.59632117E-12
  8254.63965  1.59613685E-12
  8257.37988  1.60263632E-12
  8260.12012  1.62182691E-12
  8262.86035  1.62497934E-12
  8265.59961  1.59847038E-12
  8268.33984  1.59329559E-12
  8271.08008  1.59976589E-12
  8273.82031  1.60434231E-12
  8276.55957  1.60840959E-12
  8279.2998  1.60815556E-12
  8282.04004  1.60622243E-12
  8284.78027  1.60660569E-12
  8287.51953  1.59346321E-12
  8290.25977  1.56093346E-12
  8293.  1.56840383E-12
  8295.74023  1.59367712E-12
  8298.48047  1.59319758E-12
  8301.21973  1.5863542E-12
  8303.95996  1.57792421E-12
  8306.7002  1.57618363E-12
  8309.44043  1.58657506E-12
  8312.17969  1.59063832E-12
  8314.91992  1.59129405E-12
  8317.66016  1.59854519E-12
  8320.40039  1.60401933E-12
  8323.13965  1.5924549E-12
  8325.87988  1.57757943E-12
  8328.62012  1.55990249E-12
  8331.36035  1.55612589E-12
  8334.09961  1.56978239E-12
  8336.83984  1.57401826E-12
  8339.58008  1.57534283E-12
  8342.32031  1.57893295E-12
  8345.05957  1.58222144E-12
  8347.7998  1.58629739E-12
  8350.54004  1.58234981E-12
  8353.28027  1.56145312E-12
  8356.01953  1.55770427E-12
  8358.75977  1.56709313E-12
  8361.5  1.55913628E-12
  8364.24023  1.54909408E-12
  8366.98047  1.5617478E-12
  8369.71973  1.57348613E-12
  8372.45996  1.57170544E-12
  8375.2002  1.57123121E-12
  8377.94043  1.57568153E-12
  8380.67969  1.56121492E-12
  8383.41992  1.53738198E-12
  8386.16016  1.54243166E-12
  8388.90039  1.55563507E-12
  8391.63965  1.5630573E-12
  8394.37988  1.56970986E-12
  8397.12012  1.57761477E-12
  8399.86035  1.57823288E-12
  8402.59961  1.57229882E-12
  8405.33984  1.56139663E-12
  8408.08008  1.55160314E-12
  8410.82031  1.56815023E-12
  8413.55957  1.58172087E-12
  8416.2998  1.56987303E-12
  8419.04004  1.56667561E-12
  8421.78027  1.57941336E-12
  8424.51953  1.57571851E-12
  8427.25977  1.56365372E-12
  8430.  1.56374089E-12
  8432.74023  1.56368766E-12
  8435.48047  1.5441023E-12
  8438.21973  1.54158023E-12
  8440.95996  1.58169756E-12
  8443.7002  1.59219393E-12
  8446.44043  1.57519917E-12
  8449.17969  1.58221732E-12
  8451.91992  1.59590581E-12
  8454.66016  1.59250597E-12
  8457.40039  1.58933413E-12
  8460.13965  1.60217553E-12
  8462.87988  1.59935877E-12
  8465.62012  1.56961542E-12
  8468.36035  1.55542365E-12
  8471.09961  1.54858656E-12
  8473.83984  1.54846828E-12
  8476.58008  1.55085851E-12
  8479.32031  1.54854612E-12
  8482.05957  1.54377932E-12
  8484.7998  1.53682362E-12
  8487.54004  1.52684755E-12
  8490.28027  1.5146017E-12
  8493.01953  1.49006437E-12
  8495.75977  1.46188389E-12
  8498.5  1.45255379E-12
  8501.24023  1.46532092E-12
  8503.98047  1.52704021E-12
  8506.71973  1.56289163E-12
  8509.45996  1.55247787E-12
  8512.2002  1.54947919E-12
  8514.94043  1.5458985E-12
  8517.67969  1.55981705E-12
  8520.41992  1.57412798E-12
  8523.16016  1.55978789E-12
  8525.90039  1.54180065E-12
  8528.63965  1.53432161E-12
  8531.37988  1.50756436E-12
  8534.12012  1.4615093E-12
  8536.86035  1.3963417E-12
  8539.59961  1.3230479E-12
  8542.33984  1.28855357E-12
  8545.08008  1.29926365E-12
  8547.82031  1.40461069E-12
  8550.55957  1.48321416E-12
  8553.2998  1.5059695E-12
  8556.04004  1.51866876E-12
  8558.78027  1.51596921E-12
  8561.51953  1.53598022E-12
  8564.25977  1.55782874E-12
  8567.  1.54895248E-12
  8569.74023  1.54099921E-12
  8572.48047  1.55141969E-12
  8575.21973  1.55411122E-12
  8577.95996  1.54440729E-12
  8580.7002  1.55660651E-12
  8583.44043  1.57745594E-12
  8586.17969  1.56133223E-12
  8588.91992  1.53867706E-12
  8591.66016  1.52993525E-12
  8594.40039  1.53361286E-12
  8597.13965  1.55914843E-12
  8599.87988  1.56868854E-12
  8602.62012  1.56654561E-12
  8605.36035  1.56631023E-12
  8608.09961  1.56465813E-12
  8610.83984  1.55894926E-12
  8613.58008  1.55552405E-12
  8616.32031  1.55820799E-12
  8619.05957  1.56499889E-12
  8621.7998  1.58140796E-12
  8624.54004  1.57360138E-12
  8627.28027  1.55289627E-12
  8630.02051  1.5605297E-12
  8632.75977  1.57045937E-12
  8635.5  1.55817134E-12
  8638.24023  1.54374224E-12
  8640.98047  1.5279195E-12
  8643.71973  1.52416057E-12
  8646.45996  1.53320618E-12
  8649.2002  1.51914473E-12
  8651.94043  1.49193559E-12
  8654.67969  1.45644401E-12
  8657.41992  1.41246747E-12
  8660.16016  1.34139217E-12
  8662.90039  1.32112084E-12
  8665.63965  1.37035348E-12
  8668.37988  1.42629062E-12
  8671.12012  1.49669426E-12
  8673.86035  1.5233008E-12
  8676.59961  1.53196574E-12
  8679.33984  1.53992455E-12
  8682.08008  1.54211149E-12
  8684.82031  1.53334886E-12
  8687.55957  1.53754386E-12
  8690.2998  1.55596922E-12
  8693.04004  1.5529624E-12
  8695.78027  1.54082031E-12
  8698.52051  1.53518886E-12
  8701.25977  1.53243954E-12
  8704.  1.53458745E-12
  8706.74023  1.53560237E-12
  8709.48047  1.53452023E-12
  8712.21973  1.53234662E-12
  8714.95996  1.52942047E-12
  8717.7002  1.53929408E-12
  8720.44043  1.55060654E-12
  8723.17969  1.5451259E-12
  8725.91992  1.54162945E-12
  8728.66016  1.55023661E-12
  8731.40039  1.55005815E-12
  8734.13965  1.54005552E-12
  8736.87988  1.5359207E-12
  8739.62012  1.53516707E-12
  8742.36035  1.54693738E-12
  8745.09961  1.55316059E-12
  8747.83984  1.53165881E-12
  8750.58008  1.51506607E-12
  8753.32031  1.50786328E-12
  8756.05957  1.50791912E-12
  8758.7998  1.51499245E-12
  8761.54004  1.51469007E-12
  8764.28027  1.51491222E-12
  8767.02051  1.52873797E-12
  8769.75977  1.5392325E-12
  8772.5  1.53938201E-12
  8775.24023  1.5323914E-12
  8777.98047  1.51415816E-12
  8780.71973  1.51459748E-12
  8783.45996  1.52443986E-12
  8786.2002  1.52829355E-12
  8788.94043  1.53158887E-12
  8791.67969  1.53905306E-12
  8794.41992  1.53801711E-12
  8797.16016  1.52090395E-12
  8799.90039  1.51320287E-12
  8802.63965  1.5119337E-12
  8805.37988  1.48988959E-12
  8808.12012  1.46684531E-12
  8810.86035  1.48277625E-12
  8813.59961  1.50028644E-12
  8816.33984  1.50324404E-12
  8819.08008  1.49968048E-12
  8821.82031  1.48389536E-12
  8824.55957  1.4929607E-12
  8827.2998  1.51457178E-12
  8830.04004  1.51411251E-12
  8832.78027  1.50994408E-12
  8835.52051  1.51842135E-12
  8838.25977  1.51887769E-12
  8841.  1.50100201E-12
  8843.74023  1.49343201E-12
  8846.48047  1.49304549E-12
  8849.21973  1.50061138E-12
  8851.95996  1.51412411E-12
  8854.7002  1.53411236E-12
  8857.44043  1.54479337E-12
  8860.17969  1.52857121E-12
  8862.91992  1.51714372E-12
  8865.66016  1.5120754E-12
  8868.40039  1.51279629E-12
  8871.13965  1.51767737E-12
  8873.87988  1.51254757E-12
  8876.62012  1.50299445E-12
  8879.36035  1.48722365E-12
  8882.09961  1.48141623E-12
  8884.83984  1.49902627E-12
  8887.58008  1.50120216E-12
  8890.32031  1.48954644E-12
  8893.05957  1.48584313E-12
  8895.7998  1.48555864E-12
  8898.54004  1.48803073E-12
  8901.28027  1.4972819E-12
  8904.02051  1.52396661E-12
  8906.75977  1.53661968E-12
  8909.5  1.52664307E-12
  8912.24023  1.52359657E-12
  8914.98047  1.52193373E-12
  8917.71973  1.52097486E-12
  8920.45996  1.51948278E-12
  8923.2002  1.5164095E-12
  8925.94043  1.50799121E-12
  8928.67969  1.48707002E-12
  8931.41992  1.47871971E-12
  8934.16016  1.48373403E-12
  8936.90039  1.47872947E-12
  8939.63965  1.47063991E-12
  8942.37988  1.46422002E-12
  8945.12012  1.46605601E-12
  8947.86035  1.49083003E-12
  8950.59961  1.50636263E-12
  8953.33984  1.50284494E-12
  8956.08008  1.5113105E-12
  8958.82031  1.52611311E-12
  8961.55957  1.52218255E-12
  8964.2998  1.5124629E-12
  8967.04004  1.51129218E-12
  8969.78027  1.50989117E-12
  8972.52051  1.50858525E-12
  8975.25977  1.49667138E-12
  8978.  1.4684328E-12
  8980.74023  1.47269317E-12
  8983.48047  1.4949217E-12
  8986.21973  1.52378815E-12
  8988.95996  1.54166458E-12
  8991.7002  1.51599328E-12
  8994.44043  1.49770853E-12
  8997.17969  1.49881724E-12
  8999.91992  1.49665837E-12
  9002.66016  1.49403807E-12
  9005.40039  1.48461712E-12
  9008.13965  1.47199386E-12
  9010.87988  1.45662909E-12
  9013.62012  1.45073677E-12
  9016.36035  1.46461955E-12
  9019.09961  1.4817623E-12
  9021.83984  1.50827972E-12
  9024.58008  1.50103194E-12
  9027.32031  1.47620837E-12
  9030.05957  1.47792846E-12
  9032.7998  1.48714895E-12
  9035.54004  1.4978613E-12
  9038.28027  1.50223421E-12
  9041.02051  1.4913434E-12
  9043.75977  1.49709834E-12
  9046.5  1.51653625E-12
  9049.24023  1.51985781E-12
  9051.98047  1.51392549E-12
  9054.71973  1.49109978E-12
  9057.45996  1.47704559E-12
  9060.2002  1.49885692E-12
  9062.94043  1.50082832E-12
  9065.67969  1.46922828E-12
  9068.41992  1.47781256E-12
  9071.16016  1.50595281E-12
  9073.90039  1.50202322E-12
  9076.63965  1.49061818E-12
  9079.37988  1.48936614E-12
  9082.12012  1.48444744E-12
  9084.86035  1.47019994E-12
  9087.59961  1.46130222E-12
  9090.33984  1.45593379E-12
  9093.08008  1.46221967E-12
  9095.82031  1.47394564E-12
  9098.55957  1.47835227E-12
  9101.2998  1.47933185E-12
  9104.04004  1.47601592E-12
  9106.78027  1.47281276E-12
  9109.52051  1.46919467E-12
  9112.25977  1.46911259E-12
  9115.  1.47161526E-12
  9117.74023  1.47645101E-12
  9120.48047  1.48305966E-12
  9123.21973  1.49298217E-12
  9125.95996  1.49745483E-12
  9128.7002  1.49103755E-12
  9131.44043  1.48558672E-12
  9134.17969  1.48077882E-12
  9136.91992  1.46943818E-12
  9139.66016  1.45622772E-12
  9142.40039  1.45334309E-12
  9145.13965  1.45432039E-12
  9147.87988  1.4587976E-12
  9150.62012  1.45875087E-12
  9153.36035  1.44616795E-12
  9156.09961  1.45742164E-12
  9158.83984  1.48411838E-12
  9161.58008  1.49049989E-12
  9164.32031  1.48671407E-12
  9167.05957  1.46963388E-12
  9169.7998  1.45819088E-12
  9172.54004  1.46324923E-12
  9175.28027  1.46944794E-12
  9178.02051  1.48074077E-12
  9180.75977  1.46261052E-12
  9183.5  1.4338397E-12
  9186.24023  1.45117078E-12
  9188.98047  1.47308142E-12
  9191.71973  1.47280614E-12
  9194.45996  1.46511124E-12
  9197.2002  1.4476146E-12
  9199.94043  1.43554309E-12
  9202.67969  1.42614989E-12
  9205.41992  1.41378478E-12
  9208.16016  1.40269133E-12
  9210.90039  1.3978624E-12
  9213.63965  1.40065151E-12
  9216.37988  1.41639337E-12
  9219.12012  1.42822971E-12
  9221.86035  1.4368965E-12
  9224.59961  1.43969873E-12
  9227.33984  1.43759115E-12
  9230.08008  1.42397433E-12
  9232.82031  1.42137593E-12
  9235.55957  1.47328851E-12
  9238.2998  1.49277194E-12
  9241.04004  1.44179525E-12
  9243.78027  1.43017434E-12
  9246.52051  1.44397829E-12
  9249.25977  1.45054086E-12
  9252.  1.45390221E-12
  9254.74023  1.44287674E-12
  9257.48047  1.43159085E-12
  9260.21973  1.42677623E-12
  9262.95996  1.42487855E-12
  9265.7002  1.42684475E-12
  9268.44043  1.42710063E-12
  9271.17969  1.42671454E-12
  9273.91992  1.42335601E-12
  9276.66016  1.42090387E-12
  9279.40039  1.42526431E-12
  9282.13965  1.42824131E-12
  9284.87988  1.42861059E-12
  9287.62012  1.42403526E-12
  9290.36035  1.41402244E-12
  9293.09961  1.41933286E-12
  9295.83984  1.42896589E-12
  9298.58008  1.4235684E-12
  9301.32031  1.41638079E-12
  9304.05957  1.40982072E-12
  9306.7998  1.41382511E-12
  9309.54004  1.43571591E-12
  9312.28027  1.43748772E-12
  9315.02051  1.42940737E-12
  9317.75977  1.43840517E-12
  9320.5  1.44960704E-12
  9323.24023  1.44932276E-12
  9325.98047  1.44949677E-12
  9328.71973  1.45425685E-12
  9331.45996  1.45578569E-12
  9334.2002  1.45495194E-12
  9336.94043  1.4475142E-12
  9339.67969  1.4365604E-12
  9342.41992  1.42864572E-12
  9345.16016  1.42230216E-12
  9347.90039  1.41715654E-12
  9350.63965  1.4156559E-12
  9353.37988  1.42118815E-12
  9356.12012  1.41703413E-12
  9358.86035  1.40772918E-12
  9361.59961  1.41661509E-12
  9364.33984  1.42534552E-12
  9367.08008  1.40895759E-12
  9369.82031  1.39036265E-12
  9372.55957  1.37183884E-12
  9375.2998  1.3679188E-12
  9378.04004  1.37932634E-12
  9380.78027  1.38812518E-12
  9383.52051  1.39814505E-12
  9386.25977  1.41129144E-12
  9389.  1.42070264E-12
  9391.74023  1.4176428E-12
  9394.48047  1.41616113E-12
  9397.21973  1.41956163E-12
  9399.95996  1.4186715E-12
  9402.7002  1.41502912E-12
  9405.44043  1.41145927E-12
  9408.17969  1.40774772E-12
  9410.91992  1.40310701E-12
  9413.66016  1.40310246E-12
  9416.40039  1.41487993E-12
  9419.13965  1.41829972E-12
  9421.87988  1.41694295E-12
  9424.62012  1.37886816E-12
  9427.36035  1.32780755E-12
  9430.09961  1.35940261E-12
  9432.83984  1.4015977E-12
  9435.58008  1.40145762E-12
  9438.32031  1.39621713E-12
  9441.05957  1.38421512E-12
  9443.7998  1.39052094E-12
  9446.54004  1.41089983E-12
  9449.28027  1.40740002E-12
  9452.02051  1.39595074E-12
  9454.75977  1.3915827E-12
  9457.5  1.38931596E-12
  9460.24023  1.38878221E-12
  9462.98047  1.39067035E-12
  9465.71973  1.3990985E-12
  9468.45996  1.3833612E-12
  9471.2002  1.35596634E-12
  9473.94043  1.35666847E-12
  9476.67969  1.36385337E-12
  9479.41992  1.36551241E-12
  9482.16016  1.36204231E-12
  9484.90039  1.34646482E-12
  9487.63965  1.34831859E-12
  9490.37988  1.36468755E-12
  9493.12012  1.36434614E-12
  9495.86035  1.35874157E-12
  9498.59961  1.3572277E-12
  9501.33984  1.36083213E-12
  9504.08008  1.37645472E-12
  9506.82031  1.38431053E-12
  9509.55957  1.38021495E-12
  9512.2998  1.38641865E-12
  9515.04004  1.39686667E-12
  9517.78027  1.39700079E-12
  9520.52051  1.39496075E-12
  9523.25977  1.39716569E-12
  9526.  1.39954302E-12
  9528.74023  1.40092397E-12
  9531.48047  1.4051644E-12
  9534.21973  1.41347199E-12
  9536.95996  1.39628825E-12
  9539.7002  1.36876047E-12
  9542.44043  1.35548333E-12
  9545.17969  1.34911787E-12
  9547.91992  1.35344633E-12
  9550.66016  1.35189538E-12
  9553.40039  1.33917638E-12
  9556.13965  1.33718243E-12
  9558.87988  1.3412329E-12
  9561.62012  1.34971374E-12
  9564.36035  1.35623793E-12
  9567.09961  1.3451421E-12
  9569.83984  1.33935441E-12
  9572.58008  1.3494878E-12
  9575.32031  1.35515102E-12
  9578.05957  1.35770963E-12
  9580.7998  1.35591852E-12
  9583.54004  1.35373765E-12
  9586.28027  1.36886054E-12
  9589.02051  1.38086298E-12
  9591.75977  1.37103078E-12
  9594.5  1.36682332E-12
  9597.24023  1.37699661E-12
  9599.98047  1.3675106E-12
  9602.71973  1.34625926E-12
  9605.45996  1.35395005E-12
  9608.2002  1.36904648E-12
  9610.94043  1.36438072E-12
  9613.67969  1.3719581E-12
  9616.41992  1.42290942E-12
  9619.16016  1.42044959E-12
  9621.90039  1.35518072E-12
  9624.63965  1.35938916E-12
  9627.37988  1.38968925E-12
  9630.12012  1.37807051E-12
  9632.86035  1.35830334E-12
  9635.59961  1.34429794E-12
  9638.33984  1.33413235E-12
  9641.08008  1.32681962E-12
  9643.82031  1.32989117E-12
  9646.55957  1.34178118E-12
  9649.2998  1.34789261E-12
  9652.04004  1.3488222E-12
  9654.78027  1.33446173E-12
  9657.52051  1.32149131E-12
  9660.25977  1.31591439E-12
  9663.  1.31921904E-12
  9665.74023  1.33431645E-12
  9668.48047  1.3393697E-12
  9671.21973  1.33998596E-12
  9673.95996  1.34205689E-12
  9676.7002  1.34004776E-12
  9679.44043  1.32217729E-12
  9682.17969  1.31845197E-12
  9684.91992  1.34476772E-12
  9687.66016  1.35060084E-12
  9690.40039  1.34256115E-12
  9693.13965  1.33659067E-12
  9695.87988  1.33644549E-12
  9698.62012  1.36929422E-12
  9701.36035  1.39530954E-12
  9704.09961  1.39580513E-12
  9706.83984  1.37696473E-12
  9709.58008  1.32648146E-12
  9712.32031  1.32455906E-12
  9715.05957  1.34578319E-12
  9717.7998  1.32596982E-12
  9720.54004  1.30355535E-12
  9723.28027  1.31061438E-12
  9726.02051  1.31899439E-12
  9728.75977  1.32413655E-12
  9731.5  1.32751405E-12
  9734.24023  1.32971878E-12
  9736.98047  1.31702895E-12
  9739.71973  1.3011687E-12
  9742.45996  1.30867268E-12
  9745.2002  1.32102391E-12
  9747.94043  1.33214186E-12
  9750.67969  1.33933663E-12
  9753.41992  1.34490097E-12
  9756.16016  1.33307915E-12
  9758.90039  1.31003877E-12
  9761.63965  1.30217495E-12
  9764.37988  1.30315084E-12
  9767.12012  1.31864907E-12
  9769.86035  1.32948839E-12
  9772.59961  1.32639949E-12
  9775.33984  1.32820469E-12
  9778.08008  1.33484987E-12
  9780.82031  1.32292831E-12
  9783.55957  1.30472814E-12
  9786.2998  1.30275521E-12
  9789.04004  1.31043819E-12
  9791.78027  1.33400853E-12
  9794.52051  1.34757288E-12
  9797.25977  1.34298616E-12
  9800.  1.35160557E-12
  9802.74023  1.36615328E-12
  9805.48047  1.36699658E-12
  9808.21973  1.35991272E-12
  9810.95996  1.34145668E-12
  9813.7002  1.32874105E-12
  9816.44043  1.33361345E-12
  9819.17969  1.32865984E-12
  9821.91992  1.3126736E-12
  9824.66016  1.31670955E-12
  9827.40039  1.32911379E-12
  9830.13965  1.32737885E-12
  9832.87988  1.32896981E-12
  9835.62012  1.35017431E-12
  9838.36035  1.3628932E-12
  9841.09961  1.3629087E-12
  9843.83984  1.35659767E-12
  9846.58008  1.34346169E-12
  9849.32031  1.32926157E-12
  9852.05957  1.31662725E-12
  9854.7998  1.31315954E-12
  9857.54004  1.31617872E-12
  9860.28027  1.32921462E-12
  9863.02051  1.33652052E-12
  9865.75977  1.33858484E-12
  9868.5  1.33618539E-12
  9871.24023  1.33008209E-12
  9873.98047  1.32243305E-12
  9876.71973  1.3166652E-12
  9879.45996  1.32081282E-12
  9882.2002  1.31805352E-12
  9884.94043  1.30156801E-12
  9887.67969  1.29198995E-12
  9890.41992  1.28628109E-12
  9893.16016  1.28012607E-12
  9895.90039  1.27880855E-12
  9898.63965  1.2959693E-12
  9901.37988  1.31345141E-12
  9904.12012  1.32399343E-12
  9906.86035  1.32880339E-12
  9909.59961  1.32696675E-12
  9912.33984  1.32376662E-12
  9915.08008  1.31925363E-12
  9917.82031  1.32130613E-12
  9920.55957  1.32583029E-12
  9923.2998  1.33208798E-12
  9926.04004  1.33480542E-12
  9928.78027  1.33388786E-12
  9931.52051  1.32201986E-12
  9934.25977  1.29891052E-12
  9937.  1.31722422E-12
  9939.74023  1.34604643E-12
  9942.48047  1.33041722E-12
  9945.21973  1.31479604E-12
  9947.95996  1.32435263E-12
  9950.7002  1.322623E-12
  9953.44043  1.30518328E-12
  9956.17969  1.29308966E-12
  9958.91992  1.28285165E-12
  9961.66016  1.27577571E-12
  9964.40039  1.28086268E-12
  9967.13965  1.3271876E-12
  9969.87988  1.34806109E-12
  9972.62012  1.30939042E-12
  9975.36035  1.29565878E-12
  9978.09961  1.30030242E-12
  9980.83984  1.29125801E-12
  9983.58008  1.27941971E-12
  9986.32031  1.27388735E-12
  9989.05957  1.27943348E-12
  9991.7998  1.31071131E-12
  9994.54004  1.32775724E-12
  9997.28027  1.32098325E-12
  10000.0205  1.33131104E-12
  10002.7598  1.34775112E-12
  10005.5  1.32915911E-12
  10008.2402  1.30102992E-12
  10010.9805  1.28848418E-12
  10013.7197  1.27525735E-12
  10016.46  1.25610763E-12
  10019.2002  1.24186794E-12
  10021.9404  1.23176686E-12
  10024.6797  1.22363643E-12
  10027.4199  1.22158772E-12
  10030.1602  1.24654378E-12
  10032.9004  1.26883161E-12
  10035.6396  1.25772645E-12
  10038.3799  1.26401851E-12
  10041.1201  1.30891283E-12
  10043.8604  1.30630728E-12
  10046.5996  1.27531655E-12
  10049.3398  1.28191555E-12
  10052.0801  1.29577913E-12
  10054.8203  1.28844559E-12
  10057.5596  1.28302295E-12
  10060.2998  1.28623045E-12
  10063.04  1.29416963E-12
  10065.7803  1.3106507E-12
  10068.5205  1.29801682E-12
  10071.2598  1.27328465E-12
  10074.  1.27663602E-12
  10076.7402  1.28493245E-12
  10079.4805  1.28430209E-12
  10082.2197  1.28769716E-12
  10084.96  1.30040651E-12
  10087.7002  1.30203801E-12
  10090.4404  1.29626843E-12
  10093.1797  1.30799299E-12
  10095.9199  1.31756433E-12
  10098.6602  1.2874015E-12
  10101.4004  1.26310204E-12
  10104.1396  1.2643609E-12
  10106.8799  1.27459371E-12
  10109.6201  1.29953459E-12
  10112.3604  1.29876893E-12
  10115.0996  1.28322927E-12
  10117.8398  1.25417612E-12
  10120.5801  1.23534885E-12
  10123.3203  1.2672851E-12
  10126.0596  1.28463267E-12
  10128.7998  1.26937772E-12
  10131.54  1.25736541E-12
  10134.2803  1.24381213E-12
  10137.0205  1.2665138E-12
  10139.7598  1.29302309E-12
  10142.5  1.2558548E-12
  10145.2402  1.21971888E-12
  10147.9805  1.20751217E-12
  10150.7197  1.22414492E-12
  10153.46  1.286016E-12
  10156.2002  1.28751784E-12
  10158.9404  1.25923957E-12
  10161.6797  1.2572957E-12
  10164.4199  1.26019063E-12
  10167.1602  1.25936609E-12
  10169.9004  1.25784593E-12
  10172.6396  1.25210638E-12
  10175.3799  1.26071365E-12
  10178.1201  1.28358793E-12
  10180.8604  1.2621668E-12
  10183.5996  1.2282921E-12
  10186.3398  1.23796839E-12
  10189.0801  1.25202366E-12
  10191.8203  1.25010581E-12
  10194.5596  1.26219781E-12
  10197.2998  1.42371553E-12
  10200.04  9.14468588E-13
  10202.7803  2.15182486E-14
  10205.5205 -1.04763664E-13
