#*HD008724
#*
#*  Heap-Lindler STIS
#set .z.units = "Ergs/s/cm**2/A"
#set .z.label = "Flux"
#set .table.bandwidth = 2.74
#*
  2950.  1.13520494E-13
  2952.73999  1.26965279E-13
  2955.47998  1.33090316E-13
  2958.21997  1.43116516E-13
  2960.95996  1.38969186E-13
  2963.69995  1.3393083E-13
  2966.43994  9.80994596E-14
  2969.17993  1.06476941E-13
  2971.91992  1.21160284E-13
  2974.65991  1.41463189E-13
  2977.3999  1.64080351E-13
  2980.13989  1.31457088E-13
  2982.87988  1.09576072E-13
  2985.62012  1.05648475E-13
  2988.36011  1.38971937E-13
  2991.1001  1.54576032E-13
  2993.84009  1.4994619E-13
  2996.58008  1.61115343E-13
  2999.32007  1.42563627E-13
  3002.06006  1.21014594E-13
  3004.80005  1.43628328E-13
  3007.54004  1.47659513E-13
  3010.28003  1.64072274E-13
  3013.02002  1.65415235E-13
  3015.76001  1.55141809E-13
  3018.5  1.3393617E-13
  3021.23999  1.09899726E-13
  3023.97998  1.4516906E-13
  3026.71997  1.69829211E-13
  3029.45996  1.82552839E-13
  3032.19995  1.76056679E-13
  3034.93994  1.90279473E-13
  3037.67993  1.77589741E-13
  3040.41992  1.74205201E-13
  3043.15991  1.72332824E-13
  3045.8999  1.84853191E-13
  3048.63989  1.78495836E-13
  3051.37988  2.00904723E-13
  3054.12012  1.85956678E-13
  3056.86011  1.58326409E-13
  3059.6001  1.45488629E-13
  3062.34009  1.5748374E-13
  3065.08008  1.37810797E-13
  3067.82007  1.31639952E-13
  3070.56006  1.48771064E-13
  3073.30005  1.65526962E-13
  3076.04004  1.76355051E-13
  3078.78003  1.84157648E-13
  3081.52002  1.75687657E-13
  3084.26001  1.73181944E-13
  3087.  1.75271568E-13
  3089.73999  1.61401816E-13
  3092.47998  1.34831938E-13
  3095.21997  1.32671286E-13
  3097.95996  1.49591792E-13
  3100.69995  1.40948546E-13
  3103.43994  1.60969098E-13
  3106.17993  1.93401515E-13
  3108.91992  2.0034045E-13
  3111.65991  2.06339313E-13
  3114.3999  2.02922043E-13
  3117.13989  1.91961545E-13
  3119.87988  1.69740998E-13
  3122.62012  1.58800165E-13
  3125.36011  1.63907137E-13
  3128.1001  1.64999375E-13
  3130.84009  1.71930002E-13
  3133.58008  1.81768771E-13
  3136.32007  1.90474901E-13
  3139.06006  1.99714851E-13
  3141.80005  1.95533084E-13
  3144.54004  1.65481642E-13
  3147.28003  1.62779065E-13
  3150.02002  1.90801408E-13
  3152.76001  2.0319594E-13
  3155.5  1.87288824E-13
  3158.23999  1.56009415E-13
  3160.97998  1.42220301E-13
  3163.71997  1.62197363E-13
  3166.45996  1.88275421E-13
  3169.19995  1.99650626E-13
  3171.93994  2.19340076E-13
  3174.67993  2.41352348E-13
  3177.41992  2.31716718E-13
  3180.15991  2.04348596E-13
  3182.8999  1.80726311E-13
  3185.63989  1.80556457E-13
  3188.37988  1.9700318E-13
  3191.12012  2.03074956E-13
  3193.86011  1.84781145E-13
  3196.6001  2.07345263E-13
  3199.34009  2.35476731E-13
  3202.08008  2.42288448E-13
  3204.82007  2.52087576E-13
  3207.56006  2.60098312E-13
  3210.30005  2.28271503E-13
  3213.04004  2.00282634E-13
  3215.78003  2.03938103E-13
  3218.52002  2.37249619E-13
  3221.26001  2.50631872E-13
  3224.  2.3342824E-13
  3226.73999  2.24397446E-13
  3229.47998  2.07824602E-13
  3232.21997  2.11490602E-13
  3234.95996  2.13456626E-13
  3237.69995  2.05041347E-13
  3240.43994  2.29672076E-13
  3243.17993  2.55998591E-13
  3245.91992  2.74305264E-13
  3248.65991  2.68521885E-13
  3251.3999  2.66176539E-13
  3254.13989  2.76551948E-13
  3256.87988  3.08977155E-13
  3259.62012  3.33819588E-13
  3262.36011  3.28152951E-13
  3265.1001  3.16708167E-13
  3267.84009  3.116357E-13
  3270.58008  3.21803023E-13
  3273.32007  3.06474735E-13
  3276.06006  3.09450843E-13
  3278.80005  2.98723421E-13
  3281.54004  2.99570535E-13
  3284.28003  3.09635916E-13
  3287.02002  3.0313214E-13
  3289.76001  3.09425662E-13
  3292.5  3.53978403E-13
  3295.23999  3.77921734E-13
  3297.97998  3.66749057E-13
  3300.71997  3.56164073E-13
  3303.45996  3.36593004E-13
  3306.19995  3.21635297E-13
  3308.93994  3.18590911E-13
  3311.67993  3.23085552E-13
  3314.41992  3.18910019E-13
  3317.15991  3.24422807E-13
  3319.8999  3.27142935E-13
  3322.63989  3.14151239E-13
  3325.37988  3.05773852E-13
  3328.12012  3.3056549E-13
  3330.86011  3.24819869E-13
  3333.6001  3.23255203E-13
  3336.34009  3.02251903E-13
  3339.08008  3.03058441E-13
  3341.82007  3.14394696E-13
  3344.56006  3.24298937E-13
  3347.30005  3.2317237E-13
  3350.04004  3.01721972E-13
  3352.78003  3.22550472E-13
  3355.52002  3.43222141E-13
  3358.26001  2.9261199E-13
  3361.  2.0865567E-13
  3363.73999  2.50298941E-13
  3366.47998  3.06227781E-13
  3369.21997  2.82720407E-13
  3371.95996  2.43617897E-13
  3374.69995  2.7742221E-13
  3377.43994  3.31780122E-13
  3380.17993  3.20955231E-13
  3382.91992  3.07886854E-13
  3385.65991  3.16007447E-13
  3388.3999  3.28146961E-13
  3391.13989  3.30901051E-13
  3393.87988  3.1905888E-13
  3396.62012  3.53164492E-13
  3399.36011  3.93656055E-13
  3402.1001  4.08087301E-13
  3404.84009  3.77063913E-13
  3407.58008  3.6124646E-13
  3410.32007  3.63313112E-13
  3413.06006  3.66606241E-13
  3415.80005  3.51776767E-13
  3418.54004  3.74199397E-13
  3421.28003  4.03171989E-13
  3424.02002  3.92061139E-13
  3426.76001  3.90601044E-13
  3429.5  4.11301771E-13
  3432.23999  4.26770896E-13
  3434.97998  4.24702076E-13
  3437.71997  4.10483605E-13
  3440.45996  3.76318388E-13
  3443.19995  3.22422997E-13
  3445.93994  3.580157E-13
  3448.67993  4.15506144E-13
  3451.41992  4.30885172E-13
  3454.15991  4.08727685E-13
  3456.8999  4.14768317E-13
  3459.63989  4.02011811E-13
  3462.37988  3.97511234E-13
  3465.12012  4.17675199E-13
  3467.86011  4.2060222E-13
  3470.6001  4.30927809E-13
  3473.34009  4.24960983E-13
  3476.08008  3.73479324E-13
  3478.82007  3.80132666E-13
  3481.56006  4.29641782E-13
  3484.30005  4.33728682E-13
  3487.04004  4.41996456E-13
  3489.78003  4.34876934E-13
  3492.52002  4.07413008E-13
  3495.26001  4.01752416E-13
  3498.  3.96212333E-13
  3500.73999  4.48404768E-13
  3503.47998  4.68296734E-13
  3506.21997  4.55776042E-13
  3508.95996  4.50527392E-13
  3511.69995  4.41856431E-13
  3514.43994  4.26265089E-13
  3517.17993  4.46635811E-13
  3519.91992  4.60034029E-13
  3522.65991  4.16114381E-13
  3525.3999  3.88501704E-13
  3528.13989  4.06407411E-13
  3530.87988  4.59338026E-13
  3533.62012  4.66669346E-13
  3536.36011  4.84573265E-13
  3539.1001  5.06073102E-13
  3541.84009  5.07278572E-13
  3544.58008  5.06892488E-13
  3547.32007  5.03671865E-13
  3550.06006  4.88585246E-13
  3552.80005  4.97582769E-13
  3555.54004  4.93676497E-13
  3558.28003  5.02271618E-13
  3561.02002  4.96267903E-13
  3563.76001  4.79278889E-13
  3566.5  4.35551606E-13
  3569.23999  4.23018581E-13
  3571.97998  4.06587822E-13
  3574.71997  4.40455425E-13
  3577.45996  4.50010011E-13
  3580.19995  4.54951452E-13
  3582.93994  3.96626932E-13
  3585.67993  3.93460275E-13
  3588.41992  3.80733585E-13
  3591.15991  4.33583643E-13
  3593.8999  4.89981319E-13
  3596.63989  5.06162766E-13
  3599.37988  5.3293497E-13
  3602.12012  5.1669785E-13
  3604.86011  4.74506339E-13
  3607.6001  4.77368904E-13
  3610.34009  4.5362859E-13
  3613.08008  4.63972014E-13
  3615.82007  4.8114762E-13
  3618.56006  4.69962123E-13
  3621.30005  4.51084455E-13
  3624.04004  5.18812586E-13
  3626.78003  5.36401544E-13
  3629.52002  5.34319063E-13
  3632.26001  4.65858417E-13
  3635.  4.66931127E-13
  3637.73999  4.94596768E-13
  3640.47998  5.42747271E-13
  3643.21997  5.19022271E-13
  3645.95996  4.80740556E-13
  3648.69995  4.77438618E-13
  3651.43994  5.08581404E-13
  3654.17993  5.42308494E-13
  3656.91992  5.60518049E-13
  3659.65991  5.82941518E-13
  3662.3999  5.69121573E-13
  3665.13989  5.56551766E-13
  3667.87988  5.6390759E-13
  3670.62012  5.47765121E-13
  3673.36011  5.67654322E-13
  3676.1001  5.77391325E-13
  3678.84009  5.5271098E-13
  3681.58008  5.4480384E-13
  3684.32007  5.477539E-13
  3687.06006  5.3951624E-13
  3689.80005  5.51185942E-13
  3692.54004  6.00778975E-13
  3695.28003  6.00047681E-13
  3698.02002  6.12018574E-13
  3700.76001  6.45533323E-13
  3703.5  6.18386202E-13
  3706.23999  5.35458993E-13
  3708.97998  5.48628796E-13
  3711.71997  5.75994385E-13
  3714.45996  6.39130133E-13
  3717.19995  6.63979017E-13
  3719.93994  5.83477223E-13
  3722.67993  4.99535743E-13
  3725.41992  5.81218071E-13
  3728.15991  6.18388153E-13
  3730.8999  6.0471902E-13
  3733.63989  5.3758804E-13
  3736.37988  4.64256726E-13
  3739.12012  5.38662376E-13
  3741.86011  6.21410909E-13
  3744.6001  5.87393253E-13
  3747.34009  5.18263817E-13
  3750.08008  4.79070451E-13
  3752.82007  5.78380442E-13
  3755.56006  6.66958296E-13
  3758.30005  6.31624148E-13
  3761.04004  5.87336007E-13
  3763.78003  6.3586327E-13
  3766.52002  6.60331815E-13
  3769.26001  6.52306009E-13
  3772.  6.4728496E-13
  3774.73999  6.93711798E-13
  3777.47998  6.97236431E-13
  3780.21997  7.39610359E-13
  3782.95996  7.58484042E-13
  3785.69995  7.38971709E-13
  3788.43994  6.7224801E-13
  3791.17993  6.62772138E-13
  3793.91992  6.53193211E-13
  3796.65991  6.24939174E-13
  3799.3999  6.03580228E-13
  3802.13989  7.06195898E-13
  3804.87988  7.61711983E-13
  3807.62012  7.30895325E-13
  3810.36011  7.36375641E-13
  3813.1001  7.15816349E-13
  3815.84009  6.53347493E-13
  3818.58008  6.49382458E-13
  3821.32007  6.07623272E-13
  3824.06006  6.18350586E-13
  3826.80005  5.72538165E-13
  3829.54004  5.84603112E-13
  3832.28003  5.76674017E-13
  3835.02002  5.24327489E-13
  3837.76001  5.50081519E-13
  3840.5  5.70631107E-13
  3843.23999  6.4447151E-13
  3845.97998  7.03784741E-13
  3848.71997  6.98061888E-13
  3851.45996  6.70085406E-13
  3854.19995  6.94801042E-13
  3856.93994  6.7798512E-13
  3859.67993  6.37030793E-13
  3862.41992  6.60837216E-13
  3865.15991  7.26387917E-13
  3867.8999  7.21257797E-13
  3870.63989  6.64238033E-13
  3873.37988  5.92152195E-13
  3876.12012  6.3942688E-13
  3878.86011  6.29274248E-13
  3881.6001  6.27683018E-13
  3884.34009  6.30392277E-13
  3887.08008  6.18516902E-13
  3889.82007  6.01993336E-13
  3892.56006  6.56790052E-13
  3895.30005  6.68421265E-13
  3898.04004  6.86139025E-13
  3900.78003  6.93902021E-13
  3903.52002  6.95985641E-13
  3906.26001  6.76211094E-13
  3909.  7.06636193E-13
  3911.73999  7.277764E-13
  3914.47998  7.21825269E-13
  3917.21997  6.93905708E-13
  3919.95996  6.59708074E-13
  3922.69995  6.15571504E-13
  3925.43994  5.87382682E-13
  3928.17993  4.48214816E-13
  3930.91992  2.68149272E-13
  3933.65991  1.6483337E-13
  3936.3999  2.05707169E-13
  3939.13989  3.54849261E-13
  3941.87988  5.05147356E-13
  3944.62012  5.90411834E-13
  3947.36011  6.69464538E-13
  3950.1001  7.01565433E-13
  3952.84009  7.13854594E-13
  3955.58008  7.40115272E-13
  3958.32007  7.25141897E-13
  3961.06006  6.75940966E-13
  3963.80005  5.15538784E-13
  3966.54004  3.25501616E-13
  3969.28003  2.18152238E-13
  3972.02002  3.17901358E-13
  3974.76001  5.34324592E-13
  3977.5  7.08051239E-13
  3980.23999  8.03366651E-13
  3982.97998  8.16271963E-13
  3985.71997  8.40799544E-13
  3988.45996  8.69134788E-13
  3991.19995  9.03808712E-13
  3993.93994  9.06393233E-13
  3996.67993  8.58552975E-13
  3999.41992  8.76824112E-13
  4002.15991  9.16876384E-13
  4004.8999  9.0567251E-13
  4007.63989  8.93307563E-13
  4010.37988  9.45325957E-13
  4013.12012  9.58201617E-13
  4015.86011  9.660211E-13
  4018.6001  9.64164295E-13
  4021.34009  9.59622789E-13
  4024.08008  9.55538058E-13
  4026.82007  9.75528686E-13
  4029.56006  9.63569394E-13
  4032.30005  9.18679737E-13
  4035.04004  9.32485968E-13
  4037.78003  9.9653532E-13
  4040.52002  9.99136754E-13
  4043.26001  9.73793962E-13
  4046.  9.08047997E-13
  4048.73999  9.62905537E-13
  4051.47998  9.97990319E-13
  4054.21997  9.871831E-13
  4056.95996  9.72920637E-13
  4059.69995  9.80940914E-13
  4062.43994  9.73555654E-13
  4065.17993  9.40889294E-13
  4067.91992  9.7049235E-13
  4070.65991  1.00167715E-12
  4073.3999  9.74311343E-13
  4076.13989  9.34166915E-13
  4078.87988  9.13679831E-13
  4081.62012  9.79086712E-13
  4084.36011  9.99762989E-13
  4087.1001  1.0294775E-12
  4089.84009  1.07443741E-12
  4092.58008  1.07490091E-12
  4095.32007  1.04739286E-12
  4098.06006  1.00330107E-12
  4100.7998  9.20063938E-13
  4103.54004  9.07224979E-13
  4106.27979  9.93858858E-13
  4109.02002  1.01364988E-12
  4111.75977  1.02730465E-12
  4114.5  1.05746228E-12
  4117.24023  1.06271643E-12
  4119.97998  1.03250091E-12
  4122.72021  1.02425945E-12
  4125.45996  1.03988823E-12
  4128.2002  1.02438349E-12
  4130.93994  1.00419564E-12
  4133.68018  9.85726366E-13
  4136.41992  1.03900341E-12
  4139.16016  1.07514377E-12
  4141.8999  1.05240014E-12
  4144.64014  1.01695952E-12
  4147.37988  1.05130715E-12
  4150.12012  1.04951779E-12
  4152.85986  1.03735911E-12
  4155.6001  1.01568135E-12
  4158.33984  1.05931897E-12
  4161.08008  1.09415829E-12
  4163.81982  1.09951414E-12
  4166.56006  1.10227983E-12
  4169.2998  1.0812088E-12
  4172.04004  1.01187635E-12
  4174.77979  9.88534341E-13
  4177.52002  1.01332538E-12
  4180.25977  1.04399703E-12
  4183.  1.04633901E-12
  4185.74023  1.04073445E-12
  4188.47998  1.04075993E-12
  4191.22021  1.052934E-12
  4193.95996  1.07331353E-12
  4196.7002  1.04685954E-12
  4199.43994  1.00817672E-12
  4202.18018  1.00842696E-12
  4204.91992  1.0172026E-12
  4207.66016  1.05544924E-12
  4210.3999  1.07644557E-12
  4213.14014  1.08382151E-12
  4215.87988  1.0440353E-12
  4218.62012  1.05852371E-12
  4221.35986  1.07253984E-12
  4224.1001  1.00747557E-12
  4226.83984  9.37154976E-13
  4229.58008  1.01514077E-12
  4232.31982  1.0636818E-12
  4235.06006  1.04365789E-12
  4237.7998  1.02324204E-12
  4240.54004  1.05108229E-12
  4243.27979  1.06598172E-12
  4246.02002  1.05316873E-12
  4248.75977  1.01110439E-12
  4251.5  1.03041176E-12
  4254.24023  1.04485366E-12
  4256.97998  1.05884691E-12
  4259.72021  1.02751835E-12
  4262.45996  1.04327354E-12
  4265.2002  1.09060482E-12
  4267.93994  1.07090541E-12
  4270.68018  1.00780918E-12
  4273.41992  9.76269413E-13
  4276.16016  1.02097204E-12
  4278.8999  1.04480725E-12
  4281.64014  1.01427796E-12
  4284.37988  9.95285018E-13
  4287.12012  9.51618341E-13
  4289.85986  9.08905601E-13
  4292.6001  9.47514961E-13
  4295.33984  9.41204037E-13
  4298.08008  8.33905265E-13
  4300.81982  7.52085948E-13
  4303.56006  7.44271181E-13
  4306.2998  7.4621277E-13
  4309.04004  7.12146325E-13
  4311.77979  7.62490657E-13
  4314.52002  9.36585119E-13
  4317.25977  1.12601508E-12
  4320.  1.16371919E-12
  4322.74023  1.06088662E-12
  4325.47998  9.9835537E-13
  4328.22021  1.10056571E-12
  4330.95996  1.17050261E-12
  4333.7002  1.16960543E-12
  4336.43994  1.11723293E-12
  4339.18018  9.82681926E-13
  4341.91992  9.94747253E-13
  4344.66016  1.11615881E-12
  4347.3999  1.16788296E-12
  4350.14014  1.15051057E-12
  4352.87988  1.10648686E-12
  4355.62012  1.12160845E-12
  4358.35986  1.13811705E-12
  4361.1001  1.16378684E-12
  4363.83984  1.17886311E-12
  4366.58008  1.16414268E-12
  4369.31982  1.14017107E-12
  4372.06006  1.11237755E-12
  4374.7998  1.08172271E-12
  4377.54004  1.12141221E-12
  4380.27979  1.14991274E-12
  4383.02002  1.06821431E-12
  4385.75977  1.05082024E-12
  4388.5  1.09882741E-12
  4391.24023  1.13496213E-12
  4393.97998  1.14477601E-12
  4396.72021  1.16682608E-12
  4399.45996  1.16292284E-12
  4402.2002  1.16738205E-12
  4404.93994  1.16033203E-12
  4407.68018  1.15840063E-12
  4410.41992  1.20591265E-12
  4413.16016  1.24162822E-12
  4415.8999  1.21110424E-12
  4418.64014  1.22713981E-12
  4421.37988  1.23634902E-12
  4424.12012  1.25163747E-12
  4426.85986  1.25241907E-12
  4429.6001  1.24381202E-12
  4432.33984  1.2409018E-12
  4435.08008  1.22533548E-12
  4437.81982  1.27471796E-12
  4440.56006  1.2782453E-12
  4443.2998  1.22398543E-12
  4446.04004  1.24306837E-12
  4448.77979  1.26088875E-12
  4451.52002  1.25979598E-12
  4454.25977  1.23897713E-12
  4457.  1.22942314E-12
  4459.74023  1.23324116E-12
  4462.47998  1.2505846E-12
  4465.22021  1.26527836E-12
  4467.95996  1.25893848E-12
  4470.7002  1.27448161E-12
  4473.43994  1.33137576E-12
  4476.18018  1.35149877E-12
  4478.91992  1.33471912E-12
  4481.66016  1.30877882E-12
  4484.3999  1.32479119E-12
  4487.14014  1.33793671E-12
  4489.87988  1.32152926E-12
  4492.62012  1.32727032E-12
  4495.35986  1.32808825E-12
  4498.1001  1.33360792E-12
  4500.83984  1.35190806E-12
  4503.58008  1.38433947E-12
  4506.31982  1.39483574E-12
  4509.06006  1.39213467E-12
  4511.7998  1.37506868E-12
  4514.54004  1.34942882E-12
  4517.27979  1.34066358E-12
  4520.02002  1.34535178E-12
  4522.75977  1.32763548E-12
  4525.5  1.29722687E-12
  4528.24023  1.2796281E-12
  4530.97998  1.27546942E-12
  4533.72021  1.26959467E-12
  4536.45996  1.30529864E-12
  4539.2002  1.3589853E-12
  4541.93994  1.36577154E-12
  4544.68018  1.33405093E-12
  4547.41992  1.30559788E-12
  4550.16016  1.29898588E-12
  4552.8999  1.30018056E-12
  4555.64014  1.33035596E-12
  4558.37988  1.37559289E-12
  4561.12012  1.3873644E-12
  4563.85986  1.37645657E-12
  4566.6001  1.38790401E-12
  4569.33984  1.38214136E-12
  4572.08008  1.37192178E-12
  4574.81982  1.39047281E-12
  4577.56006  1.39375642E-12
  4580.2998  1.36851132E-12
  4583.04004  1.3583377E-12
  4585.77979  1.38352806E-12
  4588.52002  1.39865181E-12
  4591.25977  1.38369307E-12
  4594.  1.39451211E-12
  4596.74023  1.4048516E-12
  4599.47998  1.38641897E-12
  4602.22021  1.39075047E-12
  4604.95996  1.41505286E-12
  4607.7002  1.43590185E-12
  4610.43994  1.43494873E-12
  4613.18018  1.42680345E-12
  4615.91992  1.42370013E-12
  4618.66016  1.43036115E-12
  4621.3999  1.44777354E-12
  4624.14014  1.44957993E-12
  4626.87988  1.43658913E-12
  4629.62012  1.43700709E-12
  4632.35986  1.44181455E-12
  4635.1001  1.43855002E-12
  4637.83984  1.4379047E-12
  4640.58008  1.4548021E-12
  4643.31982  1.45621601E-12
  4646.06006  1.43228528E-12
  4648.7998  1.43043997E-12
  4651.54004  1.43105124E-12
  4654.27979  1.41568257E-12
  4657.02002  1.43322344E-12
  4659.75977  1.47560794E-12
  4662.5  1.47377607E-12
  4665.24023  1.42861461E-12
  4667.97998  1.40412898E-12
  4670.72021  1.43284245E-12
  4673.45996  1.46554914E-12
  4676.2002  1.47068132E-12
  4678.93994  1.45234671E-12
  4681.68018  1.44437381E-12
  4684.41992  1.47517729E-12
  4687.16016  1.49085909E-12
  4689.8999  1.47711596E-12
  4692.64014  1.48307733E-12
  4695.37988  1.49807521E-12
  4698.12012  1.49118565E-12
  4700.85986  1.46310416E-12
  4703.6001  1.445087E-12
  4706.33984  1.43500197E-12
  4709.08008  1.43860813E-12
  4711.81982  1.46830345E-12
  4714.56006  1.48443703E-12
  4717.2998  1.49362835E-12
  4720.04004  1.50088579E-12
  4722.77979  1.51554062E-12
  4725.52002  1.51098415E-12
  4728.25977  1.48894124E-12
  4731.  1.48498661E-12
  4733.74023  1.48875324E-12
  4736.47998  1.49321441E-12
  4739.22021  1.49539181E-12
  4741.95996  1.51130714E-12
  4744.7002  1.52107287E-12
  4747.43994  1.51272202E-12
  4750.18018  1.51478331E-12
  4752.91992  1.50911889E-12
  4755.66016  1.50193193E-12
  4758.3999  1.50716939E-12
  4761.14014  1.47509901E-12
  4763.87988  1.45200312E-12
  4766.62012  1.47832766E-12
  4769.35986  1.50208567E-12
  4772.1001  1.51400995E-12
  4774.83984  1.52473683E-12
  4777.58008  1.52408392E-12
  4780.31982  1.5122711E-12
  4783.06006  1.50396232E-12
  4785.7998  1.49038616E-12
  4788.54004  1.49225369E-12
  4791.27979  1.51488945E-12
  4794.02002  1.53648697E-12
  4796.75977  1.52895405E-12
  4799.5  1.51599664E-12
  4802.24023  1.51946955E-12
  4804.97998  1.52125534E-12
  4807.72021  1.5194379E-12
  4810.45996  1.52397561E-12
  4813.2002  1.53804996E-12
  4815.93994  1.54495286E-12
  4818.68018  1.54149425E-12
  4821.41992  1.52422476E-12
  4824.16016  1.51495743E-12
  4826.8999  1.52961411E-12
  4829.64014  1.53791693E-12
  4832.37988  1.54313931E-12
  4835.12012  1.54863188E-12
  4837.85986  1.5367628E-12
  4840.6001  1.51442368E-12
  4843.33984  1.52582742E-12
  4846.08008  1.54212754E-12
  4848.81982  1.53382754E-12
  4851.56006  1.52664524E-12
  4854.2998  1.50805681E-12
  4857.04004  1.44329318E-12
  4859.77979  1.32637911E-12
  4862.52002  1.30615679E-12
  4865.25977  1.45012745E-12
  4868.  1.50156439E-12
  4870.74023  1.4839769E-12
  4873.47998  1.47888375E-12
  4876.22021  1.51372361E-12
  4878.95996  1.5265894E-12
  4881.7002  1.52451261E-12
  4884.43994  1.50932251E-12
  4887.18018  1.50420399E-12
  4889.91992  1.49279298E-12
  4892.66016  1.52131996E-12
  4895.3999  1.57759569E-12
  4898.14014  1.56535548E-12
  4900.87988  1.54405969E-12
  4903.62012  1.54597049E-12
  4906.35986  1.55779914E-12
  4909.1001  1.54832007E-12
  4911.83984  1.54955888E-12
  4914.58008  1.56344154E-12
  4917.31982  1.53318146E-12
  4920.06006  1.48070445E-12
  4922.7998  1.48102494E-12
  4925.54004  1.53106792E-12
  4928.27979  1.57561963E-12
  4931.02002  1.56770408E-12
  4933.75977  1.53306653E-12
  4936.5  1.51718026E-12
  4939.24023  1.52586277E-12
  4941.97998  1.55778927E-12
  4944.72021  1.58845593E-12
  4947.45996  1.5995304E-12
  4950.2002  1.60423931E-12
  4952.93994  1.60388532E-12
  4955.68018  1.56165608E-12
  4958.41992  1.52801285E-12
  4961.16016  1.57790632E-12
  4963.8999  1.59417119E-12
  4966.64014  1.56714789E-12
  4969.37988  1.57128293E-12
  4972.12012  1.59544047E-12
  4974.85986  1.59250304E-12
  4977.6001  1.57728854E-12
  4980.33984  1.54409352E-12
  4983.08008  1.5107079E-12
  4985.81982  1.52717476E-12
  4988.56006  1.55869924E-12
  4991.2998  1.55583402E-12
  4994.04004  1.54996881E-12
  4996.77979  1.56519166E-12
  4999.52002  1.55673055E-12
  5002.25977  1.5436027E-12
  5005.  1.52417987E-12
  5007.74023  1.51876959E-12
  5010.47998  1.54048562E-12
  5013.22021  1.50769046E-12
  5015.95996  1.5047308E-12
  5018.7002  1.55867691E-12
  5021.43994  1.5475286E-12
  5024.18018  1.55583825E-12
  5026.91992  1.58381218E-12
  5029.66016  1.58356867E-12
  5032.3999  1.58350015E-12
  5035.14014  1.56935532E-12
  5037.87988  1.53202993E-12
  5040.62012  1.50272893E-12
  5043.35986  1.53104927E-12
  5046.1001  1.59480556E-12
  5048.83984  1.57943342E-12
  5051.58008  1.57585511E-12
  5054.31982  1.61476204E-12
  5057.06006  1.62759454E-12
  5059.7998  1.62722776E-12
  5062.54004  1.60661491E-12
  5065.27979  1.580614E-12
  5068.02002  1.58559602E-12
  5070.75977  1.61097286E-12
  5073.5  1.59674693E-12
  5076.24023  1.57958347E-12
  5078.97998  1.54995363E-12
  5081.72021  1.53732539E-12
  5084.45996  1.58326987E-12
  5087.2002  1.6124361E-12
  5089.93994  1.61898099E-12
  5092.68018  1.63289499E-12
  5095.41992  1.62211542E-12
  5098.16016  1.59173282E-12
  5100.8999  1.59246271E-12
  5103.64014  1.61188283E-12
  5106.37988  1.58484012E-12
  5109.12012  1.56922652E-12
  5111.85986  1.585149E-12
  5114.6001  1.62022522E-12
  5117.33984  1.63227049E-12
  5120.08008  1.62248188E-12
  5122.81982  1.59368807E-12
  5125.56006  1.56782736E-12
  5128.2998  1.56870805E-12
  5131.04004  1.58659414E-12
  5133.77979  1.59396281E-12
  5136.52002  1.58956225E-12
  5139.25977  1.55163935E-12
  5142.  1.55483883E-12
  5144.74023  1.5683906E-12
  5147.47998  1.58957016E-12
  5150.22021  1.58765297E-12
  5152.95996  1.58190952E-12
  5155.7002  1.61744381E-12
  5158.43994  1.64024415E-12
  5161.18018  1.62895652E-12
  5163.91992  1.5717886E-12
  5166.66016  1.47251753E-12
  5169.3999  1.42847875E-12
  5172.14014  1.47657635E-12
  5174.87988  1.53841154E-12
  5177.62012  1.63659689E-12
  5180.35986  1.61035931E-12
  5183.1001  1.53735726E-12
  5185.83984  1.5293577E-12
  5188.58008  1.58353094E-12
  5191.31982  1.5548062E-12
  5194.06006  1.55783361E-12
  5196.7998  1.59498434E-12
  5199.54004  1.60979064E-12
  5202.27979  1.58905224E-12
  5205.02002  1.55331564E-12
  5207.75977  1.55639867E-12
  5210.5  1.59175689E-12
  5213.24023  1.62696202E-12
  5215.97998  1.61265012E-12
  5218.72021  1.63965087E-12
  5221.45996  1.65959976E-12
  5224.2002  1.60349251E-12
  5226.93994  1.55061348E-12
  5229.68018  1.59260669E-12
  5232.41992  1.6236977E-12
  5235.16016  1.62682996E-12
  5237.8999  1.66389721E-12
  5240.64014  1.65841939E-12
  5243.37988  1.65710013E-12
  5246.12012  1.65547068E-12
  5248.85986  1.62689014E-12
  5251.6001  1.61630388E-12
  5254.33984  1.6389315E-12
  5257.08008  1.656107E-12
  5259.81982  1.64933659E-12
  5262.56006  1.57261986E-12
  5265.2998  1.5327725E-12
  5268.04004  1.5451105E-12
  5270.77979  1.54771215E-12
  5273.52002  1.6138396E-12
  5276.25977  1.64749963E-12
  5279.  1.67933549E-12
  5281.74023  1.64375902E-12
  5284.47998  1.6499213E-12
  5287.22021  1.70254164E-12
  5289.95996  1.71247153E-12
  5292.7002  1.6969773E-12
  5295.43994  1.67368951E-12
  5298.18018  1.64548139E-12
  5300.91992  1.66176697E-12
  5303.66016  1.68708092E-12
  5306.3999  1.69925239E-12
  5309.14014  1.70373394E-12
  5311.87988  1.71784299E-12
  5314.62012  1.69937729E-12
  5317.35986  1.67582083E-12
  5320.1001  1.67932552E-12
  5322.83984  1.65708712E-12
  5325.58008  1.63009764E-12
  5328.31982  1.59037074E-12
  5331.06006  1.64542468E-12
  5333.7998  1.68044322E-12
  5336.54004  1.6724636E-12
  5339.27979  1.66427603E-12
  5342.02002  1.66138631E-12
  5344.75977  1.68084622E-12
  5347.5  1.66770981E-12
  5350.24023  1.68471606E-12
  5352.97998  1.70157454E-12
  5355.72021  1.71205151E-12
  5358.45996  1.7327872E-12
  5361.2002  1.69216865E-12
  5363.93994  1.67497168E-12
  5366.68018  1.66074749E-12
  5369.41992  1.64499631E-12
  5372.16016  1.66584552E-12
  5374.8999  1.72588831E-12
  5377.64014  1.72769026E-12
  5380.37988  1.69500362E-12
  5383.12012  1.69806617E-12
  5385.85986  1.7100994E-12
  5388.6001  1.70684148E-12
  5391.33984  1.69764593E-12
  5394.08008  1.67443067E-12
  5396.81982  1.65574911E-12
  5399.56006  1.67475853E-12
  5402.2998  1.6770617E-12
  5405.04004  1.64290435E-12
  5407.77979  1.65199701E-12
  5410.52002  1.66783167E-12
  5413.25977  1.69263876E-12
  5416.  1.7019488E-12
  5418.74023  1.7115698E-12
  5421.47998  1.69605985E-12
  5424.22021  1.68777134E-12
  5426.95996  1.69279315E-12
  5429.7002  1.65559623E-12
  5432.43994  1.65958447E-12
  5435.18018  1.67813929E-12
  5437.91992  1.71436194E-12
  5440.66016  1.73167535E-12
  5443.3999  1.70386556E-12
  5446.14014  1.651554E-12
  5448.87988  1.70845499E-12
  5451.62012  1.72655271E-12
  5454.35986  1.68762953E-12
  5457.1001  1.68694746E-12
  5459.83984  1.72625141E-12
  5462.58008  1.70461117E-12
  5465.31982  1.71782738E-12
  5468.06006  1.73257025E-12
  5470.7998  1.73331466E-12
  5473.54004  1.69968401E-12
  5476.27979  1.67916787E-12
  5479.02002  1.70783006E-12
  5481.75977  1.72421571E-12
  5484.5  1.72308912E-12
  5487.24023  1.73519922E-12
  5489.97998  1.73051265E-12
  5492.72021  1.7233709E-12
  5495.45996  1.72825469E-12
  5498.2002  1.71130579E-12
  5500.93994  1.7071276E-12
  5503.68018  1.71616183E-12
  5506.41992  1.72768549E-12
  5509.16016  1.73130336E-12
  5511.8999  1.73382066E-12
  5514.64014  1.73646525E-12
  5517.37988  1.75423771E-12
  5520.12012  1.75079341E-12
  5522.85986  1.73344076E-12
  5525.6001  1.72447495E-12
  5528.33984  1.72377011E-12
  5531.08008  1.74496951E-12
  5533.81982  1.75504414E-12
  5536.56006  1.75630972E-12
  5539.2998  1.76720606E-12
  5542.04004  1.7797131E-12
  5544.77979  1.76328104E-12
  5547.52002  1.79559601E-12
  5550.25977  1.77896142E-12
  5553.  1.76376058E-12
  5555.74023  1.75933031E-12
  5558.47998  1.77366368E-12
  5561.22021  1.77753895E-12
  5563.95996  1.76391421E-12
  5566.7002  1.75304487E-12
  5569.43994  1.74248691E-12
  5572.18018  1.75262832E-12
  5574.91992  1.7546754E-12
  5577.66016  1.75820545E-12
  5580.3999  1.76169886E-12
  5583.14014  1.75872598E-12
  5585.87988  1.73867301E-12
  5588.62012  1.71036568E-12
  5591.35986  1.72927493E-12
  5594.1001  1.73370617E-12
  5596.83984  1.74472752E-12
  5599.58008  1.74425069E-12
  5602.31982  1.7378681E-12
  5605.06006  1.76809153E-12
  5607.7998  1.80153321E-12
  5610.54004  1.78106065E-12
  5613.27979  1.75351129E-12
  5616.02002  1.75071383E-12
  5618.75977  1.76518836E-12
  5621.5  1.77582287E-12
  5624.24023  1.78018125E-12
  5626.97998  1.79885924E-12
  5629.72021  1.79830196E-12
  5632.45996  1.78504043E-12
  5635.2002  1.78609959E-12
  5637.93994  1.75867025E-12
  5640.68018  1.76602201E-12
  5643.41992  1.77780479E-12
  5646.16016  1.79912378E-12
  5648.8999  1.80000405E-12
  5651.64014  1.79742907E-12
  5654.37988  1.80266576E-12
  5657.12012  1.79487382E-12
  5659.85986  1.74909512E-12
  5662.6001  1.7381012E-12
  5665.33984  1.76850201E-12
  5668.08008  1.77067486E-12
  5670.81982  1.7638458E-12
  5673.56006  1.77377731E-12
  5676.2998  1.7851894E-12
  5679.04004  1.7870037E-12
  5681.77979  1.79112671E-12
  5684.52002  1.80617001E-12
  5687.25977  1.79628697E-12
  5690.  1.76660368E-12
  5692.74023  1.76996113E-12
  5695.47998  1.78673504E-12
  5698.22021  1.80828529E-12
  5700.95996  1.81585443E-12
  5703.7002  1.78875296E-12
  5706.43994  1.76851318E-12
  5709.18018  1.75245018E-12
  5711.91992  1.75823559E-12
  5714.66016  1.77869644E-12
  5717.3999  1.79926896E-12
  5720.14014  1.81585736E-12
  5722.87988  1.81768858E-12
  5725.62012  1.81386026E-12
  5728.35986  1.80210382E-12
  5731.1001  1.79828472E-12
  5733.83984  1.80025125E-12
  5736.58008  1.80771283E-12
  5739.31982  1.81630405E-12
  5742.06006  1.81231993E-12
  5744.7998  1.80849303E-12
  5747.54004  1.81104806E-12
  5750.27979  1.81516456E-12
  5753.02002  1.82120551E-12
  5755.75977  1.82759754E-12
  5758.5  1.83374344E-12
  5761.24023  1.8299032E-12
  5763.97998  1.82342097E-12
  5766.72021  1.81982446E-12
  5769.45996  1.82009182E-12
  5772.2002  1.82859262E-12
  5774.93994  1.8290482E-12
  5777.68018  1.82304302E-12
  5780.41992  1.80945298E-12
  5783.16016  1.79719759E-12
  5785.8999  1.81973121E-12
  5788.64014  1.84110951E-12
  5791.37988  1.84063658E-12
  5794.12012  1.83220301E-12
  5796.85986  1.80782255E-12
  5799.6001  1.80978095E-12
  5802.33984  1.82885803E-12
  5805.08008  1.87703694E-12
  5807.81982  1.91593031E-12
  5810.56006  1.87504482E-12
  5813.2998  1.8381581E-12
  5816.04004  1.8313775E-12
  5818.77979  1.82638453E-12
  5821.52002  1.82483369E-12
  5824.26025  1.82609895E-12
  5827.  1.82996587E-12
  5829.74023  1.83509414E-12
  5832.47998  1.84068711E-12
  5835.22021  1.84881841E-12
  5837.95996  1.84786561E-12
  5840.7002  1.83128252E-12
  5843.43994  1.82652201E-12
  5846.18018  1.82746331E-12
  5848.91992  1.81825496E-12
  5851.66016  1.80579596E-12
  5854.3999  1.79022823E-12
  5857.14014  1.78730772E-12
  5859.87988  1.80829744E-12
  5862.62012  1.83060251E-12
  5865.35986  1.85777782E-12
  5868.1001  1.86604139E-12
  5870.83984  1.86503655E-12
  5873.58008  1.87797716E-12
  5876.31982  1.87841734E-12
  5879.06006  1.83643855E-12
  5881.7998  1.80395998E-12
  5884.54004  1.79269826E-12
  5887.27979  1.77257059E-12
  5890.02002  1.74843029E-12
  5892.76025  1.72473028E-12
  5895.5  1.71388695E-12
  5898.24023  1.75287812E-12
  5900.97998  1.79301517E-12
  5903.72021  1.81892001E-12
  5906.45996  1.82619371E-12
  5909.2002  1.8095601E-12
  5911.93994  1.8162403E-12
  5914.68018  1.83011679E-12
  5917.41992  1.81343406E-12
  5920.16016  1.80442694E-12
  5922.8999  1.85118305E-12
  5925.64014  1.86943755E-12
  5928.37988  1.82764697E-12
  5931.12012  1.8182438E-12
  5933.85986  1.82791824E-12
  5936.6001  1.84246932E-12
  5939.33984  1.85410107E-12
  5942.08008  1.82885261E-12
  5944.81982  1.81019544E-12
  5947.56006  1.82346738E-12
  5950.2998  1.83195646E-12
  5953.04004  1.83556924E-12
  5955.77979  1.83615709E-12
  5958.52002  1.83471901E-12
  5961.26025  1.83909008E-12
  5964.  1.84237478E-12
  5966.74023  1.83673714E-12
  5969.47998  1.83267529E-12
  5972.22021  1.83020309E-12
  5974.95996  1.83850201E-12
  5977.7002  1.85702907E-12
  5980.43994  1.85287202E-12
  5983.18018  1.84265971E-12
  5985.91992  1.85349045E-12
  5988.66016  1.86102782E-12
  5991.3999  1.84952336E-12
  5994.14014  1.84567444E-12
  5996.87988  1.85542272E-12
  5999.62012  1.84458915E-12
  6002.35986  1.82329108E-12
  6005.1001  1.81636108E-12
  6007.83984  1.81534464E-12
  6010.58008  1.82160645E-12
  6013.31982  1.82096048E-12
  6016.06006  1.80080267E-12
  6018.7998  1.80326977E-12
  6021.54004  1.8262399E-12
  6024.27979  1.82104809E-12
  6027.02002  1.80866314E-12
  6029.76025  1.82177732E-12
  6032.5  1.83676446E-12
  6035.24023  1.84446447E-12
  6037.97998  1.84453863E-12
  6040.72021  1.83263149E-12
  6043.45996  1.83089112E-12
  6046.2002  1.8338356E-12
  6048.93994  1.82962044E-12
  6051.68018  1.82825565E-12
  6054.41992  1.84910832E-12
  6057.16016  1.85526117E-12
  6059.8999  1.82321367E-12
  6062.64014  1.81502849E-12
  6065.37988  1.82800108E-12
  6068.12012  1.83174699E-12
  6070.85986  1.83276918E-12
  6073.6001  1.83138422E-12
  6076.33984  1.82635677E-12
  6079.08008  1.80961897E-12
  6081.81982  1.81000017E-12
  6084.56006  1.84108414E-12
  6087.2998  1.84811454E-12
  6090.04004  1.84247604E-12
  6092.77979  1.83689218E-12
  6095.52002  1.82766757E-12
  6098.26025  1.80811908E-12
  6101.  1.79933835E-12
  6103.74023  1.81643058E-12
  6106.47998  1.82398411E-12
  6109.22021  1.823496E-12
  6111.95996  1.82004151E-12
  6114.7002  1.81419723E-12
  6117.43994  1.81228112E-12
  6120.18018  1.81024954E-12
  6122.91992  1.80318542E-12
  6125.66016  1.80292868E-12
  6128.3999  1.81691782E-12
  6131.14014  1.8154227E-12
  6133.87988  1.80405886E-12
  6136.62012  1.79141641E-12
  6139.35986  1.78545297E-12
  6142.1001  1.81518873E-12
  6144.83984  1.83792066E-12
  6147.58008  1.83327355E-12
  6150.31982  1.82669938E-12
  6153.06006  1.81656675E-12
  6155.7998  1.81034875E-12
  6158.54004  1.80508592E-12
  6161.27979  1.79154543E-12
  6164.02002  1.78404546E-12
  6166.76025  1.80001044E-12
  6169.5  1.81403861E-12
  6172.24023  1.82295325E-12
  6174.97998  1.82606924E-12
  6177.72021  1.82388609E-12
  6180.45996  1.82525501E-12
  6183.2002  1.823617E-12
  6185.93994  1.80132049E-12
  6188.68018  1.79000781E-12
  6191.41992  1.81342961E-12
  6194.16016  1.82567806E-12
  6196.8999  1.8254996E-12
  6199.64014  1.82353481E-12
  6202.37988  1.81998535E-12
  6205.12012  1.83632862E-12
  6207.85986  1.83991559E-12
  6210.6001  1.77754621E-12
  6213.33984  1.74574526E-12
  6216.08008  1.77615767E-12
  6218.81982  1.80159815E-12
  6221.56006  1.83069185E-12
  6224.2998  1.83421485E-12
  6227.04004  1.82436488E-12
  6229.77979  1.8072296E-12
  6232.52002  1.79937174E-12
  6235.26025  1.8212569E-12
  6238.  1.83022087E-12
  6240.74023  1.82571081E-12
  6243.47998  1.80286276E-12
  6246.22021  1.76947693E-12
  6248.95996  1.78033673E-12
  6251.7002  1.79881392E-12
  6254.43994  1.78961934E-12
  6257.18018  1.78722738E-12
  6259.91992  1.80340421E-12
  6262.66016  1.81143078E-12
  6265.3999  1.81337009E-12
  6268.14014  1.8252626E-12
  6270.87988  1.83646522E-12
  6273.62012  1.82059359E-12
  6276.35986  1.80594667E-12
  6279.1001  1.81029432E-12
  6281.83984  1.81465737E-12
  6284.58008  1.81972384E-12
  6287.31982  1.81829627E-12
  6290.06006  1.81268564E-12
  6292.7998  1.80918984E-12
  6295.54004  1.80460952E-12
  6298.27979  1.79310234E-12
  6301.02002  1.78844862E-12
  6303.76025  1.79662665E-12
  6306.5  1.80862953E-12
  6309.24023  1.82766931E-12
  6311.97998  1.81576705E-12
  6314.72021  1.79181778E-12
  6317.45996  1.79148233E-12
  6320.2002  1.79583182E-12
  6322.93994  1.79607186E-12
  6325.68018  1.80157473E-12
  6328.41992  1.8182696E-12
  6331.16016  1.81976699E-12
  6333.8999  1.811874E-12
  6336.64014  1.79671187E-12
  6339.37988  1.78764024E-12
  6342.12012  1.82008033E-12
  6344.85986  1.83988176E-12
  6347.6001  1.81581172E-12
  6350.33984  1.8180983E-12
  6353.08008  1.84863279E-12
  6355.81982  1.8411724E-12
  6358.56006  1.81926696E-12
  6361.2998  1.82172311E-12
  6364.04004  1.82637325E-12
  6366.77979  1.81977935E-12
  6369.52002  1.81815782E-12
  6372.26025  1.82454008E-12
  6375.  1.83193868E-12
  6377.74023  1.84109997E-12
  6380.47998  1.84239906E-12
  6383.22021  1.83843153E-12
  6385.95996  1.82907704E-12
  6388.7002  1.81607106E-12
  6391.43994  1.79687927E-12
  6394.18018  1.78510375E-12
  6396.91992  1.77950656E-12
  6399.66016  1.78759145E-12
  6402.3999  1.80337169E-12
  6405.14014  1.8063617E-12
  6407.87988  1.80598917E-12
  6410.62012  1.80320927E-12
  6413.35986  1.80814109E-12
  6416.1001  1.83148223E-12
  6418.83984  1.8295118E-12
  6421.58008  1.80937492E-12
  6424.31982  1.80460952E-12
  6427.06006  1.80554573E-12
  6429.7998  1.80936147E-12
  6432.54004  1.8147183E-12
  6435.27979  1.82404157E-12
  6438.02002  1.82245321E-12
  6440.76025  1.8066978E-12
  6443.5  1.80064828E-12
  6446.24023  1.79934713E-12
  6448.97998  1.80449915E-12
  6451.72021  1.81251585E-12
  6454.45996  1.82389585E-12
  6457.2002  1.8246446E-12
  6459.93994  1.8036191E-12
  6462.68018  1.7990751E-12
  6465.41992  1.80598548E-12
  6468.16016  1.81913859E-12
  6470.8999  1.83419144E-12
  6473.64014  1.83786189E-12
  6476.37988  1.83545887E-12
  6479.12012  1.82231704E-12
  6481.85986  1.82155094E-12
  6484.6001  1.84071053E-12
  6487.33984  1.83520256E-12
  6490.08008  1.81606E-12
  6492.81982  1.78953889E-12
  6495.56006  1.7707372E-12
  6498.2998  1.78776937E-12
  6501.04004  1.80662755E-12
  6503.77979  1.81892793E-12
  6506.52002  1.8358713E-12
  6509.26025  1.85795281E-12
  6512.  1.85200314E-12
  6514.74023  1.83525417E-12
  6517.47998  1.83672652E-12
  6520.22021  1.8386191E-12
  6522.95996  1.83170623E-12
  6525.7002  1.82943114E-12
  6528.43994  1.8354001E-12
  6531.18018  1.83197034E-12
  6533.91992  1.82372737E-12
  6536.66016  1.82041903E-12
  6539.3999  1.81983118E-12
  6542.14014  1.82609461E-12
  6544.87988  1.82523224E-12
  6547.62012  1.80792024E-12
  6550.35986  1.80060903E-12
  6553.1001  1.80453341E-12
  6555.83984  1.7662266E-12
  6558.58008  1.70754079E-12
  6561.31982  1.64128715E-12
  6564.06006  1.61761685E-12
  6566.7998  1.70842377E-12
  6569.54004  1.77577809E-12
  6572.27979  1.80564407E-12
  6575.02002  1.82224461E-12
  6577.76025  1.82383861E-12
  6580.5  1.82608269E-12
  6583.24023  1.82626418E-12
  6585.97998  1.82669418E-12
  6588.72021  1.82530119E-12
  6591.45996  1.8169395E-12
  6594.2002  1.82300377E-12
  6596.93994  1.84552482E-12
  6599.68018  1.84474549E-12
  6602.41992  1.83595847E-12
  6605.16016  1.8497209E-12
  6607.8999  1.85866665E-12
  6610.64014  1.83665084E-12
  6613.37988  1.82756913E-12
  6616.12012  1.8431103E-12
  6618.85986  1.8457319E-12
  6621.6001  1.8425309E-12
  6624.33984  1.85849296E-12
  6627.08008  1.87248611E-12
  6629.81982  1.84446729E-12
  6632.56006  1.82923945E-12
  6635.2998  1.86245268E-12
  6638.04004  1.86442311E-12
  6640.77979  1.83041104E-12
  6643.52002  1.83002463E-12
  6646.26025  1.84368016E-12
  6649.  1.85150181E-12
  6651.74023  1.85453953E-12
  6654.47998  1.8443528E-12
  6657.22021  1.83905148E-12
  6659.95996  1.84319205E-12
  6662.7002  1.84778104E-12
  6665.43994  1.85387144E-12
  6668.18018  1.8373508E-12
  6670.91992  1.81919931E-12
  6673.66016  1.84089701E-12
  6676.3999  1.85578788E-12
  6679.14014  1.83507268E-12
  6681.87988  1.83288237E-12
  6684.62012  1.85411517E-12
  6687.35986  1.85726933E-12
  6690.1001  1.85198254E-12
  6692.83984  1.83903674E-12
  6695.58008  1.83258725E-12
  6698.31982  1.86036885E-12
  6701.06006  1.8711623E-12
  6703.7998  1.84610226E-12
  6706.54004  1.83353246E-12
  6709.27979  1.82727141E-12
  6712.02002  1.82416365E-12
  6714.76025  1.82401511E-12
  6717.5  1.82482393E-12
  6720.24023  1.82797462E-12
  6722.97998  1.83591033E-12
  6725.72021  1.84046355E-12
  6728.45996  1.84328984E-12
  6731.2002  1.83019203E-12
  6733.93994  1.80953755E-12
  6736.68018  1.82506549E-12
  6739.41992  1.84478864E-12
  6742.16016  1.84078577E-12
  6744.8999  1.83088462E-12
  6747.64014  1.81130035E-12
  6750.37988  1.80971319E-12
  6753.12012  1.82366513E-12
  6755.85986  1.82920519E-12
  6758.6001  1.8308419E-12
  6761.33984  1.82108387E-12
  6764.08008  1.81729024E-12
  6766.81982  1.84025104E-12
  6769.56006  1.84251399E-12
  6772.2998  1.81124289E-12
  6775.04004  1.80944452E-12
  6777.77979  1.82139178E-12
  6780.52002  1.81494826E-12
  6783.26025  1.80969725E-12
  6786.  1.82628001E-12
  6788.74023  1.84164901E-12
  6791.47998  1.85320205E-12
  6794.22021  1.85012249E-12
  6796.95996  1.83173984E-12
  6799.7002  1.82851585E-12
  6802.43994  1.82934679E-12
  6805.18018  1.81930165E-12
  6807.91992  1.8087103E-12
  6810.66016  1.79853723E-12
  6813.3999  1.8019503E-12
  6816.14014  1.82934549E-12
  6818.87988  1.83329437E-12
  6821.62012  1.82522075E-12
  6824.35986  1.83255776E-12
  6827.1001  1.83897147E-12
  6829.83984  1.82597058E-12
  6832.58008  1.81175973E-12
  6835.31982  1.79828331E-12
  6838.06006  1.79633229E-12
  6840.7998  1.806869E-12
  6843.54004  1.80875616E-12
  6846.27979  1.80802942E-12
  6849.02002  1.80818522E-12
  6851.76025  1.81230259E-12
  6854.5  1.83073587E-12
  6857.24023  1.83492739E-12
  6859.97998  1.81321277E-12
  6862.72021  1.8086665E-12
  6865.45996  1.81296558E-12
  6868.2002  1.81219905E-12
  6870.93994  1.80991929E-12
  6873.68018  1.80397819E-12
  6876.41992  1.80303949E-12
  6879.16016  1.81612527E-12
  6881.8999  1.81729967E-12
  6884.64014  1.80338838E-12
  6887.37988  1.81620431E-12
  6890.12012  1.83880775E-12
  6892.85986  1.82608009E-12
  6895.6001  1.82173807E-12
  6898.33984  1.8814774E-12
  6901.08008  1.89605276E-12
  6903.81982  1.82212492E-12
  6906.56006  1.80018186E-12
  6909.2998  1.80766404E-12
  6912.04004  1.81501634E-12
  6914.77979  1.82434211E-12
  6917.52002  1.8255523E-12
  6920.26025  1.82380218E-12
  6923.  1.81760574E-12
  6925.74023  1.81767156E-12
  6928.47998  1.82542588E-12
  6931.22021  1.82955235E-12
  6933.95996  1.83125889E-12
  6936.7002  1.82148502E-12
  6939.43994  1.81070718E-12
  6942.18018  1.81101922E-12
  6944.91992  1.80651924E-12
  6947.66016  1.78674068E-12
  6950.3999  1.79115652E-12
  6953.14014  1.81468057E-12
  6955.87988  1.81983508E-12
  6958.62012  1.81721044E-12
  6961.35986  1.80789661E-12
  6964.1001  1.80093744E-12
  6966.83984  1.80209493E-12
  6969.58008  1.8083472E-12
  6972.31982  1.8263726E-12
  6975.06006  1.80934879E-12
  6977.7998  1.77537303E-12
  6980.54004  1.78414846E-12
  6983.27979  1.80249771E-12
  6986.02002  1.80777984E-12
  6988.76025  1.81169261E-12
  6991.5  1.81850607E-12
  6994.24023  1.81246728E-12
  6996.97998  1.79442388E-12
  6999.72021  1.78988833E-12
  7002.45996  1.7927091E-12
  7005.2002  1.8062407E-12
  7007.93994  1.817367E-12
  7010.68018  1.8171275E-12
  7013.41992  1.81257407E-12
  7016.16016  1.80431267E-12
  7018.8999  1.7862929E-12
  7021.64014  1.76365986E-12
  7024.37988  1.77807465E-12
  7027.12012  1.80141492E-12
  7029.85986  1.80877665E-12
  7032.6001  1.81190555E-12
  7035.33984  1.8095331E-12
  7038.08008  1.81276836E-12
  7040.81982  1.8213612E-12
  7043.56006  1.82080219E-12
  7046.2998  1.81490586E-12
  7049.04004  1.80124633E-12
  7051.77979  1.79271506E-12
  7054.52002  1.80378997E-12
  7057.26025  1.80936483E-12
  7060.  1.80482506E-12
  7062.74023  1.8070209E-12
  7065.47998  1.81198773E-12
  7068.22021  1.80768031E-12
  7070.95996  1.80142099E-12
  7073.7002  1.79980336E-12
  7076.43994  1.80073382E-12
  7079.18018  1.80735277E-12
  7081.91992  1.80544251E-12
  7084.66016  1.79486862E-12
  7087.3999  1.7892042E-12
  7090.14014  1.78578322E-12
  7092.87988  1.78487932E-12
  7095.62012  1.78886821E-12
  7098.35986  1.8036899E-12
  7101.1001  1.81322535E-12
  7103.83984  1.81796462E-12
  7106.58008  1.80530439E-12
  7109.31982  1.77996951E-12
  7112.06006  1.79356497E-12
  7114.7998  1.8134861E-12
  7117.54004  1.79848595E-12
  7120.27979  1.78359031E-12
  7123.02002  1.78016575E-12
  7125.76025  1.77721911E-12
  7128.5  1.77506371E-12
  7131.24023  1.77354767E-12
  7133.97998  1.77388844E-12
  7136.72021  1.78275222E-12
  7139.45996  1.79275182E-12
  7142.2002  1.80161734E-12
  7144.93994  1.79951421E-12
  7147.68018  1.77415049E-12
  7150.41992  1.77857566E-12
  7153.16016  1.80306692E-12
  7155.8999  1.79981605E-12
  7158.64014  1.78662445E-12
  7161.37988  1.7728527E-12
  7164.12012  1.76536173E-12
  7166.85986  1.7704642E-12
  7169.6001  1.78028198E-12
  7172.33984  1.79856347E-12
  7175.08008  1.79765632E-12
  7177.81982  1.78648004E-12
  7180.56006  1.77889398E-12
  7183.2998  1.77192126E-12
  7186.04004  1.76546408E-12
  7188.77979  1.7623998E-12
  7191.52002  1.76436611E-12
  7194.26025  1.7670855E-12
  7197.  1.7713063E-12
  7199.74023  1.75966566E-12
  7202.47998  1.74580706E-12
  7205.22021  1.75551121E-12
  7207.95996  1.76680242E-12
  7210.7002  1.77015683E-12
  7213.43994  1.77431236E-12
  7216.18018  1.78147406E-12
  7218.91992  1.77517181E-12
  7221.66016  1.76257923E-12
  7224.3999  1.77156196E-12
  7227.14014  1.78385247E-12
  7229.87988  1.78386364E-12
  7232.62012  1.78520913E-12
  7235.35986  1.79277762E-12
  7238.1001  1.79331712E-12
  7240.83984  1.78830095E-12
  7243.58008  1.7766151E-12
  7246.31982  1.76604673E-12
  7249.06006  1.78311088E-12
  7251.7998  1.79751103E-12
  7254.54004  1.78990926E-12
  7257.27979  1.78496584E-12
  7260.02002  1.78514809E-12
  7262.76025  1.77760009E-12
  7265.5  1.76727871E-12
  7268.24023  1.78201106E-12
  7270.97998  1.79761132E-12
  7273.72021  1.78528004E-12
  7276.45996  1.77447781E-12
  7279.2002  1.77053803E-12
  7281.93994  1.77572919E-12
  7284.68018  1.79093199E-12
  7287.41992  1.79234362E-12
  7290.16016  1.78759308E-12
  7292.8999  1.78162173E-12
  7295.64014  1.7772589E-12
  7298.37988  1.77648911E-12
  7301.12012  1.7826193E-12
  7303.85986  1.8043762E-12
  7306.6001  1.79616402E-12
  7309.33984  1.77086926E-12
  7312.08008  1.77439194E-12
  7314.81982  1.7819304E-12
  7317.56006  1.76813382E-12
  7320.2998  1.7589014E-12
  7323.04004  1.76307786E-12
  7325.77979  1.76799254E-12
  7328.52002  1.77474908E-12
  7331.26025  1.78047399E-12
  7334.  1.78477914E-12
  7336.74023  1.78374373E-12
  7339.47998  1.7783663E-12
  7342.22021  1.76572895E-12
  7344.95996  1.75717622E-12
  7347.7002  1.75369604E-12
  7350.43994  1.75628902E-12
  7353.18018  1.76401623E-12
  7355.91992  1.7645373E-12
  7358.66016  1.76496393E-12
  7361.3999  1.77451099E-12
  7364.14014  1.78277846E-12
  7366.87988  1.78909719E-12
  7369.62012  1.78280589E-12
  7372.35986  1.76037874E-12
  7375.1001  1.76258248E-12
  7377.83984  1.77482118E-12
  7380.58008  1.77284121E-12
  7383.31982  1.76707097E-12
  7386.06006  1.75919023E-12
  7388.7998  1.75550123E-12
  7391.54004  1.75958109E-12
  7394.27979  1.75834271E-12
  7397.02002  1.75420323E-12
  7399.76025  1.76564145E-12
  7402.5  1.77291092E-12
  7405.24023  1.73277213E-12
  7407.97998  1.70254555E-12
  7410.72021  1.70984624E-12
  7413.45996  1.7214021E-12
  7416.2002  1.74137007E-12
  7418.93994  1.74120223E-12
  7421.68018  1.73320234E-12
  7424.41992  1.75238751E-12
  7427.16016  1.77126618E-12
  7429.8999  1.76734159E-12
  7432.64014  1.76057845E-12
  7435.37988  1.7505872E-12
  7438.12012  1.75074712E-12
  7440.85986  1.75892916E-12
  7443.6001  1.74633008E-12
  7446.33984  1.73262695E-12
  7449.08008  1.75721308E-12
  7451.81982  1.77307854E-12
  7454.56006  1.74884955E-12
  7457.2998  1.74059443E-12
  7460.04004  1.75117082E-12
  7462.77979  1.76336181E-12
  7465.52002  1.7766976E-12
  7468.26025  1.76295805E-12
  7471.  1.74513995E-12
  7473.74023  1.74365633E-12
  7476.47998  1.74452304E-12
  7479.22021  1.74570102E-12
  7481.95996  1.74973165E-12
  7484.7002  1.75689758E-12
  7487.43994  1.75124899E-12
  7490.18018  1.74088933E-12
  7492.91992  1.73679268E-12
  7495.66016  1.73568852E-12
  7498.3999  1.73916762E-12
  7501.14014  1.74039786E-12
  7503.87988  1.74008681E-12
  7506.62012  1.7310412E-12
  7509.35986  1.71769771E-12
  7512.1001  1.725704E-12
  7514.83984  1.74119584E-12
  7517.58008  1.75991936E-12
  7520.31982  1.76509111E-12
  7523.06006  1.73912664E-12
  7525.7998  1.74019707E-12
  7528.54004  1.76473734E-12
  7531.27979  1.76737065E-12
  7534.02002  1.76573242E-12
  7536.76025  1.79490743E-12
  7539.5  1.80437989E-12
  7542.24023  1.74198058E-12
  7544.97998  1.71130785E-12
  7547.72021  1.73131832E-12
  7550.45996  1.72973745E-12
  7553.2002  1.72210802E-12
  7555.93994  1.73522243E-12
  7558.68018  1.74802024E-12
  7561.41992  1.73220845E-12
  7564.16016  1.72037764E-12
  7566.8999  1.72548889E-12
  7569.64014  1.72377509E-12
  7572.37988  1.71592168E-12
  7575.12012  1.71392956E-12
  7577.85986  1.71515742E-12
  7580.6001  1.72079365E-12
  7583.33984  1.72641361E-12
  7586.08008  1.7279367E-12
  7588.81982  1.72959672E-12
  7591.56006  1.73317903E-12
  7594.2998  1.73052176E-12
  7597.04004  1.72384156E-12
  7599.77979  1.72689261E-12
  7602.52002  1.73136657E-12
  7605.26025  1.72706695E-12
  7608.  1.72370278E-12
  7610.74023  1.72682832E-12
  7613.47998  1.72236238E-12
  7616.22021  1.70805232E-12
  7618.95996  1.71369364E-12
  7621.7002  1.72934876E-12
  7624.43994  1.74477056E-12
  7627.18018  1.75335278E-12
  7629.91992  1.73968413E-12
  7632.66016  1.7336679E-12
  7635.3999  1.74523623E-12
  7638.14014  1.74183096E-12
  7640.87988  1.72928176E-12
  7643.62012  1.72923698E-12
  7646.35986  1.73208355E-12
  7649.1001  1.73122963E-12
  7651.83984  1.72310495E-12
  7654.58008  1.6995615E-12
  7657.31982  1.6850307E-12
  7660.06006  1.67895147E-12
  7662.7998  1.68031518E-12
  7665.54004  1.68731749E-12
  7668.27979  1.69004014E-12
  7671.02002  1.6948849E-12
  7673.76025  1.70743454E-12
  7676.5  1.71975802E-12
  7679.24023  1.73324148E-12
  7681.97998  1.7367453E-12
  7684.72021  1.73214654E-12
  7687.45996  1.71629486E-12
  7690.2002  1.69768052E-12
  7692.93994  1.69677879E-12
  7695.68018  1.69526827E-12
  7698.41992  1.68296876E-12
  7701.16016  1.67660471E-12
  7703.8999  1.67468882E-12
  7706.64014  1.68962088E-12
  7709.37988  1.71339646E-12
  7712.12012  1.71021964E-12
  7714.85986  1.70252311E-12
  7717.6001  1.70796157E-12
  7720.33984  1.71177243E-12
  7723.08008  1.71199209E-12
  7725.81982  1.70748561E-12
  7728.56006  1.69789129E-12
  7731.2998  1.71173058E-12
  7734.04004  1.72805607E-12
  7736.77979  1.70255921E-12
  7739.52002  1.67668147E-12
  7742.26025  1.67046151E-12
  7745.  1.66829202E-12
  7747.74023  1.66777529E-12
  7750.47998  1.68551956E-12
  7753.22021  1.71327373E-12
  7755.95996  1.70685688E-12
  7758.7002  1.69442292E-12
  7761.43994  1.70070902E-12
  7764.18018  1.70756703E-12
  7766.91992  1.71397705E-12
  7769.66016  1.71165491E-12
  7772.3999  1.70070587E-12
  7775.14014  1.6998448E-12
  7777.87988  1.70259477E-12
  7780.62012  1.70258068E-12
  7783.35986  1.70216076E-12
  7786.1001  1.70257038E-12
  7788.83984  1.70025745E-12
  7791.58008  1.69244761E-12
  7794.31982  1.69425845E-12
  7797.06006  1.70073265E-12
  7799.7998  1.6859334E-12
  7802.54004  1.67239345E-12
  7805.27979  1.69101289E-12
  7808.02002  1.70650028E-12
  7810.76025  1.7054356E-12
  7813.5  1.71290412E-12
  7816.24023  1.73014456E-12
  7818.97998  1.71175227E-12
  7821.72021  1.68248683E-12
  7824.45996  1.70111549E-12
  7827.2002  1.7200553E-12
  7829.93994  1.70853783E-12
  7832.68018  1.69856447E-12
  7835.41992  1.69102883E-12
  7838.16016  1.69189641E-12
  7840.8999  1.69857477E-12
  7843.64014  1.69029927E-12
  7846.37988  1.68312835E-12
  7849.12012  1.70504594E-12
  7851.85986  1.71427781E-12
  7854.6001  1.68855912E-12
  7857.33984  1.67133755E-12
  7860.08008  1.65994779E-12
  7862.81982  1.65728618E-12
  7865.56006  1.66100879E-12
  7868.2998  1.66801967E-12
  7871.04004  1.67307379E-12
  7873.77979  1.67071229E-12
  7876.52002  1.66290647E-12
  7879.26025  1.64262234E-12
  7882.  1.64367944E-12
  7884.74023  1.65953818E-12
  7887.47998  1.68026205E-12
  7890.22021  1.70015607E-12
  7892.95996  1.70194447E-12
  7895.7002  1.69816581E-12
  7898.43994  1.68995352E-12
  7901.18018  1.68619166E-12
  7903.91992  1.68862006E-12
  7906.66016  1.67808573E-12
  7909.3999  1.66279078E-12
  7912.14014  1.66478875E-12
  7914.87988  1.67031937E-12
  7917.62012  1.66941504E-12
  7920.35986  1.67253668E-12
  7923.1001  1.68413059E-12
  7925.83984  1.68934734E-12
  7928.58008  1.69043848E-12
  7931.31982  1.68346923E-12
  7934.06006  1.67482282E-12
  7936.7998  1.67920137E-12
  7939.54004  1.6818091E-12
  7942.27979  1.67439153E-12
  7945.02002  1.66973965E-12
  7947.76025  1.66487961E-12
  7950.5  1.68442159E-12
  7953.24023  1.71434828E-12
  7955.97998  1.69480055E-12
  7958.72021  1.66888118E-12
  7961.45996  1.66887879E-12
  7964.2002  1.679906E-12
  7966.93994  1.71379707E-12
  7969.68018  1.70985264E-12
  7972.41992  1.67506373E-12
  7975.16016  1.66653898E-12
  7977.8999  1.66884334E-12
  7980.64014  1.6799872E-12
  7983.37988  1.69040758E-12
  7986.12012  1.69304479E-12
  7988.85986  1.69379907E-12
  7991.6001  1.69196146E-12
  7994.33984  1.69340453E-12
  7997.08008  1.6949828E-12
  7999.81982  1.67745678E-12
  8002.56006  1.66034265E-12
  8005.2998  1.66916546E-12
  8008.04004  1.67182739E-12
  8010.77979  1.65360239E-12
  8013.52002  1.65395367E-12
  8016.26025  1.67008096E-12
  8019.  1.67702148E-12
  8021.74023  1.67853882E-12
  8024.47998  1.66457419E-12
  8027.22021  1.65293647E-12
  8029.95996  1.65615134E-12
  8032.7002  1.66169932E-12
  8035.43994  1.67083535E-12
  8038.18018  1.67498665E-12
  8040.91992  1.67619239E-12
  8043.66016  1.67396793E-12
  8046.3999  1.67165283E-12
  8049.14014  1.67611812E-12
  8051.87988  1.67759047E-12
  8054.62012  1.67094832E-12
  8057.35986  1.66907059E-12
  8060.1001  1.67211481E-12
  8062.83984  1.66126238E-12
  8065.58008  1.64668268E-12
  8068.31982  1.6504749E-12
  8071.06006  1.65814378E-12
  8073.7998  1.66196028E-12
  8076.54004  1.66890753E-12
  8079.27979  1.68745226E-12
  8082.02002  1.67554956E-12
  8084.76025  1.64438027E-12
  8087.5  1.63854021E-12
  8090.24023  1.63932333E-12
  8092.97998  1.62982442E-12
  8095.72021  1.63051126E-12
  8098.45996  1.65571886E-12
  8101.2002  1.66695022E-12
  8103.93994  1.66565969E-12
  8106.68018  1.65997522E-12
  8109.41992  1.65140211E-12
  8112.16016  1.65283423E-12
  8114.8999  1.65687364E-12
  8117.64014  1.66331944E-12
  8120.37988  1.6606561E-12
  8123.12012  1.63834105E-12
  8125.85986  1.64107259E-12
  8128.6001  1.65994172E-12
  8131.33984  1.66896239E-12
  8134.08008  1.6735594E-12
  8136.81982  1.66907211E-12
  8139.56006  1.66681035E-12
  8142.2998  1.67574884E-12
  8145.04004  1.67477382E-12
  8147.77979  1.6623816E-12
  8150.52002  1.6573805E-12
  8153.26025  1.65541615E-12
  8156.  1.65720736E-12
  8158.74023  1.65567842E-12
  8161.47998  1.63591135E-12
  8164.22021  1.63153963E-12
  8166.95996  1.66201514E-12
  8169.7002  1.65542536E-12
  8172.43994  1.62322217E-12
  8175.18018  1.62475285E-12
  8177.91992  1.63611789E-12
  8180.66016  1.63488754E-12
  8183.3999  1.6344505E-12
  8186.14014  1.64397944E-12
  8188.87988  1.63769595E-12
  8191.62012  1.60740887E-12
  8194.36035  1.61684587E-12
  8197.09961  1.64395862E-12
  8199.83984  1.63291765E-12
  8202.58008  1.62136136E-12
  8205.32031  1.64615533E-12
  8208.05957  1.65592908E-12
  8210.7998  1.63227429E-12
  8213.54004  1.62253609E-12
  8216.28027  1.62076223E-12
  8219.01953  1.62580257E-12
  8221.75977  1.63564843E-12
  8224.5  1.64822051E-12
  8227.24023  1.65514867E-12
  8229.98047  1.64684217E-12
  8232.71973  1.6428934E-12
  8235.45996  1.64605612E-12
  8238.2002  1.64067609E-12
  8240.94043  1.63063313E-12
  8243.67969  1.62083519E-12
  8246.41992  1.61148883E-12
  8249.16016  1.60013539E-12
  8251.90039  1.60226346E-12
  8254.63965  1.63015554E-12
  8257.37988  1.64531691E-12
  8260.12012  1.65206217E-12
  8262.86035  1.65004978E-12
  8265.59961  1.6419393E-12
  8268.33984  1.63337464E-12
  8271.08008  1.62514858E-12
  8273.82031  1.61600789E-12
  8276.55957  1.6172093E-12
  8279.2998  1.63627521E-12
  8282.04004  1.63336022E-12
  8284.78027  1.61981583E-12
  8287.51953  1.63375238E-12
  8290.25977  1.6448867E-12
  8293.  1.60952187E-12
  8295.74023  1.59084627E-12
  8298.48047  1.61928749E-12
  8301.21973  1.62496178E-12
  8303.95996  1.61200426E-12
  8306.7002  1.60395688E-12
  8309.44043  1.59789727E-12
  8312.17969  1.60229284E-12
  8314.91992  1.60875024E-12
  8317.66016  1.61403573E-12
  8320.40039  1.61416692E-12
  8323.13965  1.60755144E-12
  8325.87988  1.59786951E-12
  8328.62012  1.58601973E-12
  8331.36035  1.59908393E-12
  8334.09961  1.62054517E-12
  8336.83984  1.63856895E-12
  8339.58008  1.64472852E-12
  8342.32031  1.62817643E-12
  8345.05957  1.61791793E-12
  8347.7998  1.61291033E-12
  8350.54004  1.6029091E-12
  8353.28027  1.59220337E-12
  8356.01953  1.59248613E-12
  8358.75977  1.59062195E-12
  8361.5  1.56846498E-12
  8364.24023  1.56654615E-12
  8366.98047  1.60397043E-12
  8369.71973  1.60755285E-12
  8372.45996  1.59140691E-12
  8375.2002  1.58168791E-12
  8377.94043  1.57682927E-12
  8380.67969  1.59268193E-12
  8383.41992  1.60072162E-12
  8386.16016  1.58000696E-12
  8388.90039  1.5797306E-12
  8391.63965  1.60346638E-12
  8394.37988  1.60206494E-12
  8397.12012  1.59086047E-12
  8399.86035  1.59211294E-12
  8402.59961  1.59818567E-12
  8405.33984  1.61192435E-12
  8408.08008  1.61646868E-12
  8410.82031  1.60383382E-12
  8413.55957  1.60062404E-12
  8416.2998  1.60257137E-12
  8419.04004  1.58832225E-12
  8421.78027  1.57364248E-12
  8424.51953  1.58727512E-12
  8427.25977  1.59849152E-12
  8430.  1.58990486E-12
  8432.74023  1.59121848E-12
  8435.48047  1.6063032E-12
  8438.21973  1.60084955E-12
  8440.95996  1.58825654E-12
  8443.7002  1.61323559E-12
  8446.44043  1.63414356E-12
  8449.17969  1.60335417E-12
  8451.91992  1.58861032E-12
  8454.66016  1.61272027E-12
  8457.40039  1.61814236E-12
  8460.13965  1.6120615E-12
  8462.87988  1.60281597E-12
  8465.62012  1.59249545E-12
  8468.36035  1.59380755E-12
  8471.09961  1.59134533E-12
  8473.83984  1.57224722E-12
  8476.58008  1.56390027E-12
  8479.32031  1.56968763E-12
  8482.05957  1.57056432E-12
  8484.7998  1.570071E-12
  8487.54004  1.56979594E-12
  8490.28027  1.56048167E-12
  8493.01953  1.52006966E-12
  8495.75977  1.49401444E-12
  8498.5  1.49236298E-12
  8501.24023  1.51413441E-12
  8503.98047  1.56103472E-12
  8506.71973  1.58256166E-12
  8509.45996  1.59328247E-12
  8512.2002  1.59839861E-12
  8514.94043  1.60280589E-12
  8517.67969  1.61554559E-12
  8520.41992  1.61545939E-12
  8523.16016  1.59936539E-12
  8525.90039  1.58110851E-12
  8528.63965  1.55729921E-12
  8531.37988  1.52209907E-12
  8534.12012  1.47372132E-12
  8536.86035  1.38882514E-12
  8539.59961  1.3382354E-12
  8542.33984  1.34495019E-12
  8545.08008  1.39317269E-12
  8547.82031  1.49085215E-12
  8550.55957  1.5309595E-12
  8553.2998  1.54559883E-12
  8556.04004  1.55529832E-12
  8558.78027  1.56060093E-12
  8561.51953  1.56852938E-12
  8564.25977  1.56803542E-12
  8567.  1.55241466E-12
  8569.74023  1.55142305E-12
  8572.48047  1.55855136E-12
  8575.21973  1.57084176E-12
  8577.95996  1.58141653E-12
  8580.7002  1.57472646E-12
  8583.44043  1.56770961E-12
  8586.17969  1.56417902E-12
  8588.91992  1.56602227E-12
  8591.66016  1.57393207E-12
  8594.40039  1.57800335E-12
  8597.13965  1.57955127E-12
  8599.87988  1.57156406E-12
  8602.62012  1.56681276E-12
  8605.36035  1.57880068E-12
  8608.09961  1.58745434E-12
  8610.83984  1.59047742E-12
  8613.58008  1.58999701E-12
  8616.32031  1.58630823E-12
  8619.05957  1.59020702E-12
  8621.7998  1.59606659E-12
  8624.54004  1.60112147E-12
  8627.28027  1.5981603E-12
  8630.02051  1.57530586E-12
  8632.75977  1.57032146E-12
  8635.5  1.58473527E-12
  8638.24023  1.59296328E-12
  8640.98047  1.59594104E-12
  8643.71973  1.56601121E-12
  8646.45996  1.53447199E-12
  8649.2002  1.53480603E-12
  8651.94043  1.51798962E-12
  8654.67969  1.47219357E-12
  8657.41992  1.41988233E-12
  8660.16016  1.35909708E-12
  8662.90039  1.39546686E-12
  8665.63965  1.47068306E-12
  8668.37988  1.52343958E-12
  8671.12012  1.55923614E-12
  8673.86035  1.56632823E-12
  8676.59961  1.56985427E-12
  8679.33984  1.56814275E-12
  8682.08008  1.57140869E-12
  8684.82031  1.57364334E-12
  8687.55957  1.54556533E-12
  8690.2998  1.52485414E-12
  8693.04004  1.56211773E-12
  8695.78027  1.57646693E-12
  8698.52051  1.53468622E-12
  8701.25977  1.53550696E-12
  8704.  1.56639393E-12
  8706.74023  1.56622176E-12
  8709.48047  1.55791038E-12
  8712.21973  1.56650951E-12
  8714.95996  1.56838377E-12
  8717.7002  1.54574064E-12
  8720.44043  1.53695351E-12
  8723.17969  1.54630529E-12
  8725.91992  1.5469286E-12
  8728.66016  1.54599684E-12
  8731.40039  1.56002685E-12
  8734.13965  1.57335939E-12
  8736.87988  1.56727983E-12
  8739.62012  1.5648497E-12
  8742.36035  1.5755356E-12
  8745.09961  1.57490796E-12
  8747.83984  1.56572194E-12
  8750.58008  1.54421484E-12
  8753.32031  1.52056655E-12
  8756.05957  1.52361793E-12
  8758.7998  1.53042119E-12
  8761.54004  1.52887251E-12
  8764.28027  1.53242978E-12
  8767.02051  1.54288117E-12
  8769.75977  1.55355427E-12
  8772.5  1.56422564E-12
  8775.24023  1.55959382E-12
  8777.98047  1.54830207E-12
  8780.71973  1.53336892E-12
  8783.45996  1.52546595E-12
  8786.2002  1.53132975E-12
  8788.94043  1.53531604E-12
  8791.67969  1.53815079E-12
  8794.41992  1.55531827E-12
  8797.16016  1.57283648E-12
  8799.90039  1.54980282E-12
  8802.63965  1.52461886E-12
  8805.37988  1.5190426E-12
  8808.12012  1.51901083E-12
  8810.86035  1.52693125E-12
  8813.59961  1.52900067E-12
  8816.33984  1.52823902E-12
  8819.08008  1.52309469E-12
  8821.82031  1.51769146E-12
  8824.55957  1.51672034E-12
  8827.2998  1.52216336E-12
  8830.04004  1.54311947E-12
  8832.78027  1.5432177E-12
  8835.52051  1.52043992E-12
  8838.25977  1.53382786E-12
  8841.  1.55778981E-12
  8843.74023  1.54045288E-12
  8846.48047  1.51800924E-12
  8849.21973  1.5093585E-12
  8851.95996  1.50618634E-12
  8854.7002  1.50810647E-12
  8857.44043  1.51734983E-12
  8860.17969  1.53278735E-12
  8862.91992  1.5374054E-12
  8865.66016  1.53789633E-12
  8868.40039  1.53674155E-12
  8871.13965  1.53916539E-12
  8873.87988  1.55197296E-12
  8876.62012  1.55581505E-12
  8879.36035  1.55082327E-12
  8882.09961  1.54344354E-12
  8884.83984  1.53398409E-12
  8887.58008  1.53091981E-12
  8890.32031  1.52679345E-12
  8893.05957  1.51228552E-12
  8895.7998  1.50634095E-12
  8898.54004  1.51613542E-12
  8901.28027  1.5176688E-12
  8904.02051  1.51507268E-12
  8906.75977  1.53132422E-12
  8909.5  1.54885273E-12
  8912.24023  1.53796474E-12
  8914.98047  1.5269023E-12
  8917.71973  1.52701701E-12
  8920.45996  1.52745546E-12
  8923.2002  1.52890884E-12
  8925.94043  1.52919593E-12
  8928.67969  1.52667148E-12
  8931.41992  1.50263992E-12
  8934.16016  1.48222114E-12
  8936.90039  1.49483269E-12
  8939.63965  1.50251111E-12
  8942.37988  1.49582766E-12
  8945.12012  1.49411039E-12
  8947.86035  1.49499803E-12
  8950.59961  1.49436149E-12
  8953.33984  1.49757409E-12
  8956.08008  1.52319097E-12
  8958.82031  1.53875187E-12
  8961.55957  1.51919471E-12
  8964.2998  1.5112345E-12
  8967.04004  1.52097432E-12
  8969.78027  1.50395495E-12
  8972.52051  1.47771118E-12
  8975.25977  1.51123417E-12
  8978.  1.54812025E-12
  8980.74023  1.53194493E-12
  8983.48047  1.51759584E-12
  8986.21973  1.51280908E-12
  8988.95996  1.52291786E-12
  8991.7002  1.54830857E-12
  8994.44043  1.54134182E-12
  8997.17969  1.51910006E-12
  8999.91992  1.49146667E-12
  9002.66016  1.47192035E-12
  9005.40039  1.47401199E-12
  9008.13965  1.48144789E-12
  9010.87988  1.49748215E-12
  9013.62012  1.50127512E-12
  9016.36035  1.49868171E-12
  9019.09961  1.5003709E-12
  9021.83984  1.50241115E-12
  9024.58008  1.50249735E-12
  9027.32031  1.50370677E-12
  9030.05957  1.50820968E-12
  9032.7998  1.5087739E-12
  9035.54004  1.50537243E-12
  9038.28027  1.51082033E-12
  9041.02051  1.52004342E-12
  9043.75977  1.52991216E-12
  9046.5  1.53142711E-12
  9049.24023  1.50961231E-12
  9051.98047  1.49845175E-12
  9054.71973  1.50527247E-12
  9057.45996  1.50240334E-12
  9060.2002  1.49548917E-12
  9062.94043  1.48739235E-12
  9065.67969  1.48104283E-12
  9068.41992  1.48247636E-12
  9071.16016  1.48801403E-12
  9073.90039  1.50058156E-12
  9076.63965  1.50446853E-12
  9079.37988  1.50000054E-12
  9082.12012  1.499337E-12
  9084.86035  1.49799249E-12
  9087.59961  1.48627595E-12
  9090.33984  1.47649861E-12
  9093.08008  1.47778285E-12
  9095.82031  1.48266046E-12
  9098.55957  1.49049729E-12
  9101.2998  1.5043625E-12
  9104.04004  1.52244233E-12
  9106.78027  1.51460355E-12
  9109.52051  1.49870079E-12
  9112.25977  1.49306826E-12
  9115.  1.4899992E-12
  9117.74023  1.48647089E-12
  9120.48047  1.49246164E-12
  9123.21973  1.50976866E-12
  9125.95996  1.51839066E-12
  9128.7002  1.52110843E-12
  9131.44043  1.50661612E-12
  9134.17969  1.49102302E-12
  9136.91992  1.48930759E-12
  9139.66016  1.48609076E-12
  9142.40039  1.47883442E-12
  9145.13965  1.47283986E-12
  9147.87988  1.46735174E-12
  9150.62012  1.45825474E-12
  9153.36035  1.45329538E-12
  9156.09961  1.47236737E-12
  9158.83984  1.48744721E-12
  9161.58008  1.48432601E-12
  9164.32031  1.48166267E-12
  9167.05957  1.4781363E-12
  9169.7998  1.47954923E-12
  9172.54004  1.48542799E-12
  9175.28027  1.50823657E-12
  9178.02051  1.52351721E-12
  9180.75977  1.50486513E-12
  9183.5  1.47651379E-12
  9186.24023  1.42484548E-12
  9188.98047  1.42955049E-12
  9191.71973  1.47865184E-12
  9194.45996  1.49000528E-12
  9197.2002  1.48977597E-12
  9199.94043  1.4962891E-12
  9202.67969  1.49318329E-12
  9205.41992  1.46718499E-12
  9208.16016  1.45037519E-12
  9210.90039  1.44389047E-12
  9213.63965  1.4387494E-12
  9216.37988  1.43767897E-12
  9219.12012  1.45338483E-12
  9221.86035  1.46789156E-12
  9224.59961  1.4578654E-12
  9227.33984  1.45232361E-12
  9230.08008  1.45850671E-12
  9232.82031  1.46590498E-12
  9235.55957  1.47591325E-12
  9238.2998  1.47678321E-12
  9241.04004  1.47241616E-12
  9243.78027  1.46269964E-12
  9246.52051  1.4564516E-12
  9249.25977  1.46109134E-12
  9252.  1.4670486E-12
  9254.74023  1.47664411E-12
  9257.48047  1.47346566E-12
  9260.21973  1.46405598E-12
  9262.95996  1.47871591E-12
  9265.7002  1.49248008E-12
  9268.44043  1.47638097E-12
  9271.17969  1.4612454E-12
  9273.91992  1.45695229E-12
  9276.66016  1.44331107E-12
  9279.40039  1.41918833E-12
  9282.13965  1.44380959E-12
  9284.87988  1.48315854E-12
  9287.62012  1.46890453E-12
  9290.36035  1.44747018E-12
  9293.09961  1.43874485E-12
  9295.83984  1.43447515E-12
  9298.58008  1.43428824E-12
  9301.32031  1.44073848E-12
  9304.05957  1.45237273E-12
  9306.7998  1.45768011E-12
  9309.54004  1.46143687E-12
  9312.28027  1.47075104E-12
  9315.02051  1.46893196E-12
  9317.75977  1.43845396E-12
  9320.5  1.4375287E-12
  9323.24023  1.46582844E-12
  9325.98047  1.46773251E-12
  9328.71973  1.46131696E-12
  9331.45996  1.46996575E-12
  9334.2002  1.47634064E-12
  9336.94043  1.46807035E-12
  9339.67969  1.46230218E-12
  9342.41992  1.46317149E-12
  9345.16016  1.45610553E-12
  9347.90039  1.44422722E-12
  9350.63965  1.433407E-12
  9353.37988  1.42906303E-12
  9356.12012  1.45138892E-12
  9358.86035  1.46559826E-12
  9361.59961  1.45543647E-12
  9364.33984  1.44451584E-12
  9367.08008  1.43088557E-12
  9369.82031  1.42133993E-12
  9372.55957  1.41546941E-12
  9375.2998  1.42353653E-12
  9378.04004  1.42840004E-12
  9380.78027  1.40845387E-12
  9383.52051  1.40159748E-12
  9386.25977  1.41804624E-12
  9389.  1.42871728E-12
  9391.74023  1.43830379E-12
  9394.48047  1.45381548E-12
  9397.21973  1.46598152E-12
  9399.95996  1.45669533E-12
  9402.7002  1.44321631E-12
  9405.44043  1.42818288E-12
  9408.17969  1.42274745E-12
  9410.91992  1.42976104E-12
  9413.66016  1.41935443E-12
  9416.40039  1.40547014E-12
  9419.13965  1.43858298E-12
  9421.87988  1.46560964E-12
  9424.62012  1.43096461E-12
  9427.36035  1.40601159E-12
  9430.09961  1.40432815E-12
  9432.83984  1.40613356E-12
  9435.58008  1.41357715E-12
  9438.32031  1.41598701E-12
  9441.05957  1.41306931E-12
  9443.7998  1.38661803E-12
  9446.54004  1.37971926E-12
  9449.28027  1.43619914E-12
  9452.02051  1.45009363E-12
  9454.75977  1.40881068E-12
  9457.5  1.40253206E-12
  9460.24023  1.40862647E-12
  9462.98047  1.39638951E-12
  9465.71973  1.38812497E-12
  9468.45996  1.41050344E-12
  9471.2002  1.41937146E-12
  9473.94043  1.39638691E-12
  9476.67969  1.39102401E-12
  9479.41992  1.39793841E-12
  9482.16016  1.39184172E-12
  9484.90039  1.38227841E-12
  9487.63965  1.3792215E-12
  9490.37988  1.37783459E-12
  9493.12012  1.37665031E-12
  9495.86035  1.37703445E-12
  9498.59961  1.37858778E-12
  9501.33984  1.38362499E-12
  9504.08008  1.3917075E-12
  9506.82031  1.40648506E-12
  9509.55957  1.41879228E-12
  9512.2998  1.4141134E-12
  9515.04004  1.41030221E-12
  9517.78027  1.41226061E-12
  9520.52051  1.4137014E-12
  9523.25977  1.41518991E-12
  9526.  1.41474853E-12
  9528.74023  1.41414365E-12
  9531.48047  1.41922227E-12
  9534.21973  1.42160242E-12
  9536.95996  1.41692073E-12
  9539.7002  1.40528171E-12
  9542.44043  1.38261809E-12
  9545.17969  1.36836766E-12
  9547.91992  1.35928237E-12
  9550.66016  1.369267E-12
  9553.40039  1.38279579E-12
  9556.13965  1.38072268E-12
  9558.87988  1.37457754E-12
  9561.62012  1.36131742E-12
  9564.36035  1.36231922E-12
  9567.09961  1.3765626E-12
  9569.83984  1.39585446E-12
  9572.58008  1.41461213E-12
  9575.32031  1.40070215E-12
  9578.05957  1.38651449E-12
  9580.7998  1.39779713E-12
  9583.54004  1.39984292E-12
  9586.28027  1.38455024E-12
  9589.02051  1.38085376E-12
  9591.75977  1.38253103E-12
  9594.5  1.37030025E-12
  9597.24023  1.36031692E-12
  9599.98047  1.37721453E-12
  9602.71973  1.39390344E-12
  9605.45996  1.40298374E-12
  9608.2002  1.40497434E-12
  9610.94043  1.39845676E-12
  9613.67969  1.39830877E-12
  9616.41992  1.40189162E-12
  9619.16016  1.42003488E-12
  9621.90039  1.42631642E-12
  9624.63965  1.38644315E-12
  9627.37988  1.35975758E-12
  9630.12012  1.35346931E-12
  9632.86035  1.3649908E-12
  9635.59961  1.39263752E-12
  9638.33984  1.39067924E-12
  9641.08008  1.37859711E-12
  9643.82031  1.37125977E-12
  9646.55957  1.36601082E-12
  9649.2998  1.36380143E-12
  9652.04004  1.36386237E-12
  9654.78027  1.3668746E-12
  9657.52051  1.36741183E-12
  9660.25977  1.36712722E-12
  9663.  1.37004373E-12
  9665.74023  1.36956733E-12
  9668.48047  1.35585759E-12
  9671.21973  1.34731137E-12
  9673.95996  1.34767989E-12
  9676.7002  1.35253885E-12
  9679.44043  1.36230231E-12
  9682.17969  1.35331525E-12
  9684.91992  1.34056416E-12
  9687.66016  1.34455175E-12
  9690.40039  1.35636532E-12
  9693.13965  1.38134556E-12
  9695.87988  1.39078983E-12
  9698.62012  1.38112818E-12
  9701.36035  1.37815313E-12
  9704.09961  1.37699964E-12
  9706.83984  1.38312159E-12
  9709.58008  1.38668677E-12
  9712.32031  1.37557066E-12
  9715.05957  1.36284452E-12
  9717.7998  1.35003619E-12
  9720.54004  1.33788651E-12
  9723.28027  1.32564792E-12
  9726.02051  1.33593863E-12
  9728.75977  1.35202646E-12
  9731.5  1.3384066E-12
  9734.24023  1.33037787E-12
  9736.98047  1.35374459E-12
  9739.71973  1.35910326E-12
  9742.45996  1.33702294E-12
  9745.2002  1.33973345E-12
  9747.94043  1.35496063E-12
  9750.67969  1.37595913E-12
  9753.41992  1.38913512E-12
  9756.16016  1.36520613E-12
  9758.90039  1.34699034E-12
  9761.63965  1.34921881E-12
  9764.37988  1.34340466E-12
  9767.12012  1.33115947E-12
  9769.86035  1.33579931E-12
  9772.59961  1.34758957E-12
  9775.33984  1.3545379E-12
  9778.08008  1.35886972E-12
  9780.82031  1.36039292E-12
  9783.55957  1.35690059E-12
  9786.2998  1.34426444E-12
  9789.04004  1.34357868E-12
  9791.78027  1.35009311E-12
  9794.52051  1.36301745E-12
  9797.25977  1.37633134E-12
  9800.  1.37967773E-12
  9802.74023  1.38116851E-12
  9805.48047  1.38720307E-12
  9808.21973  1.37421498E-12
  9810.95996  1.3402157E-12
  9813.7002  1.34383964E-12
  9816.44043  1.35946191E-12
  9819.17969  1.3403406E-12
  9821.91992  1.31956653E-12
  9824.66016  1.3110846E-12
  9827.40039  1.31657836E-12
  9830.13965  1.34199704E-12
  9832.87988  1.36344061E-12
  9835.62012  1.38437894E-12
  9838.36035  1.37897571E-12
  9841.09961  1.36634367E-12
  9843.83984  1.37153364E-12
  9846.58008  1.37156757E-12
  9849.32031  1.35056257E-12
  9852.05957  1.35558492E-12
  9854.7998  1.39076782E-12
  9857.54004  1.37988861E-12
  9860.28027  1.35118848E-12
  9863.02051  1.35089878E-12
  9865.75977  1.35909892E-12
  9868.5  1.3781631E-12
  9871.24023  1.37545227E-12
  9873.98047  1.32750885E-12
  9876.71973  1.33163858E-12
  9879.45996  1.36797659E-12
  9882.2002  1.35550273E-12
  9884.94043  1.32830032E-12
  9887.67969  1.30840521E-12
  9890.41992  1.30272757E-12
  9893.16016  1.32560098E-12
  9895.90039  1.33995809E-12
  9898.63965  1.3480419E-12
  9901.37988  1.34111461E-12
  9904.12012  1.32608312E-12
  9906.86035  1.32359206E-12
  9909.59961  1.32949359E-12
  9912.33984  1.35318048E-12
  9915.08008  1.36304672E-12
  9917.82031  1.34415634E-12
  9920.55957  1.34603559E-12
  9923.2998  1.36100343E-12
  9926.04004  1.35942559E-12
  9928.78027  1.35187467E-12
  9931.52051  1.34317503E-12
  9934.25977  1.34006033E-12
  9937.  1.35259891E-12
  9939.74023  1.35446938E-12
  9942.48047  1.34283296E-12
  9945.21973  1.34140984E-12
  9947.95996  1.34280326E-12
  9950.7002  1.32970956E-12
  9953.44043  1.31523991E-12
  9956.17969  1.31143219E-12
  9958.91992  1.30564743E-12
  9961.66016  1.28950876E-12
  9964.40039  1.29477169E-12
  9967.13965  1.31784731E-12
  9969.87988  1.32630701E-12
  9972.62012  1.32744716E-12
  9975.36035  1.31699588E-12
  9978.09961  1.30743604E-12
  9980.83984  1.30766567E-12
  9983.58008  1.30599297E-12
  9986.32031  1.2989849E-12
  9989.05957  1.3087618E-12
  9991.7998  1.32753173E-12
  9994.54004  1.32662566E-12
  9997.28027  1.32931058E-12
  10000.0205  1.36789191E-12
  10002.7598  1.389243E-12
  10005.5  1.3744844E-12
  10008.2402  1.36055728E-12
  10010.9805  1.34396042E-12
  10013.7197  1.31798771E-12
  10016.46  1.29081077E-12
  10019.2002  1.28508521E-12
  10021.9404  1.28195002E-12
  10024.6797  1.27019565E-12
  10027.4199  1.26405754E-12
  10030.1602  1.26567203E-12
  10032.9004  1.26488934E-12
  10035.6396  1.26503604E-12
  10038.3799  1.28531896E-12
  10041.1201  1.30526265E-12
  10043.8604  1.29741996E-12
  10046.5996  1.28902845E-12
  10049.3398  1.27999293E-12
  10052.0801  1.29756568E-12
  10054.8203  1.34350885E-12
  10057.5596  1.35244984E-12
  10060.2998  1.34519761E-12
  10063.04  1.34075823E-12
  10065.7803  1.33356401E-12
  10068.5205  1.32237407E-12
  10071.2598  1.31124321E-12
  10074.  1.29507256E-12
  10076.7402  1.30383345E-12
  10079.4805  1.32776234E-12
  10082.2197  1.30497707E-12
  10084.96  1.27908816E-12
  10087.7002  1.30625773E-12
  10090.4404  1.33101689E-12
  10093.1797  1.33960779E-12
  10095.9199  1.33222372E-12
  10098.6602  1.30509579E-12
  10101.4004  1.3059213E-12
  10104.1396  1.31515697E-12
  10106.8799  1.29310993E-12
  10109.6201  1.27085289E-12
  10112.3604  1.26572559E-12
  10115.0996  1.27247041E-12
  10117.8398  1.30449135E-12
  10120.5801  1.29379623E-12
  10123.3203  1.25590261E-12
  10126.0596  1.27266698E-12
  10128.7998  1.30455325E-12
  10131.54  1.31793057E-12
  10134.2803  1.31854998E-12
  10137.0205  1.29931862E-12
  10139.7598  1.28286769E-12
  10142.5  1.26737293E-12
  10145.2402  1.25870755E-12
  10147.9805  1.25645566E-12
  10150.7197  1.2706638E-12
  10153.46  1.28456404E-12
  10156.2002  1.28159224E-12
  10158.9404  1.27758286E-12
  10161.6797  1.27266329E-12
  10164.4199  1.27432559E-12
  10167.1602  1.28102227E-12
  10169.9004  1.27939532E-12
  10172.6396  1.27636768E-12
  10175.3799  1.28019622E-12
  10178.1201  1.28623707E-12
  10180.8604  1.3003923E-12
  10183.5996  1.29205609E-12
  10186.3398  1.25068976E-12
  10189.0801  1.31841369E-12
  10191.8203  1.36584927E-12
  10194.5596  6.48515258E-13
  10197.2998 -7.44705065E-14
  10200.04 -5.86736877E-14
  10202.7803  0.
  10205.5205  0.
