3.300000000000000000e+03 5.989500000000000358e-11 2.175700000000000000e+04 1.600000000000000000e+01
3.316000000000000000e+03 5.981200000000000242e-11 2.193800000000000000e+04 1.600000000000000000e+01
3.332000000000000000e+03 5.896700000000000431e-11 2.183700000000000000e+04 1.600000000000000000e+01
3.348000000000000000e+03 5.910899999999999461e-11 2.210000000000000000e+04 1.600000000000000000e+01
3.364000000000000000e+03 5.843999999999999413e-11 2.206000000000000000e+04 1.600000000000000000e+01
3.380000000000000000e+03 5.831600000000000314e-11 2.222300000000000000e+04 1.600000000000000000e+01
3.396000000000000000e+03 5.835599999999999732e-11 2.244900000000000000e+04 1.600000000000000000e+01
3.412000000000000000e+03 5.818400000000000168e-11 2.259400000000000000e+04 1.600000000000000000e+01
3.428000000000000000e+03 5.758899999999999624e-11 2.257400000000000000e+04 1.600000000000000000e+01
3.444000000000000000e+03 5.689800000000000090e-11 2.251100000000000000e+04 1.600000000000000000e+01
3.460000000000000000e+03 5.621700000000000088e-11 2.244900000000000000e+04 1.600000000000000000e+01
3.476000000000000000e+03 5.611300000000000051e-11 2.261500000000000000e+04 1.600000000000000000e+01
3.492000000000000000e+03 5.549699999999999587e-11 2.257400000000000000e+04 1.600000000000000000e+01
3.508000000000000000e+03 5.565500000000000065e-11 2.284500000000000000e+04 1.600000000000000000e+01
3.524000000000000000e+03 5.633099999999999655e-11 2.333400000000000000e+04 1.600000000000000000e+01
3.540000000000000000e+03 5.628799999999999603e-11 2.352900000000000000e+04 1.600000000000000000e+01
3.556000000000000000e+03 5.568000000000000185e-11 2.348600000000000000e+04 1.600000000000000000e+01
3.572000000000000000e+03 5.538600000000000008e-11 2.357200000000000000e+04 1.600000000000000000e+01
3.588000000000000000e+03 5.540099999999999951e-11 2.379000000000000000e+04 1.600000000000000000e+01
3.604000000000000000e+03 5.557099999999999737e-11 2.407700000000000000e+04 1.600000000000000000e+01
3.620000000000000000e+03 5.579600000000000176e-11 2.438900000000000000e+04 1.600000000000000000e+01
3.636000000000000000e+03 5.612699999999999783e-11 2.475100000000000000e+04 1.600000000000000000e+01
3.652000000000000000e+03 5.625499999999999728e-11 2.502600000000000000e+04 1.600000000000000000e+01
3.668000000000000000e+03 5.617700000000000024e-11 2.521100000000000000e+04 1.600000000000000000e+01
3.684000000000000000e+03 5.693500000000000165e-11 2.577500000000000000e+04 1.600000000000000000e+01
3.700000000000000000e+03 5.965100000000000422e-11 2.724000000000000000e+04 1.600000000000000000e+01
3.716000000000000000e+03 6.496300000000000097e-11 2.992300000000000000e+04 1.600000000000000000e+01
3.732000000000000000e+03 7.153800000000000153e-11 3.323500000000000000e+04 1.600000000000000000e+01
3.748000000000000000e+03 7.921699999999999900e-11 3.711900000000000000e+04 1.600000000000000000e+01
3.764000000000000000e+03 8.829200000000000385e-11 4.172500000000000000e+04 1.600000000000000000e+01
3.780000000000000000e+03 1.010699999999999932e-10 4.817300000000000000e+04 1.600000000000000000e+01
3.796000000000000000e+03 1.008699999999999965e-10 4.848400000000000000e+04 1.600000000000000000e+01
3.812000000000000000e+03 1.211499999999999901e-10 5.872200000000000000e+04 1.600000000000000000e+01
3.828000000000000000e+03 1.039599999999999957e-10 5.081600000000000000e+04 1.600000000000000000e+01
3.844000000000000000e+03 1.270700000000000068e-10 6.263300000000000000e+04 1.600000000000000000e+01
3.860000000000000000e+03 1.453600000000000026e-10 7.224400000000000000e+04 1.600000000000000000e+01
3.876000000000000000e+03 1.176099999999999950e-10 5.893900000000000000e+04 1.600000000000000000e+01
3.892000000000000000e+03 1.123199999999999932e-10 5.675400000000000000e+04 1.600000000000000000e+01
3.908000000000000000e+03 1.471299999999999872e-10 7.495500000000000000e+04 1.600000000000000000e+01
3.924000000000000000e+03 1.516899999999999952e-10 7.791100000000000000e+04 1.600000000000000000e+01
3.940000000000000000e+03 1.432900000000000036e-10 7.419900000000000000e+04 1.600000000000000000e+01
3.956000000000000000e+03 1.162799999999999981e-10 6.070100000000000000e+04 1.600000000000000000e+01
3.972000000000000000e+03 1.042299999999999983e-10 5.485300000000000000e+04 1.600000000000000000e+01
3.988000000000000000e+03 1.411600000000000068e-10 7.488600000000000000e+04 1.600000000000000000e+01
4.004000000000000000e+03 1.539699999999999863e-10 8.233800000000000000e+04 1.600000000000000000e+01
4.020000000000000000e+03 1.555900000000000024e-10 8.386900000000000000e+04 1.600000000000000000e+01
4.036000000000000000e+03 1.553499999999999857e-10 8.441100000000000000e+04 1.600000000000000000e+01
4.052000000000000000e+03 1.524299999999999844e-10 8.348300000000000000e+04 1.600000000000000000e+01
4.068000000000000000e+03 1.445599999999999899e-10 7.980000000000000000e+04 1.600000000000000000e+01
4.084000000000000000e+03 1.192999999999999913e-10 6.637400000000000000e+04 1.600000000000000000e+01
4.100000000000000000e+03 9.559900000000000250e-11 5.360400000000000000e+04 1.600000000000000000e+01
4.116000000000000000e+03 1.232199999999999891e-10 6.963000000000000000e+04 1.600000000000000000e+01
4.132000000000000000e+03 1.421999999999999846e-10 8.098400000000000000e+04 1.600000000000000000e+01
4.148000000000000000e+03 1.462700000000000026e-10 8.394600000000000000e+04 1.600000000000000000e+01
4.164000000000000000e+03 1.438099999999999925e-10 8.317600000000000000e+04 1.600000000000000000e+01
4.180000000000000000e+03 1.419299999999999948e-10 8.271800000000000000e+04 1.600000000000000000e+01
4.196000000000000000e+03 1.409799999999999878e-10 8.279400000000000000e+04 1.600000000000000000e+01
4.212000000000000000e+03 1.391399999999999972e-10 8.233800000000000000e+04 1.600000000000000000e+01
4.228000000000000000e+03 1.364399999999999962e-10 8.135800000000000000e+04 1.600000000000000000e+01
4.244000000000000000e+03 1.346699999999999858e-10 8.090900000000000000e+04 1.600000000000000000e+01
4.260000000000000000e+03 1.334100000000000077e-10 8.076000000000000000e+04 1.600000000000000000e+01
4.276000000000000000e+03 1.309600000000000058e-10 7.987300000000000000e+04 1.600000000000000000e+01
4.292000000000000000e+03 1.265600000000000003e-10 7.776800000000000000e+04 1.600000000000000000e+01
4.308000000000000000e+03 1.194199999999999867e-10 7.392600000000000000e+04 1.600000000000000000e+01
4.324000000000000000e+03 9.923099999999999834e-11 6.188700000000000000e+04 1.600000000000000000e+01
4.340000000000000000e+03 8.028599999999999293e-11 5.044300000000000000e+04 1.600000000000000000e+01
4.356000000000000000e+03 1.035300000000000033e-10 6.552400000000000000e+04 1.600000000000000000e+01
4.372000000000000000e+03 1.184299999999999984e-10 7.550900000000000000e+04 1.600000000000000000e+01
4.388000000000000000e+03 1.197500000000000001e-10 7.691300000000000000e+04 1.600000000000000000e+01
4.404000000000000000e+03 1.200899999999999958e-10 7.769600000000000000e+04 1.600000000000000000e+01
4.420000000000000000e+03 1.199999999999999992e-10 7.819900000000000000e+04 1.600000000000000000e+01
4.436000000000000000e+03 1.190199999999999933e-10 7.812700000000000000e+04 1.600000000000000000e+01
4.452000000000000000e+03 1.168700000000000059e-10 7.726800000000000000e+04 1.600000000000000000e+01
4.468000000000000000e+03 1.151799999999999967e-10 7.670000000000000000e+04 1.600000000000000000e+01
4.484000000000000000e+03 1.139399999999999963e-10 7.641900000000000000e+04 1.600000000000000000e+01
4.500000000000000000e+03 1.144999999999999923e-10 7.733900000000000000e+04 1.600000000000000000e+01
4.516000000000000000e+03 1.131699999999999954e-10 7.698400000000000000e+04 1.600000000000000000e+01
4.532000000000000000e+03 1.119499999999999986e-10 7.670000000000000000e+04 1.600000000000000000e+01
4.548000000000000000e+03 1.103499999999999989e-10 7.613800000000000000e+04 1.600000000000000000e+01
4.564000000000000000e+03 1.100899999999999915e-10 7.648900000000000000e+04 1.600000000000000000e+01
4.580000000000000000e+03 1.091199999999999939e-10 7.634800000000000000e+04 1.600000000000000000e+01
4.596000000000000000e+03 1.087599999999999946e-10 7.663000000000000000e+04 1.600000000000000000e+01
4.612000000000000000e+03 1.083000000000000034e-10 7.684200000000000000e+04 1.600000000000000000e+01
4.628000000000000000e+03 1.070600000000000030e-10 7.648900000000000000e+04 1.600000000000000000e+01
4.644000000000000000e+03 1.067199999999999944e-10 7.677200000000000000e+04 1.600000000000000000e+01
4.660000000000000000e+03 1.054999999999999976e-10 7.641900000000000000e+04 1.600000000000000000e+01
4.676000000000000000e+03 1.043900000000000009e-10 7.613800000000000000e+04 1.600000000000000000e+01
4.692000000000000000e+03 1.036799999999999977e-10 7.613800000000000000e+04 1.600000000000000000e+01
4.708000000000000000e+03 1.023200000000000018e-10 7.564800000000000000e+04 1.600000000000000000e+01
4.724000000000000000e+03 1.016300000000000022e-10 7.564800000000000000e+04 1.600000000000000000e+01
4.740000000000000000e+03 1.003799999999999935e-10 7.523200000000000000e+04 1.600000000000000000e+01
4.756000000000000000e+03 9.915999999999999672e-11 7.481700000000000000e+04 1.600000000000000000e+01
4.772000000000000000e+03 9.759299999999999583e-11 7.413100000000000000e+04 1.600000000000000000e+01
4.788000000000000000e+03 9.730000000000000263e-11 7.440400000000000000e+04 1.600000000000000000e+01
4.804000000000000000e+03 9.594400000000000235e-11 7.385900000000000000e+04 1.600000000000000000e+01
4.820000000000000000e+03 9.356800000000000197e-11 7.251000000000000000e+04 1.600000000000000000e+01
4.836000000000000000e+03 8.666600000000000089e-11 6.760800000000000000e+04 1.600000000000000000e+01
4.852000000000000000e+03 6.776100000000000258e-11 5.321100000000000000e+04 1.600000000000000000e+01
4.868000000000000000e+03 6.334599999999999766e-11 5.007300000000000000e+04 1.600000000000000000e+01
4.884000000000000000e+03 8.212399999999999217e-11 6.534300000000000000e+04 1.600000000000000000e+01
4.900000000000000000e+03 8.896700000000000411e-11 7.125300000000000000e+04 1.600000000000000000e+01
4.916000000000000000e+03 8.961799999999999235e-11 7.224400000000000000e+04 1.600000000000000000e+01
4.932000000000000000e+03 8.928399999999999639e-11 7.244400000000000000e+04 1.600000000000000000e+01
4.948000000000000000e+03 8.911699999999999842e-11 7.277800000000000000e+04 1.600000000000000000e+01
4.964000000000000000e+03 8.829899999999999928e-11 7.257700000000000000e+04 1.600000000000000000e+01
4.980000000000000000e+03 8.716899999999999904e-11 7.211100000000000000e+04 1.600000000000000000e+01
4.996000000000000000e+03 8.605499999999999390e-11 7.164700000000000000e+04 1.600000000000000000e+01
5.012000000000000000e+03 8.433299999999999457e-11 7.066400000000000000e+04 1.600000000000000000e+01
5.028000000000000000e+03 8.364299999999999488e-11 7.053400000000000000e+04 1.600000000000000000e+01
5.044000000000000000e+03 8.288399999999999782e-11 7.034000000000000000e+04 1.600000000000000000e+01
5.060000000000000000e+03 8.243599999999999326e-11 7.040400000000000000e+04 1.600000000000000000e+01
5.076000000000000000e+03 8.169199999999999562e-11 7.021000000000000000e+04 1.600000000000000000e+01
5.092000000000000000e+03 8.140399999999999362e-11 7.040400000000000000e+04 1.600000000000000000e+01
5.108000000000000000e+03 8.089400000000000003e-11 7.040400000000000000e+04 1.600000000000000000e+01
5.124000000000000000e+03 8.009400000000000021e-11 7.014500000000000000e+04 1.600000000000000000e+01
5.140000000000000000e+03 7.930399999999999570e-11 6.988800000000000000e+04 1.600000000000000000e+01
5.156000000000000000e+03 7.823399999999999319e-11 6.937400000000000000e+04 1.600000000000000000e+01
5.172000000000000000e+03 7.675499999999999758e-11 6.848600000000000000e+04 1.600000000000000000e+01
5.188000000000000000e+03 7.656300000000000486e-11 6.873800000000000000e+04 1.600000000000000000e+01
5.204000000000000000e+03 7.644399999999999214e-11 6.905600000000000000e+04 1.600000000000000000e+01
5.220000000000000000e+03 7.583699999999999361e-11 6.892900000000000000e+04 1.600000000000000000e+01
5.236000000000000000e+03 7.495899999999999675e-11 6.854900000000000000e+04 1.600000000000000000e+01
5.252000000000000000e+03 7.464000000000000023e-11 6.867500000000000000e+04 1.600000000000000000e+01
5.268000000000000000e+03 7.343899999999999838e-11 6.798300000000000000e+04 1.600000000000000000e+01
5.284000000000000000e+03 7.312999999999999717e-11 6.810800000000000000e+04 1.600000000000000000e+01
5.300000000000000000e+03 7.329399999999999526e-11 6.867500000000000000e+04 1.600000000000000000e+01
5.316000000000000000e+03 7.205299999999999923e-11 6.792000000000000000e+04 1.600000000000000000e+01
5.332000000000000000e+03 7.135799999999999543e-11 6.767100000000000000e+04 1.600000000000000000e+01
5.348000000000000000e+03 7.145599999999999602e-11 6.817100000000000000e+04 1.600000000000000000e+01
5.364000000000000000e+03 7.109599999999999675e-11 6.823400000000000000e+04 1.600000000000000000e+01
5.380000000000000000e+03 7.041299999999999249e-11 6.798300000000000000e+04 1.600000000000000000e+01
5.396000000000000000e+03 6.986799999999999592e-11 6.785800000000000000e+04 1.600000000000000000e+01
5.412000000000000000e+03 6.907200000000000457e-11 6.748400000000000000e+04 1.600000000000000000e+01
5.428000000000000000e+03 6.835000000000000179e-11 6.717400000000000000e+04 1.600000000000000000e+01
5.444000000000000000e+03 6.832600000000000270e-11 6.754600000000000000e+04 1.600000000000000000e+01
5.460000000000000000e+03 6.786299999999999871e-11 6.748400000000000000e+04 1.600000000000000000e+01
5.476000000000000000e+03 6.721899999999999297e-11 6.723600000000000000e+04 1.600000000000000000e+01
5.492000000000000000e+03 6.670500000000000385e-11 6.711200000000000000e+04 1.600000000000000000e+01
5.508000000000000000e+03 6.613499999999999961e-11 6.692700000000000000e+04 1.600000000000000000e+01
5.524000000000000000e+03 6.538999999999999340e-11 6.655800000000000000e+04 1.600000000000000000e+01
5.540000000000000000e+03 6.489299999999999501e-11 6.643500000000000000e+04 1.600000000000000000e+01
5.556000000000000000e+03 6.457999999999999826e-11 6.649700000000000000e+04 1.600000000000000000e+01
5.572000000000000000e+03 6.397299999999999974e-11 6.625200000000000000e+04 1.600000000000000000e+01
5.588000000000000000e+03 6.337299999999999664e-11 6.600800000000000000e+04 1.600000000000000000e+01
5.604000000000000000e+03 6.278000000000000189e-11 6.576600000000000000e+04 1.600000000000000000e+01
5.620000000000000000e+03 6.230899999999999390e-11 6.564500000000000000e+04 1.600000000000000000e+01
5.636000000000000000e+03 6.172799999999999870e-11 6.540300000000000000e+04 1.600000000000000000e+01
5.652000000000000000e+03 6.115300000000000327e-11 6.516300000000000000e+04 1.600000000000000000e+01
5.668000000000000000e+03 6.030600000000000092e-11 6.462500000000000000e+04 1.600000000000000000e+01
5.684000000000000000e+03 5.985700000000000072e-11 6.450600000000000000e+04 1.600000000000000000e+01
5.700000000000000000e+03 5.935700000000000244e-11 6.432800000000000000e+04 1.600000000000000000e+01
5.716000000000000000e+03 5.875399999999999946e-11 6.403200000000000000e+04 1.600000000000000000e+01
5.732000000000000000e+03 5.831900000000000303e-11 6.391400000000000000e+04 1.600000000000000000e+01
5.748000000000000000e+03 5.778100000000000189e-11 6.367900000000000000e+04 1.600000000000000000e+01
5.764000000000000000e+03 5.730199999999999636e-11 6.350400000000000000e+04 1.600000000000000000e+01
5.780000000000000000e+03 5.703799999999999990e-11 6.356200000000000000e+04 1.600000000000000000e+01
5.796000000000000000e+03 5.672400000000000104e-11 6.356200000000000000e+04 1.600000000000000000e+01
5.812000000000000000e+03 5.656800000000000049e-11 6.373800000000000000e+04 1.600000000000000000e+01
5.828000000000000000e+03 5.636100000000000188e-11 6.385600000000000000e+04 1.600000000000000000e+01
5.844000000000000000e+03 5.610499999999999651e-11 6.391400000000000000e+04 1.600000000000000000e+01
5.860000000000000000e+03 5.543999999999999803e-11 6.350400000000000000e+04 1.600000000000000000e+01
5.876000000000000000e+03 5.473399999999999680e-11 6.303800000000000000e+04 1.600000000000000000e+01
5.892000000000000000e+03 5.364099999999999731e-11 6.211500000000000000e+04 1.600000000000000000e+01
5.908000000000000000e+03 5.339999999999999784e-11 6.217300000000000000e+04 1.600000000000000000e+01
5.924000000000000000e+03 5.335699999999999731e-11 6.246000000000000000e+04 1.600000000000000000e+01
5.940000000000000000e+03 5.267999999999999929e-11 6.200100000000000000e+04 1.600000000000000000e+01
5.956000000000000000e+03 5.220499999999999576e-11 6.177300000000000000e+04 1.600000000000000000e+01
5.972000000000000000e+03 5.197399999999999806e-11 6.183000000000000000e+04 1.600000000000000000e+01
5.988000000000000000e+03 5.155299999999999894e-11 6.165900000000000000e+04 1.600000000000000000e+01
6.004000000000000000e+03 5.113699999999999748e-11 6.148900000000000000e+04 1.600000000000000000e+01
6.020000000000000000e+03 5.077200000000000055e-11 6.137600000000000000e+04 1.600000000000000000e+01
6.036000000000000000e+03 5.036399999999999664e-11 6.120700000000000000e+04 1.600000000000000000e+01
6.052000000000000000e+03 5.014399999999999636e-11 6.126300000000000000e+04 1.600000000000000000e+01
6.068000000000000000e+03 4.978900000000000121e-11 6.115000000000000000e+04 1.600000000000000000e+01
6.084000000000000000e+03 4.938999999999999695e-11 6.098200000000000000e+04 1.600000000000000000e+01
6.100000000000000000e+03 4.904100000000000157e-11 6.086900000000000000e+04 1.600000000000000000e+01
6.116000000000000000e+03 4.860599999999999867e-11 6.064600000000000000e+04 1.600000000000000000e+01
6.132000000000000000e+03 4.826299999999999660e-11 6.053400000000000000e+04 1.600000000000000000e+01
6.148000000000000000e+03 4.757200000000000126e-11 5.997900000000000000e+04 1.600000000000000000e+01
6.164000000000000000e+03 4.715100000000000215e-11 5.975800000000000000e+04 1.600000000000000000e+01
6.180000000000000000e+03 4.734199999999999921e-11 6.031100000000000000e+04 1.600000000000000000e+01
6.196000000000000000e+03 4.696799999999999616e-11 6.014500000000000000e+04 1.600000000000000000e+01
6.212000000000000000e+03 4.655399999999999894e-11 5.992400000000000000e+04 1.600000000000000000e+01
6.228000000000000000e+03 4.593299999999999663e-11 5.942900000000000000e+04 1.600000000000000000e+01
6.244000000000000000e+03 4.536199999999999674e-11 5.899300000000000000e+04 1.600000000000000000e+01
6.260000000000000000e+03 4.517200000000000180e-11 5.904700000000000000e+04 1.600000000000000000e+01
6.276000000000000000e+03 4.404099999999999945e-11 5.786300000000000000e+04 1.600000000000000000e+01
6.292000000000000000e+03 4.369599999999999960e-11 5.770300000000000000e+04 1.600000000000000000e+01
6.308000000000000000e+03 4.367599999999999605e-11 5.797000000000000000e+04 1.600000000000000000e+01
6.324000000000000000e+03 4.365499999999999685e-11 5.823700000000000000e+04 1.600000000000000000e+01
6.340000000000000000e+03 4.327500000000000049e-11 5.802300000000000000e+04 1.600000000000000000e+01
6.356000000000000000e+03 4.305800000000000010e-11 5.802300000000000000e+04 1.600000000000000000e+01
6.372000000000000000e+03 4.284200000000000183e-11 5.802300000000000000e+04 1.600000000000000000e+01
6.388000000000000000e+03 4.274499999999999689e-11 5.818300000000000000e+04 1.600000000000000000e+01
6.404000000000000000e+03 4.241499999999999648e-11 5.802300000000000000e+04 1.600000000000000000e+01
6.420000000000000000e+03 4.200999999999999891e-11 5.775600000000000000e+04 1.600000000000000000e+01
6.436000000000000000e+03 4.180099999999999607e-11 5.775600000000000000e+04 1.600000000000000000e+01
6.452000000000000000e+03 4.128899999999999825e-11 5.733200000000000000e+04 1.600000000000000000e+01
6.468000000000000000e+03 4.078300000000000020e-11 5.691100000000000000e+04 1.600000000000000000e+01
6.484000000000000000e+03 4.039600000000000195e-11 5.665000000000000000e+04 1.600000000000000000e+01
6.500000000000000000e+03 4.012299999999999938e-11 5.654600000000000000e+04 1.600000000000000000e+01
6.516000000000000000e+03 3.955999999999999703e-11 5.602700000000000000e+04 1.600000000000000000e+01
6.532000000000000000e+03 3.832899999999999632e-11 5.455100000000000000e+04 1.600000000000000000e+01
6.548000000000000000e+03 3.440400000000000083e-11 4.920400000000000000e+04 1.600000000000000000e+01
6.564000000000000000e+03 2.998399999999999825e-11 4.309200000000000000e+04 1.600000000000000000e+01
6.580000000000000000e+03 3.435299999999999630e-11 4.961300000000000000e+04 1.600000000000000000e+01
6.596000000000000000e+03 3.755399999999999770e-11 5.450000000000000000e+04 1.600000000000000000e+01
6.612000000000000000e+03 3.827799999999999825e-11 5.582100000000000000e+04 1.600000000000000000e+01
6.628000000000000000e+03 3.830499999999999723e-11 5.613100000000000000e+04 1.600000000000000000e+01
6.644000000000000000e+03 3.819100000000000155e-11 5.623400000000000000e+04 1.600000000000000000e+01
6.660000000000000000e+03 3.800800000000000203e-11 5.623400000000000000e+04 1.600000000000000000e+01
6.676000000000000000e+03 3.772100000000000214e-11 5.607900000000000000e+04 1.600000000000000000e+01
6.692000000000000000e+03 3.757599999999999902e-11 5.613100000000000000e+04 1.600000000000000000e+01
6.708000000000000000e+03 3.736199999999999852e-11 5.607900000000000000e+04 1.600000000000000000e+01
6.724000000000000000e+03 3.711600000000000139e-11 5.597600000000000000e+04 1.600000000000000000e+01
6.740000000000000000e+03 3.690599999999999643e-11 5.592400000000000000e+04 1.600000000000000000e+01
6.756000000000000000e+03 3.659599999999999956e-11 5.571800000000000000e+04 1.600000000000000000e+01
6.772000000000000000e+03 3.638999999999999660e-11 5.566700000000000000e+04 1.600000000000000000e+01
6.788000000000000000e+03 3.605300000000000077e-11 5.541200000000000000e+04 1.600000000000000000e+01
6.804000000000000000e+03 3.578400000000000020e-11 5.525900000000000000e+04 1.600000000000000000e+01
6.820000000000000000e+03 3.558399999999999701e-11 5.520800000000000000e+04 1.600000000000000000e+01
6.836000000000000000e+03 3.528700000000000181e-11 5.500500000000000000e+04 1.600000000000000000e+01
6.852000000000000000e+03 3.454500000000000194e-11 5.410000000000000000e+04 1.600000000000000000e+01
6.868000000000000000e+03 3.014100000000000092e-11 4.742400000000000000e+04 1.600000000000000000e+01
6.884000000000000000e+03 3.002899999999999655e-11 4.746800000000000000e+04 1.600000000000000000e+01
6.900000000000000000e+03 3.106900000000000019e-11 4.934000000000000000e+04 1.600000000000000000e+01
6.916000000000000000e+03 3.232299999999999788e-11 5.157000000000000000e+04 1.600000000000000000e+01
6.932000000000000000e+03 3.280199999999999695e-11 5.257800000000000000e+04 1.600000000000000000e+01
6.948000000000000000e+03 3.280199999999999695e-11 5.282000000000000000e+04 1.600000000000000000e+01
6.964000000000000000e+03 3.292300000000000098e-11 5.326000000000000000e+04 1.600000000000000000e+01
6.980000000000000000e+03 3.280299999999999906e-11 5.330900000000000000e+04 1.600000000000000000e+01
6.996000000000000000e+03 3.229400000000000113e-11 5.272300000000000000e+04 1.600000000000000000e+01
7.012000000000000000e+03 3.205799999999999931e-11 5.257800000000000000e+04 1.600000000000000000e+01
7.028000000000000000e+03 3.197099999999999615e-11 5.267400000000000000e+04 1.600000000000000000e+01
7.044000000000000000e+03 3.185499999999999624e-11 5.272300000000000000e+04 1.600000000000000000e+01
7.060000000000000000e+03 3.162399999999999854e-11 5.257800000000000000e+04 1.600000000000000000e+01
7.076000000000000000e+03 3.150999999999999640e-11 5.262600000000000000e+04 1.600000000000000000e+01
7.092000000000000000e+03 3.125199999999999972e-11 5.243200000000000000e+04 1.600000000000000000e+01
7.108000000000000000e+03 3.099699999999999646e-11 5.223900000000000000e+04 1.600000000000000000e+01
7.124000000000000000e+03 3.074499999999999955e-11 5.204800000000000000e+04 1.600000000000000000e+01
7.140000000000000000e+03 3.052300000000000151e-11 5.190400000000000000e+04 1.600000000000000000e+01
7.156000000000000000e+03 3.002500000000000101e-11 5.128600000000000000e+04 1.600000000000000000e+01
7.172000000000000000e+03 2.849299999999999986e-11 4.888800000000000000e+04 1.600000000000000000e+01
7.188000000000000000e+03 2.726499999999999903e-11 4.698900000000000000e+04 1.600000000000000000e+01
7.204000000000000000e+03 2.772499999999999990e-11 4.799500000000000000e+04 1.600000000000000000e+01
7.220000000000000000e+03 2.861199999999999966e-11 4.975100000000000000e+04 1.600000000000000000e+01
7.236000000000000000e+03 2.763299999999999908e-11 4.826100000000000000e+04 1.600000000000000000e+01
7.252000000000000000e+03 2.735900000000000086e-11 4.799500000000000000e+04 1.600000000000000000e+01
7.268000000000000000e+03 2.741499999999999981e-11 4.830600000000000000e+04 1.600000000000000000e+01
7.284000000000000000e+03 2.731999999999999910e-11 4.835000000000000000e+04 1.600000000000000000e+01
7.300000000000000000e+03 2.727599999999999969e-11 4.848400000000000000e+04 1.600000000000000000e+01
7.316000000000000000e+03 2.743299999999999913e-11 4.897800000000000000e+04 1.600000000000000000e+01
7.332000000000000000e+03 2.779599999999999829e-11 4.984200000000000000e+04 1.600000000000000000e+01
7.348000000000000000e+03 2.772599999999999879e-11 4.993400000000000000e+04 1.600000000000000000e+01
7.364000000000000000e+03 2.755399999999999992e-11 4.984200000000000000e+04 1.600000000000000000e+01
7.380000000000000000e+03 2.753600000000000061e-11 5.002600000000000000e+04 1.600000000000000000e+01
7.396000000000000000e+03 2.739199999999999960e-11 4.998100000000000000e+04 1.600000000000000000e+01
7.412000000000000000e+03 2.727399999999999869e-11 4.998100000000000000e+04 1.600000000000000000e+01
7.428000000000000000e+03 2.713199999999999869e-11 4.993400000000000000e+04 1.600000000000000000e+01
7.444000000000000000e+03 2.696500000000000072e-11 4.984200000000000000e+04 1.600000000000000000e+01
7.460000000000000000e+03 2.680099999999999940e-11 4.975100000000000000e+04 1.600000000000000000e+01
7.476000000000000000e+03 2.661200000000000010e-11 4.961300000000000000e+04 1.600000000000000000e+01
7.492000000000000000e+03 2.654800000000000037e-11 4.970500000000000000e+04 1.600000000000000000e+01
7.508000000000000000e+03 2.645899999999999944e-11 4.975100000000000000e+04 1.600000000000000000e+01
7.524000000000000000e+03 2.627399999999999892e-11 4.961300000000000000e+04 1.600000000000000000e+01
7.540000000000000000e+03 2.611399999999999960e-11 4.952200000000000000e+04 1.600000000000000000e+01
7.556000000000000000e+03 2.590799999999999987e-11 4.934000000000000000e+04 1.600000000000000000e+01
7.572000000000000000e+03 2.558600000000000023e-11 4.893300000000000000e+04 1.600000000000000000e+01
7.588000000000000000e+03 2.144700000000000101e-11 4.119100000000000000e+04 1.600000000000000000e+01
7.604000000000000000e+03 1.108499999999999972e-11 2.138000000000000000e+04 1.600000000000000000e+01
7.620000000000000000e+03 1.412900000000000008e-11 2.736500000000000000e+04 1.600000000000000000e+01
7.636000000000000000e+03 1.470599999999999812e-11 2.860200000000000000e+04 1.600000000000000000e+01
7.652000000000000000e+03 1.853800000000000037e-11 3.620800000000000000e+04 1.600000000000000000e+01
7.668000000000000000e+03 2.209299999999999805e-11 4.333100000000000000e+04 1.600000000000000000e+01
7.684000000000000000e+03 2.377099999999999797e-11 4.681600000000000000e+04 1.600000000000000000e+01
7.700000000000000000e+03 2.429099999999999979e-11 4.804000000000000000e+04 1.600000000000000000e+01
7.716000000000000000e+03 2.434599999999999986e-11 4.835000000000000000e+04 1.600000000000000000e+01
7.732000000000000000e+03 2.429099999999999979e-11 4.844000000000000000e+04 1.600000000000000000e+01
7.748000000000000000e+03 2.414599999999999990e-11 4.835000000000000000e+04 1.600000000000000000e+01
7.764000000000000000e+03 2.371599999999999790e-11 4.768700000000000000e+04 1.600000000000000000e+01
7.780000000000000000e+03 2.327300000000000070e-11 4.698900000000000000e+04 1.600000000000000000e+01
7.796000000000000000e+03 2.365199999999999817e-11 4.795100000000000000e+04 1.600000000000000000e+01
7.812000000000000000e+03 2.357700000000000102e-11 4.799500000000000000e+04 1.600000000000000000e+01
7.828000000000000000e+03 2.343800000000000090e-11 4.790700000000000000e+04 1.600000000000000000e+01
7.844000000000000000e+03 2.329900000000000079e-11 4.781900000000000000e+04 1.600000000000000000e+01
7.860000000000000000e+03 2.311899999999999792e-11 4.764300000000000000e+04 1.600000000000000000e+01
7.876000000000000000e+03 2.285600000000000035e-11 4.729300000000000000e+04 1.600000000000000000e+01
7.892000000000000000e+03 2.257599999999999912e-11 4.690300000000000000e+04 1.600000000000000000e+01
7.908000000000000000e+03 2.254699999999999915e-11 4.703300000000000000e+04 1.600000000000000000e+01
7.924000000000000000e+03 2.245600000000000044e-11 4.703300000000000000e+04 1.600000000000000000e+01
7.940000000000000000e+03 2.236600000000000062e-11 4.703300000000000000e+04 1.600000000000000000e+01
7.956000000000000000e+03 2.215299999999999901e-11 4.677400000000000000e+04 1.600000000000000000e+01
7.972000000000000000e+03 2.208399999999999839e-11 4.681600000000000000e+04 1.600000000000000000e+01
7.988000000000000000e+03 2.197599999999999926e-11 4.677400000000000000e+04 1.600000000000000000e+01
8.004000000000000000e+03 2.178699999999999996e-11 4.655900000000000000e+04 1.600000000000000000e+01
8.020000000000000000e+03 2.164099999999999796e-11 4.643000000000000000e+04 1.600000000000000000e+01
8.036000000000000000e+03 2.153499999999999982e-11 4.638700000000000000e+04 1.600000000000000000e+01
8.052000000000000000e+03 2.144899999999999878e-11 4.638700000000000000e+04 1.600000000000000000e+01
8.068000000000000000e+03 2.134499999999999841e-11 4.634500000000000000e+04 1.600000000000000000e+01
8.084000000000000000e+03 2.120199999999999952e-11 4.621700000000000000e+04 1.600000000000000000e+01
8.100000000000000000e+03 2.100199999999999957e-11 4.596200000000000000e+04 1.600000000000000000e+01
8.116000000000000000e+03 2.068899999999999959e-11 4.545700000000000000e+04 1.600000000000000000e+01
8.132000000000000000e+03 2.010099999999999927e-11 4.434000000000000000e+04 1.600000000000000000e+01
8.148000000000000000e+03 1.942299999999999913e-11 4.301300000000000000e+04 1.600000000000000000e+01
8.164000000000000000e+03 1.885499999999999912e-11 4.191800000000000000e+04 1.600000000000000000e+01
8.180000000000000000e+03 1.886699999999999867e-11 4.211100000000000000e+04 1.600000000000000000e+01
8.196000000000000000e+03 1.905499999999999908e-11 4.269700000000000000e+04 1.600000000000000000e+01
8.212000000000000000e+03 1.926299999999999981e-11 4.333100000000000000e+04 1.600000000000000000e+01
8.228000000000000000e+03 1.815699999999999867e-11 4.100200000000000000e+04 1.600000000000000000e+01
8.244000000000000000e+03 1.890399999999999942e-11 4.285500000000000000e+04 1.600000000000000000e+01
8.260000000000000000e+03 1.912799999999999847e-11 4.353100000000000000e+04 1.600000000000000000e+01
8.276000000000000000e+03 1.879199999999999828e-11 4.293400000000000000e+04 1.600000000000000000e+01
8.292000000000000000e+03 1.868499999999999803e-11 4.285500000000000000e+04 1.600000000000000000e+01
8.308000000000000000e+03 1.878599999999999851e-11 4.325100000000000000e+04 1.600000000000000000e+01
8.324000000000000000e+03 1.861000000000000088e-11 4.301300000000000000e+04 1.600000000000000000e+01
8.340000000000000000e+03 1.872799999999999856e-11 4.345100000000000000e+04 1.600000000000000000e+01
8.356000000000000000e+03 1.884599999999999947e-11 4.389300000000000000e+04 1.600000000000000000e+01
8.372000000000000000e+03 1.880899999999999872e-11 4.397400000000000000e+04 1.600000000000000000e+01
8.388000000000000000e+03 1.875399999999999865e-11 4.401500000000000000e+04 1.600000000000000000e+01
8.404000000000000000e+03 1.870000000000000069e-11 4.405500000000000000e+04 1.600000000000000000e+01
8.420000000000000000e+03 1.856100000000000058e-11 4.389300000000000000e+04 1.600000000000000000e+01
8.436000000000000000e+03 1.835500000000000085e-11 4.357100000000000000e+04 1.600000000000000000e+01
8.452000000000000000e+03 1.816799999999999933e-11 4.329100000000000000e+04 1.600000000000000000e+01
8.468000000000000000e+03 1.816599999999999832e-11 4.345100000000000000e+04 1.600000000000000000e+01
8.484000000000000000e+03 1.839999999999999915e-11 4.417700000000000000e+04 1.600000000000000000e+01
8.500000000000000000e+03 1.778199999999999996e-11 4.285500000000000000e+04 1.600000000000000000e+01
8.516000000000000000e+03 1.817800000000000110e-11 4.397400000000000000e+04 1.600000000000000000e+01
8.532000000000000000e+03 1.806000000000000019e-11 4.385300000000000000e+04 1.600000000000000000e+01
8.548000000000000000e+03 1.707199999999999996e-11 4.161000000000000000e+04 1.600000000000000000e+01
8.564000000000000000e+03 1.822500000000000040e-11 4.458600000000000000e+04 1.600000000000000000e+01
8.580000000000000000e+03 1.825799999999999914e-11 4.483300000000000000e+04 1.600000000000000000e+01
8.596000000000000000e+03 1.669700000000000125e-11 4.115300000000000000e+04 1.600000000000000000e+01
8.612000000000000000e+03 1.737000000000000050e-11 4.297300000000000000e+04 1.600000000000000000e+01
8.628000000000000000e+03 1.864699999999999840e-11 4.630200000000000000e+04 1.600000000000000000e+01
8.644000000000000000e+03 1.822200000000000051e-11 4.541500000000000000e+04 1.600000000000000000e+01
8.660000000000000000e+03 1.612100000000000048e-11 4.032700000000000000e+04 1.600000000000000000e+01
8.676000000000000000e+03 1.620999999999999818e-11 4.070000000000000000e+04 1.600000000000000000e+01
8.692000000000000000e+03 1.807100000000000085e-11 4.554100000000000000e+04 1.600000000000000000e+01
8.708000000000000000e+03 1.862899999999999908e-11 4.711900000000000000e+04 1.600000000000000000e+01
8.724000000000000000e+03 1.812100000000000003e-11 4.600400000000000000e+04 1.600000000000000000e+01
8.740000000000000000e+03 1.618099999999999820e-11 4.122900000000000000e+04 1.600000000000000000e+01
8.756000000000000000e+03 1.500399999999999867e-11 3.837100000000000000e+04 1.600000000000000000e+01
8.772000000000000000e+03 1.706999999999999896e-11 4.381300000000000000e+04 1.600000000000000000e+01
8.788000000000000000e+03 1.832499999999999876e-11 4.720600000000000000e+04 1.600000000000000000e+01
8.804000000000000000e+03 1.846099999999999899e-11 4.773100000000000000e+04 1.600000000000000000e+01
8.820000000000000000e+03 1.825899999999999803e-11 4.738100000000000000e+04 1.600000000000000000e+01
8.836000000000000000e+03 1.750300000000000085e-11 4.558300000000000000e+04 1.600000000000000000e+01
8.852000000000000000e+03 1.547200000000000031e-11 4.043900000000000000e+04 1.600000000000000000e+01
8.868000000000000000e+03 1.407199999999999901e-11 3.691500000000000000e+04 1.600000000000000000e+01
8.884000000000000000e+03 1.611399999999999859e-11 4.242300000000000000e+04 1.600000000000000000e+01
8.900000000000000000e+03 1.742800000000000046e-11 4.604700000000000000e+04 1.600000000000000000e+01
8.916000000000000000e+03 1.760700000000000121e-11 4.668700000000000000e+04 1.600000000000000000e+01
8.932000000000000000e+03 1.752799999999999882e-11 4.664400000000000000e+04 1.600000000000000000e+01
8.948000000000000000e+03 1.712999999999999991e-11 4.575100000000000000e+04 1.600000000000000000e+01
8.964000000000000000e+03 1.633099999999999897e-11 4.377200000000000000e+04 1.600000000000000000e+01
8.980000000000000000e+03 1.545499999999999988e-11 4.157200000000000000e+04 1.600000000000000000e+01
8.996000000000000000e+03 1.389100000000000049e-11 3.749700000000000000e+04 1.600000000000000000e+01
9.012000000000000000e+03 1.214399999999999995e-11 3.290000000000000000e+04 1.600000000000000000e+01
9.028000000000000000e+03 1.314699999999999962e-11 3.574400000000000000e+04 1.600000000000000000e+01
9.044000000000000000e+03 1.550600000000000118e-11 4.230600000000000000e+04 1.600000000000000000e+01
9.060000000000000000e+03 1.555099999999999947e-11 4.257900000000000000e+04 1.600000000000000000e+01
9.076000000000000000e+03 1.506000000000000086e-11 4.138100000000000000e+04 1.600000000000000000e+01
9.092000000000000000e+03 1.500699999999999856e-11 4.138100000000000000e+04 1.600000000000000000e+01
9.108000000000000000e+03 1.528900000000000079e-11 4.230600000000000000e+04 1.600000000000000000e+01
9.124000000000000000e+03 1.529200000000000068e-11 4.246200000000000000e+04 1.600000000000000000e+01
9.140000000000000000e+03 1.509800000000000049e-11 4.207300000000000000e+04 1.600000000000000000e+01
9.156000000000000000e+03 1.498999999999999813e-11 4.191800000000000000e+04 1.600000000000000000e+01
9.172000000000000000e+03 1.489699999999999842e-11 4.180200000000000000e+04 1.600000000000000000e+01
9.188000000000000000e+03 1.485899999999999878e-11 4.184100000000000000e+04 1.600000000000000000e+01
9.204000000000000000e+03 1.436399999999999978e-11 4.058800000000000000e+04 1.600000000000000000e+01
9.220000000000000000e+03 1.236400000000000023e-11 3.505900000000000000e+04 1.600000000000000000e+01
9.236000000000000000e+03 1.158399999999999911e-11 3.296100000000000000e+04 1.600000000000000000e+01
9.252000000000000000e+03 1.327799999999999896e-11 3.791400000000000000e+04 1.600000000000000000e+01
9.268000000000000000e+03 1.404900000000000042e-11 4.025300000000000000e+04 1.600000000000000000e+01
9.284000000000000000e+03 1.379599999999999978e-11 3.966400000000000000e+04 1.600000000000000000e+01
9.300000000000000000e+03 1.277199999999999930e-11 3.684700000000000000e+04 1.600000000000000000e+01
9.316000000000000000e+03 1.103500000000000054e-11 3.194500000000000000e+04 1.600000000000000000e+01
9.332000000000000000e+03 9.764999999999999689e-12 2.836600000000000000e+04 1.600000000000000000e+01
9.348000000000000000e+03 9.276499999999999903e-12 2.704000000000000000e+04 1.600000000000000000e+01
9.364000000000000000e+03 9.734199999999999457e-12 2.847100000000000000e+04 1.600000000000000000e+01
9.380000000000000000e+03 1.024299999999999987e-11 3.006100000000000000e+04 1.600000000000000000e+01
9.396000000000000000e+03 1.214899999999999922e-11 3.577700000000000000e+04 1.600000000000000000e+01
9.412000000000000000e+03 1.178799999999999945e-11 3.483400000000000000e+04 1.600000000000000000e+01
9.428000000000000000e+03 1.073400000000000010e-11 3.182700000000000000e+04 1.600000000000000000e+01
9.444000000000000000e+03 1.036799999999999944e-11 3.084600000000000000e+04 1.600000000000000000e+01
9.460000000000000000e+03 1.055499999999999935e-11 3.150600000000000000e+04 1.600000000000000000e+01
9.476000000000000000e+03 1.079399999999999944e-11 3.233000000000000000e+04 1.600000000000000000e+01
9.492000000000000000e+03 1.059999999999999926e-11 3.185700000000000000e+04 1.600000000000000000e+01
9.508000000000000000e+03 1.075100000000000054e-11 3.241900000000000000e+04 1.600000000000000000e+01
9.524000000000000000e+03 9.844299999999999160e-12 2.978500000000000000e+04 1.600000000000000000e+01
9.540000000000000000e+03 8.857800000000000485e-12 2.689100000000000000e+04 1.600000000000000000e+01
9.556000000000000000e+03 8.587499999999999103e-12 2.615800000000000000e+04 1.600000000000000000e+01
9.572000000000000000e+03 1.032800000000000042e-11 3.156500000000000000e+04 1.600000000000000000e+01
9.588000000000000000e+03 1.075899999999999969e-11 3.299100000000000000e+04 1.600000000000000000e+01
9.604000000000000000e+03 1.125899999999999958e-11 3.464200000000000000e+04 1.600000000000000000e+01
9.620000000000000000e+03 1.146199999999999943e-11 3.538300000000000000e+04 1.600000000000000000e+01
9.636000000000000000e+03 1.163699999999999979e-11 3.604100000000000000e+04 1.600000000000000000e+01
9.652000000000000000e+03 1.183500000000000036e-11 3.677900000000000000e+04 1.600000000000000000e+01
9.668000000000000000e+03 1.217199999999999943e-11 3.794900000000000000e+04 1.600000000000000000e+01
9.684000000000000000e+03 1.280900000000000005e-11 4.006800000000000000e+04 1.600000000000000000e+01
9.700000000000000000e+03 1.293200000000000023e-11 4.058800000000000000e+04 1.600000000000000000e+01
9.716000000000000000e+03 1.281900000000000021e-11 4.036400000000000000e+04 1.600000000000000000e+01
9.732000000000000000e+03 1.249699999999999895e-11 3.948200000000000000e+04 1.600000000000000000e+01
9.748000000000000000e+03 1.226299999999999975e-11 3.886900000000000000e+04 1.600000000000000000e+01
9.764000000000000000e+03 1.227899999999999968e-11 3.904800000000000000e+04 1.600000000000000000e+01
9.780000000000000000e+03 1.245500000000000055e-11 3.973700000000000000e+04 1.600000000000000000e+01
9.796000000000000000e+03 1.239099999999999920e-11 3.966400000000000000e+04 1.600000000000000000e+01
9.812000000000000000e+03 1.267400000000000032e-11 4.070000000000000000e+04 1.600000000000000000e+01
9.828000000000000000e+03 1.264399999999999984e-11 4.073800000000000000e+04 1.600000000000000000e+01
9.844000000000000000e+03 1.269600000000000002e-11 4.103900000000000000e+04 1.600000000000000000e+01
9.860000000000000000e+03 1.279600000000000000e-11 4.149500000000000000e+04 1.600000000000000000e+01
9.876000000000000000e+03 1.288400000000000043e-11 4.191800000000000000e+04 1.600000000000000000e+01
9.892000000000000000e+03 1.272500000000000000e-11 4.153400000000000000e+04 1.600000000000000000e+01
9.908000000000000000e+03 1.281300000000000043e-11 4.195600000000000000e+04 1.600000000000000000e+01
9.924000000000000000e+03 1.273599999999999905e-11 4.184100000000000000e+04 1.600000000000000000e+01
9.940000000000000000e+03 1.262500000000000002e-11 4.161000000000000000e+04 1.600000000000000000e+01
9.956000000000000000e+03 1.270099999999999930e-11 4.199500000000000000e+04 1.600000000000000000e+01
9.972000000000000000e+03 1.250999999999999900e-11 4.149500000000000000e+04 1.600000000000000000e+01
9.988000000000000000e+03 1.233299999999999925e-11 4.103900000000000000e+04 1.600000000000000000e+01
1.000400000000000000e+04 1.214699999999999984e-11 4.055100000000000000e+04 1.600000000000000000e+01
1.002000000000000000e+04 1.162699999999999963e-11 3.894000000000000000e+04 1.600000000000000000e+01
1.003600000000000000e+04 1.058000000000000056e-11 3.554700000000000000e+04 1.600000000000000000e+01
1.005200000000000000e+04 9.671999999999999985e-12 3.259900000000000000e+04 1.600000000000000000e+01
1.006800000000000000e+04 1.077799999999999951e-11 3.644200000000000000e+04 1.600000000000000000e+01
1.008400000000000000e+04 1.175899999999999947e-11 3.988400000000000000e+04 1.600000000000000000e+01
1.010000000000000000e+04 1.190600000000000036e-11 4.051300000000000000e+04 1.600000000000000000e+01
1.011600000000000000e+04 1.190199999999999997e-11 4.062600000000000000e+04 1.600000000000000000e+01
1.013200000000000000e+04 1.201799999999999988e-11 4.115300000000000000e+04 1.600000000000000000e+01
1.014800000000000000e+04 1.213599999999999918e-11 4.168700000000000000e+04 1.600000000000000000e+01
1.016400000000000000e+04 1.203099999999999993e-11 4.145700000000000000e+04 1.600000000000000000e+01
1.018000000000000000e+04 1.201500000000000000e-11 4.153400000000000000e+04 1.600000000000000000e+01
1.019600000000000000e+04 1.183500000000000036e-11 4.103900000000000000e+04 1.600000000000000000e+01
1.021200000000000000e+04 1.198399999999999902e-11 4.168700000000000000e+04 1.600000000000000000e+01
1.022800000000000000e+04 1.178300000000000018e-11 4.111500000000000000e+04 1.600000000000000000e+01
1.024400000000000000e+04 1.172399999999999972e-11 4.103900000000000000e+04 1.600000000000000000e+01
1.026000000000000000e+04 1.171999999999999934e-11 4.115300000000000000e+04 1.600000000000000000e+01
1.027600000000000000e+04 1.182399999999999970e-11 4.164900000000000000e+04 1.600000000000000000e+01
1.029200000000000000e+04 1.167899999999999981e-11 4.126700000000000000e+04 1.600000000000000000e+01
1.030800000000000000e+04 1.157899999999999984e-11 4.103900000000000000e+04 1.600000000000000000e+01
1.032400000000000000e+04 1.100299999999999906e-11 3.912000000000000000e+04 1.600000000000000000e+01
1.034000000000000000e+04 1.069999999999999924e-11 3.815900000000000000e+04 1.600000000000000000e+01
1.035600000000000000e+04 1.076599999999999997e-11 3.851200000000000000e+04 1.600000000000000000e+01
1.037200000000000000e+04 1.050699999999999956e-11 3.770500000000000000e+04 1.600000000000000000e+01
1.038800000000000000e+04 1.084799999999999901e-11 3.904800000000000000e+04 1.600000000000000000e+01
1.040400000000000000e+04 1.085499999999999929e-11 3.919200000000000000e+04 1.600000000000000000e+01
1.042000000000000000e+04 1.036300000000000017e-11 3.753200000000000000e+04 1.600000000000000000e+01
1.043600000000000000e+04 1.059099999999999960e-11 3.847700000000000000e+04 1.600000000000000000e+01
