3.300000000000000000e+03 2.254199999999999826e-10 8.188400000000000000e+04 1.600000000000000000e+01
3.316000000000000000e+03 2.234599999999999966e-10 8.195900000000000000e+04 1.600000000000000000e+01
3.332000000000000000e+03 2.206999999999999978e-10 8.173300000000000000e+04 1.600000000000000000e+01
3.348000000000000000e+03 2.177999999999999872e-10 8.143300000000000000e+04 1.600000000000000000e+01
3.364000000000000000e+03 2.135500000000000019e-10 8.061200000000000000e+04 1.600000000000000000e+01
3.380000000000000000e+03 2.119299999999999857e-10 8.076000000000000000e+04 1.600000000000000000e+01
3.396000000000000000e+03 2.080099999999999879e-10 8.002000000000000000e+04 1.600000000000000000e+01
3.412000000000000000e+03 2.053099999999999869e-10 7.972600000000000000e+04 1.600000000000000000e+01
3.428000000000000000e+03 2.015300000000000010e-10 7.899500000000000000e+04 1.600000000000000000e+01
3.444000000000000000e+03 1.981999999999999980e-10 7.841500000000000000e+04 1.600000000000000000e+01
3.460000000000000000e+03 1.954599999999999899e-10 7.805500000000000000e+04 1.600000000000000000e+01
3.476000000000000000e+03 1.924199999999999931e-10 7.755300000000000000e+04 1.600000000000000000e+01
3.492000000000000000e+03 1.897899999999999981e-10 7.719700000000000000e+04 1.600000000000000000e+01
3.508000000000000000e+03 1.875400000000000059e-10 7.698400000000000000e+04 1.600000000000000000e+01
3.524000000000000000e+03 1.849899999999999991e-10 7.663000000000000000e+04 1.600000000000000000e+01
3.540000000000000000e+03 1.838300000000000001e-10 7.684200000000000000e+04 1.600000000000000000e+01
3.556000000000000000e+03 1.821799999999999851e-10 7.684200000000000000e+04 1.600000000000000000e+01
3.572000000000000000e+03 1.805499999999999866e-10 7.684200000000000000e+04 1.600000000000000000e+01
3.588000000000000000e+03 1.772999999999999978e-10 7.613800000000000000e+04 1.600000000000000000e+01
3.604000000000000000e+03 1.776900000000000088e-10 7.698400000000000000e+04 1.600000000000000000e+01
3.620000000000000000e+03 1.757899999999999947e-10 7.684200000000000000e+04 1.600000000000000000e+01
3.636000000000000000e+03 1.747300000000000005e-10 7.705500000000000000e+04 1.600000000000000000e+01
3.652000000000000000e+03 1.728899999999999841e-10 7.691300000000000000e+04 1.600000000000000000e+01
3.668000000000000000e+03 1.715399999999999836e-10 7.698400000000000000e+04 1.600000000000000000e+01
3.684000000000000000e+03 1.688000000000000013e-10 7.641900000000000000e+04 1.600000000000000000e+01
3.700000000000000000e+03 1.668799999999999965e-10 7.620800000000000000e+04 1.600000000000000000e+01
3.716000000000000000e+03 1.686800000000000058e-10 7.769600000000000000e+04 1.600000000000000000e+01
3.732000000000000000e+03 1.735100000000000036e-10 8.061200000000000000e+04 1.600000000000000000e+01
3.748000000000000000e+03 1.799800000000000082e-10 8.433300000000000000e+04 1.600000000000000000e+01
3.764000000000000000e+03 1.849799999999999909e-10 8.741800000000000000e+04 1.600000000000000000e+01
3.780000000000000000e+03 1.950899999999999953e-10 9.298200000000000000e+04 1.600000000000000000e+01
3.796000000000000000e+03 1.879999999999999970e-10 9.036500000000000000e+04 1.600000000000000000e+01
3.812000000000000000e+03 2.032900000000000032e-10 9.853700000000000000e+04 1.600000000000000000e+01
3.828000000000000000e+03 1.872699999999999902e-10 9.153800000000000000e+04 1.600000000000000000e+01
3.844000000000000000e+03 2.062799999999999846e-10 1.016700000000000000e+05 1.600000000000000000e+01
3.860000000000000000e+03 2.185999999999999999e-10 1.086400000000000000e+05 1.600000000000000000e+01
3.876000000000000000e+03 1.941099999999999894e-10 9.727500000000000000e+04 1.600000000000000000e+01
3.892000000000000000e+03 1.884800000000000047e-10 9.523600000000000000e+04 1.600000000000000000e+01
3.908000000000000000e+03 2.132599999999999956e-10 1.086400000000000000e+05 1.600000000000000000e+01
3.924000000000000000e+03 2.132899999999999945e-10 1.095500000000000000e+05 1.600000000000000000e+01
3.940000000000000000e+03 2.102000000000000083e-10 1.088400000000000000e+05 1.600000000000000000e+01
3.956000000000000000e+03 1.865099999999999846e-10 9.736400000000000000e+04 1.600000000000000000e+01
3.972000000000000000e+03 1.713999999999999975e-10 9.019900000000000000e+04 1.600000000000000000e+01
3.988000000000000000e+03 1.975599999999999878e-10 1.048100000000000000e+05 1.600000000000000000e+01
4.004000000000000000e+03 1.970699999999999978e-10 1.053900000000000000e+05 1.600000000000000000e+01
4.020000000000000000e+03 1.907100000000000063e-10 1.028000000000000000e+05 1.600000000000000000e+01
4.036000000000000000e+03 1.957600000000000044e-10 1.063700000000000000e+05 1.600000000000000000e+01
4.052000000000000000e+03 1.960100000000000035e-10 1.073500000000000000e+05 1.600000000000000000e+01
4.068000000000000000e+03 1.914499999999999955e-10 1.056800000000000000e+05 1.600000000000000000e+01
4.084000000000000000e+03 1.748399999999999877e-10 9.727500000000000000e+04 1.600000000000000000e+01
4.100000000000000000e+03 1.523499999999999961e-10 8.542800000000000000e+04 1.600000000000000000e+01
4.116000000000000000e+03 1.735700000000000014e-10 9.808400000000000000e+04 1.600000000000000000e+01
4.132000000000000000e+03 1.776999999999999912e-10 1.012000000000000000e+05 1.600000000000000000e+01
4.148000000000000000e+03 1.776399999999999935e-10 1.019500000000000000e+05 1.600000000000000000e+01
4.164000000000000000e+03 1.782399999999999966e-10 1.030900000000000000e+05 1.600000000000000000e+01
4.180000000000000000e+03 1.765500000000000004e-10 1.029000000000000000e+05 1.600000000000000000e+01
4.196000000000000000e+03 1.742399999999999846e-10 1.023300000000000000e+05 1.600000000000000000e+01
4.212000000000000000e+03 1.722799999999999986e-10 1.019500000000000000e+05 1.600000000000000000e+01
4.228000000000000000e+03 1.692599999999999925e-10 1.009300000000000000e+05 1.600000000000000000e+01
4.244000000000000000e+03 1.665999999999999985e-10 1.000900000000000000e+05 1.600000000000000000e+01
4.260000000000000000e+03 1.630799999999999942e-10 9.871900000000000000e+04 1.600000000000000000e+01
4.276000000000000000e+03 1.614199999999999968e-10 9.844700000000000000e+04 1.600000000000000000e+01
4.292000000000000000e+03 1.588900000000000066e-10 9.763400000000000000e+04 1.600000000000000000e+01
4.308000000000000000e+03 1.549799999999999911e-10 9.594000000000000000e+04 1.600000000000000000e+01
4.324000000000000000e+03 1.410699999999999843e-10 8.798300000000000000e+04 1.600000000000000000e+01
4.340000000000000000e+03 1.235500000000000025e-10 7.762500000000000000e+04 1.600000000000000000e+01
4.356000000000000000e+03 1.417200000000000028e-10 8.970100000000000000e+04 1.600000000000000000e+01
4.372000000000000000e+03 1.462400000000000037e-10 9.323900000000000000e+04 1.600000000000000000e+01
4.388000000000000000e+03 1.433099999999999942e-10 9.204500000000000000e+04 1.600000000000000000e+01
4.404000000000000000e+03 1.450500000000000058e-10 9.384200000000000000e+04 1.600000000000000000e+01
4.420000000000000000e+03 1.436100000000000087e-10 9.358400000000000000e+04 1.600000000000000000e+01
4.436000000000000000e+03 1.408800000000000088e-10 9.247000000000000000e+04 1.600000000000000000e+01
4.452000000000000000e+03 1.379499999999999993e-10 9.120100000000000000e+04 1.600000000000000000e+01
4.468000000000000000e+03 1.310399999999999942e-10 8.725700000000000000e+04 1.600000000000000000e+01
4.484000000000000000e+03 1.344899999999999926e-10 9.019900000000000000e+04 1.600000000000000000e+01
4.500000000000000000e+03 1.351399999999999852e-10 9.128500000000000000e+04 1.600000000000000000e+01
4.516000000000000000e+03 1.335699999999999844e-10 9.086500000000000000e+04 1.600000000000000000e+01
4.532000000000000000e+03 1.323899999999999947e-10 9.069800000000000000e+04 1.600000000000000000e+01
4.548000000000000000e+03 1.304900000000000064e-10 9.003300000000000000e+04 1.600000000000000000e+01
4.564000000000000000e+03 1.287399999999999866e-10 8.945400000000000000e+04 1.600000000000000000e+01
4.580000000000000000e+03 1.279599999999999903e-10 8.953600000000000000e+04 1.600000000000000000e+01
4.596000000000000000e+03 1.259100000000000077e-10 8.871600000000000000e+04 1.600000000000000000e+01
4.612000000000000000e+03 1.242299999999999939e-10 8.814500000000000000e+04 1.600000000000000000e+01
4.628000000000000000e+03 1.224699999999999917e-10 8.749800000000000000e+04 1.600000000000000000e+01
4.644000000000000000e+03 1.212900000000000020e-10 8.725700000000000000e+04 1.600000000000000000e+01
4.660000000000000000e+03 1.203500000000000032e-10 8.717600000000000000e+04 1.600000000000000000e+01
4.676000000000000000e+03 1.186499999999999987e-10 8.653600000000000000e+04 1.600000000000000000e+01
4.692000000000000000e+03 1.170900000000000061e-10 8.598000000000000000e+04 1.600000000000000000e+01
4.708000000000000000e+03 1.155399999999999960e-10 8.542800000000000000e+04 1.600000000000000000e+01
4.724000000000000000e+03 1.147599999999999997e-10 8.542800000000000000e+04 1.600000000000000000e+01
4.740000000000000000e+03 1.135700000000000018e-10 8.511400000000000000e+04 1.600000000000000000e+01
4.756000000000000000e+03 1.121900000000000024e-10 8.464500000000000000e+04 1.600000000000000000e+01
4.772000000000000000e+03 1.102099999999999999e-10 8.371400000000000000e+04 1.600000000000000000e+01
4.788000000000000000e+03 1.089699999999999996e-10 8.333000000000000000e+04 1.600000000000000000e+01
4.804000000000000000e+03 1.078499999999999946e-10 8.302300000000000000e+04 1.600000000000000000e+01
4.820000000000000000e+03 1.072300000000000009e-10 8.310000000000000000e+04 1.600000000000000000e+01
4.836000000000000000e+03 1.040000000000000028e-10 8.113300000000000000e+04 1.600000000000000000e+01
4.852000000000000000e+03 9.073599999999999303e-11 7.125300000000000000e+04 1.600000000000000000e+01
4.868000000000000000e+03 8.711999999999999229e-11 6.886500000000000000e+04 1.600000000000000000e+01
4.884000000000000000e+03 1.002899999999999970e-10 7.980000000000000000e+04 1.600000000000000000e+01
4.900000000000000000e+03 1.013999999999999936e-10 8.120800000000000000e+04 1.600000000000000000e+01
4.916000000000000000e+03 9.880899999999999711e-11 7.965200000000000000e+04 1.600000000000000000e+01
4.932000000000000000e+03 9.853100000000000334e-11 7.994700000000000000e+04 1.600000000000000000e+01
4.948000000000000000e+03 9.898300000000000343e-11 8.083500000000000000e+04 1.600000000000000000e+01
4.964000000000000000e+03 9.780399999999999644e-11 8.038900000000000000e+04 1.600000000000000000e+01
4.980000000000000000e+03 9.655199999999999652e-11 7.987300000000000000e+04 1.600000000000000000e+01
4.996000000000000000e+03 9.470499999999999763e-11 7.885000000000000000e+04 1.600000000000000000e+01
5.012000000000000000e+03 9.255400000000000165e-11 7.755300000000000000e+04 1.600000000000000000e+01
5.028000000000000000e+03 9.205100000000000349e-11 7.762500000000000000e+04 1.600000000000000000e+01
5.044000000000000000e+03 9.071300000000000252e-11 7.698400000000000000e+04 1.600000000000000000e+01
5.060000000000000000e+03 9.013999999999999840e-11 7.698400000000000000e+04 1.600000000000000000e+01
5.076000000000000000e+03 8.932599999999999480e-11 7.677200000000000000e+04 1.600000000000000000e+01
5.092000000000000000e+03 8.860200000000000071e-11 7.663000000000000000e+04 1.600000000000000000e+01
5.108000000000000000e+03 8.748199999999999579e-11 7.613800000000000000e+04 1.600000000000000000e+01
5.124000000000000000e+03 8.653699999999999285e-11 7.578800000000000000e+04 1.600000000000000000e+01
5.140000000000000000e+03 8.576200000000000070e-11 7.557900000000000000e+04 1.600000000000000000e+01
5.156000000000000000e+03 8.491700000000000258e-11 7.530100000000000000e+04 1.600000000000000000e+01
5.172000000000000000e+03 8.423699999999999821e-11 7.516200000000000000e+04 1.600000000000000000e+01
5.188000000000000000e+03 8.340999999999999941e-11 7.488600000000000000e+04 1.600000000000000000e+01
5.204000000000000000e+03 8.244199999999999303e-11 7.447300000000000000e+04 1.600000000000000000e+01
5.220000000000000000e+03 8.186099999999999783e-11 7.440400000000000000e+04 1.600000000000000000e+01
5.236000000000000000e+03 8.106300000000000224e-11 7.413100000000000000e+04 1.600000000000000000e+01
5.252000000000000000e+03 8.012600000000000331e-11 7.372200000000000000e+04 1.600000000000000000e+01
5.268000000000000000e+03 7.919999999999999534e-11 7.331600000000000000e+04 1.600000000000000000e+01
5.284000000000000000e+03 7.850500000000000446e-11 7.311400000000000000e+04 1.600000000000000000e+01
5.300000000000000000e+03 7.774400000000000316e-11 7.284500000000000000e+04 1.600000000000000000e+01
5.316000000000000000e+03 7.692199999999999555e-11 7.251000000000000000e+04 1.600000000000000000e+01
5.332000000000000000e+03 7.624999999999999518e-11 7.231000000000000000e+04 1.600000000000000000e+01
5.348000000000000000e+03 7.537700000000000244e-11 7.191100000000000000e+04 1.600000000000000000e+01
5.364000000000000000e+03 7.485900000000000485e-11 7.184500000000000000e+04 1.600000000000000000e+01
5.380000000000000000e+03 7.400399999999999849e-11 7.144900000000000000e+04 1.600000000000000000e+01
5.396000000000000000e+03 7.336299999999999264e-11 7.125300000000000000e+04 1.600000000000000000e+01
5.412000000000000000e+03 7.252800000000000276e-11 7.086000000000000000e+04 1.600000000000000000e+01
5.428000000000000000e+03 7.170299999999999527e-11 7.046900000000000000e+04 1.600000000000000000e+01
5.444000000000000000e+03 7.102099999999999959e-11 7.021000000000000000e+04 1.600000000000000000e+01
5.460000000000000000e+03 7.040999999999999260e-11 7.001600000000000000e+04 1.600000000000000000e+01
5.476000000000000000e+03 6.967799999999999451e-11 6.969500000000000000e+04 1.600000000000000000e+01
5.492000000000000000e+03 6.901799999999999369e-11 6.943900000000000000e+04 1.600000000000000000e+01
5.508000000000000000e+03 6.849099999999999644e-11 6.931100000000000000e+04 1.600000000000000000e+01
5.524000000000000000e+03 6.771900000000000417e-11 6.892900000000000000e+04 1.600000000000000000e+01
5.540000000000000000e+03 6.701899999999999625e-11 6.861200000000000000e+04 1.600000000000000000e+01
5.556000000000000000e+03 6.632800000000000091e-11 6.829600000000000000e+04 1.600000000000000000e+01
5.572000000000000000e+03 6.582599999999999840e-11 6.817100000000000000e+04 1.600000000000000000e+01
5.588000000000000000e+03 6.520900000000000457e-11 6.792000000000000000e+04 1.600000000000000000e+01
5.604000000000000000e+03 6.436099999999999364e-11 6.742100000000000000e+04 1.600000000000000000e+01
5.620000000000000000e+03 6.364299999999999933e-11 6.705000000000000000e+04 1.600000000000000000e+01
5.636000000000000000e+03 6.287500000000000260e-11 6.661900000000000000e+04 1.600000000000000000e+01
5.652000000000000000e+03 6.206000000000000334e-11 6.613000000000000000e+04 1.600000000000000000e+01
5.668000000000000000e+03 6.137099999999999931e-11 6.576600000000000000e+04 1.600000000000000000e+01
5.684000000000000000e+03 6.063300000000000145e-11 6.534300000000000000e+04 1.600000000000000000e+01
5.700000000000000000e+03 6.007199999999999687e-11 6.510300000000000000e+04 1.600000000000000000e+01
5.716000000000000000e+03 5.962599999999999655e-11 6.498300000000000000e+04 1.600000000000000000e+01
5.732000000000000000e+03 5.880400000000000187e-11 6.444600000000000000e+04 1.600000000000000000e+01
5.748000000000000000e+03 5.837000000000000109e-11 6.432800000000000000e+04 1.600000000000000000e+01
5.764000000000000000e+03 5.777899999999999765e-11 6.403200000000000000e+04 1.600000000000000000e+01
5.780000000000000000e+03 5.746000000000000113e-11 6.403200000000000000e+04 1.600000000000000000e+01
5.796000000000000000e+03 5.714299999999999592e-11 6.403200000000000000e+04 1.600000000000000000e+01
5.812000000000000000e+03 5.677699999999999688e-11 6.397300000000000000e+04 1.600000000000000000e+01
5.828000000000000000e+03 5.646499999999999578e-11 6.397300000000000000e+04 1.600000000000000000e+01
5.844000000000000000e+03 5.610499999999999651e-11 6.391400000000000000e+04 1.600000000000000000e+01
5.860000000000000000e+03 5.533800000000000190e-11 6.338700000000000000e+04 1.600000000000000000e+01
5.876000000000000000e+03 5.314399999999999893e-11 6.120700000000000000e+04 1.600000000000000000e+01
5.892000000000000000e+03 5.334499999999999777e-11 6.177300000000000000e+04 1.600000000000000000e+01
5.908000000000000000e+03 5.344899999999999813e-11 6.223000000000000000e+04 1.600000000000000000e+01
5.924000000000000000e+03 5.272199999999999770e-11 6.171600000000000000e+04 1.600000000000000000e+01
5.940000000000000000e+03 5.214900000000000004e-11 6.137600000000000000e+04 1.600000000000000000e+01
5.956000000000000000e+03 5.167900000000000062e-11 6.115000000000000000e+04 1.600000000000000000e+01
5.972000000000000000e+03 5.149699999999999676e-11 6.126300000000000000e+04 1.600000000000000000e+01
5.988000000000000000e+03 5.117500000000000035e-11 6.120700000000000000e+04 1.600000000000000000e+01
6.004000000000000000e+03 5.057499999999999725e-11 6.081300000000000000e+04 1.600000000000000000e+01
6.020000000000000000e+03 5.007600000000000109e-11 6.053400000000000000e+04 1.600000000000000000e+01
6.036000000000000000e+03 4.971900000000000171e-11 6.042200000000000000e+04 1.600000000000000000e+01
6.052000000000000000e+03 4.922899999999999875e-11 6.014500000000000000e+04 1.600000000000000000e+01
6.068000000000000000e+03 4.887999999999999690e-11 6.003400000000000000e+04 1.600000000000000000e+01
6.084000000000000000e+03 4.840000000000000218e-11 5.975800000000000000e+04 1.600000000000000000e+01
6.100000000000000000e+03 4.788099999999999601e-11 5.942900000000000000e+04 1.600000000000000000e+01
6.116000000000000000e+03 4.749900000000000188e-11 5.926500000000000000e+04 1.600000000000000000e+01
6.132000000000000000e+03 4.738199999999999985e-11 5.942900000000000000e+04 1.600000000000000000e+01
6.148000000000000000e+03 4.653199999999999762e-11 5.866800000000000000e+04 1.600000000000000000e+01
6.164000000000000000e+03 4.629099999999999814e-11 5.866800000000000000e+04 1.600000000000000000e+01
6.180000000000000000e+03 4.592399999999999698e-11 5.850600000000000000e+04 1.600000000000000000e+01
6.196000000000000000e+03 4.556199999999999993e-11 5.834500000000000000e+04 1.600000000000000000e+01
6.212000000000000000e+03 4.511899999999999950e-11 5.807600000000000000e+04 1.600000000000000000e+01
6.228000000000000000e+03 4.476300000000000223e-11 5.791600000000000000e+04 1.600000000000000000e+01
6.244000000000000000e+03 4.432999999999999710e-11 5.765000000000000000e+04 1.600000000000000000e+01
6.260000000000000000e+03 4.377999999999999642e-11 5.722700000000000000e+04 1.600000000000000000e+01
6.276000000000000000e+03 4.256499999999999725e-11 5.592400000000000000e+04 1.600000000000000000e+01
6.292000000000000000e+03 4.227100000000000194e-11 5.582100000000000000e+04 1.600000000000000000e+01
6.308000000000000000e+03 4.228999999999999691e-11 5.613100000000000000e+04 1.600000000000000000e+01
6.324000000000000000e+03 4.219299999999999843e-11 5.628600000000000000e+04 1.600000000000000000e+01
6.340000000000000000e+03 4.174900000000000235e-11 5.597600000000000000e+04 1.600000000000000000e+01
6.356000000000000000e+03 4.149999999999999886e-11 5.592400000000000000e+04 1.600000000000000000e+01
6.372000000000000000e+03 4.117899999999999811e-11 5.577000000000000000e+04 1.600000000000000000e+01
6.388000000000000000e+03 4.101000000000000236e-11 5.582100000000000000e+04 1.600000000000000000e+01
6.404000000000000000e+03 4.065500000000000075e-11 5.561600000000000000e+04 1.600000000000000000e+01
6.420000000000000000e+03 4.045299999999999979e-11 5.561600000000000000e+04 1.600000000000000000e+01
6.436000000000000000e+03 4.025200000000000095e-11 5.561600000000000000e+04 1.600000000000000000e+01
6.452000000000000000e+03 3.997899999999999838e-11 5.551400000000000000e+04 1.600000000000000000e+01
6.468000000000000000e+03 3.952599999999999617e-11 5.515700000000000000e+04 1.600000000000000000e+01
6.484000000000000000e+03 3.893499999999999919e-11 5.460100000000000000e+04 1.600000000000000000e+01
6.500000000000000000e+03 3.877899999999999864e-11 5.465100000000000000e+04 1.600000000000000000e+01
6.516000000000000000e+03 3.830499999999999723e-11 5.425000000000000000e+04 1.600000000000000000e+01
6.532000000000000000e+03 3.780300000000000119e-11 5.380200000000000000e+04 1.600000000000000000e+01
6.548000000000000000e+03 3.549800000000000242e-11 5.076900000000000000e+04 1.600000000000000000e+01
6.564000000000000000e+03 3.151299999999999628e-11 4.529000000000000000e+04 1.600000000000000000e+01
6.580000000000000000e+03 3.531599999999999856e-11 5.100300000000000000e+04 1.600000000000000000e+01
6.596000000000000000e+03 3.666599999999999906e-11 5.321100000000000000e+04 1.600000000000000000e+01
6.612000000000000000e+03 3.662299999999999854e-11 5.340700000000000000e+04 1.600000000000000000e+01
6.628000000000000000e+03 3.644700000000000091e-11 5.340700000000000000e+04 1.600000000000000000e+01
6.644000000000000000e+03 3.620399999999999719e-11 5.330900000000000000e+04 1.600000000000000000e+01
6.660000000000000000e+03 3.586499999999999712e-11 5.306400000000000000e+04 1.600000000000000000e+01
6.676000000000000000e+03 3.497699999999999849e-11 5.200000000000000000e+04 1.600000000000000000e+01
6.692000000000000000e+03 3.526200000000000060e-11 5.267400000000000000e+04 1.600000000000000000e+01
6.708000000000000000e+03 3.512599999999999714e-11 5.272300000000000000e+04 1.600000000000000000e+01
6.724000000000000000e+03 3.486299999999999635e-11 5.257800000000000000e+04 1.600000000000000000e+01
6.740000000000000000e+03 3.453800000000000005e-11 5.233600000000000000e+04 1.600000000000000000e+01
6.756000000000000000e+03 3.427999999999999691e-11 5.219200000000000000e+04 1.600000000000000000e+01
6.772000000000000000e+03 3.392999999999999941e-11 5.190400000000000000e+04 1.600000000000000000e+01
6.788000000000000000e+03 3.358399999999999745e-11 5.161800000000000000e+04 1.600000000000000000e+01
6.804000000000000000e+03 3.333399999999999832e-11 5.147500000000000000e+04 1.600000000000000000e+01
6.820000000000000000e+03 3.308699999999999907e-11 5.133300000000000000e+04 1.600000000000000000e+01
6.836000000000000000e+03 3.284100000000000193e-11 5.119200000000000000e+04 1.600000000000000000e+01
6.852000000000000000e+03 3.220999999999999786e-11 5.044300000000000000e+04 1.600000000000000000e+01
6.868000000000000000e+03 2.797400000000000015e-11 4.401500000000000000e+04 1.600000000000000000e+01
6.884000000000000000e+03 2.789599999999999988e-11 4.409600000000000000e+04 1.600000000000000000e+01
6.900000000000000000e+03 2.867599999999999938e-11 4.554100000000000000e+04 1.600000000000000000e+01
6.916000000000000000e+03 2.988899999999999755e-11 4.768700000000000000e+04 1.600000000000000000e+01
6.932000000000000000e+03 3.022100000000000219e-11 4.844000000000000000e+04 1.600000000000000000e+01
6.948000000000000000e+03 3.027600000000000226e-11 4.875300000000000000e+04 1.600000000000000000e+01
6.964000000000000000e+03 3.035999999999999907e-11 4.911300000000000000e+04 1.600000000000000000e+01
6.980000000000000000e+03 3.022100000000000219e-11 4.911300000000000000e+04 1.600000000000000000e+01
6.996000000000000000e+03 2.980699999999999850e-11 4.866300000000000000e+04 1.600000000000000000e+01
7.012000000000000000e+03 2.956199999999999702e-11 4.848400000000000000e+04 1.600000000000000000e+01
7.028000000000000000e+03 2.934599999999999875e-11 4.835000000000000000e+04 1.600000000000000000e+01
7.044000000000000000e+03 2.918699999999999832e-11 4.830600000000000000e+04 1.600000000000000000e+01
7.060000000000000000e+03 2.870899999999999813e-11 4.773100000000000000e+04 1.600000000000000000e+01
7.076000000000000000e+03 2.865800000000000007e-11 4.786300000000000000e+04 1.600000000000000000e+01
7.092000000000000000e+03 2.860800000000000089e-11 4.799500000000000000e+04 1.600000000000000000e+01
7.108000000000000000e+03 2.842699999999999913e-11 4.790700000000000000e+04 1.600000000000000000e+01
7.124000000000000000e+03 2.809099999999999895e-11 4.755500000000000000e+04 1.600000000000000000e+01
7.140000000000000000e+03 2.788799999999999911e-11 4.742400000000000000e+04 1.600000000000000000e+01
7.156000000000000000e+03 2.735799999999999874e-11 4.673000000000000000e+04 1.600000000000000000e+01
7.172000000000000000e+03 2.593799999999999873e-11 4.450400000000000000e+04 1.600000000000000000e+01
7.188000000000000000e+03 2.491199999999999886e-11 4.293400000000000000e+04 1.600000000000000000e+01
7.204000000000000000e+03 2.526199999999999959e-11 4.373200000000000000e+04 1.600000000000000000e+01
7.220000000000000000e+03 2.602199999999999878e-11 4.524800000000000000e+04 1.600000000000000000e+01
7.236000000000000000e+03 2.494699999999999861e-11 4.357100000000000000e+04 1.600000000000000000e+01
7.252000000000000000e+03 2.479200000000000018e-11 4.349100000000000000e+04 1.600000000000000000e+01
7.268000000000000000e+03 2.477400000000000086e-11 4.365200000000000000e+04 1.600000000000000000e+01
7.284000000000000000e+03 2.457400000000000091e-11 4.349100000000000000e+04 1.600000000000000000e+01
7.300000000000000000e+03 2.462499999999999897e-11 4.377200000000000000e+04 1.600000000000000000e+01
7.316000000000000000e+03 2.476699999999999898e-11 4.421800000000000000e+04 1.600000000000000000e+01
7.332000000000000000e+03 2.497899999999999848e-11 4.479200000000000000e+04 1.600000000000000000e+01
7.348000000000000000e+03 2.493900000000000107e-11 4.491600000000000000e+04 1.600000000000000000e+01
7.364000000000000000e+03 2.476199999999999809e-11 4.479200000000000000e+04 1.600000000000000000e+01
7.380000000000000000e+03 2.467799999999999804e-11 4.483300000000000000e+04 1.600000000000000000e+01
7.396000000000000000e+03 2.454899999999999970e-11 4.479200000000000000e+04 1.600000000000000000e+01
7.412000000000000000e+03 2.439800000000000004e-11 4.471000000000000000e+04 1.600000000000000000e+01
7.428000000000000000e+03 2.424799999999999927e-11 4.462700000000000000e+04 1.600000000000000000e+01
7.444000000000000000e+03 2.405499999999999797e-11 4.446300000000000000e+04 1.600000000000000000e+01
7.460000000000000000e+03 2.392999999999999840e-11 4.442200000000000000e+04 1.600000000000000000e+01
7.476000000000000000e+03 2.371799999999999890e-11 4.421800000000000000e+04 1.600000000000000000e+01
7.492000000000000000e+03 2.361699999999999842e-11 4.421800000000000000e+04 1.600000000000000000e+01
7.508000000000000000e+03 2.347300000000000065e-11 4.413700000000000000e+04 1.600000000000000000e+01
7.524000000000000000e+03 2.324499999999999960e-11 4.389300000000000000e+04 1.600000000000000000e+01
7.540000000000000000e+03 2.303999999999999876e-11 4.369200000000000000e+04 1.600000000000000000e+01
7.556000000000000000e+03 2.287900000000000056e-11 4.357100000000000000e+04 1.600000000000000000e+01
7.572000000000000000e+03 2.261500000000000087e-11 4.325100000000000000e+04 1.600000000000000000e+01
7.588000000000000000e+03 1.892199999999999874e-11 3.634100000000000000e+04 1.600000000000000000e+01
7.604000000000000000e+03 9.469700000000000332e-12 1.826400000000000000e+04 1.600000000000000000e+01
7.620000000000000000e+03 1.277899999999999957e-11 2.475100000000000000e+04 1.600000000000000000e+01
7.636000000000000000e+03 1.301000000000000050e-11 2.530500000000000000e+04 1.600000000000000000e+01
7.652000000000000000e+03 1.649200000000000041e-11 3.221100000000000000e+04 1.600000000000000000e+01
7.668000000000000000e+03 1.954600000000000093e-11 3.833500000000000000e+04 1.600000000000000000e+01
7.684000000000000000e+03 2.087600000000000112e-11 4.111500000000000000e+04 1.600000000000000000e+01
7.700000000000000000e+03 2.131299999999999855e-11 4.215000000000000000e+04 1.600000000000000000e+01
7.716000000000000000e+03 2.136199999999999884e-11 4.242300000000000000e+04 1.600000000000000000e+01
7.732000000000000000e+03 2.125399999999999971e-11 4.238400000000000000e+04 1.600000000000000000e+01
7.748000000000000000e+03 2.110800000000000093e-11 4.226700000000000000e+04 1.600000000000000000e+01
7.764000000000000000e+03 2.090500000000000109e-11 4.203400000000000000e+04 1.600000000000000000e+01
7.780000000000000000e+03 2.068500000000000082e-11 4.176400000000000000e+04 1.600000000000000000e+01
7.796000000000000000e+03 2.067700000000000005e-11 4.191800000000000000e+04 1.600000000000000000e+01
7.812000000000000000e+03 2.049700000000000041e-11 4.172500000000000000e+04 1.600000000000000000e+01
7.828000000000000000e+03 2.039500000000000104e-11 4.168700000000000000e+04 1.600000000000000000e+01
7.844000000000000000e+03 2.029299999999999845e-11 4.164900000000000000e+04 1.600000000000000000e+01
7.860000000000000000e+03 2.009899999999999827e-11 4.141900000000000000e+04 1.600000000000000000e+01
7.876000000000000000e+03 1.987100000000000045e-11 4.111500000000000000e+04 1.600000000000000000e+01
7.892000000000000000e+03 1.962700000000000109e-11 4.077500000000000000e+04 1.600000000000000000e+01
7.908000000000000000e+03 1.956499999999999913e-11 4.081300000000000000e+04 1.600000000000000000e+01
7.924000000000000000e+03 1.948599999999999997e-11 4.081300000000000000e+04 1.600000000000000000e+01
7.940000000000000000e+03 1.942599999999999901e-11 4.085100000000000000e+04 1.600000000000000000e+01
7.956000000000000000e+03 1.918799999999999942e-11 4.051300000000000000e+04 1.600000000000000000e+01
7.972000000000000000e+03 1.907599999999999828e-11 4.043900000000000000e+04 1.600000000000000000e+01
7.988000000000000000e+03 1.898199999999999969e-11 4.040200000000000000e+04 1.600000000000000000e+01
8.004000000000000000e+03 1.880200000000000006e-11 4.017900000000000000e+04 1.600000000000000000e+01
8.020000000000000000e+03 1.865799999999999906e-11 4.003100000000000000e+04 1.600000000000000000e+01
8.036000000000000000e+03 1.854999999999999992e-11 3.995800000000000000e+04 1.600000000000000000e+01
8.052000000000000000e+03 1.849299999999999885e-11 3.999400000000000000e+04 1.600000000000000000e+01
8.068000000000000000e+03 1.833500000000000053e-11 3.981100000000000000e+04 1.600000000000000000e+01
8.084000000000000000e+03 1.817899999999999999e-11 3.962800000000000000e+04 1.600000000000000000e+01
8.100000000000000000e+03 1.802399999999999832e-11 3.944600000000000000e+04 1.600000000000000000e+01
8.116000000000000000e+03 1.775599999999999987e-11 3.901200000000000000e+04 1.600000000000000000e+01
8.132000000000000000e+03 1.721999999999999973e-11 3.798400000000000000e+04 1.600000000000000000e+01
8.148000000000000000e+03 1.662299999999999975e-11 3.681300000000000000e+04 1.600000000000000000e+01
8.164000000000000000e+03 1.613699999999999879e-11 3.587600000000000000e+04 1.600000000000000000e+01
8.180000000000000000e+03 1.617799999999999831e-11 3.610800000000000000e+04 1.600000000000000000e+01
8.196000000000000000e+03 1.638400000000000127e-11 3.671100000000000000e+04 1.600000000000000000e+01
8.212000000000000000e+03 1.659300000000000089e-11 3.732500000000000000e+04 1.600000000000000000e+01
8.228000000000000000e+03 1.549599999999999940e-11 3.499500000000000000e+04 1.600000000000000000e+01
8.244000000000000000e+03 1.628300000000000079e-11 3.691500000000000000e+04 1.600000000000000000e+01
8.260000000000000000e+03 1.630999999999999977e-11 3.711900000000000000e+04 1.600000000000000000e+01
8.276000000000000000e+03 1.593599999999999995e-11 3.640800000000000000e+04 1.600000000000000000e+01
8.292000000000000000e+03 1.588900000000000066e-11 3.644200000000000000e+04 1.600000000000000000e+01
8.308000000000000000e+03 1.591599999999999963e-11 3.664400000000000000e+04 1.600000000000000000e+01
8.324000000000000000e+03 1.584000000000000036e-11 3.661000000000000000e+04 1.600000000000000000e+01
8.340000000000000000e+03 1.593999999999999872e-11 3.698300000000000000e+04 1.600000000000000000e+01
8.356000000000000000e+03 1.592299999999999829e-11 3.708500000000000000e+04 1.600000000000000000e+01
8.372000000000000000e+03 1.583299999999999847e-11 3.701700000000000000e+04 1.600000000000000000e+01
8.388000000000000000e+03 1.577300000000000075e-11 3.701700000000000000e+04 1.600000000000000000e+01
8.404000000000000000e+03 1.571299999999999979e-11 3.701700000000000000e+04 1.600000000000000000e+01
8.420000000000000000e+03 1.566699999999999938e-11 3.705100000000000000e+04 1.600000000000000000e+01
8.436000000000000000e+03 1.549299999999999952e-11 3.677900000000000000e+04 1.600000000000000000e+01
8.452000000000000000e+03 1.540599999999999958e-11 3.671100000000000000e+04 1.600000000000000000e+01
8.468000000000000000e+03 1.529200000000000068e-11 3.657600000000000000e+04 1.600000000000000000e+01
8.484000000000000000e+03 1.527599999999999913e-11 3.667800000000000000e+04 1.600000000000000000e+01
8.500000000000000000e+03 1.499600000000000113e-11 3.614100000000000000e+04 1.600000000000000000e+01
8.516000000000000000e+03 1.510600000000000127e-11 3.654300000000000000e+04 1.600000000000000000e+01
8.532000000000000000e+03 1.491099999999999897e-11 3.620800000000000000e+04 1.600000000000000000e+01
8.548000000000000000e+03 1.453099999999999937e-11 3.541600000000000000e+04 1.600000000000000000e+01
8.564000000000000000e+03 1.492299999999999851e-11 3.650900000000000000e+04 1.600000000000000000e+01
8.580000000000000000e+03 1.474499999999999988e-11 3.620800000000000000e+04 1.600000000000000000e+01
8.596000000000000000e+03 1.405500000000000019e-11 3.464200000000000000e+04 1.600000000000000000e+01
8.612000000000000000e+03 1.443499999999999978e-11 3.571100000000000000e+04 1.600000000000000000e+01
8.628000000000000000e+03 1.486600000000000067e-11 3.691500000000000000e+04 1.600000000000000000e+01
8.644000000000000000e+03 1.454099999999999953e-11 3.624100000000000000e+04 1.600000000000000000e+01
8.660000000000000000e+03 1.354500000000000014e-11 3.388400000000000000e+04 1.600000000000000000e+01
8.676000000000000000e+03 1.374599999999999898e-11 3.451400000000000000e+04 1.600000000000000000e+01
8.692000000000000000e+03 1.445999999999999937e-11 3.644200000000000000e+04 1.600000000000000000e+01
8.708000000000000000e+03 1.456700000000000124e-11 3.684700000000000000e+04 1.600000000000000000e+01
8.724000000000000000e+03 1.428899999999999940e-11 3.627400000000000000e+04 1.600000000000000000e+01
8.740000000000000000e+03 1.323699999999999944e-11 3.372900000000000000e+04 1.600000000000000000e+01
8.756000000000000000e+03 1.273500000000000016e-11 3.256900000000000000e+04 1.600000000000000000e+01
8.772000000000000000e+03 1.368400000000000026e-11 3.512400000000000000e+04 1.600000000000000000e+01
8.788000000000000000e+03 1.412000000000000042e-11 3.637500000000000000e+04 1.600000000000000000e+01
8.804000000000000000e+03 1.414699999999999939e-11 3.657600000000000000e+04 1.600000000000000000e+01
8.820000000000000000e+03 1.400499999999999939e-11 3.634100000000000000e+04 1.600000000000000000e+01
8.836000000000000000e+03 1.367400000000000010e-11 3.561200000000000000e+04 1.600000000000000000e+01
8.852000000000000000e+03 1.248400000000000052e-11 3.262900000000000000e+04 1.600000000000000000e+01
8.868000000000000000e+03 1.186799999999999911e-11 3.113200000000000000e+04 1.600000000000000000e+01
8.884000000000000000e+03 1.300199999999999973e-11 3.422900000000000000e+04 1.600000000000000000e+01
8.900000000000000000e+03 1.342900000000000023e-11 3.548100000000000000e+04 1.600000000000000000e+01
8.916000000000000000e+03 1.341799999999999957e-11 3.557900000000000000e+04 1.600000000000000000e+01
8.932000000000000000e+03 1.325899999999999914e-11 3.528600000000000000e+04 1.600000000000000000e+01
8.948000000000000000e+03 1.288700000000000032e-11 3.441900000000000000e+04 1.600000000000000000e+01
8.964000000000000000e+03 1.231999999999999920e-11 3.302200000000000000e+04 1.600000000000000000e+01
8.980000000000000000e+03 1.177799999999999929e-11 3.168100000000000000e+04 1.600000000000000000e+01
8.996000000000000000e+03 1.092200000000000052e-11 2.948500000000000000e+04 1.600000000000000000e+01
9.012000000000000000e+03 9.971900000000000353e-12 2.701500000000000000e+04 1.600000000000000000e+01
9.028000000000000000e+03 1.085499999999999929e-11 2.951200000000000000e+04 1.600000000000000000e+01
9.044000000000000000e+03 1.210300000000000043e-11 3.302200000000000000e+04 1.600000000000000000e+01
9.060000000000000000e+03 1.194999999999999977e-11 3.271900000000000000e+04 1.600000000000000000e+01
9.076000000000000000e+03 1.148799999999999952e-11 3.156500000000000000e+04 1.600000000000000000e+01
9.092000000000000000e+03 1.149999999999999906e-11 3.171000000000000000e+04 1.600000000000000000e+01
9.108000000000000000e+03 1.155499999999999913e-11 3.197400000000000000e+04 1.600000000000000000e+01
9.124000000000000000e+03 1.145100000000000038e-11 3.179800000000000000e+04 1.600000000000000000e+01
9.140000000000000000e+03 1.124400000000000015e-11 3.133300000000000000e+04 1.600000000000000000e+01
9.156000000000000000e+03 1.109199999999999999e-11 3.101700000000000000e+04 1.600000000000000000e+01
9.172000000000000000e+03 1.111500000000000020e-11 3.118900000000000000e+04 1.600000000000000000e+01
9.188000000000000000e+03 1.127099999999999913e-11 3.173900000000000000e+04 1.600000000000000000e+01
9.204000000000000000e+03 1.112899999999999913e-11 3.144800000000000000e+04 1.600000000000000000e+01
9.220000000000000000e+03 1.000399999999999978e-11 2.836600000000000000e+04 1.600000000000000000e+01
9.236000000000000000e+03 9.573100000000000073e-12 2.724000000000000000e+04 1.600000000000000000e+01
9.252000000000000000e+03 1.063499999999999901e-11 3.036700000000000000e+04 1.600000000000000000e+01
9.268000000000000000e+03 1.084499999999999913e-11 3.107400000000000000e+04 1.600000000000000000e+01
9.284000000000000000e+03 1.026499999999999958e-11 2.951200000000000000e+04 1.600000000000000000e+01
9.300000000000000000e+03 9.363800000000000147e-12 2.701500000000000000e+04 1.600000000000000000e+01
9.316000000000000000e+03 8.038299999999999787e-12 2.327000000000000000e+04 1.600000000000000000e+01
9.332000000000000000e+03 7.100199999999999978e-12 2.062500000000000000e+04 1.600000000000000000e+01
9.348000000000000000e+03 6.794899999999999653e-12 1.980600000000000000e+04 1.600000000000000000e+01
9.364000000000000000e+03 7.136699999999999671e-12 2.087400000000000000e+04 1.600000000000000000e+01
9.380000000000000000e+03 7.530400000000000305e-12 2.210000000000000000e+04 1.600000000000000000e+01
9.396000000000000000e+03 9.080999999999999777e-12 2.674200000000000000e+04 1.600000000000000000e+01
9.412000000000000000e+03 8.819799999999999234e-12 2.606200000000000000e+04 1.600000000000000000e+01
9.428000000000000000e+03 7.884600000000000553e-12 2.337800000000000000e+04 1.600000000000000000e+01
9.444000000000000000e+03 7.587700000000000071e-12 2.257400000000000000e+04 1.600000000000000000e+01
9.460000000000000000e+03 7.660200000000000015e-12 2.286600000000000000e+04 1.600000000000000000e+01
9.476000000000000000e+03 7.877200000000000403e-12 2.359400000000000000e+04 1.600000000000000000e+01
9.492000000000000000e+03 7.721599999999999733e-12 2.320600000000000000e+04 1.600000000000000000e+01
9.508000000000000000e+03 7.962400000000000080e-12 2.401000000000000000e+04 1.600000000000000000e+01
9.524000000000000000e+03 7.358399999999999826e-12 2.226400000000000000e+04 1.600000000000000000e+01
9.540000000000000000e+03 6.907499999999999799e-12 2.097000000000000000e+04 1.600000000000000000e+01
9.556000000000000000e+03 6.808799999999999826e-12 2.074000000000000000e+04 1.600000000000000000e+01
9.572000000000000000e+03 7.878000000000000157e-12 2.407700000000000000e+04 1.600000000000000000e+01
9.588000000000000000e+03 7.880699999999999731e-12 2.416600000000000000e+04 1.600000000000000000e+01
9.604000000000000000e+03 8.293099999999999065e-12 2.551500000000000000e+04 1.600000000000000000e+01
9.620000000000000000e+03 8.341999999999999795e-12 2.575100000000000000e+04 1.600000000000000000e+01
9.636000000000000000e+03 8.430000000000000228e-12 2.611000000000000000e+04 1.600000000000000000e+01
9.652000000000000000e+03 8.645399999999999492e-12 2.686600000000000000e+04 1.600000000000000000e+01
9.668000000000000000e+03 8.817499999999999536e-12 2.749200000000000000e+04 1.600000000000000000e+01
9.684000000000000000e+03 9.245099999999999047e-12 2.892000000000000000e+04 1.600000000000000000e+01
9.700000000000000000e+03 9.282799999999999987e-12 2.913400000000000000e+04 1.600000000000000000e+01
9.716000000000000000e+03 9.184299999999999953e-12 2.892000000000000000e+04 1.600000000000000000e+01
9.732000000000000000e+03 8.953999999999999207e-12 2.828800000000000000e+04 1.600000000000000000e+01
9.748000000000000000e+03 8.785999999999999115e-12 2.784800000000000000e+04 1.600000000000000000e+01
9.764000000000000000e+03 8.846399999999999948e-12 2.813200000000000000e+04 1.600000000000000000e+01
9.780000000000000000e+03 8.989699999999999146e-12 2.868100000000000000e+04 1.600000000000000000e+01
9.796000000000000000e+03 8.902699999999999214e-12 2.849700000000000000e+04 1.600000000000000000e+01
9.812000000000000000e+03 9.105499999999999925e-12 2.924100000000000000e+04 1.600000000000000000e+01
9.828000000000000000e+03 9.075899999999999324e-12 2.924100000000000000e+04 1.600000000000000000e+01
9.844000000000000000e+03 9.163800000000000191e-12 2.962100000000000000e+04 1.600000000000000000e+01
9.860000000000000000e+03 9.218599999999999514e-12 2.989500000000000000e+04 1.600000000000000000e+01
9.876000000000000000e+03 9.180299999999999566e-12 2.986700000000000000e+04 1.600000000000000000e+01
9.892000000000000000e+03 9.201399999999999950e-12 3.003300000000000000e+04 1.600000000000000000e+01
9.908000000000000000e+03 9.146399999999999882e-12 2.995000000000000000e+04 1.600000000000000000e+01
9.924000000000000000e+03 9.159000000000000050e-12 3.008800000000000000e+04 1.600000000000000000e+01
9.940000000000000000e+03 9.054199999999999931e-12 2.984000000000000000e+04 1.600000000000000000e+01
9.956000000000000000e+03 8.983599999999999808e-12 2.970300000000000000e+04 1.600000000000000000e+01
9.972000000000000000e+03 9.054299999999999497e-12 3.003300000000000000e+04 1.600000000000000000e+01
9.988000000000000000e+03 8.917899999999999391e-12 2.967600000000000000e+04 1.600000000000000000e+01
1.000400000000000000e+04 8.864900000000000324e-12 2.959400000000000000e+04 1.600000000000000000e+01
1.002000000000000000e+04 8.564200000000000202e-12 2.868100000000000000e+04 1.600000000000000000e+01
1.003600000000000000e+04 8.025999999999999930e-12 2.696500000000000000e+04 1.600000000000000000e+01
1.005200000000000000e+04 7.384399999999999918e-12 2.488800000000000000e+04 1.600000000000000000e+01
1.006800000000000000e+04 8.138299999999999765e-12 2.751700000000000000e+04 1.600000000000000000e+01
1.008400000000000000e+04 8.510499999999999330e-12 2.886700000000000000e+04 1.600000000000000000e+01
1.010000000000000000e+04 8.522699999999999621e-12 2.900000000000000000e+04 1.600000000000000000e+01
1.011600000000000000e+04 8.677699999999999668e-12 2.962100000000000000e+04 1.600000000000000000e+01
1.013200000000000000e+04 8.666199999999999565e-12 2.967600000000000000e+04 1.600000000000000000e+01
1.014800000000000000e+04 8.504700000000000304e-12 2.921500000000000000e+04 1.600000000000000000e+01
1.016400000000000000e+04 8.462399999999999969e-12 2.916100000000000000e+04 1.600000000000000000e+01
1.018000000000000000e+04 8.490299999999999880e-12 2.934900000000000000e+04 1.600000000000000000e+01
1.019600000000000000e+04 8.487099999999999248e-12 2.943100000000000000e+04 1.600000000000000000e+01
1.021200000000000000e+04 8.413899999999999115e-12 2.926800000000000000e+04 1.600000000000000000e+01
1.022800000000000000e+04 8.496500000000000399e-12 2.964800000000000000e+04 1.600000000000000000e+01
1.024400000000000000e+04 8.501199999999999359e-12 2.975800000000000000e+04 1.600000000000000000e+01
1.026000000000000000e+04 8.221000000000000614e-12 2.886700000000000000e+04 1.600000000000000000e+01
1.027600000000000000e+04 8.187899999999999069e-12 2.884000000000000000e+04 1.600000000000000000e+01
1.029200000000000000e+04 8.192599999999999644e-12 2.894700000000000000e+04 1.600000000000000000e+01
1.030800000000000000e+04 7.878999999999999042e-12 2.792500000000000000e+04 1.600000000000000000e+01
1.032400000000000000e+04 7.782599999999999574e-12 2.766900000000000000e+04 1.600000000000000000e+01
1.034000000000000000e+04 7.595899999999999976e-12 2.708900000000000000e+04 1.600000000000000000e+01
