3.300000000000000000e+03 6.123400000000000020e-11 2.224300000000000000e+04 1.600000000000000000e+01
3.316000000000000000e+03 6.103700000000000336e-11 2.238700000000000000e+04 1.600000000000000000e+01
3.332000000000000000e+03 6.034100000000000390e-11 2.234600000000000000e+04 1.600000000000000000e+01
3.348000000000000000e+03 6.059700000000000281e-11 2.265700000000000000e+04 1.600000000000000000e+01
3.364000000000000000e+03 5.991099999999999867e-11 2.261500000000000000e+04 1.600000000000000000e+01
3.380000000000000000e+03 5.978399999999999487e-11 2.278200000000000000e+04 1.600000000000000000e+01
3.396000000000000000e+03 5.922199999999999464e-11 2.278200000000000000e+04 1.600000000000000000e+01
3.412000000000000000e+03 5.877599999999999432e-11 2.282400000000000000e+04 1.600000000000000000e+01
3.428000000000000000e+03 5.774799999999999668e-11 2.263600000000000000e+04 1.600000000000000000e+01
3.444000000000000000e+03 5.710699999999999729e-11 2.259400000000000000e+04 1.600000000000000000e+01
3.460000000000000000e+03 5.663299999999999587e-11 2.261500000000000000e+04 1.600000000000000000e+01
3.476000000000000000e+03 5.611300000000000051e-11 2.261500000000000000e+04 1.600000000000000000e+01
3.492000000000000000e+03 5.560000000000000058e-11 2.261500000000000000e+04 1.600000000000000000e+01
3.508000000000000000e+03 5.550099999999999787e-11 2.278200000000000000e+04 1.600000000000000000e+01
3.524000000000000000e+03 5.550699999999999764e-11 2.299300000000000000e+04 1.600000000000000000e+01
3.540000000000000000e+03 5.546399999999999712e-11 2.318500000000000000e+04 1.600000000000000000e+01
3.556000000000000000e+03 5.511800000000000162e-11 2.324900000000000000e+04 1.600000000000000000e+01
3.572000000000000000e+03 5.467599999999999684e-11 2.327000000000000000e+04 1.600000000000000000e+01
3.588000000000000000e+03 5.458999999999999579e-11 2.344200000000000000e+04 1.600000000000000000e+01
3.604000000000000000e+03 5.440699999999999627e-11 2.357200000000000000e+04 1.600000000000000000e+01
3.620000000000000000e+03 5.437499999999999964e-11 2.376800000000000000e+04 1.600000000000000000e+01
3.636000000000000000e+03 5.424700000000000018e-11 2.392200000000000000e+04 1.600000000000000000e+01
3.652000000000000000e+03 5.402100000000000014e-11 2.403300000000000000e+04 1.600000000000000000e+01
3.668000000000000000e+03 5.369899999999999727e-11 2.409900000000000000e+04 1.600000000000000000e+01
3.684000000000000000e+03 5.352799999999999729e-11 2.423300000000000000e+04 1.600000000000000000e+01
3.700000000000000000e+03 5.490599999999999889e-11 2.507300000000000000e+04 1.600000000000000000e+01
3.716000000000000000e+03 5.843399999999999436e-11 2.691500000000000000e+04 1.600000000000000000e+01
3.732000000000000000e+03 6.405300000000000101e-11 2.975800000000000000e+04 1.600000000000000000e+01
3.748000000000000000e+03 7.092899999999999877e-11 3.323500000000000000e+04 1.600000000000000000e+01
3.764000000000000000e+03 7.796899999999999463e-11 3.684700000000000000e+04 1.600000000000000000e+01
3.780000000000000000e+03 8.909200000000000367e-11 4.246200000000000000e+04 1.600000000000000000e+01
3.796000000000000000e+03 8.834199999999999334e-11 4.246200000000000000e+04 1.600000000000000000e+01
3.812000000000000000e+03 1.061000000000000007e-10 5.142800000000000000e+04 1.600000000000000000e+01
3.828000000000000000e+03 9.130099999999999315e-11 4.462700000000000000e+04 1.600000000000000000e+01
3.844000000000000000e+03 1.070699999999999984e-10 5.277100000000000000e+04 1.600000000000000000e+01
3.860000000000000000e+03 1.237199999999999874e-10 6.148900000000000000e+04 1.600000000000000000e+01
3.876000000000000000e+03 1.013099999999999971e-10 5.076900000000000000e+04 1.600000000000000000e+01
3.892000000000000000e+03 9.437899999999999276e-11 4.768700000000000000e+04 1.600000000000000000e+01
3.908000000000000000e+03 1.235099999999999954e-10 6.292200000000000000e+04 1.600000000000000000e+01
3.924000000000000000e+03 1.288699999999999903e-10 6.619100000000000000e+04 1.600000000000000000e+01
3.940000000000000000e+03 1.230899999999999854e-10 6.373800000000000000e+04 1.600000000000000000e+01
3.956000000000000000e+03 9.887999999999999872e-11 5.161800000000000000e+04 1.600000000000000000e+01
3.972000000000000000e+03 8.725700000000000432e-11 4.592000000000000000e+04 1.600000000000000000e+01
3.988000000000000000e+03 1.161199999999999955e-10 6.160300000000000000e+04 1.600000000000000000e+01
4.004000000000000000e+03 1.251500000000000021e-10 6.692700000000000000e+04 1.600000000000000000e+01
4.020000000000000000e+03 1.251900000000000092e-10 6.748400000000000000e+04 1.600000000000000000e+01
4.036000000000000000e+03 1.245399999999999908e-10 6.767100000000000000e+04 1.600000000000000000e+01
4.052000000000000000e+03 1.226499999999999849e-10 6.717400000000000000e+04 1.600000000000000000e+01
4.068000000000000000e+03 1.172899999999999899e-10 6.474400000000000000e+04 1.600000000000000000e+01
4.084000000000000000e+03 9.877500000000000270e-11 5.495400000000000000e+04 1.600000000000000000e+01
4.100000000000000000e+03 7.777700000000000191e-11 4.361100000000000000e+04 1.600000000000000000e+01
4.116000000000000000e+03 9.932800000000000328e-11 5.613100000000000000e+04 1.600000000000000000e+01
4.132000000000000000e+03 1.116100000000000028e-10 6.356200000000000000e+04 1.600000000000000000e+01
4.148000000000000000e+03 1.141699999999999919e-10 6.552400000000000000e+04 1.600000000000000000e+01
4.164000000000000000e+03 1.130799999999999988e-10 6.540300000000000000e+04 1.600000000000000000e+01
4.180000000000000000e+03 1.121199999999999964e-10 6.534300000000000000e+04 1.600000000000000000e+01
4.196000000000000000e+03 1.113699999999999990e-10 6.540300000000000000e+04 1.600000000000000000e+01
4.212000000000000000e+03 1.097100000000000016e-10 6.492300000000000000e+04 1.600000000000000000e+01
4.228000000000000000e+03 1.085800000000000014e-10 6.474400000000000000e+04 1.600000000000000000e+01
4.244000000000000000e+03 1.066800000000000002e-10 6.409100000000000000e+04 1.600000000000000000e+01
4.260000000000000000e+03 1.049100000000000027e-10 6.350400000000000000e+04 1.600000000000000000e+01
4.276000000000000000e+03 1.033599999999999926e-10 6.303800000000000000e+04 1.600000000000000000e+01
4.292000000000000000e+03 1.013699999999999948e-10 6.228700000000000000e+04 1.600000000000000000e+01
4.308000000000000000e+03 9.670999999999999484e-11 5.986900000000000000e+04 1.600000000000000000e+01
4.324000000000000000e+03 8.155499999999999651e-11 5.086300000000000000e+04 1.600000000000000000e+01
4.340000000000000000e+03 6.454199999999999539e-11 4.055100000000000000e+04 1.600000000000000000e+01
4.356000000000000000e+03 8.376199999999999468e-11 5.301500000000000000e+04 1.600000000000000000e+01
4.372000000000000000e+03 9.355300000000000254e-11 5.964800000000000000e+04 1.600000000000000000e+01
4.388000000000000000e+03 9.416399999999999660e-11 6.047800000000000000e+04 1.600000000000000000e+01
4.404000000000000000e+03 9.425999999999999296e-11 6.098200000000000000e+04 1.600000000000000000e+01
4.420000000000000000e+03 9.366499999999999398e-11 6.103800000000000000e+04 1.600000000000000000e+01
4.436000000000000000e+03 9.273299999999999917e-11 6.086900000000000000e+04 1.600000000000000000e+01
4.452000000000000000e+03 9.147599999999999513e-11 6.047800000000000000e+04 1.600000000000000000e+01
4.468000000000000000e+03 8.908300000000000402e-11 5.932000000000000000e+04 1.600000000000000000e+01
4.484000000000000000e+03 8.804199999999999179e-11 5.904700000000000000e+04 1.600000000000000000e+01
4.500000000000000000e+03 8.814400000000000085e-11 5.953900000000000000e+04 1.600000000000000000e+01
4.516000000000000000e+03 8.719899999999999791e-11 5.932000000000000000e+04 1.600000000000000000e+01
4.532000000000000000e+03 8.650500000000000268e-11 5.926500000000000000e+04 1.600000000000000000e+01
4.548000000000000000e+03 8.518800000000000092e-11 5.877600000000000000e+04 1.600000000000000000e+01
4.564000000000000000e+03 8.451399999999999632e-11 5.872200000000000000e+04 1.600000000000000000e+01
4.580000000000000000e+03 8.361599999999999591e-11 5.850600000000000000e+04 1.600000000000000000e+01
4.596000000000000000e+03 8.318799999999999490e-11 5.861400000000000000e+04 1.600000000000000000e+01
4.612000000000000000e+03 8.230799999999999381e-11 5.839800000000000000e+04 1.600000000000000000e+01
4.628000000000000000e+03 8.106499999999999355e-11 5.791600000000000000e+04 1.600000000000000000e+01
4.644000000000000000e+03 8.065600000000000044e-11 5.802300000000000000e+04 1.600000000000000000e+01
4.660000000000000000e+03 7.973499999999999659e-11 5.775600000000000000e+04 1.600000000000000000e+01
4.676000000000000000e+03 7.897200000000000398e-11 5.759700000000000000e+04 1.600000000000000000e+01
4.692000000000000000e+03 7.814499999999999226e-11 5.738500000000000000e+04 1.600000000000000000e+01
4.708000000000000000e+03 7.725900000000000431e-11 5.712200000000000000e+04 1.600000000000000000e+01
4.724000000000000000e+03 7.631400000000000137e-11 5.680700000000000000e+04 1.600000000000000000e+01
4.740000000000000000e+03 7.538199999999999363e-11 5.649400000000000000e+04 1.600000000000000000e+01
4.756000000000000000e+03 7.473699999999999224e-11 5.639000000000000000e+04 1.600000000000000000e+01
4.772000000000000000e+03 7.369199999999999740e-11 5.597600000000000000e+04 1.600000000000000000e+01
4.788000000000000000e+03 7.293099999999999610e-11 5.577000000000000000e+04 1.600000000000000000e+01
4.804000000000000000e+03 7.204699999999999946e-11 5.546300000000000000e+04 1.600000000000000000e+01
4.820000000000000000e+03 7.045699999999999513e-11 5.460100000000000000e+04 1.600000000000000000e+01
4.836000000000000000e+03 6.616799999999999836e-11 5.161800000000000000e+04 1.600000000000000000e+01
4.852000000000000000e+03 5.130700000000000181e-11 4.029000000000000000e+04 1.600000000000000000e+01
4.868000000000000000e+03 4.872099999999999647e-11 3.851200000000000000e+04 1.600000000000000000e+01
4.884000000000000000e+03 6.363099999999999978e-11 5.062900000000000000e+04 1.600000000000000000e+01
4.900000000000000000e+03 6.742599999999999805e-11 5.400100000000000000e+04 1.600000000000000000e+01
4.916000000000000000e+03 6.735900000000000490e-11 5.430000000000000000e+04 1.600000000000000000e+01
4.932000000000000000e+03 6.716999999999999914e-11 5.450000000000000000e+04 1.600000000000000000e+01
4.948000000000000000e+03 6.679800000000000032e-11 5.455100000000000000e+04 1.600000000000000000e+01
4.964000000000000000e+03 6.624599999999999540e-11 5.445000000000000000e+04 1.600000000000000000e+01
4.980000000000000000e+03 6.563899999999999688e-11 5.430000000000000000e+04 1.600000000000000000e+01
4.996000000000000000e+03 6.450200000000000122e-11 5.370300000000000000e+04 1.600000000000000000e+01
5.012000000000000000e+03 6.362100000000000447e-11 5.330900000000000000e+04 1.600000000000000000e+01
5.028000000000000000e+03 6.281000000000000075e-11 5.296600000000000000e+04 1.600000000000000000e+01
5.044000000000000000e+03 6.241299999999999427e-11 5.296600000000000000e+04 1.600000000000000000e+01
5.060000000000000000e+03 6.184699999999999850e-11 5.282000000000000000e+04 1.600000000000000000e+01
5.076000000000000000e+03 6.157099999999999604e-11 5.291700000000000000e+04 1.600000000000000000e+01
5.092000000000000000e+03 6.112900000000000418e-11 5.286900000000000000e+04 1.600000000000000000e+01
5.108000000000000000e+03 6.063399999999999710e-11 5.277100000000000000e+04 1.600000000000000000e+01
5.124000000000000000e+03 6.014500000000000272e-11 5.267400000000000000e+04 1.600000000000000000e+01
5.140000000000000000e+03 5.933300000000000335e-11 5.228800000000000000e+04 1.600000000000000000e+01
5.156000000000000000e+03 5.847799999999999700e-11 5.185600000000000000e+04 1.600000000000000000e+01
5.172000000000000000e+03 5.758399999999999859e-11 5.138100000000000000e+04 1.600000000000000000e+01
5.188000000000000000e+03 5.717699999999999679e-11 5.133300000000000000e+04 1.600000000000000000e+01
5.204000000000000000e+03 5.687799999999999735e-11 5.138100000000000000e+04 1.600000000000000000e+01
5.220000000000000000e+03 5.626999999999999671e-11 5.114500000000000000e+04 1.600000000000000000e+01
5.236000000000000000e+03 5.561900000000000201e-11 5.086300000000000000e+04 1.600000000000000000e+01
5.252000000000000000e+03 5.517900000000000146e-11 5.076900000000000000e+04 1.600000000000000000e+01
5.268000000000000000e+03 5.439100000000000119e-11 5.035000000000000000e+04 1.600000000000000000e+01
5.284000000000000000e+03 5.406199999999999643e-11 5.035000000000000000e+04 1.600000000000000000e+01
5.300000000000000000e+03 5.368699999999999772e-11 5.030400000000000000e+04 1.600000000000000000e+01
5.316000000000000000e+03 5.282599999999999806e-11 4.979700000000000000e+04 1.600000000000000000e+01
5.332000000000000000e+03 5.260699999999999990e-11 4.988800000000000000e+04 1.600000000000000000e+01
5.348000000000000000e+03 5.238899999999999740e-11 4.998100000000000000e+04 1.600000000000000000e+01
5.364000000000000000e+03 5.198099999999999994e-11 4.988800000000000000e+04 1.600000000000000000e+01
5.380000000000000000e+03 5.153000000000000197e-11 4.975100000000000000e+04 1.600000000000000000e+01
5.396000000000000000e+03 5.098900000000000094e-11 4.952200000000000000e+04 1.600000000000000000e+01
5.412000000000000000e+03 5.054799999999999827e-11 4.938600000000000000e+04 1.600000000000000000e+01
5.428000000000000000e+03 5.001999999999999891e-11 4.915900000000000000e+04 1.600000000000000000e+01
5.444000000000000000e+03 4.967999999999999672e-11 4.911300000000000000e+04 1.600000000000000000e+01
5.460000000000000000e+03 4.925299999999999784e-11 4.897800000000000000e+04 1.600000000000000000e+01
5.476000000000000000e+03 4.878599999999999831e-11 4.879800000000000000e+04 1.600000000000000000e+01
5.492000000000000000e+03 4.841299999999999738e-11 4.870800000000000000e+04 1.600000000000000000e+01
5.508000000000000000e+03 4.791100000000000133e-11 4.848400000000000000e+04 1.600000000000000000e+01
5.524000000000000000e+03 4.767699999999999728e-11 4.852900000000000000e+04 1.600000000000000000e+01
5.540000000000000000e+03 4.718499999999999655e-11 4.830600000000000000e+04 1.600000000000000000e+01
5.556000000000000000e+03 4.682700000000000151e-11 4.821700000000000000e+04 1.600000000000000000e+01
5.572000000000000000e+03 4.643000000000000148e-11 4.808400000000000000e+04 1.600000000000000000e+01
5.588000000000000000e+03 4.603699999999999700e-11 4.795100000000000000e+04 1.600000000000000000e+01
5.604000000000000000e+03 4.560599999999999611e-11 4.777500000000000000e+04 1.600000000000000000e+01
5.620000000000000000e+03 4.526399999999999615e-11 4.768700000000000000e+04 1.600000000000000000e+01
5.636000000000000000e+03 4.475900000000000022e-11 4.742400000000000000e+04 1.600000000000000000e+01
5.652000000000000000e+03 4.417900000000000067e-11 4.707600000000000000e+04 1.600000000000000000e+01
5.668000000000000000e+03 4.368800000000000206e-11 4.681600000000000000e+04 1.600000000000000000e+01
5.684000000000000000e+03 4.332199999999999655e-11 4.668700000000000000e+04 1.600000000000000000e+01
5.700000000000000000e+03 4.284200000000000183e-11 4.643000000000000000e+04 1.600000000000000000e+01
5.716000000000000000e+03 4.252400000000000096e-11 4.634500000000000000e+04 1.600000000000000000e+01
5.732000000000000000e+03 4.197700000000000016e-11 4.600400000000000000e+04 1.600000000000000000e+01
5.748000000000000000e+03 4.155099999999999693e-11 4.579300000000000000e+04 1.600000000000000000e+01
5.764000000000000000e+03 4.124500000000000207e-11 4.570900000000000000e+04 1.600000000000000000e+01
5.780000000000000000e+03 4.090399999999999777e-11 4.558300000000000000e+04 1.600000000000000000e+01
5.796000000000000000e+03 4.071600000000000059e-11 4.562500000000000000e+04 1.600000000000000000e+01
5.812000000000000000e+03 4.049199999999999831e-11 4.562500000000000000e+04 1.600000000000000000e+01
5.828000000000000000e+03 4.034400000000000177e-11 4.570900000000000000e+04 1.600000000000000000e+01
5.844000000000000000e+03 4.004999999999999999e-11 4.562500000000000000e+04 1.600000000000000000e+01
5.860000000000000000e+03 3.968499999999999660e-11 4.545700000000000000e+04 1.600000000000000000e+01
5.876000000000000000e+03 3.903499999999999755e-11 4.495700000000000000e+04 1.600000000000000000e+01
5.892000000000000000e+03 3.850299999999999618e-11 4.458600000000000000e+04 1.600000000000000000e+01
5.908000000000000000e+03 3.840100000000000005e-11 4.471000000000000000e+04 1.600000000000000000e+01
5.924000000000000000e+03 3.812299999999999982e-11 4.462700000000000000e+04 1.600000000000000000e+01
5.940000000000000000e+03 3.777900000000000210e-11 4.446300000000000000e+04 1.600000000000000000e+01
5.956000000000000000e+03 3.729999999999999656e-11 4.413700000000000000e+04 1.600000000000000000e+01
5.972000000000000000e+03 3.703199999999999811e-11 4.405500000000000000e+04 1.600000000000000000e+01
5.988000000000000000e+03 3.683500000000000127e-11 4.405500000000000000e+04 1.600000000000000000e+01
6.004000000000000000e+03 3.653799999999999961e-11 4.393400000000000000e+04 1.600000000000000000e+01
6.020000000000000000e+03 3.634399999999999619e-11 4.393400000000000000e+04 1.600000000000000000e+01
6.036000000000000000e+03 3.598499999999999904e-11 4.373200000000000000e+04 1.600000000000000000e+01
6.052000000000000000e+03 3.566299999999999617e-11 4.357100000000000000e+04 1.600000000000000000e+01
6.068000000000000000e+03 3.537800000000000051e-11 4.345100000000000000e+04 1.600000000000000000e+01
6.084000000000000000e+03 3.509499999999999616e-11 4.333100000000000000e+04 1.600000000000000000e+01
6.100000000000000000e+03 3.484700000000000126e-11 4.325100000000000000e+04 1.600000000000000000e+01
6.116000000000000000e+03 3.456900000000000103e-11 4.313200000000000000e+04 1.600000000000000000e+01
6.132000000000000000e+03 3.429400000000000069e-11 4.301300000000000000e+04 1.600000000000000000e+01
6.148000000000000000e+03 3.383399999999999659e-11 4.265800000000000000e+04 1.600000000000000000e+01
6.164000000000000000e+03 3.353499999999999716e-11 4.250100000000000000e+04 1.600000000000000000e+01
6.180000000000000000e+03 3.348399999999999909e-11 4.265800000000000000e+04 1.600000000000000000e+01
6.196000000000000000e+03 3.321999999999999618e-11 4.254000000000000000e+04 1.600000000000000000e+01
6.212000000000000000e+03 3.292699999999999652e-11 4.238400000000000000e+04 1.600000000000000000e+01
6.228000000000000000e+03 3.254800000000000227e-11 4.211100000000000000e+04 1.600000000000000000e+01
6.244000000000000000e+03 3.217299999999999710e-11 4.184100000000000000e+04 1.600000000000000000e+01
6.260000000000000000e+03 3.194999999999999694e-11 4.176400000000000000e+04 1.600000000000000000e+01
6.276000000000000000e+03 3.123599999999999817e-11 4.103900000000000000e+04 1.600000000000000000e+01
6.292000000000000000e+03 3.093500000000000097e-11 4.085100000000000000e+04 1.600000000000000000e+01
6.308000000000000000e+03 3.086299999999999723e-11 4.096400000000000000e+04 1.600000000000000000e+01
6.324000000000000000e+03 3.084899999999999992e-11 4.115300000000000000e+04 1.600000000000000000e+01
6.340000000000000000e+03 3.060800000000000044e-11 4.103900000000000000e+04 1.600000000000000000e+01
6.356000000000000000e+03 3.037099999999999650e-11 4.092600000000000000e+04 1.600000000000000000e+01
6.372000000000000000e+03 3.021800000000000230e-11 4.092600000000000000e+04 1.600000000000000000e+01
6.388000000000000000e+03 3.012300000000000160e-11 4.100200000000000000e+04 1.600000000000000000e+01
6.404000000000000000e+03 2.994399999999999762e-11 4.096400000000000000e+04 1.600000000000000000e+01
6.420000000000000000e+03 2.971299999999999991e-11 4.085100000000000000e+04 1.600000000000000000e+01
6.436000000000000000e+03 2.945700000000000100e-11 4.070000000000000000e+04 1.600000000000000000e+01
6.452000000000000000e+03 2.917600000000000089e-11 4.051300000000000000e+04 1.600000000000000000e+01
6.468000000000000000e+03 2.889899999999999954e-11 4.032700000000000000e+04 1.600000000000000000e+01
6.484000000000000000e+03 2.857199999999999902e-11 4.006800000000000000e+04 1.600000000000000000e+01
6.500000000000000000e+03 2.837900000000000095e-11 3.999400000000000000e+04 1.600000000000000000e+01
6.516000000000000000e+03 2.790400000000000065e-11 3.951800000000000000e+04 1.600000000000000000e+01
6.532000000000000000e+03 2.708499999999999940e-11 3.854800000000000000e+04 1.600000000000000000e+01
6.548000000000000000e+03 2.380100000000000006e-11 3.404100000000000000e+04 1.600000000000000000e+01
6.564000000000000000e+03 1.997500000000000081e-11 2.870800000000000000e+04 1.600000000000000000e+01
6.580000000000000000e+03 2.445499999999999788e-11 3.531800000000000000e+04 1.600000000000000000e+01
6.596000000000000000e+03 2.656200000000000092e-11 3.854800000000000000e+04 1.600000000000000000e+01
6.612000000000000000e+03 2.685099999999999858e-11 3.915600000000000000e+04 1.600000000000000000e+01
6.628000000000000000e+03 2.682000000000000083e-11 3.930100000000000000e+04 1.600000000000000000e+01
6.644000000000000000e+03 2.673999999999999956e-11 3.937300000000000000e+04 1.600000000000000000e+01
6.660000000000000000e+03 2.656299999999999980e-11 3.930100000000000000e+04 1.600000000000000000e+01
6.676000000000000000e+03 2.636299999999999985e-11 3.919200000000000000e+04 1.600000000000000000e+01
6.692000000000000000e+03 2.623699999999999816e-11 3.919200000000000000e+04 1.600000000000000000e+01
6.708000000000000000e+03 2.608700000000000062e-11 3.915600000000000000e+04 1.600000000000000000e+01
6.724000000000000000e+03 2.589199999999999832e-11 3.904800000000000000e+04 1.600000000000000000e+01
6.740000000000000000e+03 2.567399999999999905e-11 3.890400000000000000e+04 1.600000000000000000e+01
6.756000000000000000e+03 2.543599999999999946e-11 3.872600000000000000e+04 1.600000000000000000e+01
6.772000000000000000e+03 2.526899999999999825e-11 3.865400000000000000e+04 1.600000000000000000e+01
6.788000000000000000e+03 2.503399999999999854e-11 3.847700000000000000e+04 1.600000000000000000e+01
6.804000000000000000e+03 2.482499999999999893e-11 3.833500000000000000e+04 1.600000000000000000e+01
6.820000000000000000e+03 2.464100000000000052e-11 3.823000000000000000e+04 1.600000000000000000e+01
6.836000000000000000e+03 2.445800000000000100e-11 3.812400000000000000e+04 1.600000000000000000e+01
6.852000000000000000e+03 2.392099999999999874e-11 3.746300000000000000e+04 1.600000000000000000e+01
6.868000000000000000e+03 2.092999999999999907e-11 3.293100000000000000e+04 1.600000000000000000e+01
6.884000000000000000e+03 2.083199999999999848e-11 3.293100000000000000e+04 1.600000000000000000e+01
6.900000000000000000e+03 2.147499999999999887e-11 3.410400000000000000e+04 1.600000000000000000e+01
6.916000000000000000e+03 2.236199999999999862e-11 3.567800000000000000e+04 1.600000000000000000e+01
6.932000000000000000e+03 2.267300000000000083e-11 3.634100000000000000e+04 1.600000000000000000e+01
6.948000000000000000e+03 2.265199999999999839e-11 3.647500000000000000e+04 1.600000000000000000e+01
6.964000000000000000e+03 2.273499999999999956e-11 3.677900000000000000e+04 1.600000000000000000e+01
6.980000000000000000e+03 2.260999999999999999e-11 3.674500000000000000e+04 1.600000000000000000e+01
6.996000000000000000e+03 2.232099999999999910e-11 3.644200000000000000e+04 1.600000000000000000e+01
7.012000000000000000e+03 2.215799999999999989e-11 3.634100000000000000e+04 1.600000000000000000e+01
7.028000000000000000e+03 2.205799999999999830e-11 3.634100000000000000e+04 1.600000000000000000e+01
7.044000000000000000e+03 2.193700000000000073e-11 3.630800000000000000e+04 1.600000000000000000e+01
7.060000000000000000e+03 2.179800000000000062e-11 3.624100000000000000e+04 1.600000000000000000e+01
7.076000000000000000e+03 2.169900000000000114e-11 3.624100000000000000e+04 1.600000000000000000e+01
7.092000000000000000e+03 2.154199999999999848e-11 3.614100000000000000e+04 1.600000000000000000e+01
7.108000000000000000e+03 2.138600000000000116e-11 3.604100000000000000e+04 1.600000000000000000e+01
7.124000000000000000e+03 2.123099999999999950e-11 3.594200000000000000e+04 1.600000000000000000e+01
7.140000000000000000e+03 2.099999999999999857e-11 3.571100000000000000e+04 1.600000000000000000e+01
7.156000000000000000e+03 2.063900000000000041e-11 3.525300000000000000e+04 1.600000000000000000e+01
7.172000000000000000e+03 1.963999999999999952e-11 3.369800000000000000e+04 1.600000000000000000e+01
7.188000000000000000e+03 1.882800000000000015e-11 3.244900000000000000e+04 1.600000000000000000e+01
7.204000000000000000e+03 1.909299999999999872e-11 3.305200000000000000e+04 1.600000000000000000e+01
7.220000000000000000e+03 1.975800000000000043e-11 3.435600000000000000e+04 1.600000000000000000e+01
7.236000000000000000e+03 1.899399999999999924e-11 3.317400000000000000e+04 1.600000000000000000e+01
7.252000000000000000e+03 1.884099999999999858e-11 3.305200000000000000e+04 1.600000000000000000e+01
7.268000000000000000e+03 1.882699999999999803e-11 3.317400000000000000e+04 1.600000000000000000e+01
7.284000000000000000e+03 1.877899999999999985e-11 3.323500000000000000e+04 1.600000000000000000e+01
7.300000000000000000e+03 1.876599999999999819e-11 3.335800000000000000e+04 1.600000000000000000e+01
7.316000000000000000e+03 1.883999999999999969e-11 3.363600000000000000e+04 1.600000000000000000e+01
7.332000000000000000e+03 1.907100000000000063e-11 3.419800000000000000e+04 1.600000000000000000e+01
7.348000000000000000e+03 1.898799999999999947e-11 3.419800000000000000e+04 1.600000000000000000e+01
7.364000000000000000e+03 1.888800000000000110e-11 3.416600000000000000e+04 1.600000000000000000e+01
7.380000000000000000e+03 1.882399999999999815e-11 3.419800000000000000e+04 1.600000000000000000e+01
7.396000000000000000e+03 1.872499999999999867e-11 3.416600000000000000e+04 1.600000000000000000e+01
7.412000000000000000e+03 1.862699999999999808e-11 3.413500000000000000e+04 1.600000000000000000e+01
7.428000000000000000e+03 1.852999999999999960e-11 3.410400000000000000e+04 1.600000000000000000e+01
7.444000000000000000e+03 1.839999999999999915e-11 3.400900000000000000e+04 1.600000000000000000e+01
7.460000000000000000e+03 1.828699999999999912e-11 3.394700000000000000e+04 1.600000000000000000e+01
7.476000000000000000e+03 1.812499999999999880e-11 3.379100000000000000e+04 1.600000000000000000e+01
7.492000000000000000e+03 1.806399999999999896e-11 3.382200000000000000e+04 1.600000000000000000e+01
7.508000000000000000e+03 1.795399999999999882e-11 3.376000000000000000e+04 1.600000000000000000e+01
7.524000000000000000e+03 1.781199999999999882e-11 3.363600000000000000e+04 1.600000000000000000e+01
7.540000000000000000e+03 1.770399999999999969e-11 3.357400000000000000e+04 1.600000000000000000e+01
7.556000000000000000e+03 1.759699999999999944e-11 3.351200000000000000e+04 1.600000000000000000e+01
7.572000000000000000e+03 1.739399999999999959e-11 3.326600000000000000e+04 1.600000000000000000e+01
7.588000000000000000e+03 1.456700000000000124e-11 2.797700000000000000e+04 1.600000000000000000e+01
7.604000000000000000e+03 7.371199999999999126e-12 1.421700000000000000e+04 1.600000000000000000e+01
7.620000000000000000e+03 9.874399999999999203e-12 1.912500000000000000e+04 1.600000000000000000e+01
7.636000000000000000e+03 1.008099999999999955e-11 1.960600000000000000e+04 1.600000000000000000e+01
7.652000000000000000e+03 1.276599999999999952e-11 2.493400000000000000e+04 1.600000000000000000e+01
7.668000000000000000e+03 1.508900000000000083e-11 2.959400000000000000e+04 1.600000000000000000e+01
7.684000000000000000e+03 1.611599999999999959e-11 3.173900000000000000e+04 1.600000000000000000e+01
7.700000000000000000e+03 1.643799999999999923e-11 3.250900000000000000e+04 1.600000000000000000e+01
7.716000000000000000e+03 1.646000000000000055e-11 3.268900000000000000e+04 1.600000000000000000e+01
7.732000000000000000e+03 1.645299999999999866e-11 3.281000000000000000e+04 1.600000000000000000e+01
7.748000000000000000e+03 1.633999999999999863e-11 3.271900000000000000e+04 1.600000000000000000e+01
7.764000000000000000e+03 1.600500000000000057e-11 3.218100000000000000e+04 1.600000000000000000e+01
7.780000000000000000e+03 1.580699999999999838e-11 3.191500000000000000e+04 1.600000000000000000e+01
7.796000000000000000e+03 1.599100000000000002e-11 3.241900000000000000e+04 1.600000000000000000e+01
7.812000000000000000e+03 1.589599999999999931e-11 3.235900000000000000e+04 1.600000000000000000e+01
7.828000000000000000e+03 1.577300000000000075e-11 3.224000000000000000e+04 1.600000000000000000e+01
7.844000000000000000e+03 1.568000000000000104e-11 3.218100000000000000e+04 1.600000000000000000e+01
7.860000000000000000e+03 1.553000000000000027e-11 3.200400000000000000e+04 1.600000000000000000e+01
7.876000000000000000e+03 1.535399999999999940e-11 3.176900000000000000e+04 1.600000000000000000e+01
7.892000000000000000e+03 1.516500000000000011e-11 3.150600000000000000e+04 1.600000000000000000e+01
7.908000000000000000e+03 1.513199999999999813e-11 3.156500000000000000e+04 1.600000000000000000e+01
7.924000000000000000e+03 1.508499999999999883e-11 3.159400000000000000e+04 1.600000000000000000e+01
7.940000000000000000e+03 1.503799999999999954e-11 3.162300000000000000e+04 1.600000000000000000e+01
7.956000000000000000e+03 1.482600000000000004e-11 3.130400000000000000e+04 1.600000000000000000e+01
7.972000000000000000e+03 1.479400000000000017e-11 3.136200000000000000e+04 1.600000000000000000e+01
7.988000000000000000e+03 1.473499999999999810e-11 3.136200000000000000e+04 1.600000000000000000e+01
8.004000000000000000e+03 1.456800000000000013e-11 3.113200000000000000e+04 1.600000000000000000e+01
8.020000000000000000e+03 1.448299999999999958e-11 3.107400000000000000e+04 1.600000000000000000e+01
8.036000000000000000e+03 1.438599999999999949e-11 3.098800000000000000e+04 1.600000000000000000e+01
8.052000000000000000e+03 1.435500000000000012e-11 3.104600000000000000e+04 1.600000000000000000e+01
8.068000000000000000e+03 1.427199999999999896e-11 3.098800000000000000e+04 1.600000000000000000e+01
8.084000000000000000e+03 1.414999999999999928e-11 3.084600000000000000e+04 1.600000000000000000e+01
8.100000000000000000e+03 1.400400000000000051e-11 3.064800000000000000e+04 1.600000000000000000e+01
8.116000000000000000e+03 1.383399999999999942e-11 3.039500000000000000e+04 1.600000000000000000e+01
8.132000000000000000e+03 1.337899999999999944e-11 2.951200000000000000e+04 1.600000000000000000e+01
8.148000000000000000e+03 1.285599999999999934e-11 2.847100000000000000e+04 1.600000000000000000e+01
8.164000000000000000e+03 1.246799999999999898e-11 2.772000000000000000e+04 1.600000000000000000e+01
8.180000000000000000e+03 1.250000000000000046e-11 2.790000000000000000e+04 1.600000000000000000e+01
8.196000000000000000e+03 1.276499999999999902e-11 2.860200000000000000e+04 1.600000000000000000e+01
8.212000000000000000e+03 1.284500000000000030e-11 2.889400000000000000e+04 1.600000000000000000e+01
8.228000000000000000e+03 1.195199999999999916e-11 2.699000000000000000e+04 1.600000000000000000e+01
8.244000000000000000e+03 1.262799999999999991e-11 2.862800000000000000e+04 1.600000000000000000e+01
8.260000000000000000e+03 1.273099999999999977e-11 2.897300000000000000e+04 1.600000000000000000e+01
8.276000000000000000e+03 1.246199999999999920e-11 2.847100000000000000e+04 1.600000000000000000e+01
8.292000000000000000e+03 1.234500000000000041e-11 2.831400000000000000e+04 1.600000000000000000e+01
8.308000000000000000e+03 1.248000000000000014e-11 2.873400000000000000e+04 1.600000000000000000e+01
8.324000000000000000e+03 1.238700000000000043e-11 2.862800000000000000e+04 1.600000000000000000e+01
8.340000000000000000e+03 1.248799999999999929e-11 2.897300000000000000e+04 1.600000000000000000e+01
8.356000000000000000e+03 1.248599999999999991e-11 2.908000000000000000e+04 1.600000000000000000e+01
8.372000000000000000e+03 1.247299999999999986e-11 2.916100000000000000e+04 1.600000000000000000e+01
8.388000000000000000e+03 1.243699999999999961e-11 2.918800000000000000e+04 1.600000000000000000e+01
8.404000000000000000e+03 1.236700000000000011e-11 2.913400000000000000e+04 1.600000000000000000e+01
8.420000000000000000e+03 1.230799999999999966e-11 2.910700000000000000e+04 1.600000000000000000e+01
8.436000000000000000e+03 1.211600000000000048e-11 2.876100000000000000e+04 1.600000000000000000e+01
8.452000000000000000e+03 1.204800000000000036e-11 2.870800000000000000e+04 1.600000000000000000e+01
8.468000000000000000e+03 1.203500000000000032e-11 2.878700000000000000e+04 1.600000000000000000e+01
8.484000000000000000e+03 1.215700000000000000e-11 2.918800000000000000e+04 1.600000000000000000e+01
8.500000000000000000e+03 1.170499999999999990e-11 2.821000000000000000e+04 1.600000000000000000e+01
8.516000000000000000e+03 1.206599999999999968e-11 2.918800000000000000e+04 1.600000000000000000e+01
8.532000000000000000e+03 1.181200000000000016e-11 2.868100000000000000e+04 1.600000000000000000e+01
8.548000000000000000e+03 1.132099999999999993e-11 2.759300000000000000e+04 1.600000000000000000e+01
8.564000000000000000e+03 1.212999999999999941e-11 2.967600000000000000e+04 1.600000000000000000e+01
8.580000000000000000e+03 1.194100000000000011e-11 2.932200000000000000e+04 1.600000000000000000e+01
8.596000000000000000e+03 1.088999999999999904e-11 2.684100000000000000e+04 1.600000000000000000e+01
8.612000000000000000e+03 1.164699999999999995e-11 2.881400000000000000e+04 1.600000000000000000e+01
8.628000000000000000e+03 1.237700000000000027e-11 3.073300000000000000e+04 1.600000000000000000e+01
8.644000000000000000e+03 1.188499999999999954e-11 2.962100000000000000e+04 1.600000000000000000e+01
8.660000000000000000e+03 1.037999999999999899e-11 2.596600000000000000e+04 1.600000000000000000e+01
8.676000000000000000e+03 1.083899999999999935e-11 2.721400000000000000e+04 1.600000000000000000e+01
8.692000000000000000e+03 1.209399999999999916e-11 3.047900000000000000e+04 1.600000000000000000e+01
8.708000000000000000e+03 1.236499999999999911e-11 3.127500000000000000e+04 1.600000000000000000e+01
8.724000000000000000e+03 1.186299999999999984e-11 3.011600000000000000e+04 1.600000000000000000e+01
8.740000000000000000e+03 1.036099999999999917e-11 2.640000000000000000e+04 1.600000000000000000e+01
8.756000000000000000e+03 9.903999999999999804e-12 2.532800000000000000e+04 1.600000000000000000e+01
8.772000000000000000e+03 1.142399999999999979e-11 2.932200000000000000e+04 1.600000000000000000e+01
8.788000000000000000e+03 1.214100000000000007e-11 3.127500000000000000e+04 1.600000000000000000e+01
8.804000000000000000e+03 1.221999999999999923e-11 3.159400000000000000e+04 1.600000000000000000e+01
8.820000000000000000e+03 1.201900000000000038e-11 3.118900000000000000e+04 1.600000000000000000e+01
8.836000000000000000e+03 1.139499999999999981e-11 2.967600000000000000e+04 1.600000000000000000e+01
8.852000000000000000e+03 9.789000000000000395e-12 2.558600000000000000e+04 1.600000000000000000e+01
8.868000000000000000e+03 9.195400000000000178e-12 2.412100000000000000e+04 1.600000000000000000e+01
8.884000000000000000e+03 1.079499999999999995e-11 2.841800000000000000e+04 1.600000000000000000e+01
8.900000000000000000e+03 1.154599999999999947e-11 3.050700000000000000e+04 1.600000000000000000e+01
8.916000000000000000e+03 1.165400000000000022e-11 3.090300000000000000e+04 1.600000000000000000e+01
8.932000000000000000e+03 1.151699999999999949e-11 3.064800000000000000e+04 1.600000000000000000e+01
8.948000000000000000e+03 1.119399999999999936e-11 2.989500000000000000e+04 1.600000000000000000e+01
8.964000000000000000e+03 1.058300000000000044e-11 2.836600000000000000e+04 1.600000000000000000e+01
8.980000000000000000e+03 9.987699999999999538e-12 2.686600000000000000e+04 1.600000000000000000e+01
8.996000000000000000e+03 8.796699999999999463e-12 2.374600000000000000e+04 1.600000000000000000e+01
9.012000000000000000e+03 7.613399999999999851e-12 2.062500000000000000e+04 1.600000000000000000e+01
9.028000000000000000e+03 8.710399999999999720e-12 2.368100000000000000e+04 1.600000000000000000e+01
9.044000000000000000e+03 1.023499999999999910e-11 2.792500000000000000e+04 1.600000000000000000e+01
9.060000000000000000e+03 1.026499999999999958e-11 2.810600000000000000e+04 1.600000000000000000e+01
9.076000000000000000e+03 9.858999999999999895e-12 2.708900000000000000e+04 1.600000000000000000e+01
9.092000000000000000e+03 9.878699999999999902e-12 2.724000000000000000e+04 1.600000000000000000e+01
9.108000000000000000e+03 1.001800000000000033e-11 2.772000000000000000e+04 1.600000000000000000e+01
9.124000000000000000e+03 9.936899999999998987e-12 2.759300000000000000e+04 1.600000000000000000e+01
9.140000000000000000e+03 9.784299999999999819e-12 2.726500000000000000e+04 1.600000000000000000e+01
9.156000000000000000e+03 9.669599999999999106e-12 2.704000000000000000e+04 1.600000000000000000e+01
9.172000000000000000e+03 9.618199999999999548e-12 2.699000000000000000e+04 1.600000000000000000e+01
9.188000000000000000e+03 9.628899999999999896e-12 2.711400000000000000e+04 1.600000000000000000e+01
9.204000000000000000e+03 9.222900000000000212e-12 2.606200000000000000e+04 1.600000000000000000e+01
9.220000000000000000e+03 7.722499999999999053e-12 2.189800000000000000e+04 1.600000000000000000e+01
9.236000000000000000e+03 7.576199999999999969e-12 2.155800000000000000e+04 1.600000000000000000e+01
9.252000000000000000e+03 8.781099999999999409e-12 2.507300000000000000e+04 1.600000000000000000e+01
9.268000000000000000e+03 9.214000000000000119e-12 2.640000000000000000e+04 1.600000000000000000e+01
9.284000000000000000e+03 8.850100000000000024e-12 2.544500000000000000e+04 1.600000000000000000e+01
9.300000000000000000e+03 8.080799999999999252e-12 2.331300000000000000e+04 1.600000000000000000e+01
9.316000000000000000e+03 6.898599999999999706e-12 1.997100000000000000e+04 1.600000000000000000e+01
9.332000000000000000e+03 6.037699999999999608e-12 1.753900000000000000e+04 1.600000000000000000e+01
9.348000000000000000e+03 5.778100000000000189e-12 1.684200000000000000e+04 1.600000000000000000e+01
9.364000000000000000e+03 6.079899999999999569e-12 1.778300000000000000e+04 1.600000000000000000e+01
9.380000000000000000e+03 6.409399999999999730e-12 1.881100000000000000e+04 1.600000000000000000e+01
9.396000000000000000e+03 7.779199999999999811e-12 2.290900000000000000e+04 1.600000000000000000e+01
9.412000000000000000e+03 7.520700000000000458e-12 2.222300000000000000e+04 1.600000000000000000e+01
9.428000000000000000e+03 6.779200000000000033e-12 2.010000000000000000e+04 1.600000000000000000e+01
9.444000000000000000e+03 6.529999999999999842e-12 1.942700000000000000e+04 1.600000000000000000e+01
9.460000000000000000e+03 6.647200000000000191e-12 1.984300000000000000e+04 1.600000000000000000e+01
9.476000000000000000e+03 6.810400000000000142e-12 2.039900000000000000e+04 1.600000000000000000e+01
9.492000000000000000e+03 6.638999999999999479e-12 1.995300000000000000e+04 1.600000000000000000e+01
9.508000000000000000e+03 6.789600000000000069e-12 2.047400000000000000e+04 1.600000000000000000e+01
9.524000000000000000e+03 6.041999999999999498e-12 1.828100000000000000e+04 1.600000000000000000e+01
9.540000000000000000e+03 5.356999999999999893e-12 1.626300000000000000e+04 1.600000000000000000e+01
9.556000000000000000e+03 5.458400000000000248e-12 1.662600000000000000e+04 1.600000000000000000e+01
9.572000000000000000e+03 6.655999999999999911e-12 2.034200000000000000e+04 1.600000000000000000e+01
9.588000000000000000e+03 6.775799999999999461e-12 2.077800000000000000e+04 1.600000000000000000e+01
9.604000000000000000e+03 7.176599999999999935e-12 2.208000000000000000e+04 1.600000000000000000e+01
9.620000000000000000e+03 7.265600000000000060e-12 2.242800000000000000e+04 1.600000000000000000e+01
9.636000000000000000e+03 7.410199999999999262e-12 2.295100000000000000e+04 1.600000000000000000e+01
9.652000000000000000e+03 7.557600000000000028e-12 2.348600000000000000e+04 1.600000000000000000e+01
9.668000000000000000e+03 7.779400000000000557e-12 2.425500000000000000e+04 1.600000000000000000e+01
9.684000000000000000e+03 8.217000000000000227e-12 2.570400000000000000e+04 1.600000000000000000e+01
9.700000000000000000e+03 8.334400000000000514e-12 2.615800000000000000e+04 1.600000000000000000e+01
9.716000000000000000e+03 8.246000000000000205e-12 2.596600000000000000e+04 1.600000000000000000e+01
9.732000000000000000e+03 7.921699999999999254e-12 2.502600000000000000e+04 1.600000000000000000e+01
9.748000000000000000e+03 7.787300000000000150e-12 2.468300000000000000e+04 1.600000000000000000e+01
9.764000000000000000e+03 7.898899999999999795e-12 2.511900000000000000e+04 1.600000000000000000e+01
9.780000000000000000e+03 8.004599999999999234e-12 2.553900000000000000e+04 1.600000000000000000e+01
9.796000000000000000e+03 7.941900000000000319e-12 2.542100000000000000e+04 1.600000000000000000e+01
9.812000000000000000e+03 8.145300000000000038e-12 2.615800000000000000e+04 1.600000000000000000e+01
9.828000000000000000e+03 8.096399999999999307e-12 2.608500000000000000e+04 1.600000000000000000e+01
9.844000000000000000e+03 8.189900000000000070e-12 2.647300000000000000e+04 1.600000000000000000e+01
9.860000000000000000e+03 8.193500000000000580e-12 2.657100000000000000e+04 1.600000000000000000e+01
9.876000000000000000e+03 8.174399999999999581e-12 2.659500000000000000e+04 1.600000000000000000e+01
9.892000000000000000e+03 8.133000000000000181e-12 2.654600000000000000e+04 1.600000000000000000e+01
9.908000000000000000e+03 8.166800000000000300e-12 2.674200000000000000e+04 1.600000000000000000e+01
9.924000000000000000e+03 8.132900000000000616e-12 2.671800000000000000e+04 1.600000000000000000e+01
9.940000000000000000e+03 8.129200000000000541e-12 2.679200000000000000e+04 1.600000000000000000e+01
9.956000000000000000e+03 8.065799999999999821e-12 2.666900000000000000e+04 1.600000000000000000e+01
9.972000000000000000e+03 8.017800000000000026e-12 2.659500000000000000e+04 1.600000000000000000e+01
9.988000000000000000e+03 7.970100000000000542e-12 2.652200000000000000e+04 1.600000000000000000e+01
1.000400000000000000e+04 7.785199999999999583e-12 2.599000000000000000e+04 1.600000000000000000e+01
1.002000000000000000e+04 7.404299999999999055e-12 2.479700000000000000e+04 1.600000000000000000e+01
1.003600000000000000e+04 6.487799999999999881e-12 2.179700000000000000e+04 1.600000000000000000e+01
1.005200000000000000e+04 5.919900000000000251e-12 1.995300000000000000e+04 1.600000000000000000e+01
1.006800000000000000e+04 6.920499999999999845e-12 2.339900000000000000e+04 1.600000000000000000e+01
1.008400000000000000e+04 7.473999999999999859e-12 2.535100000000000000e+04 1.600000000000000000e+01
1.010000000000000000e+04 7.588899999999999703e-12 2.582300000000000000e+04 1.600000000000000000e+01
1.011600000000000000e+04 7.677200000000000447e-12 2.620600000000000000e+04 1.600000000000000000e+01
1.013200000000000000e+04 7.759400000000000238e-12 2.657100000000000000e+04 1.600000000000000000e+01
1.014800000000000000e+04 7.727899999999999817e-12 2.654600000000000000e+04 1.600000000000000000e+01
1.016400000000000000e+04 7.696500000000000577e-12 2.652200000000000000e+04 1.600000000000000000e+01
1.018000000000000000e+04 7.623000000000000133e-12 2.635100000000000000e+04 1.600000000000000000e+01
1.019600000000000000e+04 7.627100000000000085e-12 2.644800000000000000e+04 1.600000000000000000e+01
1.021200000000000000e+04 7.498899999999999884e-12 2.608500000000000000e+04 1.600000000000000000e+01
1.022800000000000000e+04 7.454799999999999295e-12 2.601400000000000000e+04 1.600000000000000000e+01
1.024400000000000000e+04 7.521100000000000335e-12 2.632700000000000000e+04 1.600000000000000000e+01
1.026000000000000000e+04 7.456299999999999238e-12 2.618200000000000000e+04 1.600000000000000000e+01
1.027600000000000000e+04 7.501899999999999770e-12 2.642400000000000000e+04 1.600000000000000000e+01
1.029200000000000000e+04 7.382800000000000409e-12 2.608500000000000000e+04 1.600000000000000000e+01
1.030800000000000000e+04 7.232199999999999819e-12 2.563300000000000000e+04 1.600000000000000000e+01
