3.300000000000000000e+03 5.837000000000000109e-11 2.120300000000000000e+04 1.600000000000000000e+01
3.316000000000000000e+03 5.823600000000000187e-11 2.136000000000000000e+04 1.600000000000000000e+01
3.332000000000000000e+03 5.751899999999999674e-11 2.130100000000000000e+04 1.600000000000000000e+01
3.348000000000000000e+03 5.771000000000000027e-11 2.157700000000000000e+04 1.600000000000000000e+01
3.364000000000000000e+03 5.774400000000000114e-11 2.179700000000000000e+04 1.600000000000000000e+01
3.380000000000000000e+03 5.751599999999999686e-11 2.191800000000000000e+04 1.600000000000000000e+01
3.396000000000000000e+03 5.750199999999999954e-11 2.212100000000000000e+04 1.600000000000000000e+01
3.412000000000000000e+03 5.722699999999999920e-11 2.222300000000000000e+04 1.600000000000000000e+01
3.428000000000000000e+03 5.633000000000000090e-11 2.208000000000000000e+04 1.600000000000000000e+01
3.444000000000000000e+03 5.555100000000000028e-11 2.197900000000000000e+04 1.600000000000000000e+01
3.460000000000000000e+03 5.544599999999999780e-11 2.214100000000000000e+04 1.600000000000000000e+01
3.476000000000000000e+03 5.498699999999999582e-11 2.216100000000000000e+04 1.600000000000000000e+01
3.492000000000000000e+03 5.463500000000000055e-11 2.222300000000000000e+04 1.600000000000000000e+01
3.508000000000000000e+03 5.489099999999999946e-11 2.253200000000000000e+04 1.600000000000000000e+01
3.524000000000000000e+03 5.540500000000000151e-11 2.295100000000000000e+04 1.600000000000000000e+01
3.540000000000000000e+03 5.571999999999999603e-11 2.329200000000000000e+04 1.600000000000000000e+01
3.556000000000000000e+03 5.516899999999999969e-11 2.327000000000000000e+04 1.600000000000000000e+01
3.572000000000000000e+03 5.497899999999999828e-11 2.339900000000000000e+04 1.600000000000000000e+01
3.588000000000000000e+03 5.484199999999999916e-11 2.355000000000000000e+04 1.600000000000000000e+01
3.604000000000000000e+03 5.491000000000000089e-11 2.379000000000000000e+04 1.600000000000000000e+01
3.620000000000000000e+03 5.498000000000000039e-11 2.403300000000000000e+04 1.600000000000000000e+01
3.636000000000000000e+03 5.520399999999999621e-11 2.434400000000000000e+04 1.600000000000000000e+01
3.652000000000000000e+03 5.532999999999999789e-11 2.461500000000000000e+04 1.600000000000000000e+01
3.668000000000000000e+03 5.505100000000000201e-11 2.470600000000000000e+04 1.600000000000000000e+01
3.684000000000000000e+03 5.558800000000000103e-11 2.516500000000000000e+04 1.600000000000000000e+01
3.700000000000000000e+03 5.797199999999999895e-11 2.647300000000000000e+04 1.600000000000000000e+01
3.716000000000000000e+03 6.348500000000000101e-11 2.924100000000000000e+04 1.600000000000000000e+01
3.732000000000000000e+03 7.036199999999999442e-11 3.268900000000000000e+04 1.600000000000000000e+01
3.748000000000000000e+03 7.899900000000000296e-11 3.701700000000000000e+04 1.600000000000000000e+01
3.764000000000000000e+03 8.764400000000000257e-11 4.141900000000000000e+04 1.600000000000000000e+01
3.780000000000000000e+03 1.029500000000000038e-10 4.906800000000000000e+04 1.600000000000000000e+01
3.796000000000000000e+03 1.027499999999999941e-10 4.938600000000000000e+04 1.600000000000000000e+01
3.812000000000000000e+03 1.246599999999999862e-10 6.042200000000000000e+04 1.600000000000000000e+01
3.828000000000000000e+03 1.071700000000000032e-10 5.238400000000000000e+04 1.600000000000000000e+01
3.844000000000000000e+03 1.283699999999999920e-10 6.327000000000000000e+04 1.600000000000000000e+01
3.860000000000000000e+03 1.502600000000000064e-10 7.467900000000000000e+04 1.600000000000000000e+01
3.876000000000000000e+03 1.204599999999999904e-10 6.036700000000000000e+04 1.600000000000000000e+01
3.892000000000000000e+03 1.129499999999999951e-10 5.706900000000000000e+04 1.600000000000000000e+01
3.908000000000000000e+03 1.495899999999999973e-10 7.620800000000000000e+04 1.600000000000000000e+01
3.924000000000000000e+03 1.555099999999999882e-10 7.987300000000000000e+04 1.600000000000000000e+01
3.940000000000000000e+03 1.485300000000000030e-10 7.691300000000000000e+04 1.600000000000000000e+01
3.956000000000000000e+03 1.185499999999999939e-10 6.188700000000000000e+04 1.600000000000000000e+01
3.972000000000000000e+03 1.049100000000000027e-10 5.520800000000000000e+04 1.600000000000000000e+01
3.988000000000000000e+03 1.424700000000000002e-10 7.557900000000000000e+04 1.600000000000000000e+01
4.004000000000000000e+03 1.562500000000000033e-10 8.356000000000000000e+04 1.600000000000000000e+01
4.020000000000000000e+03 1.577499999999999981e-10 8.503500000000000000e+04 1.600000000000000000e+01
4.036000000000000000e+03 1.576600000000000015e-10 8.566400000000000000e+04 1.600000000000000000e+01
4.052000000000000000e+03 1.546999999999999931e-10 8.472300000000000000e+04 1.600000000000000000e+01
4.068000000000000000e+03 1.472500000000000085e-10 8.128300000000000000e+04 1.600000000000000000e+01
4.084000000000000000e+03 1.224200000000000022e-10 6.810800000000000000e+04 1.600000000000000000e+01
4.100000000000000000e+03 9.472200000000000129e-11 5.311300000000000000e+04 1.600000000000000000e+01
4.116000000000000000e+03 1.223099999999999892e-10 6.911900000000000000e+04 1.600000000000000000e+01
4.132000000000000000e+03 1.398599999999999958e-10 7.965200000000000000e+04 1.600000000000000000e+01
4.148000000000000000e+03 1.441299999999999976e-10 8.271800000000000000e+04 1.600000000000000000e+01
4.164000000000000000e+03 1.428899999999999843e-10 8.264200000000000000e+04 1.600000000000000000e+01
4.180000000000000000e+03 1.411499999999999985e-10 8.226200000000000000e+04 1.600000000000000000e+01
4.196000000000000000e+03 1.412399999999999951e-10 8.294700000000000000e+04 1.600000000000000000e+01
4.212000000000000000e+03 1.400399999999999889e-10 8.287000000000000000e+04 1.600000000000000000e+01
4.228000000000000000e+03 1.383399999999999845e-10 8.249000000000000000e+04 1.600000000000000000e+01
4.244000000000000000e+03 1.365400000000000010e-10 8.203500000000000000e+04 1.600000000000000000e+01
4.260000000000000000e+03 1.341499999999999969e-10 8.120800000000000000e+04 1.600000000000000000e+01
4.276000000000000000e+03 1.322999999999999981e-10 8.068600000000000000e+04 1.600000000000000000e+01
4.292000000000000000e+03 1.285599999999999934e-10 7.899500000000000000e+04 1.600000000000000000e+01
4.308000000000000000e+03 1.218600000000000062e-10 7.544000000000000000e+04 1.600000000000000000e+01
4.324000000000000000e+03 1.014499999999999961e-10 6.327000000000000000e+04 1.600000000000000000e+01
4.340000000000000000e+03 7.999099999999999550e-11 5.025700000000000000e+04 1.600000000000000000e+01
4.356000000000000000e+03 1.042899999999999961e-10 6.600800000000000000e+04 1.600000000000000000e+01
4.372000000000000000e+03 1.191999999999999865e-10 7.599800000000000000e+04 1.600000000000000000e+01
4.388000000000000000e+03 1.208600000000000097e-10 7.762500000000000000e+04 1.600000000000000000e+01
4.404000000000000000e+03 1.208699999999999921e-10 7.819900000000000000e+04 1.600000000000000000e+01
4.420000000000000000e+03 1.205499999999999870e-10 7.856000000000000000e+04 1.600000000000000000e+01
4.436000000000000000e+03 1.198999999999999944e-10 7.870400000000000000e+04 1.600000000000000000e+01
4.452000000000000000e+03 1.181699999999999910e-10 7.812700000000000000e+04 1.600000000000000000e+01
4.468000000000000000e+03 1.163599999999999994e-10 7.748200000000000000e+04 1.600000000000000000e+01
4.484000000000000000e+03 1.143599999999999933e-10 7.670000000000000000e+04 1.600000000000000000e+01
4.500000000000000000e+03 1.147099999999999973e-10 7.748200000000000000e+04 1.600000000000000000e+01
4.516000000000000000e+03 1.133699999999999921e-10 7.712600000000000000e+04 1.600000000000000000e+01
4.532000000000000000e+03 1.119499999999999986e-10 7.670000000000000000e+04 1.600000000000000000e+01
4.548000000000000000e+03 1.101500000000000022e-10 7.599800000000000000e+04 1.600000000000000000e+01
4.564000000000000000e+03 1.096800000000000028e-10 7.620800000000000000e+04 1.600000000000000000e+01
4.580000000000000000e+03 1.084100000000000036e-10 7.585800000000000000e+04 1.600000000000000000e+01
4.596000000000000000e+03 1.082599999999999963e-10 7.627800000000000000e+04 1.600000000000000000e+01
4.612000000000000000e+03 1.076100000000000037e-10 7.634800000000000000e+04 1.600000000000000000e+01
4.628000000000000000e+03 1.060799999999999971e-10 7.578800000000000000e+04 1.600000000000000000e+01
4.644000000000000000e+03 1.056399999999999966e-10 7.599800000000000000e+04 1.600000000000000000e+01
4.660000000000000000e+03 1.042399999999999937e-10 7.550900000000000000e+04 1.600000000000000000e+01
4.676000000000000000e+03 1.036299999999999952e-10 7.557900000000000000e+04 1.600000000000000000e+01
4.692000000000000000e+03 1.028299999999999954e-10 7.550900000000000000e+04 1.600000000000000000e+01
4.708000000000000000e+03 1.010099999999999955e-10 7.467900000000000000e+04 1.600000000000000000e+01
4.724000000000000000e+03 1.005099999999999972e-10 7.481700000000000000e+04 1.600000000000000000e+01
4.740000000000000000e+03 9.882399999999999654e-11 7.406300000000000000e+04 1.600000000000000000e+01
4.756000000000000000e+03 9.807000000000000359e-11 7.399500000000000000e+04 1.600000000000000000e+01
4.772000000000000000e+03 9.634300000000000014e-11 7.318100000000000000e+04 1.600000000000000000e+01
4.788000000000000000e+03 9.578799999999999534e-11 7.324900000000000000e+04 1.600000000000000000e+01
4.804000000000000000e+03 9.427900000000000086e-11 7.257700000000000000e+04 1.600000000000000000e+01
4.820000000000000000e+03 9.194499999999999889e-11 7.125300000000000000e+04 1.600000000000000000e+01
4.836000000000000000e+03 8.563400000000000124e-11 6.680400000000000000e+04 1.600000000000000000e+01
4.852000000000000000e+03 6.579299999999999966e-11 5.166500000000000000e+04 1.600000000000000000e+01
4.868000000000000000e+03 6.230400000000000271e-11 4.924900000000000000e+04 1.600000000000000000e+01
4.884000000000000000e+03 8.167099999999999642e-11 6.498300000000000000e+04 1.600000000000000000e+01
4.900000000000000000e+03 8.782699999999999564e-11 7.034000000000000000e+04 1.600000000000000000e+01
4.916000000000000000e+03 8.871500000000000074e-11 7.151600000000000000e+04 1.600000000000000000e+01
4.932000000000000000e+03 8.870999999999999662e-11 7.197800000000000000e+04 1.600000000000000000e+01
4.948000000000000000e+03 8.854399999999999430e-11 7.231000000000000000e+04 1.600000000000000000e+01
4.964000000000000000e+03 8.773199999999999493e-11 7.211100000000000000e+04 1.600000000000000000e+01
4.980000000000000000e+03 8.708899999999999777e-11 7.204400000000000000e+04 1.600000000000000000e+01
4.996000000000000000e+03 8.581699999999999430e-11 7.144900000000000000e+04 1.600000000000000000e+01
5.012000000000000000e+03 8.433299999999999457e-11 7.066400000000000000e+04 1.600000000000000000e+01
5.028000000000000000e+03 8.356599999999999350e-11 7.046900000000000000e+04 1.600000000000000000e+01
5.044000000000000000e+03 8.303699999999999201e-11 7.046900000000000000e+04 1.600000000000000000e+01
5.060000000000000000e+03 8.213299999999999183e-11 7.014500000000000000e+04 1.600000000000000000e+01
5.076000000000000000e+03 8.184200000000000286e-11 7.034000000000000000e+04 1.600000000000000000e+01
5.092000000000000000e+03 8.117900000000000215e-11 7.021000000000000000e+04 1.600000000000000000e+01
5.108000000000000000e+03 8.067099999999999987e-11 7.021000000000000000e+04 1.600000000000000000e+01
5.124000000000000000e+03 7.979999999999999844e-11 6.988800000000000000e+04 1.600000000000000000e+01
5.140000000000000000e+03 7.908500000000000401e-11 6.969500000000000000e+04 1.600000000000000000e+01
5.156000000000000000e+03 7.780299999999999230e-11 6.899200000000000000e+04 1.600000000000000000e+01
5.172000000000000000e+03 7.633200000000000069e-11 6.810800000000000000e+04 1.600000000000000000e+01
5.188000000000000000e+03 7.586099999999999270e-11 6.810800000000000000e+04 1.600000000000000000e+01
5.204000000000000000e+03 7.588300000000000048e-11 6.854900000000000000e+04 1.600000000000000000e+01
5.220000000000000000e+03 7.521100000000000012e-11 6.835900000000000000e+04 1.600000000000000000e+01
5.236000000000000000e+03 7.413499999999999784e-11 6.779500000000000000e+04 1.600000000000000000e+01
5.252000000000000000e+03 7.375099999999999947e-11 6.785800000000000000e+04 1.600000000000000000e+01
5.268000000000000000e+03 7.256499999999999705e-11 6.717400000000000000e+04 1.600000000000000000e+01
5.284000000000000000e+03 7.232600000000000181e-11 6.736000000000000000e+04 1.600000000000000000e+01
5.300000000000000000e+03 7.208899999999999787e-11 6.754600000000000000e+04 1.600000000000000000e+01
5.316000000000000000e+03 7.067200000000000421e-11 6.661900000000000000e+04 1.600000000000000000e+01
5.332000000000000000e+03 7.024899999999999440e-11 6.661900000000000000e+04 1.600000000000000000e+01
5.348000000000000000e+03 7.028099999999999750e-11 6.705000000000000000e+04 1.600000000000000000e+01
5.364000000000000000e+03 6.960599999999999724e-11 6.680400000000000000e+04 1.600000000000000000e+01
5.380000000000000000e+03 6.925599999999999328e-11 6.686500000000000000e+04 1.600000000000000000e+01
5.396000000000000000e+03 6.859199999999999692e-11 6.661900000000000000e+04 1.600000000000000000e+01
5.412000000000000000e+03 6.774900000000000303e-11 6.619100000000000000e+04 1.600000000000000000e+01
5.428000000000000000e+03 6.728800000000000328e-11 6.613000000000000000e+04 1.600000000000000000e+01
5.444000000000000000e+03 6.701700000000000494e-11 6.625200000000000000e+04 1.600000000000000000e+01
5.460000000000000000e+03 6.644100000000000093e-11 6.606900000000000000e+04 1.600000000000000000e+01
5.476000000000000000e+03 6.587099999999999670e-11 6.588700000000000000e+04 1.600000000000000000e+01
5.492000000000000000e+03 6.530699999999999223e-11 6.570500000000000000e+04 1.600000000000000000e+01
5.508000000000000000e+03 6.486800000000000026e-11 6.564500000000000000e+04 1.600000000000000000e+01
5.524000000000000000e+03 6.443399999999999949e-11 6.558400000000000000e+04 1.600000000000000000e+01
5.540000000000000000e+03 6.388499999999999446e-11 6.540300000000000000e+04 1.600000000000000000e+01
5.556000000000000000e+03 6.357599999999999325e-11 6.546400000000000000e+04 1.600000000000000000e+01
5.572000000000000000e+03 6.297900000000000296e-11 6.522300000000000000e+04 1.600000000000000000e+01
5.588000000000000000e+03 6.238899999999999518e-11 6.498300000000000000e+04 1.600000000000000000e+01
5.604000000000000000e+03 6.191899999999999577e-11 6.486300000000000000e+04 1.600000000000000000e+01
5.620000000000000000e+03 6.134100000000000045e-11 6.462500000000000000e+04 1.600000000000000000e+01
5.636000000000000000e+03 6.082399999999999851e-11 6.444600000000000000e+04 1.600000000000000000e+01
5.652000000000000000e+03 6.009200000000000042e-11 6.403200000000000000e+04 1.600000000000000000e+01
5.668000000000000000e+03 5.942399999999999559e-11 6.367900000000000000e+04 1.600000000000000000e+01
5.684000000000000000e+03 5.887299999999999925e-11 6.344500000000000000e+04 1.600000000000000000e+01
5.700000000000000000e+03 5.827400000000000473e-11 6.315400000000000000e+04 1.600000000000000000e+01
5.716000000000000000e+03 5.789400000000000191e-11 6.309600000000000000e+04 1.600000000000000000e+01
5.732000000000000000e+03 5.725399999999999818e-11 6.274800000000000000e+04 1.600000000000000000e+01
5.748000000000000000e+03 5.677900000000000111e-11 6.257500000000000000e+04 1.600000000000000000e+01
5.764000000000000000e+03 5.630799999999999958e-11 6.240200000000000000e+04 1.600000000000000000e+01
5.780000000000000000e+03 5.599700000000000060e-11 6.240200000000000000e+04 1.600000000000000000e+01
5.796000000000000000e+03 5.563700000000000133e-11 6.234500000000000000e+04 1.600000000000000000e+01
5.812000000000000000e+03 5.548400000000000067e-11 6.251700000000000000e+04 1.600000000000000000e+01
5.828000000000000000e+03 5.528199999999999971e-11 6.263300000000000000e+04 1.600000000000000000e+01
5.844000000000000000e+03 5.498000000000000039e-11 6.263300000000000000e+04 1.600000000000000000e+01
5.860000000000000000e+03 5.457899999999999837e-11 6.251700000000000000e+04 1.600000000000000000e+01
5.876000000000000000e+03 5.373499999999999590e-11 6.188700000000000000e+04 1.600000000000000000e+01
5.892000000000000000e+03 5.256500000000000149e-11 6.086900000000000000e+04 1.600000000000000000e+01
5.908000000000000000e+03 5.261899999999999945e-11 6.126300000000000000e+04 1.600000000000000000e+01
5.924000000000000000e+03 5.228599999999999915e-11 6.120700000000000000e+04 1.600000000000000000e+01
5.940000000000000000e+03 5.181400000000000197e-11 6.098200000000000000e+04 1.600000000000000000e+01
5.956000000000000000e+03 5.129899999999999780e-11 6.070100000000000000e+04 1.600000000000000000e+01
5.972000000000000000e+03 5.093100000000000098e-11 6.059000000000000000e+04 1.600000000000000000e+01
5.988000000000000000e+03 5.065900000000000053e-11 6.059000000000000000e+04 1.600000000000000000e+01
6.004000000000000000e+03 5.034299999999999743e-11 6.053400000000000000e+04 1.600000000000000000e+01
6.020000000000000000e+03 4.989199999999999945e-11 6.031100000000000000e+04 1.600000000000000000e+01
6.036000000000000000e+03 4.944499999999999702e-11 6.009000000000000000e+04 1.600000000000000000e+01
6.052000000000000000e+03 4.913800000000000004e-11 6.003400000000000000e+04 1.600000000000000000e+01
6.068000000000000000e+03 4.869999999999999726e-11 5.981400000000000000e+04 1.600000000000000000e+01
6.084000000000000000e+03 4.822200000000000031e-11 5.953900000000000000e+04 1.600000000000000000e+01
6.100000000000000000e+03 4.796900000000000129e-11 5.953900000000000000e+04 1.600000000000000000e+01
6.116000000000000000e+03 4.763099999999999687e-11 5.942900000000000000e+04 1.600000000000000000e+01
6.132000000000000000e+03 4.712099999999999682e-11 5.910200000000000000e+04 1.600000000000000000e+01
6.148000000000000000e+03 4.648899999999999709e-11 5.861400000000000000e+04 1.600000000000000000e+01
6.164000000000000000e+03 4.616299999999999868e-11 5.850600000000000000e+04 1.600000000000000000e+01
6.180000000000000000e+03 4.605199999999999643e-11 5.866800000000000000e+04 1.600000000000000000e+01
6.196000000000000000e+03 4.585600000000000171e-11 5.872200000000000000e+04 1.600000000000000000e+01
6.212000000000000000e+03 4.545199999999999979e-11 5.850600000000000000e+04 1.600000000000000000e+01
6.228000000000000000e+03 4.497000000000000084e-11 5.818300000000000000e+04 1.600000000000000000e+01
6.244000000000000000e+03 4.437099999999999986e-11 5.770300000000000000e+04 1.600000000000000000e+01
6.260000000000000000e+03 4.410300000000000140e-11 5.765000000000000000e+04 1.600000000000000000e+01
6.276000000000000000e+03 4.307799999999999719e-11 5.659800000000000000e+04 1.600000000000000000e+01
6.292000000000000000e+03 4.266200000000000219e-11 5.633800000000000000e+04 1.600000000000000000e+01
6.308000000000000000e+03 4.272099999999999780e-11 5.670200000000000000e+04 1.600000000000000000e+01
6.324000000000000000e+03 4.266200000000000219e-11 5.691100000000000000e+04 1.600000000000000000e+01
6.340000000000000000e+03 4.232900000000000189e-11 5.675400000000000000e+04 1.600000000000000000e+01
6.356000000000000000e+03 4.211699999999999916e-11 5.675400000000000000e+04 1.600000000000000000e+01
6.372000000000000000e+03 4.178999999999999864e-11 5.659800000000000000e+04 1.600000000000000000e+01
6.388000000000000000e+03 4.173399999999999645e-11 5.680700000000000000e+04 1.600000000000000000e+01
6.404000000000000000e+03 4.148799999999999932e-11 5.675400000000000000e+04 1.600000000000000000e+01
6.420000000000000000e+03 4.116699999999999856e-11 5.659800000000000000e+04 1.600000000000000000e+01
6.436000000000000000e+03 4.077400000000000054e-11 5.633800000000000000e+04 1.600000000000000000e+01
6.452000000000000000e+03 4.034899999999999942e-11 5.602700000000000000e+04 1.600000000000000000e+01
6.468000000000000000e+03 4.003899999999999610e-11 5.587300000000000000e+04 1.600000000000000000e+01
6.484000000000000000e+03 3.958499999999999824e-11 5.551400000000000000e+04 1.600000000000000000e+01
6.500000000000000000e+03 3.924599999999999817e-11 5.531000000000000000e+04 1.600000000000000000e+01
6.516000000000000000e+03 3.862400000000000021e-11 5.470200000000000000e+04 1.600000000000000000e+01
6.532000000000000000e+03 3.738800000000000184e-11 5.321100000000000000e+04 1.600000000000000000e+01
6.548000000000000000e+03 3.270399999999999636e-11 4.677400000000000000e+04 1.600000000000000000e+01
6.564000000000000000e+03 2.724499999999999872e-11 3.915600000000000000e+04 1.600000000000000000e+01
6.580000000000000000e+03 3.357100000000000225e-11 4.848400000000000000e+04 1.600000000000000000e+01
6.596000000000000000e+03 3.666599999999999906e-11 5.321100000000000000e+04 1.600000000000000000e+01
6.612000000000000000e+03 3.730399999999999857e-11 5.440000000000000000e+04 1.600000000000000000e+01
6.628000000000000000e+03 3.739899999999999927e-11 5.480200000000000000e+04 1.600000000000000000e+01
6.644000000000000000e+03 3.725300000000000050e-11 5.485300000000000000e+04 1.600000000000000000e+01
6.660000000000000000e+03 3.707399999999999652e-11 5.485300000000000000e+04 1.600000000000000000e+01
6.676000000000000000e+03 3.686300000000000236e-11 5.480200000000000000e+04 1.600000000000000000e+01
6.692000000000000000e+03 3.668699999999999827e-11 5.480200000000000000e+04 1.600000000000000000e+01
6.708000000000000000e+03 3.644499999999999667e-11 5.470200000000000000e+04 1.600000000000000000e+01
6.724000000000000000e+03 3.617099999999999845e-11 5.455100000000000000e+04 1.600000000000000000e+01
6.740000000000000000e+03 3.596699999999999972e-11 5.450000000000000000e+04 1.600000000000000000e+01
6.756000000000000000e+03 3.559899999999999644e-11 5.420000000000000000e+04 1.600000000000000000e+01
6.772000000000000000e+03 3.539899999999999972e-11 5.415000000000000000e+04 1.600000000000000000e+01
6.788000000000000000e+03 3.510199999999999805e-11 5.395100000000000000e+04 1.600000000000000000e+01
6.804000000000000000e+03 3.490500000000000122e-11 5.390100000000000000e+04 1.600000000000000000e+01
6.820000000000000000e+03 3.461399999999999933e-11 5.370300000000000000e+04 1.600000000000000000e+01
6.836000000000000000e+03 3.435699999999999830e-11 5.355500000000000000e+04 1.600000000000000000e+01
6.852000000000000000e+03 3.366599999999999650e-11 5.272300000000000000e+04 1.600000000000000000e+01
6.868000000000000000e+03 2.932000000000000189e-11 4.613200000000000000e+04 1.600000000000000000e+01
6.884000000000000000e+03 2.926399999999999971e-11 4.625900000000000000e+04 1.600000000000000000e+01
6.900000000000000000e+03 3.008300000000000096e-11 4.777500000000000000e+04 1.600000000000000000e+01
6.916000000000000000e+03 3.135499999999999796e-11 5.002600000000000000e+04 1.600000000000000000e+01
6.932000000000000000e+03 3.181999999999999972e-11 5.100300000000000000e+04 1.600000000000000000e+01
6.948000000000000000e+03 3.184899999999999647e-11 5.128600000000000000e+04 1.600000000000000000e+01
6.964000000000000000e+03 3.199599999999999735e-11 5.176100000000000000e+04 1.600000000000000000e+01
6.980000000000000000e+03 3.184999999999999858e-11 5.176100000000000000e+04 1.600000000000000000e+01
6.996000000000000000e+03 3.147199999999999999e-11 5.138100000000000000e+04 1.600000000000000000e+01
7.012000000000000000e+03 3.127100000000000115e-11 5.128600000000000000e+04 1.600000000000000000e+01
7.028000000000000000e+03 3.110000000000000117e-11 5.123900000000000000e+04 1.600000000000000000e+01
7.044000000000000000e+03 3.095900000000000006e-11 5.123900000000000000e+04 1.600000000000000000e+01
7.060000000000000000e+03 3.078999999999999785e-11 5.119200000000000000e+04 1.600000000000000000e+01
7.076000000000000000e+03 3.059499999999999878e-11 5.109700000000000000e+04 1.600000000000000000e+01
7.092000000000000000e+03 3.042899999999999646e-11 5.105100000000000000e+04 1.600000000000000000e+01
7.108000000000000000e+03 3.017999999999999944e-11 5.086300000000000000e+04 1.600000000000000000e+01
7.124000000000000000e+03 2.993499999999999796e-11 5.067600000000000000e+04 1.600000000000000000e+01
7.140000000000000000e+03 2.971799999999999757e-11 5.053600000000000000e+04 1.600000000000000000e+01
7.156000000000000000e+03 2.917999999999999643e-11 4.984200000000000000e+04 1.600000000000000000e+01
7.172000000000000000e+03 2.774200000000000033e-11 4.759900000000000000e+04 1.600000000000000000e+01
7.188000000000000000e+03 2.659499999999999967e-11 4.583500000000000000e+04 1.600000000000000000e+01
7.204000000000000000e+03 2.699400000000000069e-11 4.673000000000000000e+04 1.600000000000000000e+01
7.220000000000000000e+03 2.778099999999999886e-11 4.830600000000000000e+04 1.600000000000000000e+01
7.236000000000000000e+03 2.682999999999999937e-11 4.686000000000000000e+04 1.600000000000000000e+01
7.252000000000000000e+03 2.663800000000000019e-11 4.673000000000000000e+04 1.600000000000000000e+01
7.268000000000000000e+03 2.656999999999999846e-11 4.681600000000000000e+04 1.600000000000000000e+01
7.284000000000000000e+03 2.655100000000000026e-11 4.698900000000000000e+04 1.600000000000000000e+01
7.300000000000000000e+03 2.655700000000000003e-11 4.720600000000000000e+04 1.600000000000000000e+01
7.316000000000000000e+03 2.661200000000000010e-11 4.751200000000000000e+04 1.600000000000000000e+01
7.332000000000000000e+03 2.696299999999999972e-11 4.835000000000000000e+04 1.600000000000000000e+01
7.348000000000000000e+03 2.692099999999999808e-11 4.848400000000000000e+04 1.600000000000000000e+01
7.364000000000000000e+03 2.673000000000000101e-11 4.835000000000000000e+04 1.600000000000000000e+01
7.380000000000000000e+03 2.666299999999999817e-11 4.844000000000000000e+04 1.600000000000000000e+01
7.396000000000000000e+03 2.657199999999999946e-11 4.848400000000000000e+04 1.600000000000000000e+01
7.412000000000000000e+03 2.640900000000000026e-11 4.839500000000000000e+04 1.600000000000000000e+01
7.428000000000000000e+03 2.624699999999999994e-11 4.830600000000000000e+04 1.600000000000000000e+01
7.444000000000000000e+03 2.606199999999999941e-11 4.817300000000000000e+04 1.600000000000000000e+01
7.460000000000000000e+03 2.590299999999999898e-11 4.808400000000000000e+04 1.600000000000000000e+01
7.476000000000000000e+03 2.574399999999999855e-11 4.799500000000000000e+04 1.600000000000000000e+01
7.492000000000000000e+03 2.565800000000000073e-11 4.804000000000000000e+04 1.600000000000000000e+01
7.508000000000000000e+03 2.552500000000000039e-11 4.799500000000000000e+04 1.600000000000000000e+01
7.524000000000000000e+03 2.534699999999999852e-11 4.786300000000000000e+04 1.600000000000000000e+01
7.540000000000000000e+03 2.521599999999999918e-11 4.781900000000000000e+04 1.600000000000000000e+01
7.556000000000000000e+03 2.503999999999999832e-11 4.768700000000000000e+04 1.600000000000000000e+01
7.572000000000000000e+03 2.479700000000000107e-11 4.742400000000000000e+04 1.600000000000000000e+01
7.588000000000000000e+03 2.072799999999999811e-11 3.981100000000000000e+04 1.600000000000000000e+01
7.604000000000000000e+03 1.048900000000000024e-11 2.023000000000000000e+04 1.600000000000000000e+01
7.620000000000000000e+03 1.387100000000000017e-11 2.686600000000000000e+04 1.600000000000000000e+01
7.636000000000000000e+03 1.401799999999999944e-11 2.726500000000000000e+04 1.600000000000000000e+01
7.652000000000000000e+03 1.796700000000000049e-11 3.509100000000000000e+04 1.600000000000000000e+01
7.668000000000000000e+03 2.137299999999999950e-11 4.191800000000000000e+04 1.600000000000000000e+01
7.684000000000000000e+03 2.293199999999999963e-11 4.516500000000000000e+04 1.600000000000000000e+01
7.700000000000000000e+03 2.343399999999999890e-11 4.634500000000000000e+04 1.600000000000000000e+01
7.716000000000000000e+03 2.353100000000000061e-11 4.673000000000000000e+04 1.600000000000000000e+01
7.732000000000000000e+03 2.347699999999999942e-11 4.681600000000000000e+04 1.600000000000000000e+01
7.748000000000000000e+03 2.335799999999999963e-11 4.677400000000000000e+04 1.600000000000000000e+01
7.764000000000000000e+03 2.283699999999999892e-11 4.592000000000000000e+04 1.600000000000000000e+01
7.780000000000000000e+03 2.255599999999999880e-11 4.554100000000000000e+04 1.600000000000000000e+01
7.796000000000000000e+03 2.290200000000000076e-11 4.643000000000000000e+04 1.600000000000000000e+01
7.812000000000000000e+03 2.285000000000000058e-11 4.651600000000000000e+04 1.600000000000000000e+01
7.828000000000000000e+03 2.267399999999999971e-11 4.634500000000000000e+04 1.600000000000000000e+01
7.844000000000000000e+03 2.258100000000000001e-11 4.634500000000000000e+04 1.600000000000000000e+01
7.860000000000000000e+03 2.232399999999999898e-11 4.600400000000000000e+04 1.600000000000000000e+01
7.876000000000000000e+03 2.207000000000000108e-11 4.566700000000000000e+04 1.600000000000000000e+01
7.892000000000000000e+03 2.177899999999999919e-11 4.524800000000000000e+04 1.600000000000000000e+01
7.908000000000000000e+03 2.177099999999999841e-11 4.541500000000000000e+04 1.600000000000000000e+01
7.924000000000000000e+03 2.166399999999999816e-11 4.537300000000000000e+04 1.600000000000000000e+01
7.940000000000000000e+03 2.159599999999999966e-11 4.541500000000000000e+04 1.600000000000000000e+01
7.956000000000000000e+03 2.137099999999999850e-11 4.512300000000000000e+04 1.600000000000000000e+01
7.972000000000000000e+03 2.128599999999999957e-11 4.512300000000000000e+04 1.600000000000000000e+01
7.988000000000000000e+03 2.119999999999999852e-11 4.512300000000000000e+04 1.600000000000000000e+01
8.004000000000000000e+03 2.099899999999999968e-11 4.487500000000000000e+04 1.600000000000000000e+01
8.020000000000000000e+03 2.091599999999999852e-11 4.487500000000000000e+04 1.600000000000000000e+01
8.036000000000000000e+03 2.081300000000000027e-11 4.483300000000000000e+04 1.600000000000000000e+01
8.052000000000000000e+03 2.073099999999999800e-11 4.483300000000000000e+04 1.600000000000000000e+01
8.068000000000000000e+03 2.061000000000000043e-11 4.475100000000000000e+04 1.600000000000000000e+01
8.084000000000000000e+03 2.049100000000000064e-11 4.466800000000000000e+04 1.600000000000000000e+01
8.100000000000000000e+03 2.022299999999999895e-11 4.425900000000000000e+04 1.600000000000000000e+01
8.116000000000000000e+03 1.988500000000000100e-11 4.369200000000000000e+04 1.600000000000000000e+01
8.132000000000000000e+03 1.932099999999999976e-11 4.261900000000000000e+04 1.600000000000000000e+01
8.148000000000000000e+03 1.859999999999999910e-11 4.119100000000000000e+04 1.600000000000000000e+01
8.164000000000000000e+03 1.803900000000000099e-11 4.010500000000000000e+04 1.600000000000000000e+01
8.180000000000000000e+03 1.808499999999999817e-11 4.036400000000000000e+04 1.600000000000000000e+01
8.196000000000000000e+03 1.833200000000000065e-11 4.107700000000000000e+04 1.600000000000000000e+01
8.212000000000000000e+03 1.854900000000000103e-11 4.172500000000000000e+04 1.600000000000000000e+01
8.228000000000000000e+03 1.732300000000000121e-11 3.912000000000000000e+04 1.600000000000000000e+01
8.244000000000000000e+03 1.833800000000000042e-11 4.157200000000000000e+04 1.600000000000000000e+01
8.260000000000000000e+03 1.840200000000000015e-11 4.187900000000000000e+04 1.600000000000000000e+01
8.276000000000000000e+03 1.802899999999999921e-11 4.119100000000000000e+04 1.600000000000000000e+01
8.292000000000000000e+03 1.797600000000000014e-11 4.122900000000000000e+04 1.600000000000000000e+01
8.308000000000000000e+03 1.807299999999999862e-11 4.161000000000000000e+04 1.600000000000000000e+01
8.324000000000000000e+03 1.801999999999999955e-11 4.164900000000000000e+04 1.600000000000000000e+01
8.340000000000000000e+03 1.815000000000000001e-11 4.211100000000000000e+04 1.600000000000000000e+01
8.356000000000000000e+03 1.819799999999999819e-11 4.238400000000000000e+04 1.600000000000000000e+01
8.372000000000000000e+03 1.817899999999999999e-11 4.250100000000000000e+04 1.600000000000000000e+01
8.388000000000000000e+03 1.810900000000000049e-11 4.250100000000000000e+04 1.600000000000000000e+01
8.404000000000000000e+03 1.805700000000000030e-11 4.254000000000000000e+04 1.600000000000000000e+01
8.420000000000000000e+03 1.802200000000000055e-11 4.261900000000000000e+04 1.600000000000000000e+01
8.436000000000000000e+03 1.762599999999999941e-11 4.184100000000000000e+04 1.600000000000000000e+01
8.452000000000000000e+03 1.765599999999999828e-11 4.207300000000000000e+04 1.600000000000000000e+01
8.468000000000000000e+03 1.754100000000000048e-11 4.195600000000000000e+04 1.600000000000000000e+01
8.484000000000000000e+03 1.784899999999999957e-11 4.285500000000000000e+04 1.600000000000000000e+01
8.500000000000000000e+03 1.695099999999999916e-11 4.085100000000000000e+04 1.600000000000000000e+01
8.516000000000000000e+03 1.779699999999999939e-11 4.305300000000000000e+04 1.600000000000000000e+01
8.532000000000000000e+03 1.729500000000000012e-11 4.199500000000000000e+04 1.600000000000000000e+01
8.548000000000000000e+03 1.639399999999999982e-11 3.995800000000000000e+04 1.600000000000000000e+01
8.564000000000000000e+03 1.792499999999999885e-11 4.385300000000000000e+04 1.600000000000000000e+01
8.580000000000000000e+03 1.762999999999999819e-11 4.329100000000000000e+04 1.600000000000000000e+01
8.596000000000000000e+03 1.584300000000000025e-11 3.904800000000000000e+04 1.600000000000000000e+01
8.612000000000000000e+03 1.725899999999999825e-11 4.269700000000000000e+04 1.600000000000000000e+01
8.628000000000000000e+03 1.837399999999999905e-11 4.562500000000000000e+04 1.600000000000000000e+01
8.644000000000000000e+03 1.761099999999999998e-11 4.389300000000000000e+04 1.600000000000000000e+01
8.660000000000000000e+03 1.508600000000000095e-11 3.774000000000000000e+04 1.600000000000000000e+01
8.676000000000000000e+03 1.601700000000000011e-11 4.021600000000000000e+04 1.600000000000000000e+01
8.692000000000000000e+03 1.795500000000000094e-11 4.524800000000000000e+04 1.600000000000000000e+01
8.708000000000000000e+03 1.839000000000000060e-11 4.651600000000000000e+04 1.600000000000000000e+01
8.724000000000000000e+03 1.767599999999999860e-11 4.487500000000000000e+04 1.600000000000000000e+01
8.740000000000000000e+03 1.532499999999999942e-11 3.904800000000000000e+04 1.600000000000000000e+01
8.756000000000000000e+03 1.462200000000000131e-11 3.739400000000000000e+04 1.600000000000000000e+01
8.772000000000000000e+03 1.710099999999999993e-11 4.389300000000000000e+04 1.600000000000000000e+01
8.788000000000000000e+03 1.808999999999999905e-11 4.660100000000000000e+04 1.600000000000000000e+01
8.804000000000000000e+03 1.817399999999999910e-11 4.698900000000000000e+04 1.600000000000000000e+01
8.820000000000000000e+03 1.790900000000000053e-11 4.647300000000000000e+04 1.600000000000000000e+01
8.836000000000000000e+03 1.701000000000000123e-11 4.430000000000000000e+04 1.600000000000000000e+01
8.852000000000000000e+03 1.453199999999999987e-11 3.798400000000000000e+04 1.600000000000000000e+01
8.868000000000000000e+03 1.368899999999999953e-11 3.590900000000000000e+04 1.600000000000000000e+01
8.884000000000000000e+03 1.614400000000000068e-11 4.250100000000000000e+04 1.600000000000000000e+01
8.900000000000000000e+03 1.721999999999999973e-11 4.549900000000000000e+04 1.600000000000000000e+01
8.916000000000000000e+03 1.736499999999999962e-11 4.604700000000000000e+04 1.600000000000000000e+01
8.932000000000000000e+03 1.720800000000000019e-11 4.579300000000000000e+04 1.600000000000000000e+01
8.948000000000000000e+03 1.672499999999999911e-11 4.466800000000000000e+04 1.600000000000000000e+01
8.964000000000000000e+03 1.579900000000000084e-11 4.234500000000000000e+04 1.600000000000000000e+01
8.980000000000000000e+03 1.484099999999999947e-11 3.992100000000000000e+04 1.600000000000000000e+01
8.996000000000000000e+03 1.316800000000000044e-11 3.554700000000000000e+04 1.600000000000000000e+01
9.012000000000000000e+03 1.116799999999999926e-11 3.025500000000000000e+04 1.600000000000000000e+01
9.028000000000000000e+03 1.306299999999999957e-11 3.551400000000000000e+04 1.600000000000000000e+01
9.044000000000000000e+03 1.522300000000000006e-11 4.153400000000000000e+04 1.600000000000000000e+01
9.060000000000000000e+03 1.518299999999999942e-11 4.157200000000000000e+04 1.600000000000000000e+01
9.076000000000000000e+03 1.464999999999999917e-11 4.025300000000000000e+04 1.600000000000000000e+01
9.092000000000000000e+03 1.459799999999999899e-11 4.025300000000000000e+04 1.600000000000000000e+01
9.108000000000000000e+03 1.485899999999999878e-11 4.111500000000000000e+04 1.600000000000000000e+01
9.124000000000000000e+03 1.473800000000000122e-11 4.092600000000000000e+04 1.600000000000000000e+01
9.140000000000000000e+03 1.456599999999999912e-11 4.058800000000000000e+04 1.600000000000000000e+01
9.156000000000000000e+03 1.436800000000000017e-11 4.017900000000000000e+04 1.600000000000000000e+01
9.172000000000000000e+03 1.430499999999999933e-11 4.014200000000000000e+04 1.600000000000000000e+01
9.188000000000000000e+03 1.432099999999999926e-11 4.032700000000000000e+04 1.600000000000000000e+01
9.204000000000000000e+03 1.375500000000000026e-11 3.886900000000000000e+04 1.600000000000000000e+01
9.220000000000000000e+03 1.150699999999999933e-11 3.262900000000000000e+04 1.600000000000000000e+01
9.236000000000000000e+03 1.124700000000000004e-11 3.200400000000000000e+04 1.600000000000000000e+01
9.252000000000000000e+03 1.315699999999999978e-11 3.756600000000000000e+04 1.600000000000000000e+01
9.268000000000000000e+03 1.372900000000000017e-11 3.933700000000000000e+04 1.600000000000000000e+01
9.284000000000000000e+03 1.327199999999999919e-11 3.815900000000000000e+04 1.600000000000000000e+01
9.300000000000000000e+03 1.210799999999999970e-11 3.493000000000000000e+04 1.600000000000000000e+01
9.316000000000000000e+03 1.034599999999999974e-11 2.995000000000000000e+04 1.600000000000000000e+01
9.332000000000000000e+03 8.996500000000000288e-12 2.613400000000000000e+04 1.600000000000000000e+01
9.348000000000000000e+03 8.601700000000000395e-12 2.507300000000000000e+04 1.600000000000000000e+01
9.364000000000000000e+03 8.984600000000000309e-12 2.627800000000000000e+04 1.600000000000000000e+01
9.380000000000000000e+03 9.559099999999999527e-12 2.805400000000000000e+04 1.600000000000000000e+01
9.396000000000000000e+03 1.149600000000000029e-11 3.385300000000000000e+04 1.600000000000000000e+01
9.412000000000000000e+03 1.110299999999999904e-11 3.281000000000000000e+04 1.600000000000000000e+01
9.428000000000000000e+03 1.010099999999999987e-11 2.995000000000000000e+04 1.600000000000000000e+01
9.444000000000000000e+03 9.774799999999999102e-12 2.908000000000000000e+04 1.600000000000000000e+01
9.460000000000000000e+03 9.859099999999999460e-12 2.943100000000000000e+04 1.600000000000000000e+01
9.476000000000000000e+03 1.010999999999999953e-11 3.028300000000000000e+04 1.600000000000000000e+01
9.492000000000000000e+03 9.847000000000000350e-12 2.959400000000000000e+04 1.600000000000000000e+01
9.508000000000000000e+03 1.018200000000000003e-11 3.070400000000000000e+04 1.600000000000000000e+01
9.524000000000000000e+03 9.077799999999999144e-12 2.746600000000000000e+04 1.600000000000000000e+01
9.540000000000000000e+03 7.982199999999999652e-12 2.423300000000000000e+04 1.600000000000000000e+01
9.556000000000000000e+03 8.140800000000000208e-12 2.479700000000000000e+04 1.600000000000000000e+01
9.572000000000000000e+03 9.908700000000000380e-12 3.028300000000000000e+04 1.600000000000000000e+01
9.588000000000000000e+03 1.006799999999999951e-11 3.087400000000000000e+04 1.600000000000000000e+01
9.604000000000000000e+03 1.071299999999999929e-11 3.296100000000000000e+04 1.600000000000000000e+01
9.620000000000000000e+03 1.083599999999999947e-11 3.345000000000000000e+04 1.600000000000000000e+01
9.636000000000000000e+03 1.110299999999999904e-11 3.438700000000000000e+04 1.600000000000000000e+01
9.652000000000000000e+03 1.135499999999999917e-11 3.528600000000000000e+04 1.600000000000000000e+01
9.668000000000000000e+03 1.162399999999999975e-11 3.624100000000000000e+04 1.600000000000000000e+01
9.684000000000000000e+03 1.238000000000000016e-11 3.872600000000000000e+04 1.600000000000000000e+01
9.700000000000000000e+03 1.242999999999999934e-11 3.901200000000000000e+04 1.600000000000000000e+01
9.716000000000000000e+03 1.233200000000000036e-11 3.883300000000000000e+04 1.600000000000000000e+01
9.732000000000000000e+03 1.196799999999999909e-11 3.780900000000000000e+04 1.600000000000000000e+01
9.748000000000000000e+03 1.178699999999999895e-11 3.735900000000000000e+04 1.600000000000000000e+01
9.764000000000000000e+03 1.186799999999999911e-11 3.774000000000000000e+04 1.600000000000000000e+01
9.780000000000000000e+03 1.201600000000000050e-11 3.833500000000000000e+04 1.600000000000000000e+01
9.796000000000000000e+03 1.192099999999999979e-11 3.815900000000000000e+04 1.600000000000000000e+01
9.812000000000000000e+03 1.219300000000000025e-11 3.915600000000000000e+04 1.600000000000000000e+01
9.828000000000000000e+03 1.215299999999999961e-11 3.915600000000000000e+04 1.600000000000000000e+01
9.844000000000000000e+03 1.221499999999999995e-11 3.948200000000000000e+04 1.600000000000000000e+01
9.860000000000000000e+03 1.236700000000000011e-11 4.010500000000000000e+04 1.600000000000000000e+01
9.876000000000000000e+03 1.234999999999999968e-11 4.017900000000000000e+04 1.600000000000000000e+01
9.892000000000000000e+03 1.227599999999999979e-11 4.006800000000000000e+04 1.600000000000000000e+01
9.908000000000000000e+03 1.232699999999999948e-11 4.036400000000000000e+04 1.600000000000000000e+01
9.924000000000000000e+03 1.224200000000000055e-11 4.021600000000000000e+04 1.600000000000000000e+01
9.940000000000000000e+03 1.214599999999999934e-11 4.003100000000000000e+04 1.600000000000000000e+01
9.956000000000000000e+03 1.207400000000000045e-11 3.992100000000000000e+04 1.600000000000000000e+01
9.972000000000000000e+03 1.209099999999999927e-11 4.010500000000000000e+04 1.600000000000000000e+01
9.988000000000000000e+03 1.191999999999999929e-11 3.966400000000000000e+04 1.600000000000000000e+01
1.000400000000000000e+04 1.173999999999999965e-11 3.919200000000000000e+04 1.600000000000000000e+01
1.002000000000000000e+04 1.119699999999999924e-11 3.749700000000000000e+04 1.600000000000000000e+01
1.003600000000000000e+04 9.919699999999999424e-12 3.332700000000000000e+04 1.600000000000000000e+01
1.005200000000000000e+04 8.869800000000000030e-12 2.989500000000000000e+04 1.600000000000000000e+01
1.006800000000000000e+04 1.039799999999999992e-11 3.515600000000000000e+04 1.600000000000000000e+01
1.008400000000000000e+04 1.111599999999999908e-11 3.770500000000000000e+04 1.600000000000000000e+01
1.010000000000000000e+04 1.145499999999999915e-11 3.897600000000000000e+04 1.600000000000000000e+01
1.011600000000000000e+04 1.142899999999999906e-11 3.901200000000000000e+04 1.600000000000000000e+01
1.013200000000000000e+04 1.148799999999999952e-11 3.933700000000000000e+04 1.600000000000000000e+01
1.014800000000000000e+04 1.161099999999999970e-11 3.988400000000000000e+04 1.600000000000000000e+01
1.016400000000000000e+04 1.149999999999999906e-11 3.962800000000000000e+04 1.600000000000000000e+01
1.018000000000000000e+04 1.151699999999999949e-11 3.981100000000000000e+04 1.600000000000000000e+01
1.019600000000000000e+04 1.165100000000000034e-11 4.040200000000000000e+04 1.600000000000000000e+01
1.021200000000000000e+04 1.140200000000000009e-11 3.966400000000000000e+04 1.600000000000000000e+01
1.022800000000000000e+04 1.126299999999999997e-11 3.930100000000000000e+04 1.600000000000000000e+01
1.024400000000000000e+04 1.130999999999999927e-11 3.959100000000000000e+04 1.600000000000000000e+01
1.026000000000000000e+04 1.139000000000000054e-11 3.999400000000000000e+04 1.600000000000000000e+01
1.027600000000000000e+04 1.136499999999999933e-11 4.003100000000000000e+04 1.600000000000000000e+01
1.029200000000000000e+04 1.105199999999999936e-11 3.904800000000000000e+04 1.600000000000000000e+01
1.030800000000000000e+04 1.088600000000000026e-11 3.858300000000000000e+04 1.600000000000000000e+01
1.032400000000000000e+04 1.080200000000000022e-11 3.840600000000000000e+04 1.600000000000000000e+01
1.034000000000000000e+04 1.060200000000000026e-11 3.780900000000000000e+04 1.600000000000000000e+01
1.035600000000000000e+04 1.069600000000000047e-11 3.826500000000000000e+04 1.600000000000000000e+01
1.037200000000000000e+04 9.734099999999999892e-12 3.493000000000000000e+04 1.600000000000000000e+01
1.038800000000000000e+04 1.067000000000000038e-11 3.840600000000000000e+04 1.600000000000000000e+01
1.040400000000000000e+04 1.036600000000000006e-11 3.742800000000000000e+04 1.600000000000000000e+01
