3.300000000000000000e+03 2.046399999999999843e-11 7.433600000000000364e+03 1.600000000000000000e+01
3.316000000000000000e+03 2.024800000000000016e-11 7.426800000000000182e+03 1.600000000000000000e+01
3.332000000000000000e+03 2.029599999999999834e-11 7.516199999999999818e+03 1.600000000000000000e+01
3.348000000000000000e+03 2.025100000000000004e-11 7.571800000000000182e+03 1.600000000000000000e+01
3.364000000000000000e+03 2.018899999999999809e-11 7.620800000000000182e+03 1.600000000000000000e+01
3.380000000000000000e+03 2.012699999999999936e-11 7.670000000000000000e+03 1.600000000000000000e+01
3.396000000000000000e+03 1.999300000000000013e-11 7.691300000000000182e+03 1.600000000000000000e+01
3.412000000000000000e+03 1.987899999999999799e-11 7.719699999999999818e+03 1.600000000000000000e+01
3.428000000000000000e+03 1.945999999999999988e-11 7.627800000000000182e+03 1.600000000000000000e+01
3.444000000000000000e+03 1.920899999999999863e-11 7.599800000000000182e+03 1.600000000000000000e+01
3.460000000000000000e+03 1.906599999999999974e-11 7.613800000000000182e+03 1.600000000000000000e+01
3.476000000000000000e+03 1.899600000000000024e-11 7.655899999999999636e+03 1.600000000000000000e+01
3.492000000000000000e+03 1.887400000000000056e-11 7.677199999999999818e+03 1.600000000000000000e+01
3.508000000000000000e+03 1.887599999999999833e-11 7.748199999999999818e+03 1.600000000000000000e+01
3.524000000000000000e+03 1.896499999999999926e-11 7.856000000000000000e+03 1.600000000000000000e+01
3.540000000000000000e+03 1.894999999999999983e-11 7.921399999999999636e+03 1.600000000000000000e+01
3.556000000000000000e+03 1.886699999999999867e-11 7.957899999999999636e+03 1.600000000000000000e+01
3.572000000000000000e+03 1.874999999999999988e-11 7.980000000000000000e+03 1.600000000000000000e+01
3.588000000000000000e+03 1.870300000000000058e-11 8.031600000000000364e+03 1.600000000000000000e+01
3.604000000000000000e+03 1.862299999999999931e-11 8.068600000000000364e+03 1.600000000000000000e+01
3.620000000000000000e+03 1.864699999999999840e-11 8.150800000000000182e+03 1.600000000000000000e+01
3.636000000000000000e+03 1.860299999999999899e-11 8.203500000000000000e+03 1.600000000000000000e+01
3.652000000000000000e+03 1.864500000000000063e-11 8.294700000000000728e+03 1.600000000000000000e+01
3.668000000000000000e+03 1.855099999999999880e-11 8.325299999999999272e+03 1.600000000000000000e+01
3.684000000000000000e+03 1.847499999999999953e-11 8.363700000000000728e+03 1.600000000000000000e+01
3.700000000000000000e+03 1.900299999999999890e-11 8.677600000000000364e+03 1.600000000000000000e+01
3.716000000000000000e+03 2.033599999999999897e-11 9.367000000000000000e+03 1.600000000000000000e+01
3.732000000000000000e+03 2.241500000000000092e-11 1.041400000000000000e+04 1.600000000000000000e+01
3.748000000000000000e+03 2.489000000000000077e-11 1.166300000000000000e+04 1.600000000000000000e+01
3.764000000000000000e+03 2.758800000000000079e-11 1.303800000000000000e+04 1.600000000000000000e+01
3.780000000000000000e+03 3.149499999999999696e-11 1.501100000000000000e+04 1.600000000000000000e+01
3.796000000000000000e+03 3.204599999999999977e-11 1.540300000000000000e+04 1.600000000000000000e+01
3.812000000000000000e+03 3.802900000000000123e-11 1.843300000000000000e+04 1.600000000000000000e+01
3.828000000000000000e+03 3.308800000000000118e-11 1.617300000000000000e+04 1.600000000000000000e+01
3.844000000000000000e+03 3.862400000000000021e-11 1.903700000000000000e+04 1.600000000000000000e+01
3.860000000000000000e+03 4.529499999999999713e-11 2.251100000000000000e+04 1.600000000000000000e+01
3.876000000000000000e+03 3.621200000000000120e-11 1.814700000000000000e+04 1.600000000000000000e+01
3.892000000000000000e+03 3.464800000000000019e-11 1.750700000000000000e+04 1.600000000000000000e+01
3.908000000000000000e+03 4.526000000000000061e-11 2.305700000000000000e+04 1.600000000000000000e+01
3.924000000000000000e+03 4.761699999999999956e-11 2.445700000000000000e+04 1.600000000000000000e+01
3.940000000000000000e+03 4.518899999999999900e-11 2.339900000000000000e+04 1.600000000000000000e+01
3.956000000000000000e+03 3.596699999999999972e-11 1.877600000000000000e+04 1.600000000000000000e+01
3.972000000000000000e+03 3.206299999999999697e-11 1.687300000000000000e+04 1.600000000000000000e+01
3.988000000000000000e+03 4.270799999999999614e-11 2.265700000000000000e+04 1.600000000000000000e+01
4.004000000000000000e+03 4.679799999999999830e-11 2.502600000000000000e+04 1.600000000000000000e+01
4.020000000000000000e+03 4.715899999999999969e-11 2.542100000000000000e+04 1.600000000000000000e+01
4.036000000000000000e+03 4.691599999999999598e-11 2.549200000000000000e+04 1.600000000000000000e+01
4.052000000000000000e+03 4.607699999999999764e-11 2.523500000000000000e+04 1.600000000000000000e+01
4.068000000000000000e+03 4.377799999999999865e-11 2.416600000000000000e+04 1.600000000000000000e+01
4.084000000000000000e+03 3.609499999999999917e-11 2.008200000000000000e+04 1.600000000000000000e+01
4.100000000000000000e+03 2.850100000000000063e-11 1.598100000000000000e+04 1.600000000000000000e+01
4.116000000000000000e+03 3.693799999999999952e-11 2.087400000000000000e+04 1.600000000000000000e+01
4.132000000000000000e+03 4.208199999999999618e-11 2.396600000000000000e+04 1.600000000000000000e+01
4.148000000000000000e+03 4.300700000000000203e-11 2.468300000000000000e+04 1.600000000000000000e+01
4.164000000000000000e+03 4.271700000000000226e-11 2.470600000000000000e+04 1.600000000000000000e+01
4.180000000000000000e+03 4.231199999999999823e-11 2.466000000000000000e+04 1.600000000000000000e+01
4.196000000000000000e+03 4.210699999999999739e-11 2.472900000000000000e+04 1.600000000000000000e+01
4.212000000000000000e+03 4.174900000000000235e-11 2.470600000000000000e+04 1.600000000000000000e+01
4.228000000000000000e+03 4.124299999999999784e-11 2.459200000000000000e+04 1.600000000000000000e+01
4.244000000000000000e+03 4.067000000000000018e-11 2.443400000000000000e+04 1.600000000000000000e+01
4.260000000000000000e+03 3.992099999999999842e-11 2.416600000000000000e+04 1.600000000000000000e+01
4.276000000000000000e+03 3.925899999999999983e-11 2.394400000000000000e+04 1.600000000000000000e+01
4.292000000000000000e+03 3.843299999999999668e-11 2.361600000000000000e+04 1.600000000000000000e+01
4.308000000000000000e+03 3.653199999999999984e-11 2.261500000000000000e+04 1.600000000000000000e+01
4.324000000000000000e+03 3.044000000000000035e-11 1.898400000000000000e+04 1.600000000000000000e+01
4.340000000000000000e+03 2.398000000000000081e-11 1.506600000000000000e+04 1.600000000000000000e+01
4.356000000000000000e+03 3.146600000000000022e-11 1.991600000000000000e+04 1.600000000000000000e+01
4.372000000000000000e+03 3.576499999999999876e-11 2.280300000000000000e+04 1.600000000000000000e+01
4.388000000000000000e+03 3.603200000000000156e-11 2.314200000000000000e+04 1.600000000000000000e+01
4.404000000000000000e+03 3.600199999999999624e-11 2.329200000000000000e+04 1.600000000000000000e+01
4.420000000000000000e+03 3.580799999999999929e-11 2.333400000000000000e+04 1.600000000000000000e+01
4.436000000000000000e+03 3.548399999999999865e-11 2.329200000000000000e+04 1.600000000000000000e+01
4.452000000000000000e+03 3.503600000000000056e-11 2.316300000000000000e+04 1.600000000000000000e+01
4.468000000000000000e+03 3.443500000000000180e-11 2.293000000000000000e+04 1.600000000000000000e+01
4.484000000000000000e+03 3.390700000000000244e-11 2.274000000000000000e+04 1.600000000000000000e+01
4.500000000000000000e+03 3.394699999999999661e-11 2.293000000000000000e+04 1.600000000000000000e+01
4.516000000000000000e+03 3.358199999999999968e-11 2.284500000000000000e+04 1.600000000000000000e+01
4.532000000000000000e+03 3.322300000000000253e-11 2.276100000000000000e+04 1.600000000000000000e+01
4.548000000000000000e+03 3.268699999999999916e-11 2.255300000000000000e+04 1.600000000000000000e+01
4.564000000000000000e+03 3.248799999999999808e-11 2.257400000000000000e+04 1.600000000000000000e+01
4.580000000000000000e+03 3.220300000000000243e-11 2.253200000000000000e+04 1.600000000000000000e+01
4.596000000000000000e+03 3.200799999999999690e-11 2.255300000000000000e+04 1.600000000000000000e+01
4.612000000000000000e+03 3.169900000000000215e-11 2.249100000000000000e+04 1.600000000000000000e+01
4.628000000000000000e+03 3.124899999999999983e-11 2.232500000000000000e+04 1.600000000000000000e+01
4.644000000000000000e+03 3.109100000000000151e-11 2.236700000000000000e+04 1.600000000000000000e+01
4.660000000000000000e+03 3.067999999999999771e-11 2.222300000000000000e+04 1.600000000000000000e+01
4.676000000000000000e+03 3.038600000000000240e-11 2.216100000000000000e+04 1.600000000000000000e+01
4.692000000000000000e+03 3.015099999999999623e-11 2.214100000000000000e+04 1.600000000000000000e+01
4.708000000000000000e+03 2.980899999999999627e-11 2.203900000000000000e+04 1.600000000000000000e+01
4.724000000000000000e+03 2.949899999999999941e-11 2.195800000000000000e+04 1.600000000000000000e+01
4.740000000000000000e+03 2.916499999999999700e-11 2.185700000000000000e+04 1.600000000000000000e+01
4.756000000000000000e+03 2.878299999999999963e-11 2.171700000000000000e+04 1.600000000000000000e+01
4.772000000000000000e+03 2.840699999999999881e-11 2.157700000000000000e+04 1.600000000000000000e+01
4.788000000000000000e+03 2.819100000000000054e-11 2.155800000000000000e+04 1.600000000000000000e+01
4.804000000000000000e+03 2.784900000000000059e-11 2.143900000000000000e+04 1.600000000000000000e+01
4.820000000000000000e+03 2.708499999999999940e-11 2.098900000000000000e+04 1.600000000000000000e+01
4.836000000000000000e+03 2.527199999999999814e-11 1.971500000000000000e+04 1.600000000000000000e+01
4.852000000000000000e+03 1.939900000000000004e-11 1.523400000000000000e+04 1.600000000000000000e+01
4.868000000000000000e+03 1.866000000000000006e-11 1.475000000000000000e+04 1.600000000000000000e+01
4.884000000000000000e+03 2.446100000000000089e-11 1.946300000000000000e+04 1.600000000000000000e+01
4.900000000000000000e+03 2.613499999999999880e-11 2.093200000000000000e+04 1.600000000000000000e+01
4.916000000000000000e+03 2.620600000000000042e-11 2.112500000000000000e+04 1.600000000000000000e+01
4.932000000000000000e+03 2.615599999999999800e-11 2.122300000000000000e+04 1.600000000000000000e+01
4.948000000000000000e+03 2.601099999999999812e-11 2.124200000000000000e+04 1.600000000000000000e+01
4.964000000000000000e+03 2.584400000000000014e-11 2.124200000000000000e+04 1.600000000000000000e+01
4.980000000000000000e+03 2.565399999999999873e-11 2.122300000000000000e+04 1.600000000000000000e+01
4.996000000000000000e+03 2.525699999999999871e-11 2.102800000000000000e+04 1.600000000000000000e+01
5.012000000000000000e+03 2.493400000000000018e-11 2.089300000000000000e+04 1.600000000000000000e+01
5.028000000000000000e+03 2.470800000000000014e-11 2.083500000000000000e+04 1.600000000000000000e+01
5.044000000000000000e+03 2.455100000000000070e-11 2.083500000000000000e+04 1.600000000000000000e+01
5.060000000000000000e+03 2.435100000000000075e-11 2.079700000000000000e+04 1.600000000000000000e+01
5.076000000000000000e+03 2.417599999999999877e-11 2.077800000000000000e+04 1.600000000000000000e+01
5.092000000000000000e+03 2.402400000000000022e-11 2.077800000000000000e+04 1.600000000000000000e+01
5.108000000000000000e+03 2.385199999999999813e-11 2.075900000000000000e+04 1.600000000000000000e+01
5.124000000000000000e+03 2.368099999999999815e-11 2.074000000000000000e+04 1.600000000000000000e+01
5.140000000000000000e+03 2.342599999999999813e-11 2.064400000000000000e+04 1.600000000000000000e+01
5.156000000000000000e+03 2.317399999999999799e-11 2.054900000000000000e+04 1.600000000000000000e+01
5.172000000000000000e+03 2.275599999999999876e-11 2.030500000000000000e+04 1.600000000000000000e+01
5.188000000000000000e+03 2.263699999999999896e-11 2.032400000000000000e+04 1.600000000000000000e+01
5.204000000000000000e+03 2.249799999999999885e-11 2.032400000000000000e+04 1.600000000000000000e+01
5.220000000000000000e+03 2.236000000000000085e-11 2.032400000000000000e+04 1.600000000000000000e+01
5.236000000000000000e+03 2.203999999999999898e-11 2.015600000000000000e+04 1.600000000000000000e+01
5.252000000000000000e+03 2.188599999999999944e-11 2.013700000000000000e+04 1.600000000000000000e+01
5.268000000000000000e+03 2.161399999999999898e-11 2.000800000000000000e+04 1.600000000000000000e+01
5.284000000000000000e+03 2.144299999999999900e-11 1.997100000000000000e+04 1.600000000000000000e+01
5.300000000000000000e+03 2.129499999999999923e-11 1.995300000000000000e+04 1.600000000000000000e+01
5.316000000000000000e+03 2.099200000000000103e-11 1.978800000000000000e+04 1.600000000000000000e+01
5.332000000000000000e+03 2.084700000000000114e-11 1.977000000000000000e+04 1.600000000000000000e+01
5.348000000000000000e+03 2.079899999999999973e-11 1.984300000000000000e+04 1.600000000000000000e+01
5.364000000000000000e+03 2.061799999999999797e-11 1.978800000000000000e+04 1.600000000000000000e+01
5.380000000000000000e+03 2.047599999999999797e-11 1.977000000000000000e+04 1.600000000000000000e+01
5.396000000000000000e+03 2.028000000000000002e-11 1.969700000000000000e+04 1.600000000000000000e+01
5.412000000000000000e+03 2.014199999999999879e-11 1.967900000000000000e+04 1.600000000000000000e+01
5.428000000000000000e+03 1.991299999999999886e-11 1.957000000000000000e+04 1.600000000000000000e+01
5.444000000000000000e+03 1.977800000000000075e-11 1.955200000000000000e+04 1.600000000000000000e+01
5.460000000000000000e+03 1.960799999999999965e-11 1.949800000000000000e+04 1.600000000000000000e+01
5.476000000000000000e+03 1.943999999999999956e-11 1.944500000000000000e+04 1.600000000000000000e+01
5.492000000000000000e+03 1.932699999999999954e-11 1.944500000000000000e+04 1.600000000000000000e+01
5.508000000000000000e+03 1.912600000000000070e-11 1.935500000000000000e+04 1.600000000000000000e+01
5.524000000000000000e+03 1.905100000000000031e-11 1.939100000000000000e+04 1.600000000000000000e+01
5.540000000000000000e+03 1.885400000000000024e-11 1.930200000000000000e+04 1.600000000000000000e+01
5.556000000000000000e+03 1.877999999999999874e-11 1.933700000000000000e+04 1.600000000000000000e+01
5.572000000000000000e+03 1.858599999999999855e-11 1.924900000000000000e+04 1.600000000000000000e+01
5.588000000000000000e+03 1.842899999999999912e-11 1.919500000000000000e+04 1.600000000000000000e+01
5.604000000000000000e+03 1.823999999999999983e-11 1.910700000000000000e+04 1.600000000000000000e+01
5.620000000000000000e+03 1.806999999999999873e-11 1.903700000000000000e+04 1.600000000000000000e+01
5.636000000000000000e+03 1.788499999999999821e-11 1.895000000000000000e+04 1.600000000000000000e+01
5.652000000000000000e+03 1.773399999999999855e-11 1.889700000000000000e+04 1.600000000000000000e+01
5.668000000000000000e+03 1.755300000000000003e-11 1.881100000000000000e+04 1.600000000000000000e+01
5.684000000000000000e+03 1.735899999999999984e-11 1.870700000000000000e+04 1.600000000000000000e+01
5.700000000000000000e+03 1.718200000000000009e-11 1.862100000000000000e+04 1.600000000000000000e+01
5.716000000000000000e+03 1.703900000000000121e-11 1.857000000000000000e+04 1.600000000000000000e+01
5.732000000000000000e+03 1.684999999999999868e-11 1.846700000000000000e+04 1.600000000000000000e+01
5.748000000000000000e+03 1.669500000000000025e-11 1.839900000000000000e+04 1.600000000000000000e+01
5.764000000000000000e+03 1.652599999999999804e-11 1.831500000000000000e+04 1.600000000000000000e+01
5.780000000000000000e+03 1.641999999999999991e-11 1.829800000000000000e+04 1.600000000000000000e+01
5.796000000000000000e+03 1.634400000000000064e-11 1.831500000000000000e+04 1.600000000000000000e+01
5.812000000000000000e+03 1.631399999999999854e-11 1.838200000000000000e+04 1.600000000000000000e+01
5.828000000000000000e+03 1.625499999999999970e-11 1.841600000000000000e+04 1.600000000000000000e+01
5.844000000000000000e+03 1.616599999999999877e-11 1.841600000000000000e+04 1.600000000000000000e+01
5.860000000000000000e+03 1.600399999999999845e-11 1.833200000000000000e+04 1.600000000000000000e+01
5.876000000000000000e+03 1.578500000000000029e-11 1.818000000000000000e+04 1.600000000000000000e+01
5.892000000000000000e+03 1.549899999999999929e-11 1.794700000000000000e+04 1.600000000000000000e+01
5.908000000000000000e+03 1.545799999999999977e-11 1.799700000000000000e+04 1.600000000000000000e+01
5.924000000000000000e+03 1.537399999999999972e-11 1.799700000000000000e+04 1.600000000000000000e+01
5.940000000000000000e+03 1.522099999999999906e-11 1.791400000000000000e+04 1.600000000000000000e+01
5.956000000000000000e+03 1.508399999999999995e-11 1.784800000000000000e+04 1.600000000000000000e+01
5.972000000000000000e+03 1.497499999999999869e-11 1.781600000000000000e+04 1.600000000000000000e+01
5.988000000000000000e+03 1.486799999999999844e-11 1.778300000000000000e+04 1.600000000000000000e+01
6.004000000000000000e+03 1.478899999999999928e-11 1.778300000000000000e+04 1.600000000000000000e+01
6.020000000000000000e+03 1.464300000000000051e-11 1.770100000000000000e+04 1.600000000000000000e+01
6.036000000000000000e+03 1.452499999999999960e-11 1.765200000000000000e+04 1.600000000000000000e+01
6.052000000000000000e+03 1.442199999999999974e-11 1.762000000000000000e+04 1.600000000000000000e+01
6.068000000000000000e+03 1.430599999999999983e-11 1.757100000000000000e+04 1.600000000000000000e+01
6.084000000000000000e+03 1.415299999999999917e-11 1.747400000000000000e+04 1.600000000000000000e+01
6.100000000000000000e+03 1.409199999999999933e-11 1.749000000000000000e+04 1.600000000000000000e+01
6.116000000000000000e+03 1.396599999999999926e-11 1.742600000000000000e+04 1.600000000000000000e+01
6.132000000000000000e+03 1.386800000000000028e-11 1.739400000000000000e+04 1.600000000000000000e+01
6.148000000000000000e+03 1.368199999999999926e-11 1.725000000000000000e+04 1.600000000000000000e+01
6.164000000000000000e+03 1.353600000000000048e-11 1.715500000000000000e+04 1.600000000000000000e+01
6.180000000000000000e+03 1.354099999999999976e-11 1.725000000000000000e+04 1.600000000000000000e+01
6.196000000000000000e+03 1.339700000000000037e-11 1.715500000000000000e+04 1.600000000000000000e+01
6.212000000000000000e+03 1.332799999999999975e-11 1.715500000000000000e+04 1.600000000000000000e+01
6.228000000000000000e+03 1.322300000000000050e-11 1.710800000000000000e+04 1.600000000000000000e+01
6.244000000000000000e+03 1.308299999999999989e-11 1.701400000000000000e+04 1.600000000000000000e+01
6.260000000000000000e+03 1.296800000000000048e-11 1.695100000000000000e+04 1.600000000000000000e+01
6.276000000000000000e+03 1.261999999999999914e-11 1.658100000000000000e+04 1.600000000000000000e+01
6.292000000000000000e+03 1.253299999999999920e-11 1.655000000000000000e+04 1.600000000000000000e+01
6.308000000000000000e+03 1.256100000000000030e-11 1.667200000000000000e+04 1.600000000000000000e+01
6.324000000000000000e+03 1.254399999999999986e-11 1.673400000000000000e+04 1.600000000000000000e+01
6.340000000000000000e+03 1.244599999999999927e-11 1.668800000000000000e+04 1.600000000000000000e+01
6.356000000000000000e+03 1.239499999999999959e-11 1.670300000000000000e+04 1.600000000000000000e+01
6.372000000000000000e+03 1.233299999999999925e-11 1.670300000000000000e+04 1.600000000000000000e+01
6.388000000000000000e+03 1.224899999999999920e-11 1.667200000000000000e+04 1.600000000000000000e+01
6.404000000000000000e+03 1.220999999999999907e-11 1.670300000000000000e+04 1.600000000000000000e+01
6.420000000000000000e+03 1.212699999999999952e-11 1.667200000000000000e+04 1.600000000000000000e+01
6.436000000000000000e+03 1.204500000000000048e-11 1.664200000000000000e+04 1.600000000000000000e+01
6.452000000000000000e+03 1.194100000000000011e-11 1.658100000000000000e+04 1.600000000000000000e+01
6.468000000000000000e+03 1.181600000000000054e-11 1.648900000000000000e+04 1.600000000000000000e+01
6.484000000000000000e+03 1.170399999999999940e-11 1.641300000000000000e+04 1.600000000000000000e+01
6.500000000000000000e+03 1.159300000000000038e-11 1.633800000000000000e+04 1.600000000000000000e+01
6.516000000000000000e+03 1.141999999999999940e-11 1.617300000000000000e+04 1.600000000000000000e+01
6.532000000000000000e+03 1.106400000000000052e-11 1.574700000000000000e+04 1.600000000000000000e+01
6.548000000000000000e+03 9.678399999999999634e-12 1.384200000000000000e+04 1.600000000000000000e+01
6.564000000000000000e+03 8.137299999999999264e-12 1.169500000000000000e+04 1.600000000000000000e+01
6.580000000000000000e+03 9.999299999999999206e-12 1.444100000000000000e+04 1.600000000000000000e+01
6.596000000000000000e+03 1.087099999999999922e-11 1.577600000000000000e+04 1.600000000000000000e+01
6.612000000000000000e+03 1.102899999999999915e-11 1.608400000000000000e+04 1.600000000000000000e+01
6.628000000000000000e+03 1.102699999999999976e-11 1.615800000000000000e+04 1.600000000000000000e+01
6.644000000000000000e+03 1.099399999999999940e-11 1.618800000000000000e+04 1.600000000000000000e+01
6.660000000000000000e+03 1.095100000000000049e-11 1.620300000000000000e+04 1.600000000000000000e+01
6.676000000000000000e+03 1.088900000000000015e-11 1.618800000000000000e+04 1.600000000000000000e+01
6.692000000000000000e+03 1.083699999999999997e-11 1.618800000000000000e+04 1.600000000000000000e+01
6.708000000000000000e+03 1.073599999999999949e-11 1.611400000000000000e+04 1.600000000000000000e+01
6.724000000000000000e+03 1.068499999999999981e-11 1.611400000000000000e+04 1.600000000000000000e+01
6.740000000000000000e+03 1.060500000000000015e-11 1.606900000000000000e+04 1.600000000000000000e+01
6.756000000000000000e+03 1.052500000000000049e-11 1.602500000000000000e+04 1.600000000000000000e+01
6.772000000000000000e+03 1.041800000000000024e-11 1.593700000000000000e+04 1.600000000000000000e+01
6.788000000000000000e+03 1.035899999999999978e-11 1.592200000000000000e+04 1.600000000000000000e+01
6.804000000000000000e+03 1.027300000000000035e-11 1.586400000000000000e+04 1.600000000000000000e+01
6.820000000000000000e+03 1.019699999999999946e-11 1.582000000000000000e+04 1.600000000000000000e+01
6.836000000000000000e+03 1.012999999999999985e-11 1.579100000000000000e+04 1.600000000000000000e+01
6.852000000000000000e+03 9.926200000000000255e-12 1.554500000000000000e+04 1.600000000000000000e+01
6.868000000000000000e+03 8.636899999999999276e-12 1.358900000000000000e+04 1.600000000000000000e+01
6.884000000000000000e+03 8.612699999999999440e-12 1.361400000000000000e+04 1.600000000000000000e+01
6.900000000000000000e+03 8.894499999999999309e-12 1.412500000000000000e+04 1.600000000000000000e+01
6.916000000000000000e+03 9.253599999999999263e-12 1.476400000000000000e+04 1.600000000000000000e+01
6.932000000000000000e+03 9.382199999999999342e-12 1.503800000000000000e+04 1.600000000000000000e+01
6.948000000000000000e+03 9.390799999999999123e-12 1.512200000000000000e+04 1.600000000000000000e+01
6.964000000000000000e+03 9.442900000000000486e-12 1.527600000000000000e+04 1.600000000000000000e+01
6.980000000000000000e+03 9.390999999999999869e-12 1.526200000000000000e+04 1.600000000000000000e+01
6.996000000000000000e+03 9.270900000000000008e-12 1.513600000000000000e+04 1.600000000000000000e+01
7.012000000000000000e+03 9.211599999999999240e-12 1.510800000000000000e+04 1.600000000000000000e+01
7.028000000000000000e+03 9.169700000000000398e-12 1.510800000000000000e+04 1.600000000000000000e+01
7.044000000000000000e+03 9.128100000000000253e-12 1.510800000000000000e+04 1.600000000000000000e+01
7.060000000000000000e+03 9.061699999999999647e-12 1.506600000000000000e+04 1.600000000000000000e+01
7.076000000000000000e+03 9.029099999999999160e-12 1.508000000000000000e+04 1.600000000000000000e+01
7.092000000000000000e+03 8.963599999999999489e-12 1.503800000000000000e+04 1.600000000000000000e+01
7.108000000000000000e+03 8.906900000000000347e-12 1.501100000000000000e+04 1.600000000000000000e+01
7.124000000000000000e+03 8.842399999999999562e-12 1.496900000000000000e+04 1.600000000000000000e+01
7.140000000000000000e+03 8.762399999999999902e-12 1.490000000000000000e+04 1.600000000000000000e+01
7.156000000000000000e+03 8.603600000000000216e-12 1.469600000000000000e+04 1.600000000000000000e+01
7.172000000000000000e+03 8.194799999999999776e-12 1.406000000000000000e+04 1.600000000000000000e+01
7.188000000000000000e+03 7.856000000000000453e-12 1.353900000000000000e+04 1.600000000000000000e+01
7.204000000000000000e+03 7.981300000000000333e-12 1.381600000000000000e+04 1.600000000000000000e+01
7.220000000000000000e+03 8.221400000000000491e-12 1.429500000000000000e+04 1.600000000000000000e+01
7.236000000000000000e+03 7.932699999999999914e-12 1.385500000000000000e+04 1.600000000000000000e+01
7.252000000000000000e+03 7.875999999999999156e-12 1.381600000000000000e+04 1.600000000000000000e+01
7.268000000000000000e+03 7.862999999999999110e-12 1.385500000000000000e+04 1.600000000000000000e+01
7.284000000000000000e+03 7.843000000000000407e-12 1.388000000000000000e+04 1.600000000000000000e+01
7.300000000000000000e+03 7.830199999999999492e-12 1.391900000000000000e+04 1.600000000000000000e+01
7.316000000000000000e+03 7.860900000000000159e-12 1.403500000000000000e+04 1.600000000000000000e+01
7.332000000000000000e+03 7.950199999999999789e-12 1.425600000000000000e+04 1.600000000000000000e+01
7.348000000000000000e+03 7.922900000000000501e-12 1.426900000000000000e+04 1.600000000000000000e+01
7.364000000000000000e+03 7.881199999999999174e-12 1.425600000000000000e+04 1.600000000000000000e+01
7.380000000000000000e+03 7.839799999999999775e-12 1.424300000000000000e+04 1.600000000000000000e+01
7.396000000000000000e+03 7.820400000000000079e-12 1.426900000000000000e+04 1.600000000000000000e+01
7.412000000000000000e+03 7.772299999999999103e-12 1.424300000000000000e+04 1.600000000000000000e+01
7.428000000000000000e+03 7.731699999999999458e-12 1.423000000000000000e+04 1.600000000000000000e+01
7.444000000000000000e+03 7.677300000000000013e-12 1.419100000000000000e+04 1.600000000000000000e+01
7.460000000000000000e+03 7.630299999999999102e-12 1.416400000000000000e+04 1.600000000000000000e+01
7.476000000000000000e+03 7.569699999999999138e-12 1.411200000000000000e+04 1.600000000000000000e+01
7.492000000000000000e+03 7.544399999999999236e-12 1.412500000000000000e+04 1.600000000000000000e+01
7.508000000000000000e+03 7.512299999999999807e-12 1.412500000000000000e+04 1.600000000000000000e+01
7.524000000000000000e+03 7.459700000000000617e-12 1.408600000000000000e+04 1.600000000000000000e+01
7.540000000000000000e+03 7.407599999999999253e-12 1.404800000000000000e+04 1.600000000000000000e+01
7.556000000000000000e+03 7.362700000000000525e-12 1.402200000000000000e+04 1.600000000000000000e+01
7.572000000000000000e+03 7.277799999999999544e-12 1.391900000000000000e+04 1.600000000000000000e+01
7.588000000000000000e+03 6.089299999999999913e-12 1.169500000000000000e+04 1.600000000000000000e+01
7.604000000000000000e+03 3.025100000000000105e-12 5.834500000000000000e+03 1.600000000000000000e+01
7.620000000000000000e+03 4.123900000000000230e-12 7.987300000000000182e+03 1.600000000000000000e+01
7.636000000000000000e+03 4.210099999999999600e-12 8.188399999999999636e+03 1.600000000000000000e+01
7.652000000000000000e+03 5.341599999999999777e-12 1.043300000000000000e+04 1.600000000000000000e+01
7.668000000000000000e+03 6.324900000000000242e-12 1.240500000000000000e+04 1.600000000000000000e+01
7.684000000000000000e+03 6.749099999999999989e-12 1.329200000000000000e+04 1.600000000000000000e+01
7.700000000000000000e+03 6.890300000000000236e-12 1.362700000000000000e+04 1.600000000000000000e+01
7.716000000000000000e+03 6.906199999999999794e-12 1.371500000000000000e+04 1.600000000000000000e+01
7.732000000000000000e+03 6.877599999999999694e-12 1.371500000000000000e+04 1.600000000000000000e+01
7.748000000000000000e+03 6.836600000000000172e-12 1.369000000000000000e+04 1.600000000000000000e+01
7.764000000000000000e+03 6.702699999999999702e-12 1.347700000000000000e+04 1.600000000000000000e+01
7.780000000000000000e+03 6.650599999999999955e-12 1.342800000000000000e+04 1.600000000000000000e+01
7.796000000000000000e+03 6.734099999999999750e-12 1.365200000000000000e+04 1.600000000000000000e+01
7.812000000000000000e+03 6.694199999999999486e-12 1.362700000000000000e+04 1.600000000000000000e+01
7.828000000000000000e+03 6.654599999999999534e-12 1.360200000000000000e+04 1.600000000000000000e+01
7.844000000000000000e+03 6.609199999999999747e-12 1.356400000000000000e+04 1.600000000000000000e+01
7.860000000000000000e+03 6.558099999999999692e-12 1.351500000000000000e+04 1.600000000000000000e+01
7.876000000000000000e+03 6.483499999999999990e-12 1.341500000000000000e+04 1.600000000000000000e+01
7.892000000000000000e+03 6.409799999999999607e-12 1.331700000000000000e+04 1.600000000000000000e+01
7.908000000000000000e+03 6.401599999999999703e-12 1.335400000000000000e+04 1.600000000000000000e+01
7.924000000000000000e+03 6.375699999999999985e-12 1.335400000000000000e+04 1.600000000000000000e+01
7.940000000000000000e+03 6.355899999999999605e-12 1.336600000000000000e+04 1.600000000000000000e+01
7.956000000000000000e+03 6.289699999999999746e-12 1.328000000000000000e+04 1.600000000000000000e+01
7.972000000000000000e+03 6.264500000000000216e-12 1.328000000000000000e+04 1.600000000000000000e+01
7.988000000000000000e+03 6.233699999999999984e-12 1.326800000000000000e+04 1.600000000000000000e+01
8.004000000000000000e+03 6.168899999999999695e-12 1.318300000000000000e+04 1.600000000000000000e+01
8.020000000000000000e+03 6.132999999999999817e-12 1.315800000000000000e+04 1.600000000000000000e+01
8.036000000000000000e+03 6.114199999999999938e-12 1.317000000000000000e+04 1.600000000000000000e+01
8.052000000000000000e+03 6.101199999999999892e-12 1.319500000000000000e+04 1.600000000000000000e+01
8.068000000000000000e+03 6.065800000000000265e-12 1.317000000000000000e+04 1.600000000000000000e+01
8.084000000000000000e+03 5.991899999999999944e-12 1.306200000000000000e+04 1.600000000000000000e+01
8.100000000000000000e+03 5.929899999999999602e-12 1.297800000000000000e+04 1.600000000000000000e+01
8.116000000000000000e+03 5.846999999999999622e-12 1.284700000000000000e+04 1.600000000000000000e+01
8.132000000000000000e+03 5.660100000000000086e-12 1.248500000000000000e+04 1.600000000000000000e+01
8.148000000000000000e+03 5.469099999999999789e-12 1.211200000000000000e+04 1.600000000000000000e+01
8.164000000000000000e+03 5.309000000000000097e-12 1.180300000000000000e+04 1.600000000000000000e+01
8.180000000000000000e+03 5.317599999999999879e-12 1.186900000000000000e+04 1.600000000000000000e+01
8.196000000000000000e+03 5.415199999999999786e-12 1.213400000000000000e+04 1.600000000000000000e+01
8.212000000000000000e+03 5.474200000000000242e-12 1.231400000000000000e+04 1.600000000000000000e+01
8.228000000000000000e+03 5.107799999999999703e-12 1.153400000000000000e+04 1.600000000000000000e+01
8.244000000000000000e+03 5.406899999999999509e-12 1.225700000000000000e+04 1.600000000000000000e+01
8.260000000000000000e+03 5.425799999999999761e-12 1.234800000000000000e+04 1.600000000000000000e+01
8.276000000000000000e+03 5.301299999999999635e-12 1.211200000000000000e+04 1.600000000000000000e+01
8.292000000000000000e+03 5.280799999999999874e-12 1.211200000000000000e+04 1.600000000000000000e+01
8.308000000000000000e+03 5.314099999999999742e-12 1.223500000000000000e+04 1.600000000000000000e+01
8.324000000000000000e+03 5.293699999999999547e-12 1.223500000000000000e+04 1.600000000000000000e+01
8.340000000000000000e+03 5.346700000000000230e-12 1.240500000000000000e+04 1.600000000000000000e+01
8.356000000000000000e+03 5.350800000000000182e-12 1.246200000000000000e+04 1.600000000000000000e+01
8.372000000000000000e+03 5.330399999999999986e-12 1.246200000000000000e+04 1.600000000000000000e+01
8.388000000000000000e+03 5.324800000000000091e-12 1.249700000000000000e+04 1.600000000000000000e+01
8.404000000000000000e+03 5.294799999999999613e-12 1.247400000000000000e+04 1.600000000000000000e+01
8.420000000000000000e+03 5.260100000000000174e-12 1.243900000000000000e+04 1.600000000000000000e+01
8.436000000000000000e+03 5.182600000000000151e-12 1.230300000000000000e+04 1.600000000000000000e+01
8.452000000000000000e+03 5.172499999999999619e-12 1.232500000000000000e+04 1.600000000000000000e+01
8.468000000000000000e+03 5.172000000000000176e-12 1.237100000000000000e+04 1.600000000000000000e+01
8.484000000000000000e+03 5.224199999999999489e-12 1.254300000000000000e+04 1.600000000000000000e+01
8.500000000000000000e+03 5.011699999999999739e-12 1.207800000000000000e+04 1.600000000000000000e+01
8.516000000000000000e+03 5.189799999999999555e-12 1.255500000000000000e+04 1.600000000000000000e+01
8.532000000000000000e+03 5.047999999999999493e-12 1.225700000000000000e+04 1.600000000000000000e+01
8.548000000000000000e+03 4.851699999999999612e-12 1.182500000000000000e+04 1.600000000000000000e+01
8.564000000000000000e+03 5.222400000000000042e-12 1.277600000000000000e+04 1.600000000000000000e+01
8.580000000000000000e+03 5.122099999999999753e-12 1.257800000000000000e+04 1.600000000000000000e+01
8.596000000000000000e+03 4.675499999999999616e-12 1.152400000000000000e+04 1.600000000000000000e+01
8.612000000000000000e+03 5.032800000000000123e-12 1.245100000000000000e+04 1.600000000000000000e+01
8.628000000000000000e+03 5.318599999999999572e-12 1.320700000000000000e+04 1.600000000000000000e+01
8.644000000000000000e+03 5.083799999999999805e-12 1.267100000000000000e+04 1.600000000000000000e+01
8.660000000000000000e+03 4.435899999999999708e-12 1.109700000000000000e+04 1.600000000000000000e+01
8.676000000000000000e+03 4.713899999999999937e-12 1.183600000000000000e+04 1.600000000000000000e+01
8.692000000000000000e+03 5.245400000000000247e-12 1.321900000000000000e+04 1.600000000000000000e+01
8.708000000000000000e+03 5.338099999999999640e-12 1.350200000000000000e+04 1.600000000000000000e+01
8.724000000000000000e+03 5.112000000000000028e-12 1.297800000000000000e+04 1.600000000000000000e+01
8.740000000000000000e+03 4.456499999999999842e-12 1.135500000000000000e+04 1.600000000000000000e+01
8.756000000000000000e+03 4.299400000000000037e-12 1.099500000000000000e+04 1.600000000000000000e+01
8.772000000000000000e+03 4.963899999999999882e-12 1.274100000000000000e+04 1.600000000000000000e+01
8.788000000000000000e+03 5.265500000000000131e-12 1.356400000000000000e+04 1.600000000000000000e+01
8.804000000000000000e+03 5.285200000000000138e-12 1.366500000000000000e+04 1.600000000000000000e+01
8.820000000000000000e+03 5.193799999999999942e-12 1.347700000000000000e+04 1.600000000000000000e+01
8.836000000000000000e+03 4.919400000000000223e-12 1.281100000000000000e+04 1.600000000000000000e+01
8.852000000000000000e+03 4.218300000000000312e-12 1.102600000000000000e+04 1.600000000000000000e+01
8.868000000000000000e+03 4.010200000000000017e-12 1.052000000000000000e+04 1.600000000000000000e+01
8.884000000000000000e+03 4.716300000000000008e-12 1.241700000000000000e+04 1.600000000000000000e+01
8.900000000000000000e+03 5.021599999999999525e-12 1.326800000000000000e+04 1.600000000000000000e+01
8.916000000000000000e+03 5.068500000000000062e-12 1.344000000000000000e+04 1.600000000000000000e+01
8.932000000000000000e+03 5.027200000000000228e-12 1.337800000000000000e+04 1.600000000000000000e+01
8.948000000000000000e+03 4.886199999999999920e-12 1.305000000000000000e+04 1.600000000000000000e+01
8.964000000000000000e+03 4.615500000000000276e-12 1.237100000000000000e+04 1.600000000000000000e+01
8.980000000000000000e+03 4.335800000000000165e-12 1.166300000000000000e+04 1.600000000000000000e+01
8.996000000000000000e+03 3.808199999999999868e-12 1.028000000000000000e+04 1.600000000000000000e+01
9.012000000000000000e+03 3.286800000000000091e-12 8.904299999999999272e+03 1.600000000000000000e+01
9.028000000000000000e+03 3.837399999999999784e-12 1.043300000000000000e+04 1.600000000000000000e+01
9.044000000000000000e+03 4.467899999999999572e-12 1.219000000000000000e+04 1.600000000000000000e+01
9.060000000000000000e+03 4.476799999999999665e-12 1.225700000000000000e+04 1.600000000000000000e+01
9.076000000000000000e+03 4.315499999999999534e-12 1.185800000000000000e+04 1.600000000000000000e+01
9.092000000000000000e+03 4.308300000000000131e-12 1.188000000000000000e+04 1.600000000000000000e+01
9.108000000000000000e+03 4.360900000000000129e-12 1.206700000000000000e+04 1.600000000000000000e+01
9.124000000000000000e+03 4.313700000000000087e-12 1.197800000000000000e+04 1.600000000000000000e+01
9.140000000000000000e+03 4.259200000000000269e-12 1.186900000000000000e+04 1.600000000000000000e+01
9.156000000000000000e+03 4.217099999999999873e-12 1.179200000000000000e+04 1.600000000000000000e+01
9.172000000000000000e+03 4.202399999999999946e-12 1.179200000000000000e+04 1.600000000000000000e+01
9.188000000000000000e+03 4.187700000000000018e-12 1.179200000000000000e+04 1.600000000000000000e+01
9.204000000000000000e+03 4.025899999999999638e-12 1.137600000000000000e+04 1.600000000000000000e+01
9.220000000000000000e+03 3.371000000000000075e-12 9.558700000000000728e+03 1.600000000000000000e+01
9.236000000000000000e+03 3.300999999999999768e-12 9.392899999999999636e+03 1.600000000000000000e+01
9.252000000000000000e+03 3.861399999999999682e-12 1.102600000000000000e+04 1.600000000000000000e+01
9.268000000000000000e+03 4.033200000000000222e-12 1.155600000000000000e+04 1.600000000000000000e+01
9.284000000000000000e+03 3.899000000000000249e-12 1.121000000000000000e+04 1.600000000000000000e+01
9.300000000000000000e+03 3.563299999999999973e-12 1.028000000000000000e+04 1.600000000000000000e+01
9.316000000000000000e+03 3.030799999999999970e-12 8.774100000000000364e+03 1.600000000000000000e+01
9.332000000000000000e+03 2.647700000000000118e-12 7.691300000000000182e+03 1.600000000000000000e+01
9.348000000000000000e+03 2.543199999999999907e-12 7.413100000000000364e+03 1.600000000000000000e+01
9.364000000000000000e+03 2.651499999999999759e-12 7.755300000000000182e+03 1.600000000000000000e+01
9.380000000000000000e+03 2.818499999999999754e-12 8.271799999999999272e+03 1.600000000000000000e+01
9.396000000000000000e+03 3.411399999999999782e-12 1.004600000000000000e+04 1.600000000000000000e+01
9.412000000000000000e+03 3.310199999999999769e-12 9.781299999999999272e+03 1.600000000000000000e+01
9.428000000000000000e+03 2.962000000000000102e-12 8.782100000000000364e+03 1.600000000000000000e+01
9.444000000000000000e+03 2.879499999999999999e-12 8.566399999999999636e+03 1.600000000000000000e+01
9.460000000000000000e+03 2.917699999999999977e-12 8.709600000000000364e+03 1.600000000000000000e+01
9.476000000000000000e+03 2.989299999999999793e-12 8.953600000000000364e+03 1.600000000000000000e+01
9.492000000000000000e+03 2.890000000000000004e-12 8.685600000000000364e+03 1.600000000000000000e+01
9.508000000000000000e+03 2.988400000000000070e-12 9.011600000000000364e+03 1.600000000000000000e+01
9.524000000000000000e+03 2.654500000000000049e-12 8.031600000000000364e+03 1.600000000000000000e+01
9.540000000000000000e+03 2.353500000000000019e-12 7.144899999999999636e+03 1.600000000000000000e+01
9.556000000000000000e+03 2.420300000000000097e-12 7.372199999999999818e+03 1.600000000000000000e+01
9.572000000000000000e+03 2.908100000000000099e-12 8.887899999999999636e+03 1.600000000000000000e+01
9.588000000000000000e+03 2.979599999999999946e-12 9.136899999999999636e+03 1.600000000000000000e+01
9.604000000000000000e+03 3.164600000000000066e-12 9.736399999999999636e+03 1.600000000000000000e+01
9.620000000000000000e+03 3.195000000000000018e-12 9.862799999999999272e+03 1.600000000000000000e+01
9.636000000000000000e+03 3.255599999999999981e-12 1.008300000000000000e+04 1.600000000000000000e+01
9.652000000000000000e+03 3.329599999999999868e-12 1.034700000000000000e+04 1.600000000000000000e+01
9.668000000000000000e+03 3.405200000000000071e-12 1.061700000000000000e+04 1.600000000000000000e+01
9.684000000000000000e+03 3.596699999999999810e-12 1.125100000000000000e+04 1.600000000000000000e+01
9.700000000000000000e+03 3.614699999999999936e-12 1.134500000000000000e+04 1.600000000000000000e+01
9.716000000000000000e+03 3.592899999999999766e-12 1.131400000000000000e+04 1.600000000000000000e+01
9.732000000000000000e+03 3.489899999999999902e-12 1.102600000000000000e+04 1.600000000000000000e+01
9.748000000000000000e+03 3.427600000000000056e-12 1.086400000000000000e+04 1.600000000000000000e+01
9.764000000000000000e+03 3.429000000000000030e-12 1.090400000000000000e+04 1.600000000000000000e+01
9.780000000000000000e+03 3.468500000000000013e-12 1.106600000000000000e+04 1.600000000000000000e+01
9.796000000000000000e+03 3.444500000000000116e-12 1.102600000000000000e+04 1.600000000000000000e+01
9.812000000000000000e+03 3.532700000000000083e-12 1.134500000000000000e+04 1.600000000000000000e+01
9.828000000000000000e+03 3.530899999999999828e-12 1.137600000000000000e+04 1.600000000000000000e+01
9.844000000000000000e+03 3.571699999999999816e-12 1.154500000000000000e+04 1.600000000000000000e+01
9.860000000000000000e+03 3.606300000000000093e-12 1.169500000000000000e+04 1.600000000000000000e+01
9.876000000000000000e+03 3.588000000000000060e-12 1.167300000000000000e+04 1.600000000000000000e+01
9.892000000000000000e+03 3.566599999999999767e-12 1.164100000000000000e+04 1.600000000000000000e+01
9.908000000000000000e+03 3.519199999999999787e-12 1.152400000000000000e+04 1.600000000000000000e+01
9.924000000000000000e+03 3.524099999999999898e-12 1.157700000000000000e+04 1.600000000000000000e+01
9.940000000000000000e+03 3.532199999999999833e-12 1.164100000000000000e+04 1.600000000000000000e+01
9.956000000000000000e+03 3.491800000000000126e-12 1.154500000000000000e+04 1.600000000000000000e+01
9.972000000000000000e+03 3.503099999999999886e-12 1.162000000000000000e+04 1.600000000000000000e+01
9.988000000000000000e+03 3.428199999999999872e-12 1.140800000000000000e+04 1.600000000000000000e+01
1.000400000000000000e+04 3.401499999999999996e-12 1.135500000000000000e+04 1.600000000000000000e+01
1.002000000000000000e+04 3.217300000000000034e-12 1.077500000000000000e+04 1.600000000000000000e+01
1.003600000000000000e+04 2.834600000000000059e-12 9.523600000000000364e+03 1.600000000000000000e+01
1.005200000000000000e+04 2.541699999999999964e-12 8.566399999999999636e+03 1.600000000000000000e+01
1.006800000000000000e+04 3.009799999999999958e-12 1.017700000000000000e+04 1.600000000000000000e+01
1.008400000000000000e+04 3.259499999999999995e-12 1.105600000000000000e+04 1.600000000000000000e+01
1.010000000000000000e+04 3.306600000000000067e-12 1.125100000000000000e+04 1.600000000000000000e+01
1.011600000000000000e+04 3.338899999999999839e-12 1.139700000000000000e+04 1.600000000000000000e+01
1.013200000000000000e+04 3.393400000000000061e-12 1.162000000000000000e+04 1.600000000000000000e+01
1.014800000000000000e+04 3.392000000000000087e-12 1.165200000000000000e+04 1.600000000000000000e+01
1.016400000000000000e+04 3.310500000000000081e-12 1.140800000000000000e+04 1.600000000000000000e+01
1.018000000000000000e+04 3.293999999999999899e-12 1.138700000000000000e+04 1.600000000000000000e+01
1.019600000000000000e+04 3.274599999999999800e-12 1.135500000000000000e+04 1.600000000000000000e+01
1.021200000000000000e+04 3.270399999999999878e-12 1.137600000000000000e+04 1.600000000000000000e+01
1.022800000000000000e+04 3.233299999999999965e-12 1.128200000000000000e+04 1.600000000000000000e+01
1.024400000000000000e+04 3.316499999999999853e-12 1.160900000000000000e+04 1.600000000000000000e+01
1.026000000000000000e+04 3.275899999999999804e-12 1.150300000000000000e+04 1.600000000000000000e+01
1.027600000000000000e+04 3.244700000000000099e-12 1.142900000000000000e+04 1.600000000000000000e+01
1.029200000000000000e+04 3.258499999999999898e-12 1.151300000000000000e+04 1.600000000000000000e+01
1.030800000000000000e+04 3.177399999999999769e-12 1.126200000000000000e+04 1.600000000000000000e+01
1.032400000000000000e+04 3.036199999999999927e-12 1.079400000000000000e+04 1.600000000000000000e+01
1.034000000000000000e+04 2.933499999999999971e-12 1.046200000000000000e+04 1.600000000000000000e+01
1.035600000000000000e+04 3.076400000000000099e-12 1.100500000000000000e+04 1.600000000000000000e+01
1.037200000000000000e+04 3.161499999999999807e-12 1.134500000000000000e+04 1.600000000000000000e+01
1.038800000000000000e+04 2.968600000000000094e-12 1.068600000000000000e+04 1.600000000000000000e+01
