3.300000000000000000e+03 1.607700000000000107e-11 5.839800000000000182e+03 1.600000000000000000e+01
3.316000000000000000e+03 1.590699999999999997e-11 5.834500000000000000e+03 1.600000000000000000e+01
3.332000000000000000e+03 1.597399999999999959e-11 5.915600000000000364e+03 1.600000000000000000e+01
3.348000000000000000e+03 1.601199999999999922e-11 5.986899999999999636e+03 1.600000000000000000e+01
3.364000000000000000e+03 1.608099999999999984e-11 6.070100000000000364e+03 1.600000000000000000e+01
3.380000000000000000e+03 1.598800000000000013e-11 6.092600000000000364e+03 1.600000000000000000e+01
3.396000000000000000e+03 1.598399999999999813e-11 6.148899999999999636e+03 1.600000000000000000e+01
3.412000000000000000e+03 1.589299999999999943e-11 6.171600000000000364e+03 1.600000000000000000e+01
3.428000000000000000e+03 1.575900000000000020e-11 6.177300000000000182e+03 1.600000000000000000e+01
3.444000000000000000e+03 1.549899999999999929e-11 6.132000000000000000e+03 1.600000000000000000e+01
3.460000000000000000e+03 1.539799999999999881e-11 6.148899999999999636e+03 1.600000000000000000e+01
3.476000000000000000e+03 1.537000000000000095e-11 6.194399999999999636e+03 1.600000000000000000e+01
3.492000000000000000e+03 1.538399999999999826e-11 6.257500000000000000e+03 1.600000000000000000e+01
3.508000000000000000e+03 1.544199999999999822e-11 6.338699999999999818e+03 1.600000000000000000e+01
3.524000000000000000e+03 1.557199999999999867e-11 6.450600000000000364e+03 1.600000000000000000e+01
3.540000000000000000e+03 1.548900000000000074e-11 6.474399999999999636e+03 1.600000000000000000e+01
3.556000000000000000e+03 1.551999999999999849e-11 6.546399999999999636e+03 1.600000000000000000e+01
3.572000000000000000e+03 1.545199999999999999e-11 6.576600000000000364e+03 1.600000000000000000e+01
3.588000000000000000e+03 1.548499999999999874e-11 6.649699999999999818e+03 1.600000000000000000e+01
3.604000000000000000e+03 1.543299999999999856e-11 6.686500000000000000e+03 1.600000000000000000e+01
3.620000000000000000e+03 1.548099999999999997e-11 6.767100000000000364e+03 1.600000000000000000e+01
3.636000000000000000e+03 1.550100000000000029e-11 6.835899999999999636e+03 1.600000000000000000e+01
3.652000000000000000e+03 1.555099999999999947e-11 6.918300000000000182e+03 1.600000000000000000e+01
3.668000000000000000e+03 1.548699999999999974e-11 6.950199999999999818e+03 1.600000000000000000e+01
3.684000000000000000e+03 1.562399999999999886e-11 7.072899999999999636e+03 1.600000000000000000e+01
3.700000000000000000e+03 1.639900000000000070e-11 7.488600000000000364e+03 1.600000000000000000e+01
3.716000000000000000e+03 1.795800000000000083e-11 8.271799999999999272e+03 1.600000000000000000e+01
3.732000000000000000e+03 2.018100000000000054e-11 9.375600000000000364e+03 1.600000000000000000e+01
3.748000000000000000e+03 2.272099999999999901e-11 1.064600000000000000e+04 1.600000000000000000e+01
3.764000000000000000e+03 2.548700000000000075e-11 1.204500000000000000e+04 1.600000000000000000e+01
3.780000000000000000e+03 2.947399999999999820e-11 1.404800000000000000e+04 1.600000000000000000e+01
3.796000000000000000e+03 2.968699999999999659e-11 1.426900000000000000e+04 1.600000000000000000e+01
3.812000000000000000e+03 3.555600000000000238e-11 1.723400000000000000e+04 1.600000000000000000e+01
3.828000000000000000e+03 3.070999999999999657e-11 1.501100000000000000e+04 1.600000000000000000e+01
3.844000000000000000e+03 3.617900000000000245e-11 1.783200000000000000e+04 1.600000000000000000e+01
3.860000000000000000e+03 4.192200000000000009e-11 2.083500000000000000e+04 1.600000000000000000e+01
3.876000000000000000e+03 3.451899999999999862e-11 1.729800000000000000e+04 1.600000000000000000e+01
3.892000000000000000e+03 3.266400000000000218e-11 1.650400000000000000e+04 1.600000000000000000e+01
3.908000000000000000e+03 4.196699999999999839e-11 2.138000000000000000e+04 1.600000000000000000e+01
3.924000000000000000e+03 4.374799999999999978e-11 2.247000000000000000e+04 1.600000000000000000e+01
3.940000000000000000e+03 4.182399999999999950e-11 2.165700000000000000e+04 1.600000000000000000e+01
3.956000000000000000e+03 3.384599999999999614e-11 1.766900000000000000e+04 1.600000000000000000e+01
3.972000000000000000e+03 3.045099999999999778e-11 1.602500000000000000e+04 1.600000000000000000e+01
3.988000000000000000e+03 3.996800000000000095e-11 2.120300000000000000e+04 1.600000000000000000e+01
4.004000000000000000e+03 4.355399999999999637e-11 2.329200000000000000e+04 1.600000000000000000e+01
4.020000000000000000e+03 4.397099999999999995e-11 2.370300000000000000e+04 1.600000000000000000e+01
4.036000000000000000e+03 4.406699999999999631e-11 2.394400000000000000e+04 1.600000000000000000e+01
4.052000000000000000e+03 4.331899999999999667e-11 2.372500000000000000e+04 1.600000000000000000e+01
4.068000000000000000e+03 4.119600000000000177e-11 2.274000000000000000e+04 1.600000000000000000e+01
4.084000000000000000e+03 3.418599999999999832e-11 1.902000000000000000e+04 1.600000000000000000e+01
4.100000000000000000e+03 2.762199999999999842e-11 1.548800000000000000e+04 1.600000000000000000e+01
4.116000000000000000e+03 3.517799999999999733e-11 1.987900000000000000e+04 1.600000000000000000e+01
4.132000000000000000e+03 3.967299999999999705e-11 2.259400000000000000e+04 1.600000000000000000e+01
4.148000000000000000e+03 4.069500000000000138e-11 2.335600000000000000e+04 1.600000000000000000e+01
4.164000000000000000e+03 4.042000000000000104e-11 2.337800000000000000e+04 1.600000000000000000e+01
4.180000000000000000e+03 3.992699999999999819e-11 2.327000000000000000e+04 1.600000000000000000e+01
4.196000000000000000e+03 3.984300000000000138e-11 2.339900000000000000e+04 1.600000000000000000e+01
4.212000000000000000e+03 3.954100000000000206e-11 2.339900000000000000e+04 1.600000000000000000e+01
4.228000000000000000e+03 3.906199999999999653e-11 2.329200000000000000e+04 1.600000000000000000e+01
4.244000000000000000e+03 3.862500000000000233e-11 2.320600000000000000e+04 1.600000000000000000e+01
4.260000000000000000e+03 3.798399999999999648e-11 2.299300000000000000e+04 1.600000000000000000e+01
4.276000000000000000e+03 3.752699999999999873e-11 2.288700000000000000e+04 1.600000000000000000e+01
4.292000000000000000e+03 3.663499999999999808e-11 2.251100000000000000e+04 1.600000000000000000e+01
4.308000000000000000e+03 3.485499999999999880e-11 2.157700000000000000e+04 1.600000000000000000e+01
4.324000000000000000e+03 2.912400000000000071e-11 1.816300000000000000e+04 1.600000000000000000e+01
4.340000000000000000e+03 2.389099999999999988e-11 1.501100000000000000e+04 1.600000000000000000e+01
4.356000000000000000e+03 3.072200000000000258e-11 1.944500000000000000e+04 1.600000000000000000e+01
4.372000000000000000e+03 3.447100000000000044e-11 2.197900000000000000e+04 1.600000000000000000e+01
4.388000000000000000e+03 3.466499999999999739e-11 2.226400000000000000e+04 1.600000000000000000e+01
4.404000000000000000e+03 3.457200000000000092e-11 2.236700000000000000e+04 1.600000000000000000e+01
4.420000000000000000e+03 3.422700000000000108e-11 2.230500000000000000e+04 1.600000000000000000e+01
4.436000000000000000e+03 3.416900000000000112e-11 2.242800000000000000e+04 1.600000000000000000e+01
4.452000000000000000e+03 3.398699999999999725e-11 2.247000000000000000e+04 1.600000000000000000e+01
4.468000000000000000e+03 3.346499999999999766e-11 2.228400000000000000e+04 1.600000000000000000e+01
4.484000000000000000e+03 3.307399999999999741e-11 2.218200000000000000e+04 1.600000000000000000e+01
4.500000000000000000e+03 3.320400000000000109e-11 2.242800000000000000e+04 1.600000000000000000e+01
4.516000000000000000e+03 3.296999999999999704e-11 2.242800000000000000e+04 1.600000000000000000e+01
4.532000000000000000e+03 3.264699999999999852e-11 2.236700000000000000e+04 1.600000000000000000e+01
4.548000000000000000e+03 3.217899999999999688e-11 2.220200000000000000e+04 1.600000000000000000e+01
4.564000000000000000e+03 3.195399999999999895e-11 2.220200000000000000e+04 1.600000000000000000e+01
4.580000000000000000e+03 3.167299999999999883e-11 2.216100000000000000e+04 1.600000000000000000e+01
4.596000000000000000e+03 3.162699999999999842e-11 2.228400000000000000e+04 1.600000000000000000e+01
4.612000000000000000e+03 3.140800000000000026e-11 2.228400000000000000e+04 1.600000000000000000e+01
4.628000000000000000e+03 3.099099999999999669e-11 2.214100000000000000e+04 1.600000000000000000e+01
4.644000000000000000e+03 3.092000000000000153e-11 2.224300000000000000e+04 1.600000000000000000e+01
4.660000000000000000e+03 3.056699999999999769e-11 2.214100000000000000e+04 1.600000000000000000e+01
4.676000000000000000e+03 3.035800000000000130e-11 2.214100000000000000e+04 1.600000000000000000e+01
4.692000000000000000e+03 3.006800000000000153e-11 2.208000000000000000e+04 1.600000000000000000e+01
4.708000000000000000e+03 2.980899999999999627e-11 2.203900000000000000e+04 1.600000000000000000e+01
4.724000000000000000e+03 2.949899999999999941e-11 2.195800000000000000e+04 1.600000000000000000e+01
4.740000000000000000e+03 2.916499999999999700e-11 2.185700000000000000e+04 1.600000000000000000e+01
4.756000000000000000e+03 2.888900000000000100e-11 2.179700000000000000e+04 1.600000000000000000e+01
4.772000000000000000e+03 2.853799999999999815e-11 2.167700000000000000e+04 1.600000000000000000e+01
4.788000000000000000e+03 2.832100000000000100e-11 2.165700000000000000e+04 1.600000000000000000e+01
4.804000000000000000e+03 2.792599999999999874e-11 2.149800000000000000e+04 1.600000000000000000e+01
4.820000000000000000e+03 2.733499999999999853e-11 2.118400000000000000e+04 1.600000000000000000e+01
4.836000000000000000e+03 2.552999999999999805e-11 1.991600000000000000e+04 1.600000000000000000e+01
4.852000000000000000e+03 1.965100000000000018e-11 1.543100000000000000e+04 1.600000000000000000e+01
4.868000000000000000e+03 1.927199999999999947e-11 1.523400000000000000e+04 1.600000000000000000e+01
4.884000000000000000e+03 2.491499999999999875e-11 1.982400000000000000e+04 1.600000000000000000e+01
4.900000000000000000e+03 2.649900000000000008e-11 2.122300000000000000e+04 1.600000000000000000e+01
4.916000000000000000e+03 2.654599999999999937e-11 2.139900000000000000e+04 1.600000000000000000e+01
4.932000000000000000e+03 2.674099999999999844e-11 2.169700000000000000e+04 1.600000000000000000e+01
4.948000000000000000e+03 2.666599999999999805e-11 2.177700000000000000e+04 1.600000000000000000e+01
4.964000000000000000e+03 2.647000000000000010e-11 2.175700000000000000e+04 1.600000000000000000e+01
4.980000000000000000e+03 2.629999999999999901e-11 2.175700000000000000e+04 1.600000000000000000e+01
4.996000000000000000e+03 2.596399999999999882e-11 2.161700000000000000e+04 1.600000000000000000e+01
5.012000000000000000e+03 2.560900000000000044e-11 2.145800000000000000e+04 1.600000000000000000e+01
5.028000000000000000e+03 2.544700000000000012e-11 2.145800000000000000e+04 1.600000000000000000e+01
5.044000000000000000e+03 2.528499999999999980e-11 2.145800000000000000e+04 1.600000000000000000e+01
5.060000000000000000e+03 2.517199999999999977e-11 2.149800000000000000e+04 1.600000000000000000e+01
5.076000000000000000e+03 2.510599999999999905e-11 2.157700000000000000e+04 1.600000000000000000e+01
5.092000000000000000e+03 2.494800000000000073e-11 2.157700000000000000e+04 1.600000000000000000e+01
5.108000000000000000e+03 2.479200000000000018e-11 2.157700000000000000e+04 1.600000000000000000e+01
5.124000000000000000e+03 2.461500000000000043e-11 2.155800000000000000e+04 1.600000000000000000e+01
5.140000000000000000e+03 2.437199999999999995e-11 2.147800000000000000e+04 1.600000000000000000e+01
5.156000000000000000e+03 2.406499999999999975e-11 2.134000000000000000e+04 1.600000000000000000e+01
5.172000000000000000e+03 2.365399999999999917e-11 2.110600000000000000e+04 1.600000000000000000e+01
5.188000000000000000e+03 2.359500000000000033e-11 2.118400000000000000e+04 1.600000000000000000e+01
5.204000000000000000e+03 2.358000000000000090e-11 2.130100000000000000e+04 1.600000000000000000e+01
5.220000000000000000e+03 2.337099999999999806e-11 2.124200000000000000e+04 1.600000000000000000e+01
5.236000000000000000e+03 2.316399999999999944e-11 2.118400000000000000e+04 1.600000000000000000e+01
5.252000000000000000e+03 2.302299999999999833e-11 2.118400000000000000e+04 1.600000000000000000e+01
5.268000000000000000e+03 2.277899999999999896e-11 2.108600000000000000e+04 1.600000000000000000e+01
5.284000000000000000e+03 2.270399999999999858e-11 2.114500000000000000e+04 1.600000000000000000e+01
5.300000000000000000e+03 2.265000000000000062e-11 2.122300000000000000e+04 1.600000000000000000e+01
5.316000000000000000e+03 2.230699999999999855e-11 2.102800000000000000e+04 1.600000000000000000e+01
5.332000000000000000e+03 2.219399999999999853e-11 2.104700000000000000e+04 1.600000000000000000e+01
5.348000000000000000e+03 2.218399999999999999e-11 2.116400000000000000e+04 1.600000000000000000e+01
5.364000000000000000e+03 2.201099999999999901e-11 2.112500000000000000e+04 1.600000000000000000e+01
5.380000000000000000e+03 2.192099999999999919e-11 2.116400000000000000e+04 1.600000000000000000e+01
5.396000000000000000e+03 2.169100000000000037e-11 2.106700000000000000e+04 1.600000000000000000e+01
5.412000000000000000e+03 2.150299999999999996e-11 2.100900000000000000e+04 1.600000000000000000e+01
5.428000000000000000e+03 2.139599999999999971e-11 2.102800000000000000e+04 1.600000000000000000e+01
5.444000000000000000e+03 2.125099999999999982e-11 2.100900000000000000e+04 1.600000000000000000e+01
5.460000000000000000e+03 2.110699999999999882e-11 2.098900000000000000e+04 1.600000000000000000e+01
5.476000000000000000e+03 2.100400000000000057e-11 2.100900000000000000e+04 1.600000000000000000e+01
5.492000000000000000e+03 2.084299999999999914e-11 2.097000000000000000e+04 1.600000000000000000e+01
5.508000000000000000e+03 2.074099999999999977e-11 2.098900000000000000e+04 1.600000000000000000e+01
5.524000000000000000e+03 2.058299999999999822e-11 2.095100000000000000e+04 1.600000000000000000e+01
5.540000000000000000e+03 2.046399999999999843e-11 2.095100000000000000e+04 1.600000000000000000e+01
5.556000000000000000e+03 2.040299999999999859e-11 2.100900000000000000e+04 1.600000000000000000e+01
5.572000000000000000e+03 2.028599999999999979e-11 2.100900000000000000e+04 1.600000000000000000e+01
5.588000000000000000e+03 2.009599999999999838e-11 2.093200000000000000e+04 1.600000000000000000e+01
5.604000000000000000e+03 1.998100000000000059e-11 2.093200000000000000e+04 1.600000000000000000e+01
5.620000000000000000e+03 1.981300000000000050e-11 2.087400000000000000e+04 1.600000000000000000e+01
5.636000000000000000e+03 1.966399999999999861e-11 2.083500000000000000e+04 1.600000000000000000e+01
5.652000000000000000e+03 1.953500000000000027e-11 2.081600000000000000e+04 1.600000000000000000e+01
5.668000000000000000e+03 1.937099999999999895e-11 2.075900000000000000e+04 1.600000000000000000e+01
5.684000000000000000e+03 1.915599999999999956e-11 2.064400000000000000e+04 1.600000000000000000e+01
5.700000000000000000e+03 1.899600000000000024e-11 2.058700000000000000e+04 1.600000000000000000e+01
5.716000000000000000e+03 1.888999999999999887e-11 2.058700000000000000e+04 1.600000000000000000e+01
5.732000000000000000e+03 1.869899999999999858e-11 2.049300000000000000e+04 1.600000000000000000e+01
5.748000000000000000e+03 1.854299999999999803e-11 2.043600000000000000e+04 1.600000000000000000e+01
5.764000000000000000e+03 1.839000000000000060e-11 2.038000000000000000e+04 1.600000000000000000e+01
5.780000000000000000e+03 1.812000000000000115e-11 2.019300000000000000e+04 1.600000000000000000e+01
5.796000000000000000e+03 1.812000000000000115e-11 2.030500000000000000e+04 1.600000000000000000e+01
5.812000000000000000e+03 1.818700000000000076e-11 2.049300000000000000e+04 1.600000000000000000e+01
5.828000000000000000e+03 1.810399999999999960e-11 2.051200000000000000e+04 1.600000000000000000e+01
5.844000000000000000e+03 1.802200000000000055e-11 2.053000000000000000e+04 1.600000000000000000e+01
5.860000000000000000e+03 1.787400000000000078e-11 2.047400000000000000e+04 1.600000000000000000e+01
5.876000000000000000e+03 1.759799999999999832e-11 2.026700000000000000e+04 1.600000000000000000e+01
5.892000000000000000e+03 1.704099999999999898e-11 1.973300000000000000e+04 1.600000000000000000e+01
5.908000000000000000e+03 1.728000000000000069e-11 2.011900000000000000e+04 1.600000000000000000e+01
5.924000000000000000e+03 1.728199999999999846e-11 2.023000000000000000e+04 1.600000000000000000e+01
5.940000000000000000e+03 1.717300000000000044e-11 2.021200000000000000e+04 1.600000000000000000e+01
5.956000000000000000e+03 1.697099999999999948e-11 2.008200000000000000e+04 1.600000000000000000e+01
5.972000000000000000e+03 1.688000000000000078e-11 2.008200000000000000e+04 1.600000000000000000e+01
5.988000000000000000e+03 1.672799999999999900e-11 2.000800000000000000e+04 1.600000000000000000e+01
6.004000000000000000e+03 1.663899999999999807e-11 2.000800000000000000e+04 1.600000000000000000e+01
6.020000000000000000e+03 1.655099999999999925e-11 2.000800000000000000e+04 1.600000000000000000e+01
6.036000000000000000e+03 1.638800000000000004e-11 1.991600000000000000e+04 1.600000000000000000e+01
6.052000000000000000e+03 1.628600000000000068e-11 1.989800000000000000e+04 1.600000000000000000e+01
6.068000000000000000e+03 1.617099999999999966e-11 1.986100000000000000e+04 1.600000000000000000e+01
6.084000000000000000e+03 1.611500000000000070e-11 1.989800000000000000e+04 1.600000000000000000e+01
6.100000000000000000e+03 1.600099999999999856e-11 1.986100000000000000e+04 1.600000000000000000e+01
6.116000000000000000e+03 1.585899999999999856e-11 1.978800000000000000e+04 1.600000000000000000e+01
6.132000000000000000e+03 1.577699999999999952e-11 1.978800000000000000e+04 1.600000000000000000e+01
6.148000000000000000e+03 1.555099999999999947e-11 1.960600000000000000e+04 1.600000000000000000e+01
6.164000000000000000e+03 1.541299999999999824e-11 1.953400000000000000e+04 1.600000000000000000e+01
6.180000000000000000e+03 1.533399999999999908e-11 1.953400000000000000e+04 1.600000000000000000e+01
6.196000000000000000e+03 1.526900000000000047e-11 1.955200000000000000e+04 1.600000000000000000e+01
6.212000000000000000e+03 1.517600000000000077e-11 1.953400000000000000e+04 1.600000000000000000e+01
6.228000000000000000e+03 1.505599999999999885e-11 1.948000000000000000e+04 1.600000000000000000e+01
6.244000000000000000e+03 1.488300000000000111e-11 1.935500000000000000e+04 1.600000000000000000e+01
6.260000000000000000e+03 1.479400000000000017e-11 1.933700000000000000e+04 1.600000000000000000e+01
6.276000000000000000e+03 1.434399999999999946e-11 1.884500000000000000e+04 1.600000000000000000e+01
6.292000000000000000e+03 1.423099999999999944e-11 1.879300000000000000e+04 1.600000000000000000e+01
6.308000000000000000e+03 1.435599999999999901e-11 1.905500000000000000e+04 1.600000000000000000e+01
6.324000000000000000e+03 1.437599999999999933e-11 1.917800000000000000e+04 1.600000000000000000e+01
6.340000000000000000e+03 1.426399999999999981e-11 1.912500000000000000e+04 1.600000000000000000e+01
6.356000000000000000e+03 1.419199999999999930e-11 1.912500000000000000e+04 1.600000000000000000e+01
6.372000000000000000e+03 1.409499999999999921e-11 1.909000000000000000e+04 1.600000000000000000e+01
6.388000000000000000e+03 1.410199999999999949e-11 1.919500000000000000e+04 1.600000000000000000e+01
6.404000000000000000e+03 1.403199999999999999e-11 1.919500000000000000e+04 1.600000000000000000e+01
6.420000000000000000e+03 1.393600000000000040e-11 1.916000000000000000e+04 1.600000000000000000e+01
6.436000000000000000e+03 1.384200000000000019e-11 1.912500000000000000e+04 1.600000000000000000e+01
6.452000000000000000e+03 1.367199999999999910e-11 1.898400000000000000e+04 1.600000000000000000e+01
6.468000000000000000e+03 1.360399999999999898e-11 1.898400000000000000e+04 1.600000000000000000e+01
6.484000000000000000e+03 1.346299999999999948e-11 1.888000000000000000e+04 1.600000000000000000e+01
6.500000000000000000e+03 1.338400000000000032e-11 1.886200000000000000e+04 1.600000000000000000e+01
6.516000000000000000e+03 1.319700000000000041e-11 1.869000000000000000e+04 1.600000000000000000e+01
6.532000000000000000e+03 1.279799999999999939e-11 1.821400000000000000e+04 1.600000000000000000e+01
6.548000000000000000e+03 1.122500000000000033e-11 1.605500000000000000e+04 1.600000000000000000e+01
6.564000000000000000e+03 9.472899999999999349e-12 1.361400000000000000e+04 1.600000000000000000e+01
6.580000000000000000e+03 1.167300000000000004e-11 1.685800000000000000e+04 1.600000000000000000e+01
6.596000000000000000e+03 1.265500000000000050e-11 1.836500000000000000e+04 1.600000000000000000e+01
6.612000000000000000e+03 1.281600000000000032e-11 1.869000000000000000e+04 1.600000000000000000e+01
6.628000000000000000e+03 1.282499999999999998e-11 1.879300000000000000e+04 1.600000000000000000e+01
6.644000000000000000e+03 1.279899999999999989e-11 1.884500000000000000e+04 1.600000000000000000e+01
6.660000000000000000e+03 1.273699999999999955e-11 1.884500000000000000e+04 1.600000000000000000e+01
6.676000000000000000e+03 1.268799999999999925e-11 1.886200000000000000e+04 1.600000000000000000e+01
6.692000000000000000e+03 1.265100000000000011e-11 1.889700000000000000e+04 1.600000000000000000e+01
6.708000000000000000e+03 1.259000000000000027e-11 1.889700000000000000e+04 1.600000000000000000e+01
6.724000000000000000e+03 1.249600000000000007e-11 1.884500000000000000e+04 1.600000000000000000e+01
6.740000000000000000e+03 1.242500000000000007e-11 1.882800000000000000e+04 1.600000000000000000e+01
6.756000000000000000e+03 1.234399999999999991e-11 1.879300000000000000e+04 1.600000000000000000e+01
6.772000000000000000e+03 1.225100000000000020e-11 1.874100000000000000e+04 1.600000000000000000e+01
6.788000000000000000e+03 1.217100000000000054e-11 1.870700000000000000e+04 1.600000000000000000e+01
6.804000000000000000e+03 1.209199999999999977e-11 1.867200000000000000e+04 1.600000000000000000e+01
6.820000000000000000e+03 1.200199999999999995e-11 1.862100000000000000e+04 1.600000000000000000e+01
6.836000000000000000e+03 1.192399999999999968e-11 1.858700000000000000e+04 1.600000000000000000e+01
6.852000000000000000e+03 1.167300000000000004e-11 1.828100000000000000e+04 1.600000000000000000e+01
6.868000000000000000e+03 1.023199999999999921e-11 1.609900000000000000e+04 1.600000000000000000e+01
6.884000000000000000e+03 1.011899999999999919e-11 1.599600000000000000e+04 1.600000000000000000e+01
6.900000000000000000e+03 1.046899999999999992e-11 1.662600000000000000e+04 1.600000000000000000e+01
6.916000000000000000e+03 1.095199999999999938e-11 1.747400000000000000e+04 1.600000000000000000e+01
6.932000000000000000e+03 1.116599999999999988e-11 1.789800000000000000e+04 1.600000000000000000e+01
6.948000000000000000e+03 1.118699999999999908e-11 1.801400000000000000e+04 1.600000000000000000e+01
6.964000000000000000e+03 1.122800000000000022e-11 1.816300000000000000e+04 1.600000000000000000e+01
6.980000000000000000e+03 1.118699999999999908e-11 1.818000000000000000e+04 1.600000000000000000e+01
6.996000000000000000e+03 1.106400000000000052e-11 1.806300000000000000e+04 1.600000000000000000e+01
7.012000000000000000e+03 1.100399999999999956e-11 1.804700000000000000e+04 1.600000000000000000e+01
7.028000000000000000e+03 1.095400000000000038e-11 1.804700000000000000e+04 1.600000000000000000e+01
7.044000000000000000e+03 1.089399999999999942e-11 1.803000000000000000e+04 1.600000000000000000e+01
7.060000000000000000e+03 1.082500000000000042e-11 1.799700000000000000e+04 1.600000000000000000e+01
7.076000000000000000e+03 1.077600000000000013e-11 1.799700000000000000e+04 1.600000000000000000e+01
7.092000000000000000e+03 1.072699999999999983e-11 1.799700000000000000e+04 1.600000000000000000e+01
7.108000000000000000e+03 1.064899999999999956e-11 1.794700000000000000e+04 1.600000000000000000e+01
7.124000000000000000e+03 1.058199999999999994e-11 1.791400000000000000e+04 1.600000000000000000e+01
7.140000000000000000e+03 1.050599999999999906e-11 1.786500000000000000e+04 1.600000000000000000e+01
7.156000000000000000e+03 1.036300000000000017e-11 1.770100000000000000e+04 1.600000000000000000e+01
7.172000000000000000e+03 9.998599999999999017e-12 1.715500000000000000e+04 1.600000000000000000e+01
7.188000000000000000e+03 9.647299999999999090e-12 1.662600000000000000e+04 1.600000000000000000e+01
7.204000000000000000e+03 9.711199999999999252e-12 1.681100000000000000e+04 1.600000000000000000e+01
7.220000000000000000e+03 9.939099999999999119e-12 1.728200000000000000e+04 1.600000000000000000e+01
7.236000000000000000e+03 9.678799999999999512e-12 1.690400000000000000e+04 1.600000000000000000e+01
7.252000000000000000e+03 9.627300000000000387e-12 1.688900000000000000e+04 1.600000000000000000e+01
7.268000000000000000e+03 9.602599999999999493e-12 1.692000000000000000e+04 1.600000000000000000e+01
7.284000000000000000e+03 9.578099999999999345e-12 1.695100000000000000e+04 1.600000000000000000e+01
7.300000000000000000e+03 9.562600000000000471e-12 1.699800000000000000e+04 1.600000000000000000e+01
7.316000000000000000e+03 9.582400000000000043e-12 1.710800000000000000e+04 1.600000000000000000e+01
7.332000000000000000e+03 9.646700000000000083e-12 1.729800000000000000e+04 1.600000000000000000e+01
7.348000000000000000e+03 9.622399999999999065e-12 1.733000000000000000e+04 1.600000000000000000e+01
7.364000000000000000e+03 9.554199999999999820e-12 1.728200000000000000e+04 1.600000000000000000e+01
7.380000000000000000e+03 9.530300000000000296e-12 1.731400000000000000e+04 1.600000000000000000e+01
7.396000000000000000e+03 9.489100000000000027e-12 1.731400000000000000e+04 1.600000000000000000e+01
7.412000000000000000e+03 9.430799999999999760e-12 1.728200000000000000e+04 1.600000000000000000e+01
7.428000000000000000e+03 9.364299999999999589e-12 1.723400000000000000e+04 1.600000000000000000e+01
7.444000000000000000e+03 9.289800000000000260e-12 1.717100000000000000e+04 1.600000000000000000e+01
7.460000000000000000e+03 9.241500000000000153e-12 1.715500000000000000e+04 1.600000000000000000e+01
7.476000000000000000e+03 9.185000000000000141e-12 1.712400000000000000e+04 1.600000000000000000e+01
7.492000000000000000e+03 9.171200000000000342e-12 1.717100000000000000e+04 1.600000000000000000e+01
7.508000000000000000e+03 9.106900000000000303e-12 1.712400000000000000e+04 1.600000000000000000e+01
7.524000000000000000e+03 9.068200000000000478e-12 1.712400000000000000e+04 1.600000000000000000e+01
7.540000000000000000e+03 9.013200000000000409e-12 1.709200000000000000e+04 1.600000000000000000e+01
7.556000000000000000e+03 8.958499999999999037e-12 1.706100000000000000e+04 1.600000000000000000e+01
7.572000000000000000e+03 8.871600000000000285e-12 1.696700000000000000e+04 1.600000000000000000e+01
7.588000000000000000e+03 7.644799999999999091e-12 1.468200000000000000e+04 1.600000000000000000e+01
7.604000000000000000e+03 3.735399999999999613e-12 7.204399999999999636e+03 1.600000000000000000e+01
7.620000000000000000e+03 4.876500000000000072e-12 9.444899999999999636e+03 1.600000000000000000e+01
7.636000000000000000e+03 5.015199999999999875e-12 9.754399999999999636e+03 1.600000000000000000e+01
7.652000000000000000e+03 6.357299999999999983e-12 1.241700000000000000e+04 1.600000000000000000e+01
7.668000000000000000e+03 7.583299999999999807e-12 1.487300000000000000e+04 1.600000000000000000e+01
7.684000000000000000e+03 8.204400000000000059e-12 1.615800000000000000e+04 1.600000000000000000e+01
7.700000000000000000e+03 8.329899999999999070e-12 1.647400000000000000e+04 1.600000000000000000e+01
7.716000000000000000e+03 8.379899999999999866e-12 1.664200000000000000e+04 1.600000000000000000e+01
7.732000000000000000e+03 8.383699999999999507e-12 1.671900000000000000e+04 1.600000000000000000e+01
7.748000000000000000e+03 8.318400000000000583e-12 1.665700000000000000e+04 1.600000000000000000e+01
7.764000000000000000e+03 8.162999999999999044e-12 1.641300000000000000e+04 1.600000000000000000e+01
7.780000000000000000e+03 8.069800000000000208e-12 1.629300000000000000e+04 1.600000000000000000e+01
7.796000000000000000e+03 8.223899999999999319e-12 1.667200000000000000e+04 1.600000000000000000e+01
7.812000000000000000e+03 8.197799999999999663e-12 1.668800000000000000e+04 1.600000000000000000e+01
7.828000000000000000e+03 8.156800000000000140e-12 1.667200000000000000e+04 1.600000000000000000e+01
7.844000000000000000e+03 8.093699999999999733e-12 1.661100000000000000e+04 1.600000000000000000e+01
7.860000000000000000e+03 8.053299999999999218e-12 1.659600000000000000e+04 1.600000000000000000e+01
7.876000000000000000e+03 7.969100000000000041e-12 1.648900000000000000e+04 1.600000000000000000e+01
7.892000000000000000e+03 7.900300000000000173e-12 1.641300000000000000e+04 1.600000000000000000e+01
7.908000000000000000e+03 7.882899999999999863e-12 1.644400000000000000e+04 1.600000000000000000e+01
7.924000000000000000e+03 7.858399999999999715e-12 1.645900000000000000e+04 1.600000000000000000e+01
7.940000000000000000e+03 7.812299999999999740e-12 1.642900000000000000e+04 1.600000000000000000e+01
7.956000000000000000e+03 7.773699999999999481e-12 1.641300000000000000e+04 1.600000000000000000e+01
7.972000000000000000e+03 7.742600000000000552e-12 1.641300000000000000e+04 1.600000000000000000e+01
7.988000000000000000e+03 7.718699999999999412e-12 1.642900000000000000e+04 1.600000000000000000e+01
8.004000000000000000e+03 7.652599999999999118e-12 1.635300000000000000e+04 1.600000000000000000e+01
8.020000000000000000e+03 7.622099999999999198e-12 1.635300000000000000e+04 1.600000000000000000e+01
8.036000000000000000e+03 7.570799999999999204e-12 1.630800000000000000e+04 1.600000000000000000e+01
8.052000000000000000e+03 7.540699999999999161e-12 1.630800000000000000e+04 1.600000000000000000e+01
8.068000000000000000e+03 7.490099999999999356e-12 1.626300000000000000e+04 1.600000000000000000e+01
8.084000000000000000e+03 7.426199999999999194e-12 1.618800000000000000e+04 1.600000000000000000e+01
8.100000000000000000e+03 7.376500000000000325e-12 1.614400000000000000e+04 1.600000000000000000e+01
8.116000000000000000e+03 7.313700000000000229e-12 1.606900000000000000e+04 1.600000000000000000e+01
8.132000000000000000e+03 7.178400000000000190e-12 1.583400000000000000e+04 1.600000000000000000e+01
8.148000000000000000e+03 7.006799999999999588e-12 1.551700000000000000e+04 1.600000000000000000e+01
8.164000000000000000e+03 6.851999999999999480e-12 1.523400000000000000e+04 1.600000000000000000e+01
8.180000000000000000e+03 6.806300000000000190e-12 1.519100000000000000e+04 1.600000000000000000e+01
8.196000000000000000e+03 6.817399999999999607e-12 1.527600000000000000e+04 1.600000000000000000e+01
8.212000000000000000e+03 6.853700000000000170e-12 1.541700000000000000e+04 1.600000000000000000e+01
8.228000000000000000e+03 6.580100000000000204e-12 1.485900000000000000e+04 1.600000000000000000e+01
8.244000000000000000e+03 6.806799999999999632e-12 1.543100000000000000e+04 1.600000000000000000e+01
8.260000000000000000e+03 6.874799999999999746e-12 1.564600000000000000e+04 1.600000000000000000e+01
8.276000000000000000e+03 6.766700000000000237e-12 1.546000000000000000e+04 1.600000000000000000e+01
8.292000000000000000e+03 6.715899999999999686e-12 1.540300000000000000e+04 1.600000000000000000e+01
8.308000000000000000e+03 6.727099999999999477e-12 1.548800000000000000e+04 1.600000000000000000e+01
8.324000000000000000e+03 6.695099999999999613e-12 1.547400000000000000e+04 1.600000000000000000e+01
8.340000000000000000e+03 6.724999999999999718e-12 1.560300000000000000e+04 1.600000000000000000e+01
8.356000000000000000e+03 6.717699999999999941e-12 1.564600000000000000e+04 1.600000000000000000e+01
8.372000000000000000e+03 6.679799999999999871e-12 1.561700000000000000e+04 1.600000000000000000e+01
8.388000000000000000e+03 6.660499999999999741e-12 1.563100000000000000e+04 1.600000000000000000e+01
8.404000000000000000e+03 6.635099999999999465e-12 1.563100000000000000e+04 1.600000000000000000e+01
8.420000000000000000e+03 6.585599999999999727e-12 1.557400000000000000e+04 1.600000000000000000e+01
8.436000000000000000e+03 6.464700000000000111e-12 1.534600000000000000e+04 1.600000000000000000e+01
8.452000000000000000e+03 6.475899999999999901e-12 1.543100000000000000e+04 1.600000000000000000e+01
8.468000000000000000e+03 6.457399999999999526e-12 1.544500000000000000e+04 1.600000000000000000e+01
8.484000000000000000e+03 6.595099999999999636e-12 1.583400000000000000e+04 1.600000000000000000e+01
8.500000000000000000e+03 6.234200000000000234e-12 1.502400000000000000e+04 1.600000000000000000e+01
8.516000000000000000e+03 6.563699999999999588e-12 1.587800000000000000e+04 1.600000000000000000e+01
8.532000000000000000e+03 6.396199999999999746e-12 1.553100000000000000e+04 1.600000000000000000e+01
8.548000000000000000e+03 6.024099999999999746e-12 1.468200000000000000e+04 1.600000000000000000e+01
8.564000000000000000e+03 6.617100000000000148e-12 1.618800000000000000e+04 1.600000000000000000e+01
8.580000000000000000e+03 6.519999999999999683e-12 1.601000000000000000e+04 1.600000000000000000e+01
8.596000000000000000e+03 5.837499999999999713e-12 1.438800000000000000e+04 1.600000000000000000e+01
8.612000000000000000e+03 6.341799999999999493e-12 1.568900000000000000e+04 1.600000000000000000e+01
8.628000000000000000e+03 6.763899999999999482e-12 1.679600000000000000e+04 1.600000000000000000e+01
8.644000000000000000e+03 6.513200000000000156e-12 1.623300000000000000e+04 1.600000000000000000e+01
8.660000000000000000e+03 5.579400000000000238e-12 1.395700000000000000e+04 1.600000000000000000e+01
8.676000000000000000e+03 5.863800000000000116e-12 1.472300000000000000e+04 1.600000000000000000e+01
8.692000000000000000e+03 6.640199999999999918e-12 1.673400000000000000e+04 1.600000000000000000e+01
8.708000000000000000e+03 6.813699999999999532e-12 1.723400000000000000e+04 1.600000000000000000e+01
8.724000000000000000e+03 6.561299999999999517e-12 1.665700000000000000e+04 1.600000000000000000e+01
8.740000000000000000e+03 5.719999999999999861e-12 1.457500000000000000e+04 1.600000000000000000e+01
8.756000000000000000e+03 5.422599999999999936e-12 1.386800000000000000e+04 1.600000000000000000e+01
8.772000000000000000e+03 6.365399999999999514e-12 1.633800000000000000e+04 1.600000000000000000e+01
8.788000000000000000e+03 6.764599999999999671e-12 1.742600000000000000e+04 1.600000000000000000e+01
8.804000000000000000e+03 6.821200000000000056e-12 1.763600000000000000e+04 1.600000000000000000e+01
8.820000000000000000e+03 6.703199999999999953e-12 1.739400000000000000e+04 1.600000000000000000e+01
8.836000000000000000e+03 6.378399999999999559e-12 1.661100000000000000e+04 1.600000000000000000e+01
8.852000000000000000e+03 5.469400000000000101e-12 1.429500000000000000e+04 1.600000000000000000e+01
8.868000000000000000e+03 5.104700000000000251e-12 1.339100000000000000e+04 1.600000000000000000e+01
8.884000000000000000e+03 6.070199999999999722e-12 1.598100000000000000e+04 1.600000000000000000e+01
8.900000000000000000e+03 6.457199999999999587e-12 1.706100000000000000e+04 1.600000000000000000e+01
8.916000000000000000e+03 6.535500000000000172e-12 1.733000000000000000e+04 1.600000000000000000e+01
8.932000000000000000e+03 6.482199999999999985e-12 1.725000000000000000e+04 1.600000000000000000e+01
8.948000000000000000e+03 6.417500000000000069e-12 1.714000000000000000e+04 1.600000000000000000e+01
8.964000000000000000e+03 6.169099999999999633e-12 1.653500000000000000e+04 1.600000000000000000e+01
8.980000000000000000e+03 5.870399999999999705e-12 1.579100000000000000e+04 1.600000000000000000e+01
8.996000000000000000e+03 5.242299999999999988e-12 1.415100000000000000e+04 1.600000000000000000e+01
9.012000000000000000e+03 4.397199999999999883e-12 1.191200000000000000e+04 1.600000000000000000e+01
9.028000000000000000e+03 5.016899999999999757e-12 1.363900000000000000e+04 1.600000000000000000e+01
9.044000000000000000e+03 5.830399999999999875e-12 1.590700000000000000e+04 1.600000000000000000e+01
9.060000000000000000e+03 5.934199999999999493e-12 1.624800000000000000e+04 1.600000000000000000e+01
9.076000000000000000e+03 5.826800000000000173e-12 1.601000000000000000e+04 1.600000000000000000e+01
9.092000000000000000e+03 5.790299999999999672e-12 1.596600000000000000e+04 1.600000000000000000e+01
9.108000000000000000e+03 5.844899999999999864e-12 1.617300000000000000e+04 1.600000000000000000e+01
9.124000000000000000e+03 5.808299999999999797e-12 1.612900000000000000e+04 1.600000000000000000e+01
9.140000000000000000e+03 5.772000000000000043e-12 1.608400000000000000e+04 1.600000000000000000e+01
9.156000000000000000e+03 5.714900000000000216e-12 1.598100000000000000e+04 1.600000000000000000e+01
9.172000000000000000e+03 5.700199999999999481e-12 1.599600000000000000e+04 1.600000000000000000e+01
9.188000000000000000e+03 5.628300000000000161e-12 1.584900000000000000e+04 1.600000000000000000e+01
9.204000000000000000e+03 5.366199999999999490e-12 1.516400000000000000e+04 1.600000000000000000e+01
9.220000000000000000e+03 4.468500000000000195e-12 1.267100000000000000e+04 1.600000000000000000e+01
9.236000000000000000e+03 4.379799999999999573e-12 1.246200000000000000e+04 1.600000000000000000e+01
9.252000000000000000e+03 5.118599999999999616e-12 1.461500000000000000e+04 1.600000000000000000e+01
9.268000000000000000e+03 5.395699999999999718e-12 1.546000000000000000e+04 1.600000000000000000e+01
9.284000000000000000e+03 5.396999999999999722e-12 1.551700000000000000e+04 1.600000000000000000e+01
9.300000000000000000e+03 5.117499999999999550e-12 1.476400000000000000e+04 1.600000000000000000e+01
9.316000000000000000e+03 4.536900000000000186e-12 1.313400000000000000e+04 1.600000000000000000e+01
9.332000000000000000e+03 4.173200000000000030e-12 1.212300000000000000e+04 1.600000000000000000e+01
9.348000000000000000e+03 3.964399999999999546e-12 1.155600000000000000e+04 1.600000000000000000e+01
9.364000000000000000e+03 4.118099999999999588e-12 1.204500000000000000e+04 1.600000000000000000e+01
9.380000000000000000e+03 4.238499999999999762e-12 1.243900000000000000e+04 1.600000000000000000e+01
9.396000000000000000e+03 4.814299999999999792e-12 1.417700000000000000e+04 1.600000000000000000e+01
9.412000000000000000e+03 4.754000000000000140e-12 1.404800000000000000e+04 1.600000000000000000e+01
9.428000000000000000e+03 4.385099999999999965e-12 1.300200000000000000e+04 1.600000000000000000e+01
9.444000000000000000e+03 4.251200000000000303e-12 1.264700000000000000e+04 1.600000000000000000e+01
9.460000000000000000e+03 4.355500000000000172e-12 1.300200000000000000e+04 1.600000000000000000e+01
9.476000000000000000e+03 4.409299999999999801e-12 1.320700000000000000e+04 1.600000000000000000e+01
9.492000000000000000e+03 4.294399999999999958e-12 1.290600000000000000e+04 1.600000000000000000e+01
9.508000000000000000e+03 4.327600000000000260e-12 1.305000000000000000e+04 1.600000000000000000e+01
9.524000000000000000e+03 3.947999999999999737e-12 1.194500000000000000e+04 1.600000000000000000e+01
9.540000000000000000e+03 3.398800000000000018e-12 1.031800000000000000e+04 1.600000000000000000e+01
9.556000000000000000e+03 3.504799999999999768e-12 1.067600000000000000e+04 1.600000000000000000e+01
9.572000000000000000e+03 4.203500000000000012e-12 1.284700000000000000e+04 1.600000000000000000e+01
9.588000000000000000e+03 4.354799999999999983e-12 1.335400000000000000e+04 1.600000000000000000e+01
9.604000000000000000e+03 4.507299999999999586e-12 1.386800000000000000e+04 1.600000000000000000e+01
9.620000000000000000e+03 4.521399999999999697e-12 1.395700000000000000e+04 1.600000000000000000e+01
9.636000000000000000e+03 4.577499999999999832e-12 1.417700000000000000e+04 1.600000000000000000e+01
9.652000000000000000e+03 4.600300000000000098e-12 1.429500000000000000e+04 1.600000000000000000e+01
9.668000000000000000e+03 4.678900000000000187e-12 1.458800000000000000e+04 1.600000000000000000e+01
9.684000000000000000e+03 4.816299999999999985e-12 1.506600000000000000e+04 1.600000000000000000e+01
9.700000000000000000e+03 4.849299999999999542e-12 1.521900000000000000e+04 1.600000000000000000e+01
9.716000000000000000e+03 4.846699999999999533e-12 1.526200000000000000e+04 1.600000000000000000e+01
9.732000000000000000e+03 4.725200000000000101e-12 1.492800000000000000e+04 1.600000000000000000e+01
9.748000000000000000e+03 4.649299999999999586e-12 1.473700000000000000e+04 1.600000000000000000e+01
9.764000000000000000e+03 4.655500000000000105e-12 1.480500000000000000e+04 1.600000000000000000e+01
9.780000000000000000e+03 4.717799999999999951e-12 1.505200000000000000e+04 1.600000000000000000e+01
9.796000000000000000e+03 4.663599999999999636e-12 1.492800000000000000e+04 1.600000000000000000e+01
9.812000000000000000e+03 4.691399999999999983e-12 1.506600000000000000e+04 1.600000000000000000e+01
9.828000000000000000e+03 4.697799999999999632e-12 1.513600000000000000e+04 1.600000000000000000e+01
9.844000000000000000e+03 4.734500000000000071e-12 1.530400000000000000e+04 1.600000000000000000e+01
9.860000000000000000e+03 4.714800000000000065e-12 1.529000000000000000e+04 1.600000000000000000e+01
9.876000000000000000e+03 4.721300000000000087e-12 1.536000000000000000e+04 1.600000000000000000e+01
9.892000000000000000e+03 4.680099999999999819e-12 1.527600000000000000e+04 1.600000000000000000e+01
9.908000000000000000e+03 4.695100000000000058e-12 1.537400000000000000e+04 1.600000000000000000e+01
9.924000000000000000e+03 4.662799999999999882e-12 1.531800000000000000e+04 1.600000000000000000e+01
9.940000000000000000e+03 4.643499999999999752e-12 1.530400000000000000e+04 1.600000000000000000e+01
9.956000000000000000e+03 4.632899999999999777e-12 1.531800000000000000e+04 1.600000000000000000e+01
9.972000000000000000e+03 4.596799999999999962e-12 1.524800000000000000e+04 1.600000000000000000e+01
9.988000000000000000e+03 4.540100000000000011e-12 1.510800000000000000e+04 1.600000000000000000e+01
1.000400000000000000e+04 4.422600000000000159e-12 1.476400000000000000e+04 1.600000000000000000e+01
1.002000000000000000e+04 4.344000000000000069e-12 1.454800000000000000e+04 1.600000000000000000e+01
1.003600000000000000e+04 3.799299999999999775e-12 1.276400000000000000e+04 1.600000000000000000e+01
1.005200000000000000e+04 3.438100000000000062e-12 1.158800000000000000e+04 1.600000000000000000e+01
1.006800000000000000e+04 4.011799999999999526e-12 1.356400000000000000e+04 1.600000000000000000e+01
1.008400000000000000e+04 4.308799999999999573e-12 1.461500000000000000e+04 1.600000000000000000e+01
1.010000000000000000e+04 4.366899999999999901e-12 1.485900000000000000e+04 1.600000000000000000e+01
1.011600000000000000e+04 4.357200000000000053e-12 1.487300000000000000e+04 1.600000000000000000e+01
1.013200000000000000e+04 4.407900000000000231e-12 1.509400000000000000e+04 1.600000000000000000e+01
1.014800000000000000e+04 4.377800000000000188e-12 1.503800000000000000e+04 1.600000000000000000e+01
1.016400000000000000e+04 4.432899999999999822e-12 1.527600000000000000e+04 1.600000000000000000e+01
1.018000000000000000e+04 4.362400000000000072e-12 1.508000000000000000e+04 1.600000000000000000e+01
1.019600000000000000e+04 4.396999999999999944e-12 1.524800000000000000e+04 1.600000000000000000e+01
1.021200000000000000e+04 4.399400000000000015e-12 1.530400000000000000e+04 1.600000000000000000e+01
1.022800000000000000e+04 4.442599999999999669e-12 1.550200000000000000e+04 1.600000000000000000e+01
1.024400000000000000e+04 4.268599999999999805e-12 1.494200000000000000e+04 1.600000000000000000e+01
1.026000000000000000e+04 4.338400000000000174e-12 1.523400000000000000e+04 1.600000000000000000e+01
1.027600000000000000e+04 4.483000000000000184e-12 1.579100000000000000e+04 1.600000000000000000e+01
1.029200000000000000e+04 4.506299999999999893e-12 1.592200000000000000e+04 1.600000000000000000e+01
1.030800000000000000e+04 4.325899999999999571e-12 1.533200000000000000e+04 1.600000000000000000e+01
1.032400000000000000e+04 4.272899999999999696e-12 1.519100000000000000e+04 1.600000000000000000e+01
1.034000000000000000e+04 4.193499999999999852e-12 1.495500000000000000e+04 1.600000000000000000e+01
1.035600000000000000e+04 4.146099999999999873e-12 1.483200000000000000e+04 1.600000000000000000e+01
1.037200000000000000e+04 4.057900000000000309e-12 1.456100000000000000e+04 1.600000000000000000e+01
1.038800000000000000e+04 4.243800000000000153e-12 1.527600000000000000e+04 1.600000000000000000e+01
1.040400000000000000e+04 4.195799999999999550e-12 1.515000000000000000e+04 1.600000000000000000e+01
1.042000000000000000e+04 4.042799999999999697e-12 1.464200000000000000e+04 1.600000000000000000e+01
