3.300000000000000000e+03 9.785699999999999874e-11 3.554700000000000000e+04 1.600000000000000000e+01
3.316000000000000000e+03 9.718299999999999414e-11 3.564500000000000000e+04 1.600000000000000000e+01
3.332000000000000000e+03 9.616400000000000262e-11 3.561200000000000000e+04 1.600000000000000000e+01
3.348000000000000000e+03 9.666100000000000101e-11 3.614100000000000000e+04 1.600000000000000000e+01
3.364000000000000000e+03 9.645099999999999605e-11 3.640800000000000000e+04 1.600000000000000000e+01
3.380000000000000000e+03 9.669099999999999987e-11 3.684700000000000000e+04 1.600000000000000000e+01
3.396000000000000000e+03 9.658000000000000408e-11 3.715300000000000000e+04 1.600000000000000000e+01
3.412000000000000000e+03 9.594100000000000246e-11 3.725600000000000000e+04 1.600000000000000000e+01
3.428000000000000000e+03 9.522299999999999522e-11 3.732500000000000000e+04 1.600000000000000000e+01
3.444000000000000000e+03 9.356099999999999362e-11 3.701700000000000000e+04 1.600000000000000000e+01
3.460000000000000000e+03 9.261199999999999514e-11 3.698300000000000000e+04 1.600000000000000000e+01
3.476000000000000000e+03 9.201600000000000050e-11 3.708500000000000000e+04 1.600000000000000000e+01
3.492000000000000000e+03 9.184799999999999395e-11 3.735900000000000000e+04 1.600000000000000000e+01
3.508000000000000000e+03 9.236299999999999166e-11 3.791400000000000000e+04 1.600000000000000000e+01
3.524000000000000000e+03 9.271400000000000419e-11 3.840600000000000000e+04 1.600000000000000000e+01
3.540000000000000000e+03 9.332799999999999815e-11 3.901200000000000000e+04 1.600000000000000000e+01
3.556000000000000000e+03 9.257599999999999650e-11 3.904800000000000000e+04 1.600000000000000000e+01
3.572000000000000000e+03 9.225699999999999998e-11 3.926400000000000000e+04 1.600000000000000000e+01
3.588000000000000000e+03 9.211199999999999686e-11 3.955500000000000000e+04 1.600000000000000000e+01
3.604000000000000000e+03 9.214000000000000442e-11 3.992100000000000000e+04 1.600000000000000000e+01
3.620000000000000000e+03 9.234300000000000103e-11 4.036400000000000000e+04 1.600000000000000000e+01
3.636000000000000000e+03 9.246399999999999213e-11 4.077500000000000000e+04 1.600000000000000000e+01
3.652000000000000000e+03 9.233400000000000137e-11 4.107700000000000000e+04 1.600000000000000000e+01
3.668000000000000000e+03 9.229099999999999439e-11 4.141900000000000000e+04 1.600000000000000000e+01
3.684000000000000000e+03 9.293599999999999578e-11 4.207300000000000000e+04 1.600000000000000000e+01
3.700000000000000000e+03 9.745800000000000094e-11 4.450400000000000000e+04 1.600000000000000000e+01
3.716000000000000000e+03 1.065299999999999930e-10 4.906800000000000000e+04 1.600000000000000000e+01
3.732000000000000000e+03 1.179599999999999990e-10 5.480200000000000000e+04 1.600000000000000000e+01
3.748000000000000000e+03 1.315900000000000078e-10 6.165900000000000000e+04 1.600000000000000000e+01
3.764000000000000000e+03 1.470699999999999895e-10 6.950200000000000000e+04 1.600000000000000000e+01
3.780000000000000000e+03 1.714899999999999941e-10 8.173300000000000000e+04 1.600000000000000000e+01
3.796000000000000000e+03 1.722499999999999997e-10 8.279400000000000000e+04 1.600000000000000000e+01
3.812000000000000000e+03 2.101399999999999847e-10 1.018600000000000000e+05 1.600000000000000000e+01
3.828000000000000000e+03 1.760699999999999927e-10 8.606000000000000000e+04 1.600000000000000000e+01
3.844000000000000000e+03 2.161999999999999875e-10 1.065600000000000000e+05 1.600000000000000000e+01
3.860000000000000000e+03 2.561199999999999903e-10 1.272900000000000000e+05 1.600000000000000000e+01
3.876000000000000000e+03 2.002899999999999877e-10 1.003700000000000000e+05 1.600000000000000000e+01
3.892000000000000000e+03 1.893499999999999975e-10 9.567500000000000000e+04 1.600000000000000000e+01
3.908000000000000000e+03 2.545099999999999824e-10 1.296600000000000000e+05 1.600000000000000000e+01
3.924000000000000000e+03 2.631300000000000002e-10 1.351500000000000000e+05 1.600000000000000000e+01
3.940000000000000000e+03 2.515499999999999740e-10 1.302600000000000000e+05 1.600000000000000000e+01
3.956000000000000000e+03 1.987499999999999858e-10 1.037500000000000000e+05 1.600000000000000000e+01
3.972000000000000000e+03 1.766899999999999865e-10 9.298200000000000000e+04 1.600000000000000000e+01
3.988000000000000000e+03 2.435100000000000204e-10 1.291800000000000000e+05 1.600000000000000000e+01
4.004000000000000000e+03 2.715399999999999743e-10 1.452100000000000000e+05 1.600000000000000000e+01
4.020000000000000000e+03 2.764200000000000133e-10 1.490000000000000000e+05 1.600000000000000000e+01
4.036000000000000000e+03 2.747399999999999736e-10 1.492800000000000000e+05 1.600000000000000000e+01
4.052000000000000000e+03 2.695800000000000141e-10 1.476400000000000000e+05 1.600000000000000000e+01
4.068000000000000000e+03 2.551899999999999739e-10 1.408600000000000000e+05 1.600000000000000000e+01
4.084000000000000000e+03 2.084700000000000049e-10 1.159800000000000000e+05 1.600000000000000000e+01
4.100000000000000000e+03 1.593900000000000048e-10 8.937100000000000000e+04 1.600000000000000000e+01
4.116000000000000000e+03 2.117699999999999832e-10 1.196700000000000000e+05 1.600000000000000000e+01
4.132000000000000000e+03 2.446199999999999783e-10 1.393200000000000000e+05 1.600000000000000000e+01
4.148000000000000000e+03 2.523099999999999797e-10 1.448100000000000000e+05 1.600000000000000000e+01
4.164000000000000000e+03 2.499200000000000014e-10 1.445400000000000000e+05 1.600000000000000000e+01
4.180000000000000000e+03 2.468699999999999964e-10 1.438800000000000000e+05 1.600000000000000000e+01
4.196000000000000000e+03 2.472599999999999816e-10 1.452100000000000000e+05 1.600000000000000000e+01
4.212000000000000000e+03 2.453799999999999840e-10 1.452100000000000000e+05 1.600000000000000000e+01
4.228000000000000000e+03 2.417399999999999841e-10 1.441500000000000000e+05 1.600000000000000000e+01
4.244000000000000000e+03 2.385999999999999826e-10 1.433500000000000000e+05 1.600000000000000000e+01
4.260000000000000000e+03 2.346399999999999776e-10 1.420400000000000000e+05 1.600000000000000000e+01
4.276000000000000000e+03 2.309599999999999965e-10 1.408600000000000000e+05 1.600000000000000000e+01
4.292000000000000000e+03 2.236199999999999991e-10 1.374000000000000000e+05 1.600000000000000000e+01
4.308000000000000000e+03 2.111899999999999966e-10 1.307400000000000000e+05 1.600000000000000000e+01
4.324000000000000000e+03 1.740400000000000008e-10 1.085400000000000000e+05 1.600000000000000000e+01
4.340000000000000000e+03 1.347200000000000011e-10 8.464500000000000000e+04 1.600000000000000000e+01
4.356000000000000000e+03 1.807399999999999880e-10 1.143900000000000000e+05 1.600000000000000000e+01
4.372000000000000000e+03 2.080900000000000021e-10 1.326800000000000000e+05 1.600000000000000000e+01
4.388000000000000000e+03 2.106099999999999841e-10 1.352700000000000000e+05 1.600000000000000000e+01
4.404000000000000000e+03 2.106300000000000006e-10 1.362700000000000000e+05 1.600000000000000000e+01
4.420000000000000000e+03 2.106599999999999994e-10 1.372800000000000000e+05 1.600000000000000000e+01
4.436000000000000000e+03 2.097200000000000006e-10 1.376600000000000000e+05 1.600000000000000000e+01
4.452000000000000000e+03 2.068799999999999877e-10 1.367700000000000000e+05 1.600000000000000000e+01
4.468000000000000000e+03 2.027699999999999884e-10 1.350200000000000000e+05 1.600000000000000000e+01
4.484000000000000000e+03 1.998400000000000047e-10 1.340300000000000000e+05 1.600000000000000000e+01
4.500000000000000000e+03 2.004499999999999902e-10 1.353900000000000000e+05 1.600000000000000000e+01
4.516000000000000000e+03 1.984799999999999960e-10 1.350200000000000000e+05 1.600000000000000000e+01
4.532000000000000000e+03 1.954500000000000075e-10 1.339100000000000000e+05 1.600000000000000000e+01
4.548000000000000000e+03 1.915900000000000074e-10 1.321900000000000000e+05 1.600000000000000000e+01
4.564000000000000000e+03 1.909499999999999972e-10 1.326800000000000000e+05 1.600000000000000000e+01
4.580000000000000000e+03 1.894500000000000024e-10 1.325600000000000000e+05 1.600000000000000000e+01
4.596000000000000000e+03 1.893499999999999975e-10 1.334100000000000000e+05 1.600000000000000000e+01
4.612000000000000000e+03 1.876900000000000002e-10 1.331700000000000000e+05 1.600000000000000000e+01
4.628000000000000000e+03 1.848599999999999955e-10 1.320700000000000000e+05 1.600000000000000000e+01
4.644000000000000000e+03 1.845999999999999881e-10 1.328000000000000000e+05 1.600000000000000000e+01
4.660000000000000000e+03 1.819899999999999837e-10 1.318300000000000000e+05 1.600000000000000000e+01
4.676000000000000000e+03 1.805799999999999854e-10 1.317000000000000000e+05 1.600000000000000000e+01
4.692000000000000000e+03 1.788599999999999903e-10 1.313400000000000000e+05 1.600000000000000000e+01
4.708000000000000000e+03 1.773199999999999884e-10 1.311000000000000000e+05 1.600000000000000000e+01
4.724000000000000000e+03 1.749900000000000078e-10 1.302600000000000000e+05 1.600000000000000000e+01
4.740000000000000000e+03 1.726900000000000003e-10 1.294200000000000000e+05 1.600000000000000000e+01
4.756000000000000000e+03 1.710600000000000018e-10 1.290600000000000000e+05 1.600000000000000000e+01
4.772000000000000000e+03 1.686599999999999894e-10 1.281100000000000000e+05 1.600000000000000000e+01
4.788000000000000000e+03 1.670800000000000062e-10 1.277600000000000000e+05 1.600000000000000000e+01
4.804000000000000000e+03 1.642900000000000086e-10 1.264700000000000000e+05 1.600000000000000000e+01
4.820000000000000000e+03 1.602199999999999906e-10 1.241700000000000000e+05 1.600000000000000000e+01
4.836000000000000000e+03 1.480000000000000059e-10 1.154500000000000000e+05 1.600000000000000000e+01
4.852000000000000000e+03 1.116299999999999935e-10 8.765900000000000000e+04 1.600000000000000000e+01
4.868000000000000000e+03 1.066899999999999955e-10 8.433300000000000000e+04 1.600000000000000000e+01
4.884000000000000000e+03 1.421900000000000022e-10 1.131400000000000000e+05 1.600000000000000000e+01
4.900000000000000000e+03 1.540399999999999923e-10 1.233700000000000000e+05 1.600000000000000000e+01
4.916000000000000000e+03 1.544499999999999940e-10 1.245100000000000000e+05 1.600000000000000000e+01
4.932000000000000000e+03 1.547299999999999920e-10 1.255500000000000000e+05 1.600000000000000000e+01
4.948000000000000000e+03 1.542999999999999997e-10 1.260100000000000000e+05 1.600000000000000000e+01
4.964000000000000000e+03 1.530200000000000051e-10 1.257800000000000000e+05 1.600000000000000000e+01
4.980000000000000000e+03 1.518999999999999873e-10 1.256600000000000000e+05 1.600000000000000000e+01
4.996000000000000000e+03 1.495499999999999902e-10 1.245100000000000000e+05 1.600000000000000000e+01
5.012000000000000000e+03 1.470900000000000059e-10 1.232500000000000000e+05 1.600000000000000000e+01
5.028000000000000000e+03 1.461599999999999895e-10 1.232500000000000000e+05 1.600000000000000000e+01
5.044000000000000000e+03 1.450999999999999952e-10 1.231400000000000000e+05 1.600000000000000000e+01
5.060000000000000000e+03 1.441799999999999870e-10 1.231400000000000000e+05 1.600000000000000000e+01
5.076000000000000000e+03 1.436700000000000064e-10 1.234800000000000000e+05 1.600000000000000000e+01
5.092000000000000000e+03 1.427699999999999888e-10 1.234800000000000000e+05 1.600000000000000000e+01
5.108000000000000000e+03 1.418800000000000053e-10 1.234800000000000000e+05 1.600000000000000000e+01
5.124000000000000000e+03 1.400900000000000043e-10 1.226900000000000000e+05 1.600000000000000000e+01
5.140000000000000000e+03 1.385800000000000012e-10 1.221200000000000000e+05 1.600000000000000000e+01
5.156000000000000000e+03 1.364599999999999868e-10 1.210000000000000000e+05 1.600000000000000000e+01
5.172000000000000000e+03 1.341199999999999980e-10 1.196700000000000000e+05 1.600000000000000000e+01
5.188000000000000000e+03 1.331699999999999909e-10 1.195600000000000000e+05 1.600000000000000000e+01
5.204000000000000000e+03 1.328499999999999858e-10 1.200000000000000000e+05 1.600000000000000000e+01
5.220000000000000000e+03 1.316699999999999961e-10 1.196700000000000000e+05 1.600000000000000000e+01
5.236000000000000000e+03 1.295399999999999993e-10 1.184700000000000000e+05 1.600000000000000000e+01
5.252000000000000000e+03 1.295899999999999888e-10 1.192300000000000000e+05 1.600000000000000000e+01
5.268000000000000000e+03 1.264499999999999873e-10 1.170600000000000000e+05 1.600000000000000000e+01
5.284000000000000000e+03 1.268500000000000066e-10 1.181400000000000000e+05 1.600000000000000000e+01
5.300000000000000000e+03 1.260900000000000009e-10 1.181400000000000000e+05 1.600000000000000000e+01
5.316000000000000000e+03 1.237199999999999874e-10 1.166300000000000000e+05 1.600000000000000000e+01
5.332000000000000000e+03 1.230999999999999937e-10 1.167300000000000000e+05 1.600000000000000000e+01
5.348000000000000000e+03 1.232599999999999962e-10 1.176000000000000000e+05 1.600000000000000000e+01
5.364000000000000000e+03 1.220800000000000065e-10 1.171700000000000000e+05 1.600000000000000000e+01
5.380000000000000000e+03 1.212399999999999866e-10 1.170600000000000000e+05 1.600000000000000000e+01
5.396000000000000000e+03 1.199700000000000003e-10 1.165200000000000000e+05 1.600000000000000000e+01
5.412000000000000000e+03 1.189299999999999967e-10 1.162000000000000000e+05 1.600000000000000000e+01
5.428000000000000000e+03 1.180199999999999967e-10 1.159800000000000000e+05 1.600000000000000000e+01
5.444000000000000000e+03 1.175399999999999891e-10 1.162000000000000000e+05 1.600000000000000000e+01
5.460000000000000000e+03 1.165300000000000102e-10 1.158800000000000000e+05 1.600000000000000000e+01
5.476000000000000000e+03 1.154200000000000005e-10 1.154500000000000000e+05 1.600000000000000000e+01
5.492000000000000000e+03 1.149599999999999964e-10 1.156600000000000000e+05 1.600000000000000000e+01
5.508000000000000000e+03 1.136699999999999937e-10 1.150300000000000000e+05 1.600000000000000000e+01
5.524000000000000000e+03 1.129100000000000009e-10 1.149200000000000000e+05 1.600000000000000000e+01
5.540000000000000000e+03 1.119400000000000033e-10 1.146000000000000000e+05 1.600000000000000000e+01
5.556000000000000000e+03 1.116100000000000028e-10 1.149200000000000000e+05 1.600000000000000000e+01
5.572000000000000000e+03 1.103599999999999942e-10 1.142900000000000000e+05 1.600000000000000000e+01
5.588000000000000000e+03 1.093200000000000035e-10 1.138700000000000000e+05 1.600000000000000000e+01
5.604000000000000000e+03 1.085000000000000001e-10 1.136600000000000000e+05 1.600000000000000000e+01
5.620000000000000000e+03 1.075799999999999919e-10 1.133400000000000000e+05 1.600000000000000000e+01
5.636000000000000000e+03 1.065799999999999954e-10 1.129300000000000000e+05 1.600000000000000000e+01
5.652000000000000000e+03 1.053899999999999974e-10 1.123100000000000000e+05 1.600000000000000000e+01
5.668000000000000000e+03 1.041299999999999935e-10 1.115800000000000000e+05 1.600000000000000000e+01
5.684000000000000000e+03 1.033499999999999972e-10 1.113800000000000000e+05 1.600000000000000000e+01
5.700000000000000000e+03 1.022999999999999983e-10 1.108700000000000000e+05 1.600000000000000000e+01
5.716000000000000000e+03 1.013500000000000042e-10 1.104600000000000000e+05 1.600000000000000000e+01
5.732000000000000000e+03 1.003199999999999958e-10 1.099500000000000000e+05 1.600000000000000000e+01
5.748000000000000000e+03 9.940000000000000055e-11 1.095500000000000000e+05 1.600000000000000000e+01
5.764000000000000000e+03 9.848599999999999212e-11 1.091400000000000000e+05 1.600000000000000000e+01
5.780000000000000000e+03 9.794099999999999555e-11 1.091400000000000000e+05 1.600000000000000000e+01
5.796000000000000000e+03 9.731099999999999359e-11 1.090400000000000000e+05 1.600000000000000000e+01
5.812000000000000000e+03 9.704400000000000372e-11 1.093500000000000000e+05 1.600000000000000000e+01
5.828000000000000000e+03 9.660100000000000328e-11 1.094500000000000000e+05 1.600000000000000000e+01
5.844000000000000000e+03 9.616100000000000273e-11 1.095500000000000000e+05 1.600000000000000000e+01
5.860000000000000000e+03 9.537300000000000246e-11 1.092400000000000000e+05 1.600000000000000000e+01
5.876000000000000000e+03 9.398400000000000343e-11 1.082400000000000000e+05 1.600000000000000000e+01
5.892000000000000000e+03 9.202299999999999593e-11 1.065600000000000000e+05 1.600000000000000000e+01
5.908000000000000000e+03 9.203199999999999559e-11 1.071500000000000000e+05 1.600000000000000000e+01
5.924000000000000000e+03 9.162000000000000260e-11 1.072500000000000000e+05 1.600000000000000000e+01
5.940000000000000000e+03 9.095899999999999319e-11 1.070500000000000000e+05 1.600000000000000000e+01
5.956000000000000000e+03 8.980699999999999810e-11 1.062700000000000000e+05 1.600000000000000000e+01
5.972000000000000000e+03 8.932700000000000338e-11 1.062700000000000000e+05 1.600000000000000000e+01
5.988000000000000000e+03 8.860500000000000060e-11 1.059700000000000000e+05 1.600000000000000000e+01
6.004000000000000000e+03 8.780899999999999632e-11 1.055800000000000000e+05 1.600000000000000000e+01
6.020000000000000000e+03 8.710199999999999297e-11 1.052900000000000000e+05 1.600000000000000000e+01
6.036000000000000000e+03 8.648100000000000359e-11 1.051000000000000000e+05 1.600000000000000000e+01
6.052000000000000000e+03 8.578699999999999544e-11 1.048100000000000000e+05 1.600000000000000000e+01
6.068000000000000000e+03 8.517799999999999269e-11 1.046200000000000000e+05 1.600000000000000000e+01
6.084000000000000000e+03 8.480899999999999375e-11 1.047100000000000000e+05 1.600000000000000000e+01
6.100000000000000000e+03 8.382199999999999240e-11 1.040400000000000000e+05 1.600000000000000000e+01
6.116000000000000000e+03 8.315499999999999616e-11 1.037500000000000000e+05 1.600000000000000000e+01
6.132000000000000000e+03 8.226499999999999975e-11 1.031800000000000000e+05 1.600000000000000000e+01
6.148000000000000000e+03 8.108700000000000133e-11 1.022400000000000000e+05 1.600000000000000000e+01
6.164000000000000000e+03 8.059300000000000283e-11 1.021400000000000000e+05 1.600000000000000000e+01
6.180000000000000000e+03 8.047199999999999880e-11 1.025200000000000000e+05 1.600000000000000000e+01
6.196000000000000000e+03 8.013099999999999450e-11 1.026100000000000000e+05 1.600000000000000000e+01
6.212000000000000000e+03 7.949799999999999265e-11 1.023300000000000000e+05 1.600000000000000000e+01
6.228000000000000000e+03 7.858199999999999292e-11 1.016700000000000000e+05 1.600000000000000000e+01
6.244000000000000000e+03 7.739199999999999496e-11 1.006500000000000000e+05 1.600000000000000000e+01
6.260000000000000000e+03 7.692600000000000402e-11 1.005500000000000000e+05 1.600000000000000000e+01
6.276000000000000000e+03 7.541399999999999673e-11 9.908300000000000000e+04 1.600000000000000000e+01
6.292000000000000000e+03 7.448099999999999333e-11 9.835600000000000000e+04 1.600000000000000000e+01
6.308000000000000000e+03 7.472000000000000150e-11 9.917500000000000000e+04 1.600000000000000000e+01
6.324000000000000000e+03 7.454799999999999941e-11 9.944900000000000000e+04 1.600000000000000000e+01
6.340000000000000000e+03 7.403600000000000159e-11 9.926600000000000000e+04 1.600000000000000000e+01
6.356000000000000000e+03 7.352799999999999931e-11 9.908300000000000000e+04 1.600000000000000000e+01
6.372000000000000000e+03 7.295699999999999942e-11 9.880900000000000000e+04 1.600000000000000000e+01
6.388000000000000000e+03 7.292700000000000056e-11 9.926600000000000000e+04 1.600000000000000000e+01
6.404000000000000000e+03 7.256299999999999282e-11 9.926600000000000000e+04 1.600000000000000000e+01
6.420000000000000000e+03 7.180399999999999575e-11 9.871900000000000000e+04 1.600000000000000000e+01
6.436000000000000000e+03 7.125099999999999518e-11 9.844700000000000000e+04 1.600000000000000000e+01
6.452000000000000000e+03 7.044199999999999570e-11 9.781300000000000000e+04 1.600000000000000000e+01
6.468000000000000000e+03 6.989999999999999902e-11 9.754400000000000000e+04 1.600000000000000000e+01
6.484000000000000000e+03 6.929999999999999592e-11 9.718500000000000000e+04 1.600000000000000000e+01
6.500000000000000000e+03 6.864299999999999498e-11 9.673900000000000000e+04 1.600000000000000000e+01
6.516000000000000000e+03 6.761699999999999511e-11 9.576300000000000000e+04 1.600000000000000000e+01
6.532000000000000000e+03 6.533199999999999990e-11 9.298200000000000000e+04 1.600000000000000000e+01
6.548000000000000000e+03 5.699099999999999738e-11 8.150800000000000000e+04 1.600000000000000000e+01
6.564000000000000000e+03 4.699800000000000149e-11 6.754600000000000000e+04 1.600000000000000000e+01
6.580000000000000000e+03 5.807199999999999731e-11 8.386900000000000000e+04 1.600000000000000000e+01
6.596000000000000000e+03 6.407100000000000033e-11 9.298200000000000000e+04 1.600000000000000000e+01
6.612000000000000000e+03 6.524599999999999886e-11 9.514800000000000000e+04 1.600000000000000000e+01
6.628000000000000000e+03 6.535099999999999487e-11 9.576300000000000000e+04 1.600000000000000000e+01
6.644000000000000000e+03 6.509700000000000020e-11 9.585200000000000000e+04 1.600000000000000000e+01
6.660000000000000000e+03 6.490399999999999890e-11 9.602900000000000000e+04 1.600000000000000000e+01
6.676000000000000000e+03 6.447500000000000224e-11 9.585200000000000000e+04 1.600000000000000000e+01
6.692000000000000000e+03 6.428500000000000083e-11 9.602900000000000000e+04 1.600000000000000000e+01
6.708000000000000000e+03 6.386099999999999537e-11 9.585200000000000000e+04 1.600000000000000000e+01
6.724000000000000000e+03 6.338199999999999630e-11 9.558700000000000000e+04 1.600000000000000000e+01
6.740000000000000000e+03 6.290699999999999277e-11 9.532300000000000000e+04 1.600000000000000000e+01
6.756000000000000000e+03 6.237899999999999986e-11 9.497300000000000000e+04 1.600000000000000000e+01
6.772000000000000000e+03 6.197100000000000241e-11 9.479800000000000000e+04 1.600000000000000000e+01
6.788000000000000000e+03 6.139599999999999406e-11 9.436300000000000000e+04 1.600000000000000000e+01
6.804000000000000000e+03 6.099500000000000495e-11 9.418900000000000000e+04 1.600000000000000000e+01
6.820000000000000000e+03 6.043000000000000484e-11 9.375600000000000000e+04 1.600000000000000000e+01
6.836000000000000000e+03 6.009200000000000042e-11 9.367000000000000000e+04 1.600000000000000000e+01
6.852000000000000000e+03 5.904500000000000135e-11 9.247000000000000000e+04 1.600000000000000000e+01
6.868000000000000000e+03 5.156600000000000060e-11 8.113300000000000000e+04 1.600000000000000000e+01
6.884000000000000000e+03 5.094900000000000030e-11 8.053800000000000000e+04 1.600000000000000000e+01
6.900000000000000000e+03 5.261599999999999956e-11 8.356000000000000000e+04 1.600000000000000000e+01
6.916000000000000000e+03 5.499399999999999771e-11 8.774100000000000000e+04 1.600000000000000000e+01
6.932000000000000000e+03 5.611799999999999817e-11 8.994900000000000000e+04 1.600000000000000000e+01
6.948000000000000000e+03 5.616999999999999835e-11 9.044800000000000000e+04 1.600000000000000000e+01
6.964000000000000000e+03 5.622199999999999853e-11 9.094900000000000000e+04 1.600000000000000000e+01
6.980000000000000000e+03 5.601600000000000204e-11 9.103300000000000000e+04 1.600000000000000000e+01
6.996000000000000000e+03 5.524900000000000096e-11 9.019900000000000000e+04 1.600000000000000000e+01
7.012000000000000000e+03 5.494599999999999953e-11 9.011600000000000000e+04 1.600000000000000000e+01
7.028000000000000000e+03 5.464599999999999798e-11 9.003300000000000000e+04 1.600000000000000000e+01
7.044000000000000000e+03 5.439799999999999661e-11 9.003300000000000000e+04 1.600000000000000000e+01
7.060000000000000000e+03 5.400199999999999870e-11 8.978400000000000000e+04 1.600000000000000000e+01
7.076000000000000000e+03 5.365899999999999663e-11 8.961900000000000000e+04 1.600000000000000000e+01
7.092000000000000000e+03 5.336800000000000120e-11 8.953600000000000000e+04 1.600000000000000000e+01
7.108000000000000000e+03 5.278699999999999954e-11 8.896100000000000000e+04 1.600000000000000000e+01
7.124000000000000000e+03 5.245299999999999712e-11 8.879700000000000000e+04 1.600000000000000000e+01
7.140000000000000000e+03 5.216999999999999924e-11 8.871600000000000000e+04 1.600000000000000000e+01
7.156000000000000000e+03 5.136699999999999953e-11 8.774100000000000000e+04 1.600000000000000000e+01
7.172000000000000000e+03 4.942399999999999781e-11 8.480100000000000000e+04 1.600000000000000000e+01
7.188000000000000000e+03 4.759999999999999589e-11 8.203500000000000000e+04 1.600000000000000000e+01
7.204000000000000000e+03 4.800399999999999781e-11 8.310000000000000000e+04 1.600000000000000000e+01
7.220000000000000000e+03 4.922100000000000120e-11 8.558500000000000000e+04 1.600000000000000000e+01
7.236000000000000000e+03 4.779999999999999908e-11 8.348300000000000000e+04 1.600000000000000000e+01
7.252000000000000000e+03 4.745699999999999701e-11 8.325300000000000000e+04 1.600000000000000000e+01
7.268000000000000000e+03 4.729299999999999892e-11 8.333000000000000000e+04 1.600000000000000000e+01
7.284000000000000000e+03 4.712799999999999871e-11 8.340600000000000000e+04 1.600000000000000000e+01
7.300000000000000000e+03 4.700799999999999680e-11 8.356000000000000000e+04 1.600000000000000000e+01
7.316000000000000000e+03 4.719199999999999844e-11 8.425600000000000000e+04 1.600000000000000000e+01
7.332000000000000000e+03 4.750899999999999719e-11 8.519200000000000000e+04 1.600000000000000000e+01
7.348000000000000000e+03 4.730199999999999858e-11 8.519200000000000000e+04 1.600000000000000000e+01
7.364000000000000000e+03 4.705399999999999721e-11 8.511400000000000000e+04 1.600000000000000000e+01
7.380000000000000000e+03 4.680699999999999796e-11 8.503500000000000000e+04 1.600000000000000000e+01
7.396000000000000000e+03 4.660400000000000135e-11 8.503500000000000000e+04 1.600000000000000000e+01
7.412000000000000000e+03 4.627499999999999659e-11 8.480100000000000000e+04 1.600000000000000000e+01
7.428000000000000000e+03 4.599099999999999659e-11 8.464500000000000000e+04 1.600000000000000000e+01
7.444000000000000000e+03 4.562499999999999754e-11 8.433300000000000000e+04 1.600000000000000000e+01
7.460000000000000000e+03 4.530499999999999891e-11 8.410100000000000000e+04 1.600000000000000000e+01
7.476000000000000000e+03 4.502800000000000079e-11 8.394600000000000000e+04 1.600000000000000000e+01
7.492000000000000000e+03 4.475300000000000045e-11 8.379100000000000000e+04 1.600000000000000000e+01
7.508000000000000000e+03 4.448099999999999999e-11 8.363700000000000000e+04 1.600000000000000000e+01
7.524000000000000000e+03 4.412899999999999826e-11 8.333000000000000000e+04 1.600000000000000000e+01
7.540000000000000000e+03 4.394199999999999674e-11 8.333000000000000000e+04 1.600000000000000000e+01
7.556000000000000000e+03 4.359499999999999912e-11 8.302300000000000000e+04 1.600000000000000000e+01
7.572000000000000000e+03 4.325100000000000140e-11 8.271800000000000000e+04 1.600000000000000000e+01
7.588000000000000000e+03 3.727099999999999982e-11 7.158100000000000000e+04 1.600000000000000000e+01
7.604000000000000000e+03 1.822800000000000028e-11 3.515600000000000000e+04 1.600000000000000000e+01
7.620000000000000000e+03 2.370899999999999924e-11 4.592000000000000000e+04 1.600000000000000000e+01
7.636000000000000000e+03 2.429300000000000079e-11 4.725000000000000000e+04 1.600000000000000000e+01
7.652000000000000000e+03 3.088000000000000090e-11 6.031100000000000000e+04 1.600000000000000000e+01
7.668000000000000000e+03 3.710700000000000173e-11 7.277800000000000000e+04 1.600000000000000000e+01
7.684000000000000000e+03 3.988799999999999967e-11 7.856000000000000000e+04 1.600000000000000000e+01
7.700000000000000000e+03 4.072299999999999601e-11 8.053800000000000000e+04 1.600000000000000000e+01
7.716000000000000000e+03 4.085400000000000182e-11 8.113300000000000000e+04 1.600000000000000000e+01
7.732000000000000000e+03 4.064799999999999886e-11 8.105900000000000000e+04 1.600000000000000000e+01
7.748000000000000000e+03 4.044299999999999801e-11 8.098400000000000000e+04 1.600000000000000000e+01
7.764000000000000000e+03 3.954100000000000206e-11 7.950600000000000000e+04 1.600000000000000000e+01
7.780000000000000000e+03 3.883800000000000071e-11 7.841500000000000000e+04 1.600000000000000000e+01
7.796000000000000000e+03 3.976300000000000010e-11 8.061200000000000000e+04 1.600000000000000000e+01
7.812000000000000000e+03 3.952699999999999828e-11 8.046400000000000000e+04 1.600000000000000000e+01
7.828000000000000000e+03 3.925700000000000206e-11 8.024200000000000000e+04 1.600000000000000000e+01
7.844000000000000000e+03 3.898899999999999714e-11 8.002000000000000000e+04 1.600000000000000000e+01
7.860000000000000000e+03 3.868799999999999994e-11 7.972600000000000000e+04 1.600000000000000000e+01
7.876000000000000000e+03 3.828300000000000237e-11 7.921400000000000000e+04 1.600000000000000000e+01
7.892000000000000000e+03 3.795300000000000196e-11 7.885000000000000000e+04 1.600000000000000000e+01
7.908000000000000000e+03 3.786899999999999868e-11 7.899500000000000000e+04 1.600000000000000000e+01
7.924000000000000000e+03 3.771700000000000014e-11 7.899500000000000000e+04 1.600000000000000000e+01
7.940000000000000000e+03 3.749599999999999775e-11 7.885000000000000000e+04 1.600000000000000000e+01
7.956000000000000000e+03 3.720700000000000009e-11 7.856000000000000000e+04 1.600000000000000000e+01
7.972000000000000000e+03 3.712699999999999882e-11 7.870400000000000000e+04 1.600000000000000000e+01
7.988000000000000000e+03 3.687599999999999756e-11 7.848700000000000000e+04 1.600000000000000000e+01
8.004000000000000000e+03 3.659400000000000179e-11 7.819900000000000000e+04 1.600000000000000000e+01
8.020000000000000000e+03 3.638099999999999695e-11 7.805500000000000000e+04 1.600000000000000000e+01
8.036000000000000000e+03 3.613600000000000193e-11 7.783900000000000000e+04 1.600000000000000000e+01
8.052000000000000000e+03 3.599299999999999658e-11 7.783900000000000000e+04 1.600000000000000000e+01
8.068000000000000000e+03 3.568499999999999749e-11 7.748200000000000000e+04 1.600000000000000000e+01
8.084000000000000000e+03 3.544600000000000224e-11 7.726800000000000000e+04 1.600000000000000000e+01
8.100000000000000000e+03 3.517599999999999956e-11 7.698400000000000000e+04 1.600000000000000000e+01
8.116000000000000000e+03 3.481300000000000040e-11 7.648900000000000000e+04 1.600000000000000000e+01
8.132000000000000000e+03 3.407400000000000041e-11 7.516200000000000000e+04 1.600000000000000000e+01
8.148000000000000000e+03 3.338199999999999650e-11 7.392600000000000000e+04 1.600000000000000000e+01
8.164000000000000000e+03 3.261500000000000189e-11 7.251000000000000000e+04 1.600000000000000000e+01
8.180000000000000000e+03 3.239800000000000150e-11 7.231000000000000000e+04 1.600000000000000000e+01
8.196000000000000000e+03 3.245000000000000168e-11 7.271100000000000000e+04 1.600000000000000000e+01
8.212000000000000000e+03 3.274300000000000134e-11 7.365400000000000000e+04 1.600000000000000000e+01
8.228000000000000000e+03 3.137800000000000140e-11 7.086000000000000000e+04 1.600000000000000000e+01
8.244000000000000000e+03 3.225100000000000061e-11 7.311400000000000000e+04 1.600000000000000000e+01
8.260000000000000000e+03 3.242299999999999624e-11 7.379000000000000000e+04 1.600000000000000000e+01
8.276000000000000000e+03 3.203200000000000245e-11 7.318100000000000000e+04 1.600000000000000000e+01
8.292000000000000000e+03 3.173200000000000090e-11 7.277800000000000000e+04 1.600000000000000000e+01
8.308000000000000000e+03 3.178499999999999674e-11 7.318100000000000000e+04 1.600000000000000000e+01
8.324000000000000000e+03 3.166299999999999706e-11 7.318100000000000000e+04 1.600000000000000000e+01
8.340000000000000000e+03 3.157099999999999624e-11 7.324900000000000000e+04 1.600000000000000000e+01
8.356000000000000000e+03 3.182899999999999938e-11 7.413100000000000000e+04 1.600000000000000000e+01
8.372000000000000000e+03 3.161999999999999653e-11 7.392600000000000000e+04 1.600000000000000000e+01
8.388000000000000000e+03 3.144099999999999901e-11 7.379000000000000000e+04 1.600000000000000000e+01
8.404000000000000000e+03 3.132199999999999922e-11 7.379000000000000000e+04 1.600000000000000000e+01
8.420000000000000000e+03 3.106000000000000053e-11 7.345100000000000000e+04 1.600000000000000000e+01
8.436000000000000000e+03 3.048900000000000065e-11 7.237700000000000000e+04 1.600000000000000000e+01
8.452000000000000000e+03 3.040199999999999748e-11 7.244400000000000000e+04 1.600000000000000000e+01
8.468000000000000000e+03 3.028699999999999969e-11 7.244400000000000000e+04 1.600000000000000000e+01
8.484000000000000000e+03 3.096099999999999783e-11 7.433600000000000000e+04 1.600000000000000000e+01
8.500000000000000000e+03 2.932099999999999754e-11 7.066400000000000000e+04 1.600000000000000000e+01
8.516000000000000000e+03 3.061599999999999798e-11 7.406300000000000000e+04 1.600000000000000000e+01
8.532000000000000000e+03 3.005499999999999987e-11 7.297900000000000000e+04 1.600000000000000000e+01
8.548000000000000000e+03 2.799599999999999824e-11 6.823400000000000000e+04 1.600000000000000000e+01
8.564000000000000000e+03 3.086500000000000147e-11 7.550900000000000000e+04 1.600000000000000000e+01
8.580000000000000000e+03 3.066499999999999828e-11 7.530100000000000000e+04 1.600000000000000000e+01
8.596000000000000000e+03 2.742999999999999924e-11 6.760800000000000000e+04 1.600000000000000000e+01
8.612000000000000000e+03 2.939099999999999704e-11 7.271100000000000000e+04 1.600000000000000000e+01
8.628000000000000000e+03 3.152100000000000029e-11 7.827100000000000000e+04 1.600000000000000000e+01
8.644000000000000000e+03 3.037999999999999616e-11 7.571800000000000000e+04 1.600000000000000000e+01
8.660000000000000000e+03 2.602499999999999866e-11 6.510300000000000000e+04 1.600000000000000000e+01
8.676000000000000000e+03 2.710100000000000095e-11 6.804600000000000000e+04 1.600000000000000000e+01
8.692000000000000000e+03 3.060399999999999844e-11 7.712600000000000000e+04 1.600000000000000000e+01
8.708000000000000000e+03 3.151999999999999817e-11 7.972600000000000000e+04 1.600000000000000000e+01
8.724000000000000000e+03 3.046399999999999944e-11 7.733900000000000000e+04 1.600000000000000000e+01
8.740000000000000000e+03 2.665599999999999951e-11 6.792000000000000000e+04 1.600000000000000000e+01
8.756000000000000000e+03 2.471799999999999868e-11 6.321200000000000000e+04 1.600000000000000000e+01
8.772000000000000000e+03 2.898800000000000048e-11 7.440400000000000000e+04 1.600000000000000000e+01
8.788000000000000000e+03 3.097699999999999937e-11 7.980000000000000000e+04 1.600000000000000000e+01
8.804000000000000000e+03 3.117900000000000033e-11 8.061200000000000000e+04 1.600000000000000000e+01
8.820000000000000000e+03 3.078099999999999819e-11 7.987300000000000000e+04 1.600000000000000000e+01
8.836000000000000000e+03 2.936999999999999784e-11 7.648900000000000000e+04 1.600000000000000000e+01
8.852000000000000000e+03 2.532399999999999832e-11 6.619100000000000000e+04 1.600000000000000000e+01
8.868000000000000000e+03 2.314000000000000035e-11 6.070100000000000000e+04 1.600000000000000000e+01
8.884000000000000000e+03 2.736599999999999951e-11 7.204400000000000000e+04 1.600000000000000000e+01
8.900000000000000000e+03 2.940599999999999648e-11 7.769600000000000000e+04 1.600000000000000000e+01
8.916000000000000000e+03 2.973599999999999689e-11 7.885000000000000000e+04 1.600000000000000000e+01
8.932000000000000000e+03 2.965699999999999773e-11 7.892200000000000000e+04 1.600000000000000000e+01
8.948000000000000000e+03 2.938799999999999716e-11 7.848700000000000000e+04 1.600000000000000000e+01
8.964000000000000000e+03 2.835399999999999975e-11 7.599800000000000000e+04 1.600000000000000000e+01
8.980000000000000000e+03 2.690700000000000076e-11 7.237700000000000000e+04 1.600000000000000000e+01
8.996000000000000000e+03 2.400600000000000091e-11 6.480400000000000000e+04 1.600000000000000000e+01
9.012000000000000000e+03 2.015500000000000045e-11 5.460100000000000000e+04 1.600000000000000000e+01
9.028000000000000000e+03 2.253400000000000072e-11 6.126300000000000000e+04 1.600000000000000000e+01
9.044000000000000000e+03 2.642999999999999946e-11 7.211100000000000000e+04 1.600000000000000000e+01
9.060000000000000000e+03 2.677700000000000031e-11 7.331600000000000000e+04 1.600000000000000000e+01
9.076000000000000000e+03 2.631699999999999944e-11 7.231000000000000000e+04 1.600000000000000000e+01
9.092000000000000000e+03 2.615199999999999923e-11 7.211100000000000000e+04 1.600000000000000000e+01
9.108000000000000000e+03 2.654399999999999837e-11 7.345100000000000000e+04 1.600000000000000000e+01
9.124000000000000000e+03 2.664699999999999985e-11 7.399500000000000000e+04 1.600000000000000000e+01
9.140000000000000000e+03 2.640799999999999814e-11 7.358700000000000000e+04 1.600000000000000000e+01
9.156000000000000000e+03 2.614599999999999946e-11 7.311400000000000000e+04 1.600000000000000000e+01
9.172000000000000000e+03 2.588799999999999955e-11 7.264400000000000000e+04 1.600000000000000000e+01
9.188000000000000000e+03 2.563200000000000064e-11 7.217700000000000000e+04 1.600000000000000000e+01
9.204000000000000000e+03 2.428099999999999802e-11 6.861200000000000000e+04 1.600000000000000000e+01
9.220000000000000000e+03 2.034999999999999952e-11 5.770300000000000000e+04 1.600000000000000000e+01
9.236000000000000000e+03 1.938400000000000061e-11 5.515700000000000000e+04 1.600000000000000000e+01
9.252000000000000000e+03 2.286400000000000113e-11 6.528300000000000000e+04 1.600000000000000000e+01
9.268000000000000000e+03 2.427999999999999913e-11 6.956600000000000000e+04 1.600000000000000000e+01
9.284000000000000000e+03 2.446499999999999966e-11 7.034000000000000000e+04 1.600000000000000000e+01
9.300000000000000000e+03 2.321999999999999840e-11 6.698800000000000000e+04 1.600000000000000000e+01
9.316000000000000000e+03 2.073799999999999989e-11 6.003400000000000000e+04 1.600000000000000000e+01
9.332000000000000000e+03 1.907499999999999940e-11 5.541200000000000000e+04 1.600000000000000000e+01
9.348000000000000000e+03 1.818799999999999964e-11 5.301500000000000000e+04 1.600000000000000000e+01
9.364000000000000000e+03 1.894499999999999894e-11 5.541200000000000000e+04 1.600000000000000000e+01
9.380000000000000000e+03 1.948099999999999908e-11 5.717400000000000000e+04 1.600000000000000000e+01
9.396000000000000000e+03 2.204599999999999876e-11 6.492300000000000000e+04 1.600000000000000000e+01
9.412000000000000000e+03 2.143199999999999834e-11 6.332900000000000000e+04 1.600000000000000000e+01
9.428000000000000000e+03 1.989700000000000054e-11 5.899300000000000000e+04 1.600000000000000000e+01
9.444000000000000000e+03 1.937800000000000083e-11 5.765000000000000000e+04 1.600000000000000000e+01
9.460000000000000000e+03 1.978100000000000063e-11 5.904700000000000000e+04 1.600000000000000000e+01
9.476000000000000000e+03 2.013599999999999902e-11 6.031100000000000000e+04 1.600000000000000000e+01
9.492000000000000000e+03 1.955699999999999836e-11 5.877600000000000000e+04 1.600000000000000000e+01
9.508000000000000000e+03 1.968999999999999870e-11 5.937400000000000000e+04 1.600000000000000000e+01
9.524000000000000000e+03 1.789700000000000099e-11 5.415000000000000000e+04 1.600000000000000000e+01
9.540000000000000000e+03 1.546399999999999954e-11 4.694600000000000000e+04 1.600000000000000000e+01
9.556000000000000000e+03 1.555499999999999824e-11 4.738100000000000000e+04 1.600000000000000000e+01
9.572000000000000000e+03 1.868999999999999892e-11 5.712200000000000000e+04 1.600000000000000000e+01
9.588000000000000000e+03 1.961399999999999942e-11 6.014500000000000000e+04 1.600000000000000000e+01
9.604000000000000000e+03 2.024500000000000027e-11 6.228700000000000000e+04 1.600000000000000000e+01
9.620000000000000000e+03 2.042100000000000114e-11 6.303800000000000000e+04 1.600000000000000000e+01
9.636000000000000000e+03 2.071199999999999980e-11 6.415000000000000000e+04 1.600000000000000000e+01
9.652000000000000000e+03 2.091199999999999975e-11 6.498300000000000000e+04 1.600000000000000000e+01
9.668000000000000000e+03 2.111299999999999859e-11 6.582600000000000000e+04 1.600000000000000000e+01
9.684000000000000000e+03 2.175299999999999910e-11 6.804600000000000000e+04 1.600000000000000000e+01
9.700000000000000000e+03 2.198300000000000114e-11 6.899200000000000000e+04 1.600000000000000000e+01
9.716000000000000000e+03 2.178900000000000096e-11 6.861200000000000000e+04 1.600000000000000000e+01
9.732000000000000000e+03 2.137999999999999816e-11 6.754600000000000000e+04 1.600000000000000000e+01
9.748000000000000000e+03 2.094099999999999973e-11 6.637400000000000000e+04 1.600000000000000000e+01
9.764000000000000000e+03 2.112300000000000037e-11 6.717400000000000000e+04 1.600000000000000000e+01
9.780000000000000000e+03 2.109299999999999827e-11 6.729800000000000000e+04 1.600000000000000000e+01
9.796000000000000000e+03 2.098599999999999802e-11 6.717400000000000000e+04 1.600000000000000000e+01
9.812000000000000000e+03 2.130599999999999989e-11 6.842300000000000000e+04 1.600000000000000000e+01
9.828000000000000000e+03 2.110000000000000016e-11 6.798300000000000000e+04 1.600000000000000000e+01
9.844000000000000000e+03 2.118700000000000009e-11 6.848600000000000000e+04 1.600000000000000000e+01
9.860000000000000000e+03 2.111899999999999836e-11 6.848600000000000000e+04 1.600000000000000000e+01
9.876000000000000000e+03 2.106999999999999807e-11 6.854900000000000000e+04 1.600000000000000000e+01
9.892000000000000000e+03 2.090500000000000109e-11 6.823400000000000000e+04 1.600000000000000000e+01
9.908000000000000000e+03 2.095299999999999927e-11 6.861200000000000000e+04 1.600000000000000000e+01
9.924000000000000000e+03 2.100100000000000068e-11 6.899200000000000000e+04 1.600000000000000000e+01
9.940000000000000000e+03 2.077999999999999829e-11 6.848600000000000000e+04 1.600000000000000000e+01
9.956000000000000000e+03 2.071299999999999868e-11 6.848600000000000000e+04 1.600000000000000000e+01
9.972000000000000000e+03 2.053299999999999904e-11 6.810800000000000000e+04 1.600000000000000000e+01
9.988000000000000000e+03 2.031700000000000077e-11 6.760800000000000000e+04 1.600000000000000000e+01
1.000400000000000000e+04 1.986399999999999856e-11 6.631300000000000000e+04 1.600000000000000000e+01
1.002000000000000000e+04 1.926099999999999881e-11 6.450600000000000000e+04 1.600000000000000000e+01
1.003600000000000000e+04 1.684599999999999991e-11 5.659800000000000000e+04 1.600000000000000000e+01
1.005200000000000000e+04 1.488399999999999999e-11 5.016500000000000000e+04 1.600000000000000000e+01
1.006800000000000000e+04 1.746399999999999909e-11 5.904700000000000000e+04 1.600000000000000000e+01
1.008400000000000000e+04 1.887799999999999933e-11 6.403200000000000000e+04 1.600000000000000000e+01
1.010000000000000000e+04 1.947100000000000054e-11 6.625200000000000000e+04 1.600000000000000000e+01
1.011600000000000000e+04 1.973299999999999922e-11 6.736000000000000000e+04 1.600000000000000000e+01
1.013200000000000000e+04 1.974399999999999988e-11 6.760800000000000000e+04 1.600000000000000000e+01
1.014800000000000000e+04 1.964500000000000040e-11 6.748400000000000000e+04 1.600000000000000000e+01
1.016400000000000000e+04 2.007700000000000018e-11 6.918300000000000000e+04 1.600000000000000000e+01
1.018000000000000000e+04 1.981199999999999838e-11 6.848600000000000000e+04 1.600000000000000000e+01
1.019600000000000000e+04 1.969499999999999958e-11 6.829600000000000000e+04 1.600000000000000000e+01
1.021200000000000000e+04 1.947100000000000054e-11 6.773300000000000000e+04 1.600000000000000000e+01
1.022800000000000000e+04 1.924999999999999815e-11 6.717400000000000000e+04 1.600000000000000000e+01
1.024400000000000000e+04 1.906699999999999863e-11 6.674200000000000000e+04 1.600000000000000000e+01
1.026000000000000000e+04 1.943199999999999879e-11 6.823400000000000000e+04 1.600000000000000000e+01
1.027600000000000000e+04 1.910600000000000038e-11 6.729800000000000000e+04 1.600000000000000000e+01
1.029200000000000000e+04 1.890699999999999931e-11 6.680400000000000000e+04 1.600000000000000000e+01
1.030800000000000000e+04 1.877899999999999985e-11 6.655800000000000000e+04 1.600000000000000000e+01
1.032400000000000000e+04 1.836199999999999951e-11 6.528300000000000000e+04 1.600000000000000000e+01
1.034000000000000000e+04 1.820400000000000119e-11 6.492300000000000000e+04 1.600000000000000000e+01
1.035600000000000000e+04 1.801499999999999867e-11 6.444600000000000000e+04 1.600000000000000000e+01
1.037200000000000000e+04 1.768099999999999948e-11 6.344500000000000000e+04 1.600000000000000000e+01
1.038800000000000000e+04 1.780599999999999905e-11 6.409100000000000000e+04 1.600000000000000000e+01
1.040400000000000000e+04 1.749099999999999807e-11 6.315400000000000000e+04 1.600000000000000000e+01
