3.300000000000000000e+03 2.239700000000000031e-10 8.135800000000000000e+04 1.600000000000000000e+01
3.316000000000000000e+03 2.228400000000000029e-10 8.173300000000000000e+04 1.600000000000000000e+01
3.332000000000000000e+03 2.225399999999999884e-10 8.241400000000000000e+04 1.600000000000000000e+01
3.348000000000000000e+03 2.220499999999999984e-10 8.302300000000000000e+04 1.600000000000000000e+01
3.364000000000000000e+03 2.219799999999999924e-10 8.379100000000000000e+04 1.600000000000000000e+01
3.380000000000000000e+03 2.184699999999999962e-10 8.325300000000000000e+04 1.600000000000000000e+01
3.396000000000000000e+03 2.174100000000000020e-10 8.363700000000000000e+04 1.600000000000000000e+01
3.412000000000000000e+03 2.134000000000000075e-10 8.287000000000000000e+04 1.600000000000000000e+01
3.428000000000000000e+03 2.098599999999999867e-10 8.226200000000000000e+04 1.600000000000000000e+01
3.444000000000000000e+03 2.065799999999999990e-10 8.173300000000000000e+04 1.600000000000000000e+01
3.460000000000000000e+03 2.046799999999999849e-10 8.173300000000000000e+04 1.600000000000000000e+01
3.476000000000000000e+03 2.031700000000000077e-10 8.188400000000000000e+04 1.600000000000000000e+01
3.492000000000000000e+03 2.022399999999999913e-10 8.226200000000000000e+04 1.600000000000000000e+01
3.508000000000000000e+03 2.024400000000000009e-10 8.310000000000000000e+04 1.600000000000000000e+01
3.524000000000000000e+03 2.017200000000000024e-10 8.356000000000000000e+04 1.600000000000000000e+01
3.540000000000000000e+03 2.010099999999999862e-10 8.402300000000000000e+04 1.600000000000000000e+01
3.556000000000000000e+03 2.001200000000000027e-10 8.441100000000000000e+04 1.600000000000000000e+01
3.572000000000000000e+03 2.003499999999999854e-10 8.527100000000000000e+04 1.600000000000000000e+01
3.588000000000000000e+03 1.989399999999999872e-10 8.542800000000000000e+04 1.600000000000000000e+01
3.604000000000000000e+03 1.975399999999999972e-10 8.558500000000000000e+04 1.600000000000000000e+01
3.620000000000000000e+03 1.968799999999999963e-10 8.606000000000000000e+04 1.600000000000000000e+01
3.636000000000000000e+03 1.958699999999999916e-10 8.637700000000000000e+04 1.600000000000000000e+01
3.652000000000000000e+03 1.945199999999999911e-10 8.653600000000000000e+04 1.600000000000000000e+01
3.668000000000000000e+03 1.922899999999999894e-10 8.629800000000000000e+04 1.600000000000000000e+01
3.684000000000000000e+03 1.922100000000000011e-10 8.701600000000000000e+04 1.600000000000000000e+01
3.700000000000000000e+03 1.973399999999999875e-10 9.011600000000000000e+04 1.600000000000000000e+01
3.716000000000000000e+03 2.115800000000000076e-10 9.745400000000000000e+04 1.600000000000000000e+01
3.732000000000000000e+03 2.342799999999999913e-10 1.088400000000000000e+05 1.600000000000000000e+01
3.748000000000000000e+03 2.596699999999999936e-10 1.216700000000000000e+05 1.600000000000000000e+01
3.764000000000000000e+03 2.838699999999999720e-10 1.341500000000000000e+05 1.600000000000000000e+01
3.780000000000000000e+03 3.184499999999999705e-10 1.517700000000000000e+05 1.600000000000000000e+01
3.796000000000000000e+03 3.140300000000000002e-10 1.509400000000000000e+05 1.600000000000000000e+01
3.812000000000000000e+03 3.702700000000000045e-10 1.794700000000000000e+05 1.600000000000000000e+01
3.828000000000000000e+03 3.245499999999999804e-10 1.586400000000000000e+05 1.600000000000000000e+01
3.844000000000000000e+03 3.641300000000000133e-10 1.794700000000000000e+05 1.600000000000000000e+01
3.860000000000000000e+03 4.196100000000000120e-10 2.085500000000000000e+05 1.600000000000000000e+01
3.876000000000000000e+03 3.561699999999999705e-10 1.784800000000000000e+05 1.600000000000000000e+01
3.892000000000000000e+03 3.242499999999999918e-10 1.638300000000000000e+05 1.600000000000000000e+01
3.908000000000000000e+03 4.120100000000000072e-10 2.098900000000000000e+05 1.600000000000000000e+01
3.924000000000000000e+03 4.287100000000000116e-10 2.201900000000000000e+05 1.600000000000000000e+01
3.940000000000000000e+03 4.121199999999999686e-10 2.134000000000000000e+05 1.600000000000000000e+01
3.956000000000000000e+03 3.434799999999999864e-10 1.793100000000000000e+05 1.600000000000000000e+01
3.972000000000000000e+03 3.006100000000000093e-10 1.582000000000000000e+05 1.600000000000000000e+01
3.988000000000000000e+03 3.827499999999999966e-10 2.030500000000000000e+05 1.600000000000000000e+01
4.004000000000000000e+03 4.038599999999999888e-10 2.159700000000000000e+05 1.600000000000000000e+01
4.020000000000000000e+03 4.058499999999999995e-10 2.187800000000000000e+05 1.600000000000000000e+01
4.036000000000000000e+03 4.093700000000000039e-10 2.224300000000000000e+05 1.600000000000000000e+01
4.052000000000000000e+03 4.061499999999999882e-10 2.224300000000000000e+05 1.600000000000000000e+01
4.068000000000000000e+03 3.916100000000000053e-10 2.161700000000000000e+05 1.600000000000000000e+01
4.084000000000000000e+03 3.412299999999999683e-10 1.898400000000000000e+05 1.600000000000000000e+01
4.100000000000000000e+03 2.686899999999999789e-10 1.506600000000000000e+05 1.600000000000000000e+01
4.116000000000000000e+03 3.334799999999999692e-10 1.884500000000000000e+05 1.600000000000000000e+01
4.132000000000000000e+03 3.685499999999999836e-10 2.098900000000000000e+05 1.600000000000000000e+01
4.148000000000000000e+03 3.738899999999999879e-10 2.145800000000000000e+05 1.600000000000000000e+01
4.164000000000000000e+03 3.706800000000000062e-10 2.143900000000000000e+05 1.600000000000000000e+01
4.180000000000000000e+03 3.661600000000000053e-10 2.134000000000000000e+05 1.600000000000000000e+01
4.196000000000000000e+03 3.633700000000000077e-10 2.134000000000000000e+05 1.600000000000000000e+01
4.212000000000000000e+03 3.596199999999999948e-10 2.128100000000000000e+05 1.600000000000000000e+01
4.228000000000000000e+03 3.552599999999999705e-10 2.118400000000000000e+05 1.600000000000000000e+01
4.244000000000000000e+03 3.506499999999999730e-10 2.106700000000000000e+05 1.600000000000000000e+01
4.260000000000000000e+03 3.441899999999999767e-10 2.083500000000000000e+05 1.600000000000000000e+01
4.276000000000000000e+03 3.400499999999999786e-10 2.074000000000000000e+05 1.600000000000000000e+01
4.292000000000000000e+03 3.344300000000000022e-10 2.054900000000000000e+05 1.600000000000000000e+01
4.308000000000000000e+03 3.220100000000000078e-10 1.993400000000000000e+05 1.600000000000000000e+01
4.324000000000000000e+03 2.804499999999999983e-10 1.749000000000000000e+05 1.600000000000000000e+01
4.340000000000000000e+03 2.233800000000000082e-10 1.403500000000000000e+05 1.600000000000000000e+01
4.356000000000000000e+03 2.827799999999999789e-10 1.789800000000000000e+05 1.600000000000000000e+01
4.372000000000000000e+03 3.097799999999999890e-10 1.975100000000000000e+05 1.600000000000000000e+01
4.388000000000000000e+03 3.095199999999999817e-10 1.987900000000000000e+05 1.600000000000000000e+01
4.404000000000000000e+03 3.098300000000000044e-10 2.004500000000000000e+05 1.600000000000000000e+01
4.420000000000000000e+03 3.070299999999999727e-10 2.000800000000000000e+05 1.600000000000000000e+01
4.436000000000000000e+03 3.045299999999999813e-10 1.998900000000000000e+05 1.600000000000000000e+01
4.452000000000000000e+03 3.015200000000000093e-10 1.993400000000000000e+05 1.600000000000000000e+01
4.468000000000000000e+03 2.938999999999999881e-10 1.957000000000000000e+05 1.600000000000000000e+01
4.484000000000000000e+03 2.896600000000000110e-10 1.942700000000000000e+05 1.600000000000000000e+01
4.500000000000000000e+03 2.905299999999999780e-10 1.962500000000000000e+05 1.600000000000000000e+01
4.516000000000000000e+03 2.866199999999999884e-10 1.949800000000000000e+05 1.600000000000000000e+01
4.532000000000000000e+03 2.848699999999999686e-10 1.951600000000000000e+05 1.600000000000000000e+01
4.548000000000000000e+03 2.805300000000000125e-10 1.935500000000000000e+05 1.600000000000000000e+01
4.564000000000000000e+03 2.780499999999999859e-10 1.932000000000000000e+05 1.600000000000000000e+01
4.580000000000000000e+03 2.748499999999999866e-10 1.923100000000000000e+05 1.600000000000000000e+01
4.596000000000000000e+03 2.719300000000000112e-10 1.916000000000000000e+05 1.600000000000000000e+01
4.612000000000000000e+03 2.692999999999999903e-10 1.910700000000000000e+05 1.600000000000000000e+01
4.628000000000000000e+03 2.652400000000000064e-10 1.895000000000000000e+05 1.600000000000000000e+01
4.644000000000000000e+03 2.638999999999999882e-10 1.898400000000000000e+05 1.600000000000000000e+01
4.660000000000000000e+03 2.608799999999999821e-10 1.889700000000000000e+05 1.600000000000000000e+01
4.676000000000000000e+03 2.574399999999999919e-10 1.877600000000000000e+05 1.600000000000000000e+01
4.692000000000000000e+03 2.554499999999999812e-10 1.875900000000000000e+05 1.600000000000000000e+01
4.708000000000000000e+03 2.520900000000000053e-10 1.863800000000000000e+05 1.600000000000000000e+01
4.724000000000000000e+03 2.492299999999999758e-10 1.855200000000000000e+05 1.600000000000000000e+01
4.740000000000000000e+03 2.461900000000000049e-10 1.845000000000000000e+05 1.600000000000000000e+01
4.756000000000000000e+03 2.431799999999999812e-10 1.834800000000000000e+05 1.600000000000000000e+01
4.772000000000000000e+03 2.404499999999999813e-10 1.826400000000000000e+05 1.600000000000000000e+01
4.788000000000000000e+03 2.379599999999999724e-10 1.819700000000000000e+05 1.600000000000000000e+01
4.804000000000000000e+03 2.357299999999999708e-10 1.814700000000000000e+05 1.600000000000000000e+01
4.820000000000000000e+03 2.307399999999999963e-10 1.788100000000000000e+05 1.600000000000000000e+01
4.836000000000000000e+03 2.193000000000000078e-10 1.710800000000000000e+05 1.600000000000000000e+01
4.852000000000000000e+03 1.762700000000000024e-10 1.384200000000000000e+05 1.600000000000000000e+01
4.868000000000000000e+03 1.683099999999999854e-10 1.330500000000000000e+05 1.600000000000000000e+01
4.884000000000000000e+03 2.120699999999999977e-10 1.687300000000000000e+05 1.600000000000000000e+01
4.900000000000000000e+03 2.216299999999999884e-10 1.775000000000000000e+05 1.600000000000000000e+01
4.916000000000000000e+03 2.208000000000000027e-10 1.779900000000000000e+05 1.600000000000000000e+01
4.932000000000000000e+03 2.197700000000000073e-10 1.783200000000000000e+05 1.600000000000000000e+01
4.948000000000000000e+03 2.183500000000000008e-10 1.783200000000000000e+05 1.600000000000000000e+01
4.964000000000000000e+03 2.161499999999999980e-10 1.776600000000000000e+05 1.600000000000000000e+01
4.980000000000000000e+03 2.141699999999999956e-10 1.771700000000000000e+05 1.600000000000000000e+01
4.996000000000000000e+03 2.118199999999999985e-10 1.763600000000000000e+05 1.600000000000000000e+01
5.012000000000000000e+03 2.081600000000000081e-10 1.744200000000000000e+05 1.600000000000000000e+01
5.028000000000000000e+03 2.055099999999999965e-10 1.733000000000000000e+05 1.600000000000000000e+01
5.044000000000000000e+03 2.036400000000000071e-10 1.728200000000000000e+05 1.600000000000000000e+01
5.060000000000000000e+03 2.016099999999999893e-10 1.721900000000000000e+05 1.600000000000000000e+01
5.076000000000000000e+03 2.014499999999999868e-10 1.731400000000000000e+05 1.600000000000000000e+01
5.092000000000000000e+03 1.989000000000000059e-10 1.720300000000000000e+05 1.600000000000000000e+01
5.108000000000000000e+03 1.976599999999999926e-10 1.720300000000000000e+05 1.600000000000000000e+01
5.124000000000000000e+03 1.960700000000000012e-10 1.717100000000000000e+05 1.600000000000000000e+01
5.140000000000000000e+03 1.943099999999999990e-10 1.712400000000000000e+05 1.600000000000000000e+01
5.156000000000000000e+03 1.916899999999999864e-10 1.699800000000000000e+05 1.600000000000000000e+01
5.172000000000000000e+03 1.894500000000000024e-10 1.690400000000000000e+05 1.600000000000000000e+01
5.188000000000000000e+03 1.879399999999999993e-10 1.687300000000000000e+05 1.600000000000000000e+01
5.204000000000000000e+03 1.864400000000000045e-10 1.684200000000000000e+05 1.600000000000000000e+01
5.220000000000000000e+03 1.844499999999999938e-10 1.676500000000000000e+05 1.600000000000000000e+01
5.236000000000000000e+03 1.821499999999999862e-10 1.665700000000000000e+05 1.600000000000000000e+01
5.252000000000000000e+03 1.808699999999999917e-10 1.664200000000000000e+05 1.600000000000000000e+01
5.268000000000000000e+03 1.787800000000000020e-10 1.655000000000000000e+05 1.600000000000000000e+01
5.284000000000000000e+03 1.775399999999999887e-10 1.653500000000000000e+05 1.600000000000000000e+01
5.300000000000000000e+03 1.761399999999999987e-10 1.650400000000000000e+05 1.600000000000000000e+01
5.316000000000000000e+03 1.734800000000000048e-10 1.635300000000000000e+05 1.600000000000000000e+01
5.332000000000000000e+03 1.722799999999999986e-10 1.633800000000000000e+05 1.600000000000000000e+01
5.348000000000000000e+03 1.717299999999999850e-10 1.638300000000000000e+05 1.600000000000000000e+01
5.364000000000000000e+03 1.700799999999999958e-10 1.632300000000000000e+05 1.600000000000000000e+01
5.380000000000000000e+03 1.682899999999999948e-10 1.624800000000000000e+05 1.600000000000000000e+01
5.396000000000000000e+03 1.665199999999999843e-10 1.617300000000000000e+05 1.600000000000000000e+01
5.412000000000000000e+03 1.644799999999999842e-10 1.606900000000000000e+05 1.600000000000000000e+01
5.428000000000000000e+03 1.633599999999999922e-10 1.605500000000000000e+05 1.600000000000000000e+01
5.444000000000000000e+03 1.620999999999999882e-10 1.602500000000000000e+05 1.600000000000000000e+01
5.460000000000000000e+03 1.611500000000000070e-10 1.602500000000000000e+05 1.600000000000000000e+01
5.476000000000000000e+03 1.588900000000000066e-10 1.589300000000000000e+05 1.600000000000000000e+01
5.492000000000000000e+03 1.575299999999999978e-10 1.584900000000000000e+05 1.600000000000000000e+01
5.508000000000000000e+03 1.566099999999999896e-10 1.584900000000000000e+05 1.600000000000000000e+01
5.524000000000000000e+03 1.551399999999999937e-10 1.579100000000000000e+05 1.600000000000000000e+01
5.540000000000000000e+03 1.532499999999999878e-10 1.568900000000000000e+05 1.600000000000000000e+01
5.556000000000000000e+03 1.520899999999999887e-10 1.566000000000000000e+05 1.600000000000000000e+01
5.572000000000000000e+03 1.513600000000000077e-10 1.567500000000000000e+05 1.600000000000000000e+01
5.588000000000000000e+03 1.492500000000000016e-10 1.554500000000000000e+05 1.600000000000000000e+01
5.604000000000000000e+03 1.486699999999999891e-10 1.557400000000000000e+05 1.600000000000000000e+01
5.620000000000000000e+03 1.467400000000000020e-10 1.546000000000000000e+05 1.600000000000000000e+01
5.636000000000000000e+03 1.455099999999999969e-10 1.541700000000000000e+05 1.600000000000000000e+01
5.652000000000000000e+03 1.438900000000000067e-10 1.533200000000000000e+05 1.600000000000000000e+01
5.668000000000000000e+03 1.428099999999999959e-10 1.530400000000000000e+05 1.600000000000000000e+01
5.684000000000000000e+03 1.408400000000000017e-10 1.517700000000000000e+05 1.600000000000000000e+01
5.700000000000000000e+03 1.397899999999999898e-10 1.515000000000000000e+05 1.600000000000000000e+01
5.716000000000000000e+03 1.381100000000000018e-10 1.505200000000000000e+05 1.600000000000000000e+01
5.732000000000000000e+03 1.368399999999999896e-10 1.499700000000000000e+05 1.600000000000000000e+01
5.748000000000000000e+03 1.355799999999999857e-10 1.494200000000000000e+05 1.600000000000000000e+01
5.764000000000000000e+03 1.344499999999999855e-10 1.490000000000000000e+05 1.600000000000000000e+01
5.780000000000000000e+03 1.334599999999999972e-10 1.487300000000000000e+05 1.600000000000000000e+01
5.796000000000000000e+03 1.327299999999999904e-10 1.487300000000000000e+05 1.600000000000000000e+01
5.812000000000000000e+03 1.324899999999999995e-10 1.492800000000000000e+05 1.600000000000000000e+01
5.828000000000000000e+03 1.320000000000000095e-10 1.495500000000000000e+05 1.600000000000000000e+01
5.844000000000000000e+03 1.311599999999999896e-10 1.494200000000000000e+05 1.600000000000000000e+01
5.860000000000000000e+03 1.298499999999999962e-10 1.487300000000000000e+05 1.600000000000000000e+01
5.876000000000000000e+03 1.279500000000000079e-10 1.473700000000000000e+05 1.600000000000000000e+01
5.892000000000000000e+03 1.263299999999999918e-10 1.462800000000000000e+05 1.600000000000000000e+01
5.908000000000000000e+03 1.259899999999999961e-10 1.466900000000000000e+05 1.600000000000000000e+01
5.924000000000000000e+03 1.250799999999999961e-10 1.464200000000000000e+05 1.600000000000000000e+01
5.940000000000000000e+03 1.236100000000000002e-10 1.454800000000000000e+05 1.600000000000000000e+01
5.956000000000000000e+03 1.222700000000000079e-10 1.446800000000000000e+05 1.600000000000000000e+01
5.972000000000000000e+03 1.212799999999999937e-10 1.442800000000000000e+05 1.600000000000000000e+01
5.988000000000000000e+03 1.199700000000000003e-10 1.434800000000000000e+05 1.600000000000000000e+01
6.004000000000000000e+03 1.194400000000000032e-10 1.436200000000000000e+05 1.600000000000000000e+01
6.020000000000000000e+03 1.183700000000000007e-10 1.430900000000000000e+05 1.600000000000000000e+01
6.036000000000000000e+03 1.170900000000000061e-10 1.423000000000000000e+05 1.600000000000000000e+01
6.052000000000000000e+03 1.161499999999999944e-10 1.419100000000000000e+05 1.600000000000000000e+01
6.068000000000000000e+03 1.152200000000000038e-10 1.415100000000000000e+05 1.600000000000000000e+01
6.084000000000000000e+03 1.141899999999999955e-10 1.409900000000000000e+05 1.600000000000000000e+01
6.100000000000000000e+03 1.132799999999999955e-10 1.406000000000000000e+05 1.600000000000000000e+01
6.116000000000000000e+03 1.122799999999999990e-10 1.400900000000000000e+05 1.600000000000000000e+01
6.132000000000000000e+03 1.111799999999999976e-10 1.394400000000000000e+05 1.600000000000000000e+01
6.148000000000000000e+03 1.098899999999999948e-10 1.385500000000000000e+05 1.600000000000000000e+01
6.164000000000000000e+03 1.090200000000000020e-10 1.381600000000000000e+05 1.600000000000000000e+01
6.180000000000000000e+03 1.084499999999999977e-10 1.381600000000000000e+05 1.600000000000000000e+01
6.196000000000000000e+03 1.077899999999999969e-10 1.380400000000000000e+05 1.600000000000000000e+01
6.212000000000000000e+03 1.069399999999999947e-10 1.376600000000000000e+05 1.600000000000000000e+01
6.228000000000000000e+03 1.057100000000000025e-10 1.367700000000000000e+05 1.600000000000000000e+01
6.244000000000000000e+03 1.045899999999999976e-10 1.360200000000000000e+05 1.600000000000000000e+01
6.260000000000000000e+03 1.035799999999999928e-10 1.353900000000000000e+05 1.600000000000000000e+01
6.276000000000000000e+03 1.014499999999999961e-10 1.332900000000000000e+05 1.600000000000000000e+01
6.292000000000000000e+03 1.001899999999999921e-10 1.323100000000000000e+05 1.600000000000000000e+01
6.308000000000000000e+03 1.002399999999999945e-10 1.330500000000000000e+05 1.600000000000000000e+01
6.324000000000000000e+03 1.001899999999999921e-10 1.336600000000000000e+05 1.600000000000000000e+01
6.340000000000000000e+03 9.932099999999999492e-11 1.331700000000000000e+05 1.600000000000000000e+01
6.356000000000000000e+03 9.854900000000000266e-11 1.328000000000000000e+05 1.600000000000000000e+01
6.372000000000000000e+03 9.787499999999999806e-11 1.325600000000000000e+05 1.600000000000000000e+01
6.388000000000000000e+03 9.756399999999999262e-11 1.328000000000000000e+05 1.600000000000000000e+01
6.404000000000000000e+03 9.707700000000000247e-11 1.328000000000000000e+05 1.600000000000000000e+01
6.420000000000000000e+03 9.623899999999999978e-11 1.323100000000000000e+05 1.600000000000000000e+01
6.436000000000000000e+03 9.558400000000000307e-11 1.320700000000000000e+05 1.600000000000000000e+01
6.452000000000000000e+03 9.467400000000000311e-11 1.314600000000000000e+05 1.600000000000000000e+01
6.468000000000000000e+03 9.394600000000000056e-11 1.311000000000000000e+05 1.600000000000000000e+01
6.484000000000000000e+03 9.314000000000000097e-11 1.306200000000000000e+05 1.600000000000000000e+01
6.500000000000000000e+03 9.234099999999999680e-11 1.301400000000000000e+05 1.600000000000000000e+01
6.516000000000000000e+03 9.104499999999999424e-11 1.289400000000000000e+05 1.600000000000000000e+01
6.532000000000000000e+03 8.902799999999999748e-11 1.267100000000000000e+05 1.600000000000000000e+01
6.548000000000000000e+03 8.035299999999999901e-11 1.149200000000000000e+05 1.600000000000000000e+01
6.564000000000000000e+03 6.843600000000000283e-11 9.835600000000000000e+04 1.600000000000000000e+01
6.580000000000000000e+03 8.060599999999999803e-11 1.164100000000000000e+05 1.600000000000000000e+01
6.596000000000000000e+03 8.690799999999999602e-11 1.261200000000000000e+05 1.600000000000000000e+01
6.612000000000000000e+03 8.760999999999999525e-11 1.277600000000000000e+05 1.600000000000000000e+01
6.628000000000000000e+03 8.718799999999999402e-11 1.277600000000000000e+05 1.600000000000000000e+01
6.644000000000000000e+03 8.668799999999999574e-11 1.276400000000000000e+05 1.600000000000000000e+01
6.660000000000000000e+03 8.619300000000000159e-11 1.275300000000000000e+05 1.600000000000000000e+01
6.676000000000000000e+03 8.546499999999999904e-11 1.270600000000000000e+05 1.600000000000000000e+01
6.692000000000000000e+03 8.521400000000000424e-11 1.272900000000000000e+05 1.600000000000000000e+01
6.708000000000000000e+03 8.473000000000000106e-11 1.271700000000000000e+05 1.600000000000000000e+01
6.724000000000000000e+03 8.401699999999999794e-11 1.267100000000000000e+05 1.600000000000000000e+01
6.740000000000000000e+03 8.330999999999999459e-11 1.262400000000000000e+05 1.600000000000000000e+01
6.756000000000000000e+03 8.268799999999999663e-11 1.258900000000000000e+05 1.600000000000000000e+01
6.772000000000000000e+03 8.191900000000000425e-11 1.253100000000000000e+05 1.600000000000000000e+01
6.788000000000000000e+03 8.123399999999999576e-11 1.248500000000000000e+05 1.600000000000000000e+01
6.804000000000000000e+03 8.055499999999999996e-11 1.243900000000000000e+05 1.600000000000000000e+01
6.820000000000000000e+03 7.988299999999999960e-11 1.239400000000000000e+05 1.600000000000000000e+01
6.836000000000000000e+03 7.928999999999999192e-11 1.235900000000000000e+05 1.600000000000000000e+01
6.852000000000000000e+03 7.769400000000000074e-11 1.216700000000000000e+05 1.600000000000000000e+01
6.868000000000000000e+03 6.810199999999999396e-11 1.071500000000000000e+05 1.600000000000000000e+01
6.884000000000000000e+03 6.685599999999999381e-11 1.056800000000000000e+05 1.600000000000000000e+01
6.900000000000000000e+03 6.910699999999999462e-11 1.097500000000000000e+05 1.600000000000000000e+01
6.916000000000000000e+03 7.222899999999999687e-11 1.152400000000000000e+05 1.600000000000000000e+01
6.932000000000000000e+03 7.363799999999999945e-11 1.180300000000000000e+05 1.600000000000000000e+01
6.948000000000000000e+03 7.377400000000000291e-11 1.188000000000000000e+05 1.600000000000000000e+01
6.964000000000000000e+03 7.404599999999999690e-11 1.197800000000000000e+05 1.600000000000000000e+01
6.980000000000000000e+03 7.357200000000000195e-11 1.195600000000000000e+05 1.600000000000000000e+01
6.996000000000000000e+03 7.263099999999999455e-11 1.185800000000000000e+05 1.600000000000000000e+01
7.012000000000000000e+03 7.223299999999999241e-11 1.184700000000000000e+05 1.600000000000000000e+01
7.028000000000000000e+03 7.170599999999999516e-11 1.181400000000000000e+05 1.600000000000000000e+01
7.044000000000000000e+03 7.118400000000000203e-11 1.178100000000000000e+05 1.600000000000000000e+01
7.060000000000000000e+03 7.060100000000000259e-11 1.173800000000000000e+05 1.600000000000000000e+01
7.076000000000000000e+03 7.015299999999999804e-11 1.171700000000000000e+05 1.600000000000000000e+01
7.092000000000000000e+03 6.983700000000000141e-11 1.171700000000000000e+05 1.600000000000000000e+01
7.108000000000000000e+03 6.932999999999999478e-11 1.168400000000000000e+05 1.600000000000000000e+01
7.124000000000000000e+03 6.876600000000000324e-11 1.164100000000000000e+05 1.600000000000000000e+01
7.140000000000000000e+03 6.814299999999999671e-11 1.158800000000000000e+05 1.600000000000000000e+01
7.156000000000000000e+03 6.721700000000000167e-11 1.148200000000000000e+05 1.600000000000000000e+01
7.172000000000000000e+03 6.473499999999999669e-11 1.110700000000000000e+05 1.600000000000000000e+01
7.188000000000000000e+03 6.251800000000000321e-11 1.077500000000000000e+05 1.600000000000000000e+01
7.204000000000000000e+03 6.281699999999999618e-11 1.087400000000000000e+05 1.600000000000000000e+01
7.220000000000000000e+03 6.440900000000000474e-11 1.120000000000000000e+05 1.600000000000000000e+01
7.236000000000000000e+03 6.249199999999999989e-11 1.091400000000000000e+05 1.600000000000000000e+01
7.252000000000000000e+03 6.187399999999999747e-11 1.085400000000000000e+05 1.600000000000000000e+01
7.268000000000000000e+03 6.171500000000000350e-11 1.087400000000000000e+05 1.600000000000000000e+01
7.284000000000000000e+03 6.150100000000000300e-11 1.088400000000000000e+05 1.600000000000000000e+01
7.300000000000000000e+03 6.157099999999999604e-11 1.094500000000000000e+05 1.600000000000000000e+01
7.316000000000000000e+03 6.147100000000000414e-11 1.097500000000000000e+05 1.600000000000000000e+01
7.332000000000000000e+03 6.182699999999999495e-11 1.108700000000000000e+05 1.600000000000000000e+01
7.348000000000000000e+03 6.150100000000000300e-11 1.107600000000000000e+05 1.600000000000000000e+01
7.364000000000000000e+03 6.117799999999999801e-11 1.106600000000000000e+05 1.600000000000000000e+01
7.380000000000000000e+03 6.085699999999999726e-11 1.105600000000000000e+05 1.600000000000000000e+01
7.396000000000000000e+03 6.053800000000000074e-11 1.104600000000000000e+05 1.600000000000000000e+01
7.412000000000000000e+03 6.016600000000000192e-11 1.102600000000000000e+05 1.600000000000000000e+01
7.428000000000000000e+03 5.974199999999999646e-11 1.099500000000000000e+05 1.600000000000000000e+01
7.444000000000000000e+03 5.932100000000000381e-11 1.096500000000000000e+05 1.600000000000000000e+01
7.460000000000000000e+03 5.884999999999999582e-11 1.092400000000000000e+05 1.600000000000000000e+01
7.476000000000000000e+03 5.838200000000000064e-11 1.088400000000000000e+05 1.600000000000000000e+01
7.492000000000000000e+03 5.818700000000000157e-11 1.089400000000000000e+05 1.600000000000000000e+01
7.508000000000000000e+03 5.788599999999999791e-11 1.088400000000000000e+05 1.600000000000000000e+01
7.524000000000000000e+03 5.732199999999999990e-11 1.082400000000000000e+05 1.600000000000000000e+01
7.540000000000000000e+03 5.697400000000000018e-11 1.080400000000000000e+05 1.600000000000000000e+01
7.556000000000000000e+03 5.657700000000000015e-11 1.077500000000000000e+05 1.600000000000000000e+01
7.572000000000000000e+03 5.602699999999999947e-11 1.071500000000000000e+05 1.600000000000000000e+01
7.588000000000000000e+03 4.766100000000000220e-11 9.153800000000000000e+04 1.600000000000000000e+01
7.604000000000000000e+03 2.335299999999999874e-11 4.504000000000000000e+04 1.600000000000000000e+01
7.620000000000000000e+03 3.017899999999999732e-11 5.845200000000000000e+04 1.600000000000000000e+01
7.636000000000000000e+03 3.121000000000000131e-11 6.070100000000000000e+04 1.600000000000000000e+01
7.652000000000000000e+03 3.985399999999999881e-11 7.783900000000000000e+04 1.600000000000000000e+01
7.668000000000000000e+03 4.789099999999999778e-11 9.392900000000000000e+04 1.600000000000000000e+01
7.684000000000000000e+03 5.171799999999999915e-11 1.018600000000000000e+05 1.600000000000000000e+01
7.700000000000000000e+03 5.275199999999999656e-11 1.043300000000000000e+05 1.600000000000000000e+01
7.716000000000000000e+03 5.282499999999999594e-11 1.049100000000000000e+05 1.600000000000000000e+01
7.732000000000000000e+03 5.270299999999999626e-11 1.051000000000000000e+05 1.600000000000000000e+01
7.748000000000000000e+03 5.229300000000000104e-11 1.047100000000000000e+05 1.600000000000000000e+01
7.764000000000000000e+03 5.131600000000000146e-11 1.031800000000000000e+05 1.600000000000000000e+01
7.780000000000000000e+03 5.054300000000000062e-11 1.020500000000000000e+05 1.600000000000000000e+01
7.796000000000000000e+03 5.122400000000000065e-11 1.038500000000000000e+05 1.600000000000000000e+01
7.812000000000000000e+03 5.101499999999999780e-11 1.038500000000000000e+05 1.600000000000000000e+01
7.828000000000000000e+03 5.057299999999999948e-11 1.033700000000000000e+05 1.600000000000000000e+01
7.844000000000000000e+03 5.032099999999999611e-11 1.032800000000000000e+05 1.600000000000000000e+01
7.860000000000000000e+03 4.997800000000000050e-11 1.029900000000000000e+05 1.600000000000000000e+01
7.876000000000000000e+03 4.931799999999999968e-11 1.020500000000000000e+05 1.600000000000000000e+01
7.892000000000000000e+03 4.880300000000000197e-11 1.013900000000000000e+05 1.600000000000000000e+01
7.908000000000000000e+03 4.865000000000000131e-11 1.014800000000000000e+05 1.600000000000000000e+01
7.924000000000000000e+03 4.854399999999999672e-11 1.016700000000000000e+05 1.600000000000000000e+01
7.940000000000000000e+03 4.830399999999999935e-11 1.015800000000000000e+05 1.600000000000000000e+01
7.956000000000000000e+03 4.775599999999999644e-11 1.008300000000000000e+05 1.600000000000000000e+01
7.972000000000000000e+03 4.752099999999999673e-11 1.007400000000000000e+05 1.600000000000000000e+01
7.988000000000000000e+03 4.741799999999999849e-11 1.009300000000000000e+05 1.600000000000000000e+01
8.004000000000000000e+03 4.688200000000000158e-11 1.001800000000000000e+05 1.600000000000000000e+01
8.020000000000000000e+03 4.669500000000000005e-11 1.001800000000000000e+05 1.600000000000000000e+01
8.036000000000000000e+03 4.633899999999999632e-11 9.981600000000000000e+04 1.600000000000000000e+01
8.052000000000000000e+03 4.615500000000000114e-11 9.981600000000000000e+04 1.600000000000000000e+01
8.068000000000000000e+03 4.584499999999999782e-11 9.954000000000000000e+04 1.600000000000000000e+01
8.084000000000000000e+03 4.545300000000000191e-11 9.908300000000000000e+04 1.600000000000000000e+01
8.100000000000000000e+03 4.510800000000000207e-11 9.871900000000000000e+04 1.600000000000000000e+01
8.116000000000000000e+03 4.464099999999999608e-11 9.808400000000000000e+04 1.600000000000000000e+01
8.132000000000000000e+03 4.341399999999999737e-11 9.576300000000000000e+04 1.600000000000000000e+01
8.148000000000000000e+03 4.210300000000000185e-11 9.323900000000000000e+04 1.600000000000000000e+01
8.164000000000000000e+03 4.102200000000000191e-11 9.120100000000000000e+04 1.600000000000000000e+01
8.180000000000000000e+03 4.108799999999999941e-11 9.170600000000000000e+04 1.600000000000000000e+01
8.196000000000000000e+03 4.138200000000000118e-11 9.272600000000000000e+04 1.600000000000000000e+01
8.212000000000000000e+03 4.175599999999999777e-11 9.392900000000000000e+04 1.600000000000000000e+01
8.228000000000000000e+03 3.943100000000000192e-11 8.904300000000000000e+04 1.600000000000000000e+01
8.244000000000000000e+03 4.097699999999999715e-11 9.289600000000000000e+04 1.600000000000000000e+01
8.260000000000000000e+03 4.134899999999999597e-11 9.410200000000000000e+04 1.600000000000000000e+01
8.276000000000000000e+03 4.047399999999999899e-11 9.247000000000000000e+04 1.600000000000000000e+01
8.292000000000000000e+03 4.009600000000000040e-11 9.196000000000000000e+04 1.600000000000000000e+01
8.308000000000000000e+03 4.034799999999999731e-11 9.289600000000000000e+04 1.600000000000000000e+01
8.324000000000000000e+03 4.015700000000000024e-11 9.281100000000000000e+04 1.600000000000000000e+01
8.340000000000000000e+03 4.033599999999999776e-11 9.358400000000000000e+04 1.600000000000000000e+01
8.356000000000000000e+03 4.025500000000000084e-11 9.375600000000000000e+04 1.600000000000000000e+01
8.372000000000000000e+03 4.017600000000000168e-11 9.392900000000000000e+04 1.600000000000000000e+01
8.388000000000000000e+03 3.987499999999999801e-11 9.358400000000000000e+04 1.600000000000000000e+01
8.404000000000000000e+03 3.976000000000000022e-11 9.367000000000000000e+04 1.600000000000000000e+01
8.420000000000000000e+03 3.957299999999999869e-11 9.358400000000000000e+04 1.600000000000000000e+01
8.436000000000000000e+03 3.884599999999999826e-11 9.221500000000000000e+04 1.600000000000000000e+01
8.452000000000000000e+03 3.852100000000000196e-11 9.179100000000000000e+04 1.600000000000000000e+01
8.468000000000000000e+03 3.837599999999999885e-11 9.179100000000000000e+04 1.600000000000000000e+01
8.484000000000000000e+03 3.890599999999999598e-11 9.341100000000000000e+04 1.600000000000000000e+01
8.500000000000000000e+03 3.752999999999999861e-11 9.044800000000000000e+04 1.600000000000000000e+01
8.516000000000000000e+03 3.861399999999999844e-11 9.341100000000000000e+04 1.600000000000000000e+01
8.532000000000000000e+03 3.822299999999999818e-11 9.281100000000000000e+04 1.600000000000000000e+01
8.548000000000000000e+03 3.593299999999999885e-11 8.757900000000000000e+04 1.600000000000000000e+01
8.564000000000000000e+03 3.878499999999999842e-11 9.488500000000000000e+04 1.600000000000000000e+01
8.580000000000000000e+03 3.864099999999999741e-11 9.488500000000000000e+04 1.600000000000000000e+01
8.596000000000000000e+03 3.482000000000000228e-11 8.582200000000000000e+04 1.600000000000000000e+01
8.612000000000000000e+03 3.676299999999999754e-11 9.094900000000000000e+04 1.600000000000000000e+01
8.628000000000000000e+03 3.960999999999999944e-11 9.835600000000000000e+04 1.600000000000000000e+01
8.644000000000000000e+03 3.842300000000000137e-11 9.576300000000000000e+04 1.600000000000000000e+01
8.660000000000000000e+03 3.358799999999999946e-11 8.402300000000000000e+04 1.600000000000000000e+01
8.676000000000000000e+03 3.427499999999999926e-11 8.606000000000000000e+04 1.600000000000000000e+01
8.692000000000000000e+03 3.849300000000000087e-11 9.700600000000000000e+04 1.600000000000000000e+01
8.708000000000000000e+03 3.953500000000000229e-11 1.000000000000000000e+05 1.600000000000000000e+01
8.724000000000000000e+03 3.831699999999999677e-11 9.727500000000000000e+04 1.600000000000000000e+01
8.740000000000000000e+03 3.377500000000000098e-11 8.606000000000000000e+04 1.600000000000000000e+01
8.756000000000000000e+03 3.128999999999999612e-11 8.002000000000000000e+04 1.600000000000000000e+01
8.772000000000000000e+03 3.619299999999999977e-11 9.289600000000000000e+04 1.600000000000000000e+01
8.788000000000000000e+03 3.849799999999999853e-11 9.917500000000000000e+04 1.600000000000000000e+01
8.804000000000000000e+03 3.874899999999999978e-11 1.001800000000000000e+05 1.600000000000000000e+01
8.820000000000000000e+03 3.825500000000000128e-11 9.926600000000000000e+04 1.600000000000000000e+01
8.836000000000000000e+03 3.663600000000000020e-11 9.541200000000000000e+04 1.600000000000000000e+01
8.852000000000000000e+03 3.205799999999999931e-11 8.379100000000000000e+04 1.600000000000000000e+01
8.868000000000000000e+03 2.918599999999999620e-11 7.655900000000000000e+04 1.600000000000000000e+01
8.884000000000000000e+03 3.419799999999999787e-11 9.003300000000000000e+04 1.600000000000000000e+01
8.900000000000000000e+03 3.651199999999999629e-11 9.647200000000000000e+04 1.600000000000000000e+01
8.916000000000000000e+03 3.688799999999999711e-11 9.781300000000000000e+04 1.600000000000000000e+01
8.932000000000000000e+03 3.645199999999999856e-11 9.700600000000000000e+04 1.600000000000000000e+01
8.948000000000000000e+03 3.569199999999999938e-11 9.532300000000000000e+04 1.600000000000000000e+01
8.964000000000000000e+03 3.424699999999999816e-11 9.179100000000000000e+04 1.600000000000000000e+01
8.980000000000000000e+03 3.267900000000000161e-11 8.790200000000000000e+04 1.600000000000000000e+01
8.996000000000000000e+03 2.950699999999999695e-11 7.965200000000000000e+04 1.600000000000000000e+01
9.012000000000000000e+03 2.518699999999999921e-11 6.823400000000000000e+04 1.600000000000000000e+01
9.028000000000000000e+03 2.790199999999999965e-11 7.585800000000000000e+04 1.600000000000000000e+01
9.044000000000000000e+03 3.266599999999999995e-11 8.912500000000000000e+04 1.600000000000000000e+01
9.060000000000000000e+03 3.303399999999999677e-11 9.044800000000000000e+04 1.600000000000000000e+01
9.076000000000000000e+03 3.205000000000000177e-11 8.806400000000000000e+04 1.600000000000000000e+01
9.092000000000000000e+03 3.190799999999999854e-11 8.798300000000000000e+04 1.600000000000000000e+01
9.108000000000000000e+03 3.212000000000000127e-11 8.887900000000000000e+04 1.600000000000000000e+01
9.124000000000000000e+03 3.206599999999999685e-11 8.904300000000000000e+04 1.600000000000000000e+01
9.140000000000000000e+03 3.142899999999999947e-11 8.757900000000000000e+04 1.600000000000000000e+01
9.156000000000000000e+03 3.111800000000000049e-11 8.701600000000000000e+04 1.600000000000000000e+01
9.172000000000000000e+03 3.098100000000000138e-11 8.693600000000000000e+04 1.600000000000000000e+01
9.188000000000000000e+03 3.104399999999999899e-11 8.741800000000000000e+04 1.600000000000000000e+01
9.204000000000000000e+03 3.017599999999999743e-11 8.527100000000000000e+04 1.600000000000000000e+01
9.220000000000000000e+03 2.585599999999999969e-11 7.331600000000000000e+04 1.600000000000000000e+01
9.236000000000000000e+03 2.431400000000000000e-11 6.918300000000000000e+04 1.600000000000000000e+01
9.252000000000000000e+03 2.815499999999999868e-11 8.038900000000000000e+04 1.600000000000000000e+01
9.268000000000000000e+03 2.957000000000000103e-11 8.472300000000000000e+04 1.600000000000000000e+01
9.284000000000000000e+03 2.919800000000000221e-11 8.394600000000000000e+04 1.600000000000000000e+01
9.300000000000000000e+03 2.720499999999999808e-11 7.848700000000000000e+04 1.600000000000000000e+01
9.316000000000000000e+03 2.400799999999999868e-11 6.950200000000000000e+04 1.600000000000000000e+01
9.332000000000000000e+03 2.148200000000000075e-11 6.240200000000000000e+04 1.600000000000000000e+01
9.348000000000000000e+03 2.036999999999999984e-11 5.937400000000000000e+04 1.600000000000000000e+01
9.364000000000000000e+03 2.129599999999999811e-11 6.228700000000000000e+04 1.600000000000000000e+01
9.380000000000000000e+03 2.216199999999999867e-11 6.504300000000000000e+04 1.600000000000000000e+01
9.396000000000000000e+03 2.580699999999999939e-11 7.599800000000000000e+04 1.600000000000000000e+01
9.412000000000000000e+03 2.525000000000000005e-11 7.461000000000000000e+04 1.600000000000000000e+01
9.428000000000000000e+03 2.297099999999999815e-11 6.810800000000000000e+04 1.600000000000000000e+01
9.444000000000000000e+03 2.220799999999999908e-11 6.606900000000000000e+04 1.600000000000000000e+01
9.460000000000000000e+03 2.266899999999999883e-11 6.767100000000000000e+04 1.600000000000000000e+01
9.476000000000000000e+03 2.301299999999999978e-11 6.892900000000000000e+04 1.600000000000000000e+01
9.492000000000000000e+03 2.251700000000000028e-11 6.767100000000000000e+04 1.600000000000000000e+01
9.508000000000000000e+03 2.300600000000000113e-11 6.937400000000000000e+04 1.600000000000000000e+01
9.524000000000000000e+03 2.104700000000000109e-11 6.367900000000000000e+04 1.600000000000000000e+01
9.540000000000000000e+03 1.859199999999999833e-11 5.644100000000000000e+04 1.600000000000000000e+01
9.556000000000000000e+03 1.835999999999999851e-11 5.592400000000000000e+04 1.600000000000000000e+01
9.572000000000000000e+03 2.218300000000000110e-11 6.779500000000000000e+04 1.600000000000000000e+01
9.588000000000000000e+03 2.287499999999999856e-11 7.014500000000000000e+04 1.600000000000000000e+01
9.604000000000000000e+03 2.378600000000000063e-11 7.318100000000000000e+04 1.600000000000000000e+01
9.620000000000000000e+03 2.405899999999999997e-11 7.426800000000000000e+04 1.600000000000000000e+01
9.636000000000000000e+03 2.420099999999999997e-11 7.495500000000000000e+04 1.600000000000000000e+01
9.652000000000000000e+03 2.475100000000000066e-11 7.691300000000000000e+04 1.600000000000000000e+01
9.668000000000000000e+03 2.517400000000000078e-11 7.848700000000000000e+04 1.600000000000000000e+01
9.684000000000000000e+03 2.617599999999999832e-11 8.188400000000000000e+04 1.600000000000000000e+01
9.700000000000000000e+03 2.635599999999999796e-11 8.271800000000000000e+04 1.600000000000000000e+01
9.716000000000000000e+03 2.602799999999999855e-11 8.195900000000000000e+04 1.600000000000000000e+01
9.732000000000000000e+03 2.544599999999999800e-11 8.038900000000000000e+04 1.600000000000000000e+01
9.748000000000000000e+03 2.501399999999999823e-11 7.928700000000000000e+04 1.600000000000000000e+01
9.764000000000000000e+03 2.513999999999999991e-11 7.994700000000000000e+04 1.600000000000000000e+01
9.780000000000000000e+03 2.540600000000000059e-11 8.105900000000000000e+04 1.600000000000000000e+01
9.796000000000000000e+03 2.511399999999999982e-11 8.038900000000000000e+04 1.600000000000000000e+01
9.812000000000000000e+03 2.549799999999999818e-11 8.188400000000000000e+04 1.600000000000000000e+01
9.828000000000000000e+03 2.553199999999999905e-11 8.226200000000000000e+04 1.600000000000000000e+01
9.844000000000000000e+03 2.540300000000000071e-11 8.211100000000000000e+04 1.600000000000000000e+01
9.860000000000000000e+03 2.564900000000000107e-11 8.317600000000000000e+04 1.600000000000000000e+01
9.876000000000000000e+03 2.547199999999999809e-11 8.287000000000000000e+04 1.600000000000000000e+01
9.892000000000000000e+03 2.543599999999999946e-11 8.302300000000000000e+04 1.600000000000000000e+01
9.908000000000000000e+03 2.535400000000000041e-11 8.302300000000000000e+04 1.600000000000000000e+01
9.924000000000000000e+03 2.562399999999999987e-11 8.417800000000000000e+04 1.600000000000000000e+01
9.940000000000000000e+03 2.533100000000000021e-11 8.348300000000000000e+04 1.600000000000000000e+01
9.956000000000000000e+03 2.508700000000000084e-11 8.294700000000000000e+04 1.600000000000000000e+01
9.972000000000000000e+03 2.498399999999999936e-11 8.287000000000000000e+04 1.600000000000000000e+01
9.988000000000000000e+03 2.467499999999999816e-11 8.211100000000000000e+04 1.600000000000000000e+01
1.000400000000000000e+04 2.446100000000000089e-11 8.165800000000000000e+04 1.600000000000000000e+01
1.002000000000000000e+04 2.382799999999999904e-11 7.980000000000000000e+04 1.600000000000000000e+01
1.003600000000000000e+04 2.120799999999999930e-11 7.125300000000000000e+04 1.600000000000000000e+01
1.005200000000000000e+04 1.875500000000000076e-11 6.321200000000000000e+04 1.600000000000000000e+01
1.006800000000000000e+04 2.172399999999999912e-11 7.345100000000000000e+04 1.600000000000000000e+01
1.008400000000000000e+04 2.337500000000000006e-11 7.928700000000000000e+04 1.600000000000000000e+01
1.010000000000000000e+04 2.377799999999999986e-11 8.090900000000000000e+04 1.600000000000000000e+01
1.011600000000000000e+04 2.389999999999999954e-11 8.158300000000000000e+04 1.600000000000000000e+01
1.013200000000000000e+04 2.411199999999999904e-11 8.256600000000000000e+04 1.600000000000000000e+01
1.014800000000000000e+04 2.385900000000000002e-11 8.195900000000000000e+04 1.600000000000000000e+01
1.016400000000000000e+04 2.393799999999999918e-11 8.249000000000000000e+04 1.600000000000000000e+01
1.018000000000000000e+04 2.362199999999999931e-11 8.165800000000000000e+04 1.600000000000000000e+01
1.019600000000000000e+04 2.365699999999999906e-11 8.203500000000000000e+04 1.600000000000000000e+01
1.021200000000000000e+04 2.367000000000000072e-11 8.233800000000000000e+04 1.600000000000000000e+01
1.022800000000000000e+04 2.374899999999999988e-11 8.287000000000000000e+04 1.600000000000000000e+01
1.024400000000000000e+04 2.358699999999999956e-11 8.256600000000000000e+04 1.600000000000000000e+01
1.026000000000000000e+04 2.327699999999999947e-11 8.173300000000000000e+04 1.600000000000000000e+01
1.027600000000000000e+04 2.328999999999999790e-11 8.203500000000000000e+04 1.600000000000000000e+01
1.029200000000000000e+04 2.375899999999999842e-11 8.394600000000000000e+04 1.600000000000000000e+01
1.030800000000000000e+04 2.346799999999999976e-11 8.317600000000000000e+04 1.600000000000000000e+01
1.032400000000000000e+04 2.269499999999999892e-11 8.068600000000000000e+04 1.600000000000000000e+01
1.034000000000000000e+04 2.206899999999999896e-11 7.870400000000000000e+04 1.600000000000000000e+01
1.035600000000000000e+04 2.194000000000000062e-11 7.848700000000000000e+04 1.600000000000000000e+01
1.037200000000000000e+04 2.187199999999999889e-11 7.848700000000000000e+04 1.600000000000000000e+01
1.038800000000000000e+04 2.180499999999999928e-11 7.848700000000000000e+04 1.600000000000000000e+01
1.040400000000000000e+04 2.203999999999999898e-11 7.957900000000000000e+04 1.600000000000000000e+01
1.042000000000000000e+04 2.179099999999999873e-11 7.892200000000000000e+04 1.600000000000000000e+01
