3.300000000000000000e+03 7.102199999999999525e-11 2.579900000000000000e+04 1.600000000000000000e+01
3.316000000000000000e+03 7.066300000000000455e-11 2.591800000000000000e+04 1.600000000000000000e+01
3.332000000000000000e+03 6.992199999999999388e-11 2.589400000000000000e+04 1.600000000000000000e+01
3.348000000000000000e+03 6.989600000000000348e-11 2.613400000000000000e+04 1.600000000000000000e+01
3.364000000000000000e+03 6.961599999999999255e-11 2.627800000000000000e+04 1.600000000000000000e+01
3.380000000000000000e+03 6.876799999999999455e-11 2.620600000000000000e+04 1.600000000000000000e+01
3.396000000000000000e+03 6.768400000000000119e-11 2.603800000000000000e+04 1.600000000000000000e+01
3.412000000000000000e+03 6.661999999999999845e-11 2.587000000000000000e+04 1.600000000000000000e+01
3.428000000000000000e+03 6.503400000000000259e-11 2.549200000000000000e+04 1.600000000000000000e+01
3.444000000000000000e+03 6.395800000000000031e-11 2.530500000000000000e+04 1.600000000000000000e+01
3.460000000000000000e+03 6.307700000000000355e-11 2.518800000000000000e+04 1.600000000000000000e+01
3.476000000000000000e+03 6.226699999999999549e-11 2.509600000000000000e+04 1.600000000000000000e+01
3.492000000000000000e+03 6.164100000000000200e-11 2.507300000000000000e+04 1.600000000000000000e+01
3.508000000000000000e+03 6.175899999999999322e-11 2.535100000000000000e+04 1.600000000000000000e+01
3.524000000000000000e+03 6.148199999999999510e-11 2.546800000000000000e+04 1.600000000000000000e+01
3.540000000000000000e+03 6.120899999999999253e-11 2.558600000000000000e+04 1.600000000000000000e+01
3.556000000000000000e+03 6.077099999999999621e-11 2.563300000000000000e+04 1.600000000000000000e+01
3.572000000000000000e+03 6.044999999999999546e-11 2.572800000000000000e+04 1.600000000000000000e+01
3.588000000000000000e+03 6.007799999999999664e-11 2.579900000000000000e+04 1.600000000000000000e+01
3.604000000000000000e+03 5.971100000000000194e-11 2.587000000000000000e+04 1.600000000000000000e+01
3.620000000000000000e+03 5.923800000000000265e-11 2.589400000000000000e+04 1.600000000000000000e+01
3.636000000000000000e+03 5.877199999999999878e-11 2.591800000000000000e+04 1.600000000000000000e+01
3.652000000000000000e+03 5.825799999999999672e-11 2.591800000000000000e+04 1.600000000000000000e+01
3.668000000000000000e+03 5.764499999999999843e-11 2.587000000000000000e+04 1.600000000000000000e+01
3.684000000000000000e+03 5.688300000000000147e-11 2.575100000000000000e+04 1.600000000000000000e+01
3.700000000000000000e+03 5.675699999999999979e-11 2.591800000000000000e+04 1.600000000000000000e+01
3.716000000000000000e+03 5.816599999999999590e-11 2.679200000000000000e+04 1.600000000000000000e+01
3.732000000000000000e+03 6.116999999999999401e-11 2.841800000000000000e+04 1.600000000000000000e+01
3.748000000000000000e+03 6.486700000000000461e-11 3.039500000000000000e+04 1.600000000000000000e+01
3.764000000000000000e+03 6.866299999999999853e-11 3.244900000000000000e+04 1.600000000000000000e+01
3.780000000000000000e+03 7.444499999999999470e-11 3.548100000000000000e+04 1.600000000000000000e+01
3.796000000000000000e+03 7.320999999999999844e-11 3.518800000000000000e+04 1.600000000000000000e+01
3.812000000000000000e+03 8.281599999999999609e-11 4.014200000000000000e+04 1.600000000000000000e+01
3.828000000000000000e+03 7.545299999999999525e-11 3.688100000000000000e+04 1.600000000000000000e+01
3.844000000000000000e+03 8.121800000000000067e-11 4.003100000000000000e+04 1.600000000000000000e+01
3.860000000000000000e+03 9.112699999999999975e-11 4.529000000000000000e+04 1.600000000000000000e+01
3.876000000000000000e+03 8.047400000000000304e-11 4.032700000000000000e+04 1.600000000000000000e+01
3.892000000000000000e+03 7.380299999999999319e-11 3.729100000000000000e+04 1.600000000000000000e+01
3.908000000000000000e+03 8.849299999999999623e-11 4.508200000000000000e+04 1.600000000000000000e+01
3.924000000000000000e+03 9.148799999999999468e-11 4.698900000000000000e+04 1.600000000000000000e+01
3.940000000000000000e+03 8.933600000000000304e-11 4.625900000000000000e+04 1.600000000000000000e+01
3.956000000000000000e+03 7.767999999999999697e-11 4.055100000000000000e+04 1.600000000000000000e+01
3.972000000000000000e+03 6.854900000000000286e-11 3.607400000000000000e+04 1.600000000000000000e+01
3.988000000000000000e+03 8.258699999999999615e-11 4.381300000000000000e+04 1.600000000000000000e+01
4.004000000000000000e+03 8.578899999999999967e-11 4.587800000000000000e+04 1.600000000000000000e+01
4.020000000000000000e+03 8.597399999999999697e-11 4.634500000000000000e+04 1.600000000000000000e+01
4.036000000000000000e+03 8.616199999999999415e-11 4.681600000000000000e+04 1.600000000000000000e+01
4.052000000000000000e+03 8.572000000000000229e-11 4.694600000000000000e+04 1.600000000000000000e+01
4.068000000000000000e+03 8.357199999999999327e-11 4.613200000000000000e+04 1.600000000000000000e+01
4.084000000000000000e+03 7.486000000000000050e-11 4.164900000000000000e+04 1.600000000000000000e+01
4.100000000000000000e+03 6.200899999999999235e-11 3.477000000000000000e+04 1.600000000000000000e+01
4.116000000000000000e+03 7.215600000000000395e-11 4.077500000000000000e+04 1.600000000000000000e+01
4.132000000000000000e+03 7.807299999999999499e-11 4.446300000000000000e+04 1.600000000000000000e+01
4.148000000000000000e+03 7.891199999999999333e-11 4.529000000000000000e+04 1.600000000000000000e+01
4.164000000000000000e+03 7.845099999999999358e-11 4.537300000000000000e+04 1.600000000000000000e+01
4.180000000000000000e+03 7.749400000000000402e-11 4.516500000000000000e+04 1.600000000000000000e+01
4.196000000000000000e+03 7.690399999999999624e-11 4.516500000000000000e+04 1.600000000000000000e+01
4.212000000000000000e+03 7.618000000000000215e-11 4.508200000000000000e+04 1.600000000000000000e+01
4.228000000000000000e+03 7.511899999999999930e-11 4.479200000000000000e+04 1.600000000000000000e+01
4.244000000000000000e+03 7.400600000000000273e-11 4.446300000000000000e+04 1.600000000000000000e+01
4.260000000000000000e+03 7.277800000000000190e-11 4.405500000000000000e+04 1.600000000000000000e+01
4.276000000000000000e+03 7.183599999999999885e-11 4.381300000000000000e+04 1.600000000000000000e+01
4.292000000000000000e+03 7.064799999999999220e-11 4.341100000000000000e+04 1.600000000000000000e+01
4.308000000000000000e+03 6.859100000000000126e-11 4.246200000000000000e+04 1.600000000000000000e+01
4.324000000000000000e+03 6.129799999999999346e-11 3.823000000000000000e+04 1.600000000000000000e+01
4.340000000000000000e+03 5.126700000000000117e-11 3.221100000000000000e+04 1.600000000000000000e+01
4.356000000000000000e+03 6.068000000000000397e-11 3.840600000000000000e+04 1.600000000000000000e+01
4.372000000000000000e+03 6.526199999999999394e-11 4.161000000000000000e+04 1.600000000000000000e+01
4.388000000000000000e+03 6.502599999999999858e-11 4.176400000000000000e+04 1.600000000000000000e+01
4.404000000000000000e+03 6.497200000000000063e-11 4.203400000000000000e+04 1.600000000000000000e+01
4.420000000000000000e+03 6.438399999999999708e-11 4.195600000000000000e+04 1.600000000000000000e+01
4.436000000000000000e+03 6.386099999999999537e-11 4.191800000000000000e+04 1.600000000000000000e+01
4.452000000000000000e+03 6.259099999999999613e-11 4.138100000000000000e+04 1.600000000000000000e+01
4.468000000000000000e+03 6.117799999999999801e-11 4.073800000000000000e+04 1.600000000000000000e+01
4.484000000000000000e+03 6.079799999999999519e-11 4.077500000000000000e+04 1.600000000000000000e+01
4.500000000000000000e+03 6.103700000000000336e-11 4.122900000000000000e+04 1.600000000000000000e+01
4.516000000000000000e+03 6.005000000000000201e-11 4.085100000000000000e+04 1.600000000000000000e+01
4.532000000000000000e+03 5.957199999999999860e-11 4.081300000000000000e+04 1.600000000000000000e+01
4.548000000000000000e+03 5.855700000000000262e-11 4.040200000000000000e+04 1.600000000000000000e+01
4.564000000000000000e+03 5.798699999999999838e-11 4.029000000000000000e+04 1.600000000000000000e+01
4.580000000000000000e+03 5.737100000000000020e-11 4.014200000000000000e+04 1.600000000000000000e+01
4.596000000000000000e+03 5.681499999999999974e-11 4.003100000000000000e+04 1.600000000000000000e+01
4.612000000000000000e+03 5.631699999999999924e-11 3.995800000000000000e+04 1.600000000000000000e+01
4.628000000000000000e+03 5.541599999999999894e-11 3.959100000000000000e+04 1.600000000000000000e+01
4.644000000000000000e+03 5.498399999999999593e-11 3.955500000000000000e+04 1.600000000000000000e+01
4.660000000000000000e+03 5.450599999999999898e-11 3.948200000000000000e+04 1.600000000000000000e+01
4.676000000000000000e+03 5.388599999999999879e-11 3.930100000000000000e+04 1.600000000000000000e+01
4.692000000000000000e+03 5.332200000000000079e-11 3.915600000000000000e+04 1.600000000000000000e+01
4.708000000000000000e+03 5.261899999999999945e-11 3.890400000000000000e+04 1.600000000000000000e+01
4.724000000000000000e+03 5.192799999999999765e-11 3.865400000000000000e+04 1.600000000000000000e+01
4.740000000000000000e+03 5.124600000000000196e-11 3.840600000000000000e+04 1.600000000000000000e+01
4.756000000000000000e+03 5.080900000000000130e-11 3.833500000000000000e+04 1.600000000000000000e+01
4.772000000000000000e+03 5.009799999999999595e-11 3.805400000000000000e+04 1.600000000000000000e+01
4.788000000000000000e+03 4.953500000000000007e-11 3.787900000000000000e+04 1.600000000000000000e+01
4.804000000000000000e+03 4.906999999999999831e-11 3.777500000000000000e+04 1.600000000000000000e+01
4.820000000000000000e+03 4.829799999999999958e-11 3.742800000000000000e+04 1.600000000000000000e+01
4.836000000000000000e+03 4.637099999999999941e-11 3.617400000000000000e+04 1.600000000000000000e+01
4.852000000000000000e+03 3.924499999999999605e-11 3.081800000000000000e+04 1.600000000000000000e+01
4.868000000000000000e+03 3.740399999999999693e-11 2.956700000000000000e+04 1.600000000000000000e+01
4.884000000000000000e+03 4.471700000000000182e-11 3.557900000000000000e+04 1.600000000000000000e+01
4.900000000000000000e+03 4.604999999999999866e-11 3.688100000000000000e+04 1.600000000000000000e+01
4.916000000000000000e+03 4.558199999999999702e-11 3.674500000000000000e+04 1.600000000000000000e+01
4.932000000000000000e+03 4.541199999999999916e-11 3.684700000000000000e+04 1.600000000000000000e+01
4.948000000000000000e+03 4.528599999999999747e-11 3.698300000000000000e+04 1.600000000000000000e+01
4.964000000000000000e+03 4.486999999999999601e-11 3.688100000000000000e+04 1.600000000000000000e+01
4.980000000000000000e+03 4.437699999999999963e-11 3.671100000000000000e+04 1.600000000000000000e+01
4.996000000000000000e+03 4.377000000000000110e-11 3.644200000000000000e+04 1.600000000000000000e+01
5.012000000000000000e+03 4.297300000000000117e-11 3.600800000000000000e+04 1.600000000000000000e+01
5.028000000000000000e+03 4.258299999999999657e-11 3.590900000000000000e+04 1.600000000000000000e+01
5.044000000000000000e+03 4.204099999999999989e-11 3.567800000000000000e+04 1.600000000000000000e+01
5.060000000000000000e+03 4.173699999999999634e-11 3.564500000000000000e+04 1.600000000000000000e+01
5.076000000000000000e+03 4.158899999999999980e-11 3.574400000000000000e+04 1.600000000000000000e+01
5.092000000000000000e+03 4.125199999999999750e-11 3.567800000000000000e+04 1.600000000000000000e+01
5.108000000000000000e+03 4.084299999999999793e-11 3.554700000000000000e+04 1.600000000000000000e+01
5.124000000000000000e+03 4.051399999999999963e-11 3.548100000000000000e+04 1.600000000000000000e+01
5.140000000000000000e+03 4.003999999999999822e-11 3.528600000000000000e+04 1.600000000000000000e+01
5.156000000000000000e+03 3.949999999999999931e-11 3.502700000000000000e+04 1.600000000000000000e+01
5.172000000000000000e+03 3.918399999999999621e-11 3.496200000000000000e+04 1.600000000000000000e+01
5.188000000000000000e+03 3.890599999999999598e-11 3.493000000000000000e+04 1.600000000000000000e+01
5.204000000000000000e+03 3.849000000000000098e-11 3.477000000000000000e+04 1.600000000000000000e+01
5.220000000000000000e+03 3.800800000000000203e-11 3.454600000000000000e+04 1.600000000000000000e+01
5.236000000000000000e+03 3.763699999999999886e-11 3.441900000000000000e+04 1.600000000000000000e+01
5.252000000000000000e+03 3.730500000000000068e-11 3.432400000000000000e+04 1.600000000000000000e+01
5.268000000000000000e+03 3.694299999999999718e-11 3.419800000000000000e+04 1.600000000000000000e+01
5.284000000000000000e+03 3.665200000000000175e-11 3.413500000000000000e+04 1.600000000000000000e+01
5.300000000000000000e+03 3.626299999999999927e-11 3.397800000000000000e+04 1.600000000000000000e+01
5.316000000000000000e+03 3.568199999999999760e-11 3.363600000000000000e+04 1.600000000000000000e+01
5.332000000000000000e+03 3.563200000000000165e-11 3.379100000000000000e+04 1.600000000000000000e+01
5.348000000000000000e+03 3.538599999999999806e-11 3.376000000000000000e+04 1.600000000000000000e+01
5.364000000000000000e+03 3.507900000000000108e-11 3.366700000000000000e+04 1.600000000000000000e+01
5.380000000000000000e+03 3.480599999999999851e-11 3.360500000000000000e+04 1.600000000000000000e+01
5.396000000000000000e+03 3.437799999999999750e-11 3.338900000000000000e+04 1.600000000000000000e+01
5.412000000000000000e+03 3.408000000000000019e-11 3.329700000000000000e+04 1.600000000000000000e+01
5.428000000000000000e+03 3.378599999999999841e-11 3.320500000000000000e+04 1.600000000000000000e+01
5.444000000000000000e+03 3.355699999999999848e-11 3.317400000000000000e+04 1.600000000000000000e+01
5.460000000000000000e+03 3.317700000000000212e-11 3.299100000000000000e+04 1.600000000000000000e+01
5.476000000000000000e+03 3.289200000000000000e-11 3.290000000000000000e+04 1.600000000000000000e+01
5.492000000000000000e+03 3.255100000000000216e-11 3.274900000000000000e+04 1.600000000000000000e+01
5.508000000000000000e+03 3.227300000000000193e-11 3.265900000000000000e+04 1.600000000000000000e+01
5.524000000000000000e+03 3.211499999999999715e-11 3.268900000000000000e+04 1.600000000000000000e+01
5.540000000000000000e+03 3.172499999999999901e-11 3.247900000000000000e+04 1.600000000000000000e+01
5.556000000000000000e+03 3.142700000000000170e-11 3.235900000000000000e+04 1.600000000000000000e+01
5.572000000000000000e+03 3.113100000000000215e-11 3.224000000000000000e+04 1.600000000000000000e+01
5.588000000000000000e+03 3.081099999999999705e-11 3.209200000000000000e+04 1.600000000000000000e+01
5.604000000000000000e+03 3.055099999999999614e-11 3.200400000000000000e+04 1.600000000000000000e+01
5.620000000000000000e+03 3.026499999999999837e-11 3.188600000000000000e+04 1.600000000000000000e+01
5.636000000000000000e+03 2.990000000000000144e-11 3.168100000000000000e+04 1.600000000000000000e+01
5.652000000000000000e+03 2.956799999999999679e-11 3.150600000000000000e+04 1.600000000000000000e+01
5.668000000000000000e+03 2.918500000000000055e-11 3.127500000000000000e+04 1.600000000000000000e+01
5.684000000000000000e+03 2.896800000000000016e-11 3.121800000000000000e+04 1.600000000000000000e+01
5.700000000000000000e+03 2.856800000000000025e-11 3.096000000000000000e+04 1.600000000000000000e+01
5.716000000000000000e+03 2.825099999999999827e-11 3.078900000000000000e+04 1.600000000000000000e+01
5.732000000000000000e+03 2.798999999999999847e-11 3.067600000000000000e+04 1.600000000000000000e+01
5.748000000000000000e+03 2.765599999999999929e-11 3.047900000000000000e+04 1.600000000000000000e+01
5.764000000000000000e+03 2.745200000000000056e-11 3.042300000000000000e+04 1.600000000000000000e+01
5.780000000000000000e+03 2.732499999999999999e-11 3.045100000000000000e+04 1.600000000000000000e+01
5.796000000000000000e+03 2.720000000000000042e-11 3.047900000000000000e+04 1.600000000000000000e+01
5.812000000000000000e+03 2.714999999999999801e-11 3.059100000000000000e+04 1.600000000000000000e+01
5.828000000000000000e+03 2.690199999999999987e-11 3.047900000000000000e+04 1.600000000000000000e+01
5.844000000000000000e+03 2.680399999999999928e-11 3.053500000000000000e+04 1.600000000000000000e+01
5.860000000000000000e+03 2.651099999999999962e-11 3.036700000000000000e+04 1.600000000000000000e+01
5.876000000000000000e+03 2.602900000000000067e-11 2.997800000000000000e+04 1.600000000000000000e+01
5.892000000000000000e+03 2.576899999999999975e-11 2.984000000000000000e+04 1.600000000000000000e+01
5.908000000000000000e+03 2.565299999999999984e-11 2.986700000000000000e+04 1.600000000000000000e+01
5.924000000000000000e+03 2.546799999999999932e-11 2.981300000000000000e+04 1.600000000000000000e+01
5.940000000000000000e+03 2.519099999999999798e-11 2.964800000000000000e+04 1.600000000000000000e+01
5.956000000000000000e+03 2.484899999999999802e-11 2.940400000000000000e+04 1.600000000000000000e+01
5.972000000000000000e+03 2.464799999999999918e-11 2.932200000000000000e+04 1.600000000000000000e+01
5.988000000000000000e+03 2.444899999999999811e-11 2.924100000000000000e+04 1.600000000000000000e+01
6.004000000000000000e+03 2.427399999999999936e-11 2.918800000000000000e+04 1.600000000000000000e+01
6.020000000000000000e+03 2.401200000000000068e-11 2.902700000000000000e+04 1.600000000000000000e+01
6.036000000000000000e+03 2.373100000000000056e-11 2.884000000000000000e+04 1.600000000000000000e+01
6.052000000000000000e+03 2.360600000000000099e-11 2.884000000000000000e+04 1.600000000000000000e+01
6.068000000000000000e+03 2.352500000000000083e-11 2.889400000000000000e+04 1.600000000000000000e+01
6.084000000000000000e+03 2.325099999999999938e-11 2.870800000000000000e+04 1.600000000000000000e+01
6.100000000000000000e+03 2.312899999999999969e-11 2.870800000000000000e+04 1.600000000000000000e+01
6.116000000000000000e+03 2.300799999999999890e-11 2.870800000000000000e+04 1.600000000000000000e+01
6.132000000000000000e+03 2.282499999999999937e-11 2.862800000000000000e+04 1.600000000000000000e+01
6.148000000000000000e+03 2.247799999999999853e-11 2.834000000000000000e+04 1.600000000000000000e+01
6.164000000000000000e+03 2.227900000000000069e-11 2.823600000000000000e+04 1.600000000000000000e+01
6.180000000000000000e+03 2.226599999999999903e-11 2.836600000000000000e+04 1.600000000000000000e+01
6.196000000000000000e+03 2.200899999999999800e-11 2.818400000000000000e+04 1.600000000000000000e+01
6.212000000000000000e+03 2.179500000000000073e-11 2.805400000000000000e+04 1.600000000000000000e+01
6.228000000000000000e+03 2.158400000000000012e-11 2.792500000000000000e+04 1.600000000000000000e+01
6.244000000000000000e+03 2.145300000000000078e-11 2.790000000000000000e+04 1.600000000000000000e+01
6.260000000000000000e+03 2.128500000000000069e-11 2.782300000000000000e+04 1.600000000000000000e+01
6.276000000000000000e+03 2.080899999999999827e-11 2.734000000000000000e+04 1.600000000000000000e+01
6.292000000000000000e+03 2.058899999999999800e-11 2.718900000000000000e+04 1.600000000000000000e+01
6.308000000000000000e+03 2.061799999999999797e-11 2.736500000000000000e+04 1.600000000000000000e+01
6.324000000000000000e+03 2.058899999999999800e-11 2.746600000000000000e+04 1.600000000000000000e+01
6.340000000000000000e+03 2.042899999999999868e-11 2.739100000000000000e+04 1.600000000000000000e+01
6.356000000000000000e+03 2.028899999999999968e-11 2.734000000000000000e+04 1.600000000000000000e+01
6.372000000000000000e+03 2.009400000000000061e-11 2.721400000000000000e+04 1.600000000000000000e+01
6.388000000000000000e+03 2.004899999999999909e-11 2.729000000000000000e+04 1.600000000000000000e+01
6.404000000000000000e+03 1.993099999999999818e-11 2.726500000000000000e+04 1.600000000000000000e+01
6.420000000000000000e+03 1.975800000000000043e-11 2.716400000000000000e+04 1.600000000000000000e+01
6.436000000000000000e+03 1.960599999999999865e-11 2.708900000000000000e+04 1.600000000000000000e+01
6.452000000000000000e+03 1.941900000000000036e-11 2.696500000000000000e+04 1.600000000000000000e+01
6.468000000000000000e+03 1.925199999999999915e-11 2.686600000000000000e+04 1.600000000000000000e+01
6.484000000000000000e+03 1.903399999999999988e-11 2.669300000000000000e+04 1.600000000000000000e+01
6.500000000000000000e+03 1.888800000000000110e-11 2.661900000000000000e+04 1.600000000000000000e+01
6.516000000000000000e+03 1.867499999999999949e-11 2.644800000000000000e+04 1.600000000000000000e+01
6.532000000000000000e+03 1.834499999999999908e-11 2.611000000000000000e+04 1.600000000000000000e+01
6.548000000000000000e+03 1.692799999999999896e-11 2.421000000000000000e+04 1.600000000000000000e+01
6.564000000000000000e+03 1.472599999999999844e-11 2.116400000000000000e+04 1.600000000000000000e+01
6.580000000000000000e+03 1.698100000000000125e-11 2.452400000000000000e+04 1.600000000000000000e+01
6.596000000000000000e+03 1.787599999999999855e-11 2.594200000000000000e+04 1.600000000000000000e+01
6.612000000000000000e+03 1.790399999999999964e-11 2.611000000000000000e+04 1.600000000000000000e+01
6.628000000000000000e+03 1.785100000000000058e-11 2.615800000000000000e+04 1.600000000000000000e+01
6.644000000000000000e+03 1.771599999999999923e-11 2.608500000000000000e+04 1.600000000000000000e+01
6.660000000000000000e+03 1.758200000000000001e-11 2.601400000000000000e+04 1.600000000000000000e+01
6.676000000000000000e+03 1.743400000000000023e-11 2.591800000000000000e+04 1.600000000000000000e+01
6.692000000000000000e+03 1.738200000000000005e-11 2.596600000000000000e+04 1.600000000000000000e+01
6.708000000000000000e+03 1.726800000000000114e-11 2.591800000000000000e+04 1.600000000000000000e+01
6.724000000000000000e+03 1.712199999999999914e-11 2.582300000000000000e+04 1.600000000000000000e+01
6.740000000000000000e+03 1.699399999999999968e-11 2.575100000000000000e+04 1.600000000000000000e+01
6.756000000000000000e+03 1.679000000000000096e-11 2.556200000000000000e+04 1.600000000000000000e+01
6.772000000000000000e+03 1.666399999999999927e-11 2.549200000000000000e+04 1.600000000000000000e+01
6.788000000000000000e+03 1.652499999999999916e-11 2.539800000000000000e+04 1.600000000000000000e+01
6.804000000000000000e+03 1.638700000000000116e-11 2.530500000000000000e+04 1.600000000000000000e+01
6.820000000000000000e+03 1.623499999999999938e-11 2.518800000000000000e+04 1.600000000000000000e+01
6.836000000000000000e+03 1.611399999999999859e-11 2.511900000000000000e+04 1.600000000000000000e+01
6.852000000000000000e+03 1.579000000000000118e-11 2.472900000000000000e+04 1.600000000000000000e+01
6.868000000000000000e+03 1.382799999999999964e-11 2.175700000000000000e+04 1.600000000000000000e+01
6.884000000000000000e+03 1.367499999999999898e-11 2.161700000000000000e+04 1.600000000000000000e+01
6.900000000000000000e+03 1.409700000000000021e-11 2.238700000000000000e+04 1.600000000000000000e+01
6.916000000000000000e+03 1.469299999999999969e-11 2.344200000000000000e+04 1.600000000000000000e+01
6.932000000000000000e+03 1.495199999999999849e-11 2.396600000000000000e+04 1.600000000000000000e+01
6.948000000000000000e+03 1.497999999999999958e-11 2.412100000000000000e+04 1.600000000000000000e+01
6.964000000000000000e+03 1.499300000000000124e-11 2.425500000000000000e+04 1.600000000000000000e+01
6.980000000000000000e+03 1.492499999999999951e-11 2.425500000000000000e+04 1.600000000000000000e+01
6.996000000000000000e+03 1.474799999999999976e-11 2.407700000000000000e+04 1.600000000000000000e+01
7.012000000000000000e+03 1.464000000000000063e-11 2.401000000000000000e+04 1.600000000000000000e+01
7.028000000000000000e+03 1.452000000000000033e-11 2.392200000000000000e+04 1.600000000000000000e+01
7.044000000000000000e+03 1.445399999999999960e-11 2.392200000000000000e+04 1.600000000000000000e+01
7.060000000000000000e+03 1.432199999999999976e-11 2.381200000000000000e+04 1.600000000000000000e+01
7.076000000000000000e+03 1.424399999999999949e-11 2.379000000000000000e+04 1.600000000000000000e+01
7.092000000000000000e+03 1.416699999999999971e-11 2.376800000000000000e+04 1.600000000000000000e+01
7.108000000000000000e+03 1.403900000000000026e-11 2.365900000000000000e+04 1.600000000000000000e+01
7.124000000000000000e+03 1.393699999999999928e-11 2.359400000000000000e+04 1.600000000000000000e+01
7.140000000000000000e+03 1.381099999999999921e-11 2.348600000000000000e+04 1.600000000000000000e+01
7.156000000000000000e+03 1.359799999999999921e-11 2.322700000000000000e+04 1.600000000000000000e+01
7.172000000000000000e+03 1.310799999999999948e-11 2.249100000000000000e+04 1.600000000000000000e+01
7.188000000000000000e+03 1.263599999999999907e-11 2.177700000000000000e+04 1.600000000000000000e+01
7.204000000000000000e+03 1.273099999999999977e-11 2.203900000000000000e+04 1.600000000000000000e+01
7.220000000000000000e+03 1.302999999999999921e-11 2.265700000000000000e+04 1.600000000000000000e+01
7.236000000000000000e+03 1.261900000000000025e-11 2.203900000000000000e+04 1.600000000000000000e+01
7.252000000000000000e+03 1.253999999999999948e-11 2.199900000000000000e+04 1.600000000000000000e+01
7.268000000000000000e+03 1.250799999999999961e-11 2.203900000000000000e+04 1.600000000000000000e+01
7.284000000000000000e+03 1.246499999999999909e-11 2.206000000000000000e+04 1.600000000000000000e+01
7.300000000000000000e+03 1.244399999999999989e-11 2.212100000000000000e+04 1.600000000000000000e+01
7.316000000000000000e+03 1.245899999999999932e-11 2.224300000000000000e+04 1.600000000000000000e+01
7.332000000000000000e+03 1.251900000000000027e-11 2.244900000000000000e+04 1.600000000000000000e+01
7.348000000000000000e+03 1.245299999999999954e-11 2.242800000000000000e+04 1.600000000000000000e+01
7.364000000000000000e+03 1.239899999999999998e-11 2.242800000000000000e+04 1.600000000000000000e+01
7.380000000000000000e+03 1.231099999999999954e-11 2.236700000000000000e+04 1.600000000000000000e+01
7.396000000000000000e+03 1.227000000000000002e-11 2.238700000000000000e+04 1.600000000000000000e+01
7.412000000000000000e+03 1.217199999999999943e-11 2.230500000000000000e+04 1.600000000000000000e+01
7.428000000000000000e+03 1.208600000000000000e-11 2.224300000000000000e+04 1.600000000000000000e+01
7.444000000000000000e+03 1.201200000000000011e-11 2.220200000000000000e+04 1.600000000000000000e+01
7.460000000000000000e+03 1.193800000000000022e-11 2.216100000000000000e+04 1.600000000000000000e+01
7.476000000000000000e+03 1.182200000000000032e-11 2.203900000000000000e+04 1.600000000000000000e+01
7.492000000000000000e+03 1.175999999999999997e-11 2.201900000000000000e+04 1.600000000000000000e+01
7.508000000000000000e+03 1.168899999999999997e-11 2.197900000000000000e+04 1.600000000000000000e+01
7.524000000000000000e+03 1.159600000000000027e-11 2.189800000000000000e+04 1.600000000000000000e+01
7.540000000000000000e+03 1.150499999999999995e-11 2.181700000000000000e+04 1.600000000000000000e+01
7.556000000000000000e+03 1.143500000000000045e-11 2.177700000000000000e+04 1.600000000000000000e+01
7.572000000000000000e+03 1.132399999999999981e-11 2.165700000000000000e+04 1.600000000000000000e+01
7.588000000000000000e+03 9.686499999999999973e-12 1.860400000000000000e+04 1.600000000000000000e+01
7.604000000000000000e+03 4.803299999999999940e-12 9.264000000000000000e+03 1.600000000000000000e+01
7.620000000000000000e+03 6.184600000000000123e-12 1.197800000000000000e+04 1.600000000000000000e+01
7.636000000000000000e+03 6.395699999999999496e-12 1.243900000000000000e+04 1.600000000000000000e+01
7.652000000000000000e+03 8.114700000000000552e-12 1.584900000000000000e+04 1.600000000000000000e+01
7.668000000000000000e+03 9.697399999999999452e-12 1.902000000000000000e+04 1.600000000000000000e+01
7.684000000000000000e+03 1.041500000000000035e-11 2.051200000000000000e+04 1.600000000000000000e+01
7.700000000000000000e+03 1.063299999999999963e-11 2.102800000000000000e+04 1.600000000000000000e+01
7.716000000000000000e+03 1.066700000000000049e-11 2.118400000000000000e+04 1.600000000000000000e+01
7.732000000000000000e+03 1.060299999999999915e-11 2.114500000000000000e+04 1.600000000000000000e+01
7.748000000000000000e+03 1.053999999999999992e-11 2.110600000000000000e+04 1.600000000000000000e+01
7.764000000000000000e+03 1.039099999999999965e-11 2.089300000000000000e+04 1.600000000000000000e+01
7.780000000000000000e+03 1.024400000000000037e-11 2.068200000000000000e+04 1.600000000000000000e+01
7.796000000000000000e+03 1.032500000000000053e-11 2.093200000000000000e+04 1.600000000000000000e+01
7.812000000000000000e+03 1.026399999999999908e-11 2.089300000000000000e+04 1.600000000000000000e+01
7.828000000000000000e+03 1.018399999999999942e-11 2.081600000000000000e+04 1.600000000000000000e+01
7.844000000000000000e+03 1.010500000000000026e-11 2.074000000000000000e+04 1.600000000000000000e+01
7.860000000000000000e+03 1.005499999999999946e-11 2.072100000000000000e+04 1.600000000000000000e+01
7.876000000000000000e+03 9.949699999999999902e-12 2.058700000000000000e+04 1.600000000000000000e+01
7.892000000000000000e+03 9.845699999999999537e-12 2.045500000000000000e+04 1.600000000000000000e+01
7.908000000000000000e+03 9.796899999999999988e-12 2.043600000000000000e+04 1.600000000000000000e+01
7.924000000000000000e+03 9.757400000000000409e-12 2.043600000000000000e+04 1.600000000000000000e+01
7.940000000000000000e+03 9.691200000000000549e-12 2.038000000000000000e+04 1.600000000000000000e+01
7.956000000000000000e+03 9.608000000000000257e-12 2.028600000000000000e+04 1.600000000000000000e+01
7.972000000000000000e+03 9.569399999999999998e-12 2.028600000000000000e+04 1.600000000000000000e+01
7.988000000000000000e+03 9.513600000000000175e-12 2.024900000000000000e+04 1.600000000000000000e+01
8.004000000000000000e+03 9.423399999999999610e-12 2.013700000000000000e+04 1.600000000000000000e+01
8.020000000000000000e+03 9.368499999999999107e-12 2.010000000000000000e+04 1.600000000000000000e+01
8.036000000000000000e+03 9.296999999999999664e-12 2.002600000000000000e+04 1.600000000000000000e+01
8.052000000000000000e+03 9.260000000000000529e-12 2.002600000000000000e+04 1.600000000000000000e+01
8.068000000000000000e+03 9.206399999999999222e-12 1.998900000000000000e+04 1.600000000000000000e+01
8.084000000000000000e+03 9.127799999999999941e-12 1.989800000000000000e+04 1.600000000000000000e+01
8.100000000000000000e+03 9.058399999999999449e-12 1.982400000000000000e+04 1.600000000000000000e+01
8.116000000000000000e+03 8.956499999999999651e-12 1.967900000000000000e+04 1.600000000000000000e+01
8.132000000000000000e+03 8.726200000000000521e-12 1.924900000000000000e+04 1.600000000000000000e+01
8.148000000000000000e+03 8.478499999999999466e-12 1.877600000000000000e+04 1.600000000000000000e+01
8.164000000000000000e+03 8.245499999999999146e-12 1.833200000000000000e+04 1.600000000000000000e+01
8.180000000000000000e+03 8.251099999999999042e-12 1.841600000000000000e+04 1.600000000000000000e+01
8.196000000000000000e+03 8.325599999999999987e-12 1.865500000000000000e+04 1.600000000000000000e+01
8.212000000000000000e+03 8.416399999999999559e-12 1.893200000000000000e+04 1.600000000000000000e+01
8.228000000000000000e+03 7.984199999999999038e-12 1.803000000000000000e+04 1.600000000000000000e+01
8.244000000000000000e+03 8.228900000000000207e-12 1.865500000000000000e+04 1.600000000000000000e+01
8.260000000000000000e+03 8.280600000000000077e-12 1.884500000000000000e+04 1.600000000000000000e+01
8.276000000000000000e+03 8.112999999999999862e-12 1.853500000000000000e+04 1.600000000000000000e+01
8.292000000000000000e+03 8.044599999999999871e-12 1.845000000000000000e+04 1.600000000000000000e+01
8.308000000000000000e+03 8.080299999999999810e-12 1.860400000000000000e+04 1.600000000000000000e+01
8.324000000000000000e+03 8.049300000000000447e-12 1.860400000000000000e+04 1.600000000000000000e+01
8.340000000000000000e+03 8.062799999999999935e-12 1.870700000000000000e+04 1.600000000000000000e+01
8.356000000000000000e+03 8.054200000000000153e-12 1.875900000000000000e+04 1.600000000000000000e+01
8.372000000000000000e+03 8.030899999999999637e-12 1.877600000000000000e+04 1.600000000000000000e+01
8.388000000000000000e+03 7.985499999999999850e-12 1.874100000000000000e+04 1.600000000000000000e+01
8.404000000000000000e+03 7.925900000000000387e-12 1.867200000000000000e+04 1.600000000000000000e+01
8.420000000000000000e+03 7.910399999999999898e-12 1.870700000000000000e+04 1.600000000000000000e+01
8.436000000000000000e+03 7.786599999999999961e-12 1.848400000000000000e+04 1.600000000000000000e+01
8.452000000000000000e+03 7.742899999999999248e-12 1.845000000000000000e+04 1.600000000000000000e+01
8.468000000000000000e+03 7.720700000000000413e-12 1.846700000000000000e+04 1.600000000000000000e+01
8.484000000000000000e+03 7.755600000000000598e-12 1.862100000000000000e+04 1.600000000000000000e+01
8.500000000000000000e+03 7.564499999999999120e-12 1.823100000000000000e+04 1.600000000000000000e+01
8.516000000000000000e+03 7.669199999999999673e-12 1.855200000000000000e+04 1.600000000000000000e+01
8.532000000000000000e+03 7.584399999999999873e-12 1.841600000000000000e+04 1.600000000000000000e+01
8.548000000000000000e+03 7.289399999999999212e-12 1.776600000000000000e+04 1.600000000000000000e+01
8.564000000000000000e+03 7.625500000000000577e-12 1.865500000000000000e+04 1.600000000000000000e+01
8.580000000000000000e+03 7.590099999999999334e-12 1.863800000000000000e+04 1.600000000000000000e+01
8.596000000000000000e+03 7.063599999999999911e-12 1.741000000000000000e+04 1.600000000000000000e+01
8.612000000000000000e+03 7.321699999999999387e-12 1.811300000000000000e+04 1.600000000000000000e+01
8.628000000000000000e+03 7.673599999999999937e-12 1.905500000000000000e+04 1.600000000000000000e+01
8.644000000000000000e+03 7.491899999999999611e-12 1.867200000000000000e+04 1.600000000000000000e+01
8.660000000000000000e+03 6.801199999999999737e-12 1.701400000000000000e+04 1.600000000000000000e+01
8.676000000000000000e+03 6.902099999999999842e-12 1.733000000000000000e+04 1.600000000000000000e+01
8.692000000000000000e+03 7.505500000000000280e-12 1.891500000000000000e+04 1.600000000000000000e+01
8.708000000000000000e+03 7.638099999999999129e-12 1.932000000000000000e+04 1.600000000000000000e+01
8.724000000000000000e+03 7.423199999999999308e-12 1.884500000000000000e+04 1.600000000000000000e+01
8.740000000000000000e+03 6.738999999999999457e-12 1.717100000000000000e+04 1.600000000000000000e+01
8.756000000000000000e+03 6.341799999999999493e-12 1.621800000000000000e+04 1.600000000000000000e+01
8.772000000000000000e+03 7.063599999999999911e-12 1.813000000000000000e+04 1.600000000000000000e+01
8.788000000000000000e+03 7.396799999999999340e-12 1.905500000000000000e+04 1.600000000000000000e+01
8.804000000000000000e+03 7.410700000000000321e-12 1.916000000000000000e+04 1.600000000000000000e+01
8.820000000000000000e+03 7.349899999999999610e-12 1.907200000000000000e+04 1.600000000000000000e+01
8.836000000000000000e+03 7.110600000000000014e-12 1.851800000000000000e+04 1.600000000000000000e+01
8.852000000000000000e+03 6.355299999999999789e-12 1.661100000000000000e+04 1.600000000000000000e+01
8.868000000000000000e+03 5.909700000000000153e-12 1.550200000000000000e+04 1.600000000000000000e+01
8.884000000000000000e+03 6.692699999999999543e-12 1.762000000000000000e+04 1.600000000000000000e+01
8.900000000000000000e+03 7.034599999999999934e-12 1.858700000000000000e+04 1.600000000000000000e+01
8.916000000000000000e+03 7.054699999999999818e-12 1.870700000000000000e+04 1.600000000000000000e+01
8.932000000000000000e+03 6.984299999999999633e-12 1.858700000000000000e+04 1.600000000000000000e+01
8.948000000000000000e+03 6.844899999999999642e-12 1.828100000000000000e+04 1.600000000000000000e+01
8.964000000000000000e+03 6.579900000000000266e-12 1.763600000000000000e+04 1.600000000000000000e+01
8.980000000000000000e+03 6.307699999999999871e-12 1.696700000000000000e+04 1.600000000000000000e+01
8.996000000000000000e+03 5.774600000000000052e-12 1.558800000000000000e+04 1.600000000000000000e+01
9.012000000000000000e+03 5.053299999999999884e-12 1.369000000000000000e+04 1.600000000000000000e+01
9.028000000000000000e+03 5.521299999999999910e-12 1.501100000000000000e+04 1.600000000000000000e+01
9.044000000000000000e+03 6.322599999999999737e-12 1.725000000000000000e+04 1.600000000000000000e+01
9.060000000000000000e+03 6.364500000000000194e-12 1.742600000000000000e+04 1.600000000000000000e+01
9.076000000000000000e+03 6.180599999999999736e-12 1.698200000000000000e+04 1.600000000000000000e+01
9.092000000000000000e+03 6.175899999999999968e-12 1.702900000000000000e+04 1.600000000000000000e+01
9.108000000000000000e+03 6.182699999999999495e-12 1.710800000000000000e+04 1.600000000000000000e+01
9.124000000000000000e+03 6.121400000000000150e-12 1.699800000000000000e+04 1.600000000000000000e+01
9.140000000000000000e+03 6.021800000000000049e-12 1.678000000000000000e+04 1.600000000000000000e+01
9.156000000000000000e+03 5.956700000000000256e-12 1.665700000000000000e+04 1.600000000000000000e+01
9.172000000000000000e+03 5.968899999999999739e-12 1.674900000000000000e+04 1.600000000000000000e+01
9.188000000000000000e+03 5.959099999999999518e-12 1.678000000000000000e+04 1.600000000000000000e+01
9.204000000000000000e+03 5.856900000000000216e-12 1.655000000000000000e+04 1.600000000000000000e+01
9.220000000000000000e+03 5.111600000000000151e-12 1.449400000000000000e+04 1.600000000000000000e+01
9.236000000000000000e+03 4.833399999999999983e-12 1.375300000000000000e+04 1.600000000000000000e+01
9.252000000000000000e+03 5.535400000000000021e-12 1.580500000000000000e+04 1.600000000000000000e+01
9.268000000000000000e+03 5.733900000000000034e-12 1.642900000000000000e+04 1.600000000000000000e+01
9.284000000000000000e+03 5.553299999999999773e-12 1.596600000000000000e+04 1.600000000000000000e+01
9.300000000000000000e+03 5.207799999999999680e-12 1.502400000000000000e+04 1.600000000000000000e+01
9.316000000000000000e+03 4.566300000000000041e-12 1.321900000000000000e+04 1.600000000000000000e+01
9.332000000000000000e+03 4.127299999999999993e-12 1.198900000000000000e+04 1.600000000000000000e+01
9.348000000000000000e+03 3.935300000000000003e-12 1.147100000000000000e+04 1.600000000000000000e+01
9.364000000000000000e+03 4.095399999999999695e-12 1.197800000000000000e+04 1.600000000000000000e+01
9.380000000000000000e+03 4.281700000000000224e-12 1.256600000000000000e+04 1.600000000000000000e+01
9.396000000000000000e+03 4.962900000000000189e-12 1.461500000000000000e+04 1.600000000000000000e+01
9.412000000000000000e+03 4.828999999999999719e-12 1.426900000000000000e+04 1.600000000000000000e+01
9.428000000000000000e+03 4.405399999999999788e-12 1.306200000000000000e+04 1.600000000000000000e+01
9.444000000000000000e+03 4.278699999999999530e-12 1.272900000000000000e+04 1.600000000000000000e+01
9.460000000000000000e+03 4.375600000000000056e-12 1.306200000000000000e+04 1.600000000000000000e+01
9.476000000000000000e+03 4.454200000000000145e-12 1.334100000000000000e+04 1.600000000000000000e+01
9.492000000000000000e+03 4.366199999999999712e-12 1.312200000000000000e+04 1.600000000000000000e+01
9.508000000000000000e+03 4.428299999999999619e-12 1.335400000000000000e+04 1.600000000000000000e+01
9.524000000000000000e+03 4.134099999999999520e-12 1.250800000000000000e+04 1.600000000000000000e+01
9.540000000000000000e+03 3.726700000000000266e-12 1.131400000000000000e+04 1.600000000000000000e+01
9.556000000000000000e+03 3.683600000000000177e-12 1.122000000000000000e+04 1.600000000000000000e+01
9.572000000000000000e+03 4.329300000000000142e-12 1.323100000000000000e+04 1.600000000000000000e+01
9.588000000000000000e+03 4.395100000000000124e-12 1.347700000000000000e+04 1.600000000000000000e+01
9.604000000000000000e+03 4.595300000000000018e-12 1.413800000000000000e+04 1.600000000000000000e+01
9.620000000000000000e+03 4.626700000000000066e-12 1.428200000000000000e+04 1.600000000000000000e+01
9.636000000000000000e+03 4.675499999999999616e-12 1.448100000000000000e+04 1.600000000000000000e+01
9.652000000000000000e+03 4.729199999999999680e-12 1.469600000000000000e+04 1.600000000000000000e+01
9.668000000000000000e+03 4.832199999999999544e-12 1.506600000000000000e+04 1.600000000000000000e+01
9.684000000000000000e+03 4.992399999999999609e-12 1.561700000000000000e+04 1.600000000000000000e+01
9.700000000000000000e+03 5.022000000000000210e-12 1.576200000000000000e+04 1.600000000000000000e+01
9.716000000000000000e+03 4.936799999999999724e-12 1.554500000000000000e+04 1.600000000000000000e+01
9.732000000000000000e+03 4.817400000000000051e-12 1.521900000000000000e+04 1.600000000000000000e+01
9.748000000000000000e+03 4.726999999999999548e-12 1.498300000000000000e+04 1.600000000000000000e+01
9.764000000000000000e+03 4.741999999999999787e-12 1.508000000000000000e+04 1.600000000000000000e+01
9.780000000000000000e+03 4.827699999999999715e-12 1.540300000000000000e+04 1.600000000000000000e+01
9.796000000000000000e+03 4.763500000000000049e-12 1.524800000000000000e+04 1.600000000000000000e+01
9.812000000000000000e+03 4.836199999999999931e-12 1.553100000000000000e+04 1.600000000000000000e+01
9.828000000000000000e+03 4.883000000000000095e-12 1.573300000000000000e+04 1.600000000000000000e+01
9.844000000000000000e+03 4.876100000000000195e-12 1.576200000000000000e+04 1.600000000000000000e+01
9.860000000000000000e+03 4.923399999999999802e-12 1.596600000000000000e+04 1.600000000000000000e+01
9.876000000000000000e+03 4.849099999999999603e-12 1.577600000000000000e+04 1.600000000000000000e+01
9.892000000000000000e+03 4.860199999999999829e-12 1.586400000000000000e+04 1.600000000000000000e+01
9.908000000000000000e+03 4.844500000000000209e-12 1.586400000000000000e+04 1.600000000000000000e+01
9.924000000000000000e+03 4.860100000000000263e-12 1.596600000000000000e+04 1.600000000000000000e+01
9.940000000000000000e+03 4.795699999999999851e-12 1.580500000000000000e+04 1.600000000000000000e+01
9.956000000000000000e+03 4.723399999999999846e-12 1.561700000000000000e+04 1.600000000000000000e+01
9.972000000000000000e+03 4.764899999999999619e-12 1.580500000000000000e+04 1.600000000000000000e+01
9.988000000000000000e+03 4.658699999999999930e-12 1.550200000000000000e+04 1.600000000000000000e+01
1.000400000000000000e+04 4.605500000000000116e-12 1.537400000000000000e+04 1.600000000000000000e+01
1.002000000000000000e+04 4.523599999999999829e-12 1.515000000000000000e+04 1.600000000000000000e+01
1.003600000000000000e+04 4.142900000000000048e-12 1.391900000000000000e+04 1.600000000000000000e+01
1.005200000000000000e+04 3.711199999999999777e-12 1.250800000000000000e+04 1.600000000000000000e+01
1.006800000000000000e+04 4.162299999999999743e-12 1.407300000000000000e+04 1.600000000000000000e+01
1.008400000000000000e+04 4.520200000000000066e-12 1.533200000000000000e+04 1.600000000000000000e+01
1.010000000000000000e+04 4.568500000000000173e-12 1.554500000000000000e+04 1.600000000000000000e+01
1.011600000000000000e+04 4.537300000000000064e-12 1.548800000000000000e+04 1.600000000000000000e+01
1.013200000000000000e+04 4.535600000000000182e-12 1.553100000000000000e+04 1.600000000000000000e+01
1.014800000000000000e+04 4.609600000000000069e-12 1.583400000000000000e+04 1.600000000000000000e+01
1.016400000000000000e+04 4.531999999999999672e-12 1.561700000000000000e+04 1.600000000000000000e+01
1.018000000000000000e+04 4.538600000000000068e-12 1.568900000000000000e+04 1.600000000000000000e+01
1.019600000000000000e+04 4.429599999999999624e-12 1.536000000000000000e+04 1.600000000000000000e+01
1.021200000000000000e+04 4.623799999999999745e-12 1.608400000000000000e+04 1.600000000000000000e+01
1.022800000000000000e+04 4.600799999999999541e-12 1.605500000000000000e+04 1.600000000000000000e+01
1.024400000000000000e+04 4.478000000000000104e-12 1.567500000000000000e+04 1.600000000000000000e+01
1.026000000000000000e+04 4.439399999999999845e-12 1.558800000000000000e+04 1.600000000000000000e+01
1.027600000000000000e+04 4.421500000000000093e-12 1.557400000000000000e+04 1.600000000000000000e+01
1.029200000000000000e+04 4.395599999999999567e-12 1.553100000000000000e+04 1.600000000000000000e+01
1.030800000000000000e+04 4.037100000000000236e-12 1.430900000000000000e+04 1.600000000000000000e+01
1.032400000000000000e+04 4.515700000000000236e-12 1.605500000000000000e+04 1.600000000000000000e+01
1.034000000000000000e+04 3.676000000000000088e-12 1.311000000000000000e+04 1.600000000000000000e+01
1.035600000000000000e+04 4.029399999999999774e-12 1.441500000000000000e+04 1.600000000000000000e+01
1.037200000000000000e+04 3.972800000000000197e-12 1.425600000000000000e+04 1.600000000000000000e+01
1.038800000000000000e+04 4.143400000000000298e-12 1.491400000000000000e+04 1.600000000000000000e+01
1.040400000000000000e+04 3.973900000000000263e-12 1.434800000000000000e+04 1.600000000000000000e+01
