#*L745-46A                                                           
#*
#* Bessell Jan 2009 
#set .z.units = "Ergs/s/cm**2/A"
#set .z.label = "Flambda"
#set .table.bandwidth = 4.00
#*
     3050.00    3.65314E-14
     3054.00    3.65314E-14
     3058.00    3.65572E-14
     3062.00    3.65602E-14
     3066.00    3.65631E-14
     3070.00    3.65661E-14
     3074.00    3.65690E-14
     3078.00    3.65719E-14
     3082.00    3.65749E-14
     3086.00    3.65778E-14
     3090.00    3.65808E-14
     3094.00    3.65837E-14
     3098.00    3.65866E-14
     3102.00    3.65896E-14
     3106.00    3.65925E-14
     3110.00    3.65955E-14
     3114.00    3.65984E-14
     3118.00    3.66013E-14
     3122.00    3.66044E-14
     3126.00    3.66073E-14
     3130.00    3.66102E-14
     3134.00    3.66132E-14
     3138.00    3.66161E-14
     3142.00    3.66191E-14
     3146.00    3.66220E-14
     3150.00    3.66249E-14
     3154.00    3.66279E-14
     3158.00    3.66308E-14
     3162.00    3.66337E-14
     3166.00    3.66367E-14
     3170.00    3.66396E-14
     3174.00    3.66426E-14
     3178.00    3.66456E-14
     3182.00    3.66485E-14
     3186.00    3.66515E-14
     3190.00    3.66544E-14
     3194.00    3.66573E-14
     3198.00    3.66603E-14
     3202.00    3.66632E-14
     3206.00    3.66662E-14
     3210.00    3.66691E-14
     3214.00    3.66720E-14
     3218.00    3.66750E-14
     3222.00    3.66779E-14
     3226.00    3.66809E-14
     3230.00    3.66923E-14
     3234.00    3.66805E-14
     3238.00    3.67015E-14
     3242.00    3.67095E-14
     3246.00    3.66952E-14
     3250.00    3.66920E-14
     3254.00    3.67002E-14
     3258.00    3.67082E-14
     3262.00    3.67294E-14
     3266.00    3.67384E-14
     3270.00    3.67246E-14
     3274.00    3.66870E-14
     3278.00    3.66610E-14
     3282.00    3.66662E-14
     3286.00    3.66645E-14
     3290.00    3.66919E-14
     3294.00    3.67191E-14
     3298.00    3.67172E-14
     3302.00    3.67185E-14
     3306.00    3.67201E-14
     3310.00    3.67220E-14
     3314.00    3.67271E-14
     3318.00    3.67628E-14
     3322.00    3.67986E-14
     3326.00    3.67916E-14
     3330.00    3.67747E-14
     3334.00    3.67449E-14
     3338.00    3.67350E-14
     3342.00    3.67500E-14
     3346.00    3.67588E-14
     3350.00    3.67669E-14
     3354.00    3.67796E-14
     3358.00    3.67493E-14
     3362.00    3.67364E-14
     3366.00    3.67252E-14
     3370.00    3.67139E-14
     3374.00    3.67027E-14
     3378.00    3.66914E-14
     3382.00    3.66801E-14
     3386.00    3.66689E-14
     3390.00    3.66576E-14
     3394.00    3.66464E-14
     3398.00    3.66351E-14
     3402.00    3.66239E-14
     3406.00    3.66126E-14
     3410.00    3.66013E-14
     3414.00    3.65900E-14
     3418.00    3.65788E-14
     3422.00    3.65676E-14
     3426.00    3.65563E-14
     3430.00    3.65450E-14
     3434.00    3.65337E-14
     3438.00    3.65225E-14
     3442.00    3.65113E-14
     3446.00    3.65000E-14
     3450.00    3.64887E-14
     3454.00    3.64774E-14
     3458.00    3.64662E-14
     3462.00    3.64550E-14
     3466.00    3.64437E-14
     3470.00    3.64324E-14
     3474.00    3.64211E-14
     3478.00    3.64099E-14
     3482.00    3.63987E-14
     3486.00    3.63874E-14
     3490.00    3.63761E-14
     3494.00    3.63648E-14
     3498.00    3.63537E-14
     3502.00    3.63429E-14
     3506.00    3.63379E-14
     3510.00    3.63212E-14
     3514.00    3.63046E-14
     3518.00    3.63032E-14
     3522.00    3.62949E-14
     3526.00    3.62900E-14
     3530.00    3.62737E-14
     3534.00    3.62651E-14
     3538.00    3.62433E-14
     3542.00    3.62385E-14
     3546.00    3.62274E-14
     3550.00    3.62301E-14
     3554.00    3.62469E-14
     3558.00    3.62499E-14
     3562.00    3.62542E-14
     3566.00    3.62558E-14
     3570.00    3.62490E-14
     3574.00    3.62453E-14
     3578.00    3.62355E-14
     3582.00    3.62178E-14
     3586.00    3.62022E-14
     3590.00    3.61950E-14
     3594.00    3.61854E-14
     3598.00    3.61930E-14
     3602.00    3.61915E-14
     3606.00    3.61899E-14
     3610.00    3.61804E-14
     3614.00    3.61678E-14
     3618.00    3.61501E-14
     3622.00    3.61355E-14
     3626.00    3.61223E-14
     3630.00    3.61027E-14
     3634.00    3.60755E-14
     3638.00    3.60477E-14
     3642.00    3.60169E-14
     3646.00    3.59957E-14
     3650.00    3.59801E-14
     3654.00    3.59603E-14
     3658.00    3.59413E-14
     3662.00    3.59326E-14
     3666.00    3.59257E-14
     3670.00    3.59007E-14
     3674.00    3.58807E-14
     3678.00    3.58561E-14
     3682.00    3.58289E-14
     3686.00    3.58151E-14
     3690.00    3.58237E-14
     3694.00    3.58242E-14
     3698.00    3.58033E-14
     3702.00    3.57837E-14
     3706.00    3.57526E-14
     3710.00    3.57217E-14
     3714.00    3.57173E-14
     3718.00    3.57235E-14
     3722.00    3.57245E-14
     3726.00    3.57281E-14
     3730.00    3.57261E-14
     3734.00    3.57241E-14
     3738.00    3.57308E-14
     3742.00    3.57253E-14
     3746.00    3.57291E-14
     3750.00    3.57461E-14
     3754.00    3.57437E-14
     3758.00    3.57391E-14
     3762.00    3.57396E-14
     3766.00    3.57297E-14
     3770.00    3.57107E-14
     3774.00    3.57120E-14
     3778.00    3.57030E-14
     3782.00    3.56904E-14
     3786.00    3.56694E-14
     3790.00    3.56451E-14
     3794.00    3.56129E-14
     3798.00    3.55735E-14
     3802.00    3.55360E-14
     3806.00    3.54999E-14
     3810.00    3.54724E-14
     3814.00    3.54390E-14
     3818.00    3.54073E-14
     3822.00    3.53779E-14
     3826.00    3.53481E-14
     3830.00    3.53195E-14
     3834.00    3.53054E-14
     3838.00    3.52952E-14
     3842.00    3.52754E-14
     3846.00    3.52634E-14
     3850.00    3.52474E-14
     3854.00    3.52315E-14
     3858.00    3.52209E-14
     3862.00    3.52163E-14
     3866.00    3.52166E-14
     3870.00    3.51885E-14
     3874.00    3.51507E-14
     3878.00    3.51099E-14
     3882.00    3.50676E-14
     3886.00    3.50254E-14
     3890.00    3.49832E-14
     3894.00    3.49409E-14
     3898.00    3.48988E-14
     3902.00    3.48565E-14
     3906.00    3.48143E-14
     3910.00    3.47720E-14
     3914.00    3.47328E-14
     3918.00    3.45428E-14
     3922.00    3.35736E-14
     3926.00    3.20032E-14
     3930.00    2.81095E-14
     3934.00    2.50126E-14
     3938.00    2.74953E-14
     3942.00    3.11646E-14
     3946.00    3.28901E-14
     3950.00    3.35672E-14
     3954.00    3.34288E-14
     3958.00    3.32846E-14
     3962.00    3.23326E-14
     3966.00    2.97820E-14
     3970.00    2.83451E-14
     3974.00    3.00730E-14
     3978.00    3.22253E-14
     3982.00    3.32719E-14
     3986.00    3.40163E-14
     3990.00    3.46078E-14
     3994.00    3.46234E-14
     3998.00    3.45622E-14
     4002.00    3.45019E-14
     4006.00    3.44416E-14
     4010.00    3.43813E-14
     4014.00    3.43210E-14
     4018.00    3.42598E-14
     4022.00    3.42291E-14
     4026.00    3.42295E-14
     4030.00    3.42191E-14
     4034.00    3.42071E-14
     4038.00    3.41671E-14
     4042.00    3.41155E-14
     4046.00    3.40659E-14
     4050.00    3.40354E-14
     4054.00    3.40151E-14
     4058.00    3.39755E-14
     4062.00    3.39420E-14
     4066.00    3.39096E-14
     4070.00    3.38918E-14
     4074.00    3.38671E-14
     4078.00    3.38482E-14
     4082.00    3.38300E-14
     4086.00    3.38040E-14
     4090.00    3.37900E-14
     4094.00    3.37795E-14
     4098.00    3.37705E-14
     4102.00    3.37579E-14
     4106.00    3.37391E-14
     4110.00    3.36963E-14
     4114.00    3.36533E-14
     4118.00    3.36000E-14
     4122.00    3.35673E-14
     4126.00    3.35194E-14
     4130.00    3.34590E-14
     4134.00    3.34120E-14
     4138.00    3.33791E-14
     4142.00    3.33502E-14
     4146.00    3.33551E-14
     4150.00    3.33496E-14
     4154.00    3.33545E-14
     4158.00    3.33451E-14
     4162.00    3.33122E-14
     4166.00    3.32884E-14
     4170.00    3.32597E-14
     4174.00    3.32294E-14
     4178.00    3.31831E-14
     4182.00    3.31342E-14
     4186.00    3.30987E-14
     4190.00    3.30610E-14
     4194.00    3.30213E-14
     4198.00    3.29909E-14
     4202.00    3.29730E-14
     4206.00    3.29454E-14
     4210.00    3.28997E-14
     4214.00    3.28670E-14
     4218.00    3.28279E-14
     4222.00    3.27741E-14
     4226.00    3.27395E-14
     4230.00    3.27148E-14
     4234.00    3.26766E-14
     4238.00    3.26264E-14
     4242.00    3.25774E-14
     4246.00    3.25488E-14
     4250.00    3.25155E-14
     4254.00    3.24941E-14
     4258.00    3.24702E-14
     4262.00    3.24450E-14
     4266.00    3.24067E-14
     4270.00    3.23706E-14
     4274.00    3.23650E-14
     4278.00    3.23643E-14
     4282.00    3.23440E-14
     4286.00    3.23241E-14
     4290.00    3.22929E-14
     4294.00    3.22574E-14
     4298.00    3.22127E-14
     4302.00    3.21671E-14
     4306.00    3.21371E-14
     4310.00    3.20990E-14
     4314.00    3.20466E-14
     4318.00    3.20027E-14
     4322.00    3.19700E-14
     4326.00    3.19351E-14
     4330.00    3.18962E-14
     4334.00    3.18691E-14
     4338.00    3.18466E-14
     4342.00    3.18115E-14
     4346.00    3.17665E-14
     4350.00    3.17288E-14
     4354.00    3.16930E-14
     4358.00    3.16503E-14
     4362.00    3.16133E-14
     4366.00    3.15919E-14
     4370.00    3.15655E-14
     4374.00    3.15262E-14
     4378.00    3.15026E-14
     4382.00    3.14760E-14
     4386.00    3.14511E-14
     4390.00    3.14400E-14
     4394.00    3.14235E-14
     4398.00    3.14073E-14
     4402.00    3.13727E-14
     4406.00    3.13338E-14
     4410.00    3.13151E-14
     4414.00    3.12700E-14
     4418.00    3.12266E-14
     4422.00    3.11780E-14
     4426.00    3.11035E-14
     4430.00    3.10253E-14
     4434.00    3.09636E-14
     4438.00    3.08981E-14
     4442.00    3.08550E-14
     4446.00    3.07826E-14
     4450.00    3.07183E-14
     4454.00    3.06589E-14
     4458.00    3.06176E-14
     4462.00    3.05782E-14
     4466.00    3.05334E-14
     4470.00    3.04983E-14
     4474.00    3.04656E-14
     4478.00    3.04256E-14
     4482.00    3.03978E-14
     4486.00    3.03787E-14
     4490.00    3.03482E-14
     4494.00    3.03062E-14
     4498.00    3.02537E-14
     4502.00    3.02235E-14
     4506.00    3.01836E-14
     4510.00    3.01296E-14
     4514.00    3.00839E-14
     4518.00    3.00343E-14
     4522.00    2.99919E-14
     4526.00    2.99559E-14
     4530.00    2.99202E-14
     4534.00    2.98989E-14
     4538.00    2.98853E-14
     4542.00    2.98512E-14
     4546.00    2.98152E-14
     4550.00    2.98003E-14
     4554.00    2.97872E-14
     4558.00    2.97546E-14
     4562.00    2.97176E-14
     4566.00    2.96949E-14
     4570.00    2.96512E-14
     4574.00    2.95935E-14
     4578.00    2.95538E-14
     4582.00    2.95313E-14
     4586.00    2.94987E-14
     4590.00    2.94506E-14
     4594.00    2.94129E-14
     4598.00    2.93639E-14
     4602.00    2.93087E-14
     4606.00    2.92626E-14
     4610.00    2.92259E-14
     4614.00    2.91757E-14
     4618.00    2.91189E-14
     4622.00    2.90789E-14
     4626.00    2.90367E-14
     4630.00    2.89974E-14
     4634.00    2.89807E-14
     4638.00    2.89635E-14
     4642.00    2.89310E-14
     4646.00    2.88966E-14
     4650.00    2.88756E-14
     4654.00    2.88499E-14
     4658.00    2.88229E-14
     4662.00    2.87944E-14
     4666.00    2.87850E-14
     4670.00    2.87630E-14
     4674.00    2.87402E-14
     4678.00    2.87206E-14
     4682.00    2.87044E-14
     4686.00    2.86573E-14
     4690.00    2.86282E-14
     4694.00    2.85883E-14
     4698.00    2.85482E-14
     4702.00    2.84835E-14
     4706.00    2.84110E-14
     4710.00    2.83545E-14
     4714.00    2.82985E-14
     4718.00    2.82581E-14
     4722.00    2.82193E-14
     4726.00    2.81897E-14
     4730.00    2.81471E-14
     4734.00    2.80950E-14
     4738.00    2.80602E-14
     4742.00    2.80565E-14
     4746.00    2.80245E-14
     4750.00    2.79867E-14
     4754.00    2.79478E-14
     4758.00    2.79179E-14
     4762.00    2.78841E-14
     4766.00    2.78369E-14
     4770.00    2.78122E-14
     4774.00    2.77860E-14
     4778.00    2.77366E-14
     4782.00    2.76961E-14
     4786.00    2.76551E-14
     4790.00    2.76096E-14
     4794.00    2.75647E-14
     4798.00    2.75216E-14
     4802.00    2.75044E-14
     4806.00    2.74865E-14
     4810.00    2.74670E-14
     4814.00    2.74528E-14
     4818.00    2.74358E-14
     4822.00    2.74016E-14
     4826.00    2.73863E-14
     4830.00    2.73724E-14
     4834.00    2.73401E-14
     4838.00    2.73063E-14
     4842.00    2.72589E-14
     4846.00    2.72249E-14
     4850.00    2.71773E-14
     4854.00    2.71347E-14
     4858.00    2.71088E-14
     4862.00    2.70800E-14
     4866.00    2.70352E-14
     4870.00    2.70048E-14
     4874.00    2.69685E-14
     4878.00    2.69320E-14
     4882.00    2.68868E-14
     4886.00    2.68470E-14
     4890.00    2.68226E-14
     4894.00    2.67904E-14
     4898.00    2.67470E-14
     4902.00    2.67190E-14
     4906.00    2.66799E-14
     4910.00    2.66572E-14
     4914.00    2.66283E-14
     4918.00    2.65955E-14
     4922.00    2.65496E-14
     4926.00    2.65104E-14
     4930.00    2.64749E-14
     4934.00    2.64468E-14
     4938.00    2.64181E-14
     4942.00    2.63868E-14
     4946.00    2.63510E-14
     4950.00    2.63173E-14
     4954.00    2.62921E-14
     4958.00    2.62719E-14
     4962.00    2.62486E-14
     4966.00    2.62101E-14
     4970.00    2.61726E-14
     4974.00    2.61414E-14
     4978.00    2.61032E-14
     4982.00    2.60640E-14
     4986.00    2.60322E-14
     4990.00    2.60029E-14
     4994.00    2.59664E-14
     4998.00    2.59242E-14
     5002.00    2.58911E-14
     5006.00    2.58620E-14
     5010.00    2.58288E-14
     5014.00    2.58009E-14
     5018.00    2.57690E-14
     5022.00    2.57412E-14
     5026.00    2.57025E-14
     5030.00    2.56788E-14
     5034.00    2.56593E-14
     5038.00    2.56394E-14
     5042.00    2.56033E-14
     5046.00    2.55816E-14
     5050.00    2.55458E-14
     5054.00    2.55203E-14
     5058.00    2.54938E-14
     5062.00    2.54665E-14
     5066.00    2.54365E-14
     5070.00    2.53862E-14
     5074.00    2.53530E-14
     5078.00    2.53302E-14
     5082.00    2.52838E-14
     5086.00    2.52512E-14
     5090.00    2.52291E-14
     5094.00    2.51886E-14
     5098.00    2.51505E-14
     5102.00    2.51129E-14
     5106.00    2.50811E-14
     5110.00    2.50580E-14
     5114.00    2.50169E-14
     5118.00    2.49886E-14
     5122.00    2.49679E-14
     5126.00    2.49382E-14
     5130.00    2.49137E-14
     5134.00    2.48972E-14
     5138.00    2.48765E-14
     5142.00    2.48657E-14
     5146.00    2.48513E-14
     5150.00    2.48290E-14
     5154.00    2.48093E-14
     5158.00    2.47846E-14
     5162.00    2.47576E-14
     5166.00    2.47289E-14
     5170.00    2.46931E-14
     5174.00    2.46575E-14
     5178.00    2.46243E-14
     5182.00    2.45926E-14
     5186.00    2.45696E-14
     5190.00    2.45507E-14
     5194.00    2.45223E-14
     5198.00    2.44871E-14
     5202.00    2.44445E-14
     5206.00    2.44005E-14
     5210.00    2.43609E-14
     5214.00    2.43139E-14
     5218.00    2.42747E-14
     5222.00    2.42314E-14
     5226.00    2.41950E-14
     5230.00    2.41661E-14
     5234.00    2.41522E-14
     5238.00    2.41345E-14
     5242.00    2.41185E-14
     5246.00    2.40947E-14
     5250.00    2.40694E-14
     5254.00    2.40438E-14
     5258.00    2.40129E-14
     5262.00    2.39869E-14
     5266.00    2.39615E-14
     5270.00    2.39388E-14
     5274.00    2.39183E-14
     5278.00    2.38999E-14
     5282.00    2.38829E-14
     5286.00    2.38748E-14
     5290.00    2.38531E-14
     5294.00    2.38233E-14
     5298.00    2.37995E-14
     5302.00    2.37635E-14
     5306.00    2.37274E-14
     5310.00    2.36857E-14
     5314.00    2.36453E-14
     5318.00    2.36036E-14
     5322.00    2.35560E-14
     5326.00    2.35066E-14
     5330.00    2.34687E-14
     5334.00    2.34276E-14
     5338.00    2.33938E-14
     5342.00    2.33622E-14
     5346.00    2.33260E-14
     5350.00    2.32891E-14
     5354.00    2.32568E-14
     5358.00    2.32247E-14
     5362.00    2.31945E-14
     5366.00    2.31664E-14
     5370.00    2.31416E-14
     5374.00    2.31064E-14
     5378.00    2.30658E-14
     5382.00    2.30389E-14
     5386.00    2.30185E-14
     5390.00    2.29999E-14
     5394.00    2.29807E-14
     5398.00    2.29488E-14
     5402.00    2.29072E-14
     5406.00    2.28669E-14
     5410.00    2.28442E-14
     5414.00    2.28216E-14
     5418.00    2.28020E-14
     5422.00    2.27719E-14
     5426.00    2.27309E-14
     5430.00    2.26867E-14
     5434.00    2.26536E-14
     5438.00    2.26426E-14
     5442.00    2.26282E-14
     5446.00    2.25929E-14
     5450.00    2.25570E-14
     5454.00    2.25302E-14
     5458.00    2.25028E-14
     5462.00    2.24677E-14
     5466.00    2.24464E-14
     5470.00    2.24156E-14
     5474.00    2.23809E-14
     5478.00    2.23400E-14
     5482.00    2.23147E-14
     5486.00    2.22834E-14
     5490.00    2.22460E-14
     5494.00    2.22009E-14
     5498.00    2.21764E-14
     5502.00    2.21474E-14
     5506.00    2.21201E-14
     5510.00    2.20890E-14
     5514.00    2.20607E-14
     5518.00    2.20221E-14
     5522.00    2.19806E-14
     5526.00    2.19500E-14
     5530.00    2.19245E-14
     5534.00    2.18977E-14
     5538.00    2.18747E-14
     5542.00    2.18431E-14
     5546.00    2.18154E-14
     5550.00    2.17918E-14
     5554.00    2.17564E-14
     5558.00    2.17222E-14
     5562.00    2.16896E-14
     5566.00    2.16537E-14
     5570.00    2.16262E-14
     5574.00    2.15899E-14
     5578.00    2.15753E-14
     5582.00    2.15513E-14
     5586.00    2.15140E-14
     5590.00    2.14842E-14
     5594.00    2.14644E-14
     5598.00    2.14406E-14
     5602.00    2.14145E-14
     5606.00    2.13794E-14
     5610.00    2.13544E-14
     5614.00    2.13243E-14
     5618.00    2.13038E-14
     5622.00    2.12960E-14
     5626.00    2.12870E-14
     5630.00    2.12682E-14
     5634.00    2.12429E-14
     5638.00    2.12118E-14
     5642.00    2.11695E-14
     5646.00    2.11407E-14
     5650.00    2.11160E-14
     5654.00    2.10752E-14
     5658.00    2.10388E-14
     5662.00    2.10018E-14
     5666.00    2.09755E-14
     5670.00    2.09430E-14
     5674.00    2.09154E-14
     5678.00    2.09067E-14
     5682.00    2.08847E-14
     5686.00    2.08444E-14
     5690.00    2.08261E-14
     5694.00    2.08127E-14
     5698.00    2.07943E-14
     5702.00    2.07794E-14
     5706.00    2.07609E-14
     5710.00    2.07439E-14
     5714.00    2.07162E-14
     5718.00    2.06791E-14
     5722.00    2.06585E-14
     5726.00    2.06276E-14
     5730.00    2.05840E-14
     5734.00    2.05599E-14
     5738.00    2.05352E-14
     5742.00    2.05106E-14
     5746.00    2.04889E-14
     5750.00    2.04603E-14
     5754.00    2.04312E-14
     5758.00    2.03967E-14
     5762.00    2.03691E-14
     5766.00    2.03459E-14
     5770.00    2.03128E-14
     5774.00    2.02752E-14
     5778.00    2.02431E-14
     5782.00    2.02220E-14
     5786.00    2.01948E-14
     5790.00    2.01722E-14
     5794.00    2.01529E-14
     5798.00    2.01234E-14
     5802.00    2.00995E-14
     5806.00    2.00838E-14
     5810.00    2.00609E-14
     5814.00    2.00377E-14
     5818.00    2.00002E-14
     5822.00    1.99689E-14
     5826.00    1.99409E-14
     5830.00    1.99054E-14
     5834.00    1.98793E-14
     5838.00    1.98543E-14
     5842.00    1.98265E-14
     5846.00    1.98003E-14
     5850.00    1.97758E-14
     5854.00    1.97588E-14
     5858.00    1.97446E-14
     5862.00    1.97179E-14
     5866.00    1.97011E-14
     5870.00    1.96694E-14
     5874.00    1.96309E-14
     5878.00    1.95918E-14
     5882.00    1.95701E-14
     5886.00    1.95410E-14
     5890.00    1.95154E-14
     5894.00    1.94805E-14
     5898.00    1.94461E-14
     5902.00    1.94101E-14
     5906.00    1.93753E-14
     5910.00    1.93480E-14
     5914.00    1.93203E-14
     5918.00    1.92756E-14
     5922.00    1.92341E-14
     5926.00    1.92093E-14
     5930.00    1.91726E-14
     5934.00    1.91499E-14
     5938.00    1.91291E-14
     5942.00    1.91009E-14
     5946.00    1.90918E-14
     5950.00    1.90677E-14
     5954.00    1.90367E-14
     5958.00    1.90153E-14
     5962.00    1.89963E-14
     5966.00    1.89771E-14
     5970.00    1.89564E-14
     5974.00    1.89330E-14
     5978.00    1.88966E-14
     5982.00    1.88644E-14
     5986.00    1.88267E-14
     5990.00    1.87968E-14
     5994.00    1.87725E-14
     5998.00    1.87482E-14
     6002.00    1.87238E-14
     6006.00    1.86993E-14
     6010.00    1.86750E-14
     6014.00    1.86506E-14
     6018.00    1.86262E-14
     6022.00    1.86018E-14
     6026.00    1.85774E-14
     6030.00    1.85530E-14
     6034.00    1.85286E-14
     6038.00    1.85043E-14
     6042.00    1.84798E-14
     6046.00    1.84555E-14
     6050.00    1.84311E-14
     6054.00    1.84066E-14
     6058.00    1.83823E-14
     6062.00    1.83579E-14
     6066.00    1.83335E-14
     6070.00    1.83091E-14
     6074.00    1.82847E-14
     6078.00    1.82603E-14
     6082.00    1.82359E-14
     6086.00    1.82116E-14
     6090.00    1.81871E-14
     6094.00    1.81627E-14
     6098.00    1.81384E-14
     6102.00    1.81018E-14
     6106.00    1.80530E-14
     6110.00    1.80042E-14
     6114.00    1.79558E-14
     6118.00    1.79186E-14
     6122.00    1.78857E-14
     6126.00    1.78529E-14
     6130.00    1.78200E-14
     6134.00    1.77871E-14
     6138.00    1.77543E-14
     6142.00    1.77214E-14
     6146.00    1.76885E-14
     6150.00    1.76557E-14
     6154.00    1.76228E-14
     6158.00    1.75900E-14
     6162.00    1.75571E-14
     6166.00    1.75243E-14
     6170.00    1.74914E-14
     6174.00    1.74585E-14
     6178.00    1.74257E-14
     6182.00    1.73928E-14
     6186.00    1.73599E-14
     6190.00    1.73271E-14
     6194.00    1.72942E-14
     6198.00    1.72613E-14
     6202.00    1.72284E-14
     6206.00    1.71956E-14
     6210.00    1.71627E-14
     6214.00    1.71299E-14
     6218.00    1.70971E-14
     6222.00    1.70642E-14
     6226.00    1.70313E-14
     6230.00    1.69985E-14
     6234.00    1.69656E-14
     6238.00    1.69327E-14
     6242.00    1.68998E-14
     6246.00    1.68670E-14
     6250.00    1.68341E-14
     6254.00    1.68095E-14
     6258.00    1.67931E-14
     6262.00    1.67766E-14
     6266.00    1.67602E-14
     6270.00    1.67438E-14
     6274.00    1.67273E-14
     6278.00    1.67109E-14
     6282.00    1.66945E-14
     6286.00    1.66780E-14
     6290.00    1.66606E-14
     6294.00    1.66333E-14
     6298.00    1.66035E-14
     6302.00    1.65736E-14
     6306.00    1.65458E-14
     6310.00    1.65186E-14
     6314.00    1.64915E-14
     6318.00    1.64623E-14
     6322.00    1.64299E-14
     6326.00    1.63976E-14
     6330.00    1.63681E-14
     6334.00    1.63411E-14
     6338.00    1.63173E-14
     6342.00    1.62952E-14
     6346.00    1.62731E-14
     6350.00    1.62511E-14
     6354.00    1.62290E-14
     6358.00    1.62070E-14
     6362.00    1.61849E-14
     6366.00    1.61629E-14
     6370.00    1.61409E-14
     6374.00    1.61189E-14
     6378.00    1.60968E-14
     6382.00    1.60748E-14
     6386.00    1.60528E-14
     6390.00    1.60267E-14
     6394.00    1.59951E-14
     6398.00    1.59623E-14
     6402.00    1.59299E-14
     6406.00    1.58999E-14
     6410.00    1.58772E-14
     6414.00    1.58552E-14
     6418.00    1.58331E-14
     6422.00    1.58111E-14
     6426.00    1.57890E-14
     6430.00    1.57670E-14
     6434.00    1.57449E-14
     6438.00    1.57229E-14
     6442.00    1.57011E-14
     6446.00    1.56702E-14
     6450.00    1.56393E-14
     6454.00    1.56093E-14
     6458.00    1.55781E-14
     6462.00    1.55464E-14
     6466.00    1.55180E-14
     6470.00    1.54794E-14
     6474.00    1.54409E-14
     6478.00    1.54028E-14
     6482.00    1.53649E-14
     6486.00    1.53270E-14
     6490.00    1.52892E-14
     6494.00    1.52513E-14
     6498.00    1.52132E-14
     6502.00    1.51728E-14
     6506.00    1.51211E-14
     6510.00    1.50427E-14
     6514.00    1.49561E-14
     6518.00    1.48685E-14
     6522.00    1.48060E-14
     6526.00    1.47564E-14
     6530.00    1.47122E-14
     6534.00    1.46548E-14
     6538.00    1.45501E-14
     6542.00    1.44470E-14
     6546.00    1.43637E-14
     6550.00    1.42846E-14
     6554.00    1.42357E-14
     6558.00    1.41848E-14
     6562.00    1.41551E-14
     6566.00    1.41440E-14
     6570.00    1.41654E-14
     6574.00    1.42167E-14
     6578.00    1.42492E-14
     6582.00    1.43057E-14
     6586.00    1.43664E-14
     6590.00    1.44118E-14
     6594.00    1.44434E-14
     6598.00    1.44591E-14
     6602.00    1.44562E-14
     6606.00    1.44732E-14
     6610.00    1.45085E-14
     6614.00    1.45237E-14
     6618.00    1.45273E-14
     6622.00    1.45335E-14
     6626.00    1.45286E-14
     6630.00    1.45350E-14
     6634.00    1.45311E-14
     6638.00    1.45095E-14
     6642.00    1.44794E-14
     6646.00    1.44574E-14
     6650.00    1.44446E-14
     6654.00    1.44362E-14
     6658.00    1.44373E-14
     6662.00    1.44452E-14
     6666.00    1.44549E-14
     6670.00    1.44731E-14
     6674.00    1.44603E-14
     6678.00    1.44510E-14
     6682.00    1.44444E-14
     6686.00    1.44152E-14
     6690.00    1.44158E-14
     6694.00    1.44123E-14
     6698.00    1.43974E-14
     6702.00    1.43952E-14
     6706.00    1.43892E-14
     6710.00    1.43791E-14
     6714.00    1.43709E-14
     6718.00    1.43615E-14
     6722.00    1.43509E-14
     6726.00    1.43397E-14
     6730.00    1.43272E-14
     6734.00    1.43137E-14
     6738.00    1.42992E-14
     6742.00    1.42835E-14
     6746.00    1.42672E-14
     6750.00    1.42507E-14
     6754.00    1.42331E-14
     6758.00    1.42153E-14
     6762.00    1.41971E-14
     6766.00    1.41780E-14
     6770.00    1.41585E-14
     6774.00    1.41385E-14
     6778.00    1.41181E-14
     6782.00    1.40980E-14
     6786.00    1.40785E-14
     6790.00    1.40591E-14
     6794.00    1.40391E-14
     6798.00    1.40186E-14
     6802.00    1.39978E-14
     6806.00    1.39773E-14
     6810.00    1.39581E-14
     6814.00    1.39407E-14
     6818.00    1.39244E-14
     6822.00    1.39090E-14
     6826.00    1.38945E-14
     6830.00    1.38802E-14
     6834.00    1.38664E-14
     6838.00    1.38532E-14
     6842.00    1.38401E-14
     6846.00    1.38264E-14
     6850.00    1.38126E-14
     6854.00    1.37984E-14
     6858.00    1.37836E-14
     6862.00    1.37689E-14
     6866.00    1.37540E-14
     6870.00    1.37389E-14
     6874.00    1.37238E-14
     6878.00    1.37088E-14
     6882.00    1.36934E-14
     6886.00    1.36773E-14
     6890.00    1.36605E-14
     6894.00    1.36430E-14
     6898.00    1.36249E-14
     6902.00    1.36065E-14
     6906.00    1.35877E-14
     6910.00    1.35674E-14
     6914.00    1.35465E-14
     6918.00    1.35258E-14
     6922.00    1.35057E-14
     6926.00    1.34865E-14
     6930.00    1.34687E-14
     6934.00    1.34510E-14
     6938.00    1.34334E-14
     6942.00    1.34160E-14
     6946.00    1.33990E-14
     6950.00    1.33819E-14
     6954.00    1.33649E-14
     6958.00    1.33482E-14
     6962.00    1.33314E-14
     6966.00    1.33146E-14
     6970.00    1.32976E-14
     6974.00    1.32799E-14
     6978.00    1.32617E-14
     6982.00    1.32437E-14
     6986.00    1.32259E-14
     6990.00    1.32081E-14
     6994.00    1.31901E-14
     6998.00    1.31718E-14
     7002.00    1.31537E-14
     7006.00    1.31362E-14
     7010.00    1.31193E-14
     7014.00    1.31021E-14
     7018.00    1.30841E-14
     7022.00    1.30649E-14
     7026.00    1.30444E-14
     7030.00    1.30229E-14
     7034.00    1.30018E-14
     7038.00    1.29813E-14
     7042.00    1.29615E-14
     7046.00    1.29428E-14
     7050.00    1.29249E-14
     7054.00    1.29071E-14
     7058.00    1.28894E-14
     7062.00    1.28718E-14
     7066.00    1.28544E-14
     7070.00    1.28368E-14
     7074.00    1.28194E-14
     7078.00    1.28017E-14
     7082.00    1.27834E-14
     7086.00    1.27653E-14
     7090.00    1.27478E-14
     7094.00    1.27303E-14
     7098.00    1.27128E-14
     7102.00    1.26948E-14
     7106.00    1.26763E-14
     7110.00    1.26576E-14
     7114.00    1.26394E-14
     7118.00    1.26220E-14
     7122.00    1.26053E-14
     7126.00    1.25891E-14
     7130.00    1.25727E-14
     7134.00    1.25555E-14
     7138.00    1.25377E-14
     7142.00    1.25202E-14
     7146.00    1.25027E-14
     7150.00    1.24857E-14
     7154.00    1.24689E-14
     7158.00    1.24527E-14
     7162.00    1.24371E-14
     7166.00    1.24217E-14
     7170.00    1.24066E-14
     7174.00    1.23911E-14
     7178.00    1.23751E-14
     7182.00    1.23591E-14
     7186.00    1.23432E-14
     7190.00    1.23274E-14
     7194.00    1.23115E-14
     7198.00    1.22948E-14
     7202.00    1.22771E-14
     7206.00    1.22591E-14
     7210.00    1.22410E-14
     7214.00    1.22231E-14
     7218.00    1.22062E-14
     7222.00    1.21898E-14
     7226.00    1.21730E-14
     7230.00    1.21566E-14
     7234.00    1.21398E-14
     7238.00    1.21221E-14
     7242.00    1.21045E-14
     7246.00    1.20873E-14
     7250.00    1.20703E-14
     7254.00    1.20537E-14
     7258.00    1.20372E-14
     7262.00    1.20208E-14
     7266.00    1.20045E-14
     7270.00    1.19885E-14
     7274.00    1.19724E-14
     7278.00    1.19554E-14
     7282.00    1.19373E-14
     7286.00    1.19191E-14
     7290.00    1.19014E-14
     7294.00    1.18846E-14
     7298.00    1.18692E-14
     7302.00    1.18545E-14
     7306.00    1.18398E-14
     7310.00    1.18258E-14
     7314.00    1.18111E-14
     7318.00    1.17952E-14
     7322.00    1.17791E-14
     7326.00    1.17627E-14
     7330.00    1.17461E-14
     7334.00    1.17305E-14
     7338.00    1.17155E-14
     7342.00    1.17005E-14
     7346.00    1.16860E-14
     7350.00    1.16716E-14
     7354.00    1.16573E-14
     7358.00    1.16431E-14
     7362.00    1.16295E-14
     7366.00    1.16165E-14
     7370.00    1.16046E-14
     7374.00    1.15935E-14
     7378.00    1.15823E-14
     7382.00    1.15700E-14
     7386.00    1.15558E-14
     7390.00    1.15402E-14
     7394.00    1.15234E-14
     7398.00    1.15059E-14
     7402.00    1.14883E-14
     7406.00    1.14708E-14
     7410.00    1.14530E-14
     7414.00    1.14353E-14
     7418.00    1.14179E-14
     7422.00    1.14011E-14
     7426.00    1.13848E-14
     7430.00    1.13683E-14
     7434.00    1.13515E-14
     7438.00    1.13342E-14
     7442.00    1.13166E-14
     7446.00    1.12990E-14
     7450.00    1.12816E-14
     7454.00    1.12642E-14
     7458.00    1.12466E-14
     7462.00    1.12293E-14
     7466.00    1.12119E-14
     7470.00    1.11945E-14
     7474.00    1.11775E-14
     7478.00    1.11615E-14
     7482.00    1.11464E-14
     7486.00    1.11322E-14
     7490.00    1.11185E-14
     7494.00    1.11050E-14
     7498.00    1.10914E-14
     7502.00    1.10773E-14
     7506.00    1.10630E-14
     7510.00    1.10490E-14
     7514.00    1.10355E-14
     7518.00    1.10223E-14
     7522.00    1.10090E-14
     7526.00    1.09956E-14
     7530.00    1.09821E-14
     7534.00    1.09685E-14
     7538.00    1.09552E-14
     7542.00    1.09421E-14
     7546.00    1.09292E-14
     7550.00    1.09166E-14
     7554.00    1.09043E-14
     7558.00    1.08921E-14
     7562.00    1.08794E-14
     7566.00    1.08668E-14
     7570.00    1.08540E-14
     7574.00    1.08411E-14
     7578.00    1.08283E-14
     7582.00    1.08155E-14
     7586.00    1.08024E-14
     7590.00    1.07891E-14
     7594.00    1.07755E-14
     7598.00    1.07618E-14
     7602.00    1.07479E-14
     7606.00    1.07338E-14
     7610.00    1.07200E-14
     7614.00    1.07063E-14
     7618.00    1.06926E-14
     7622.00    1.06790E-14
     7626.00    1.06653E-14
     7630.00    1.06517E-14
     7634.00    1.06380E-14
     7638.00    1.06244E-14
     7642.00    1.06106E-14
     7646.00    1.05966E-14
     7650.00    1.05824E-14
     7654.00    1.05683E-14
     7658.00    1.05543E-14
     7662.00    1.05405E-14
     7666.00    1.05265E-14
     7670.00    1.05123E-14
     7674.00    1.04975E-14
     7678.00    1.04827E-14
     7682.00    1.04680E-14
     7686.00    1.04535E-14
     7690.00    1.04393E-14
     7694.00    1.04251E-14
     7698.00    1.04105E-14
     7702.00    1.03957E-14
     7706.00    1.03804E-14
     7710.00    1.03646E-14
     7714.00    1.03488E-14
     7718.00    1.03335E-14
     7722.00    1.03188E-14
     7726.00    1.03046E-14
     7730.00    1.02900E-14
     7734.00    1.02751E-14
     7738.00    1.02591E-14
     7742.00    1.02427E-14
     7746.00    1.02263E-14
     7750.00    1.02098E-14
     7754.00    1.01933E-14
     7758.00    1.01767E-14
     7762.00    1.01599E-14
     7766.00    1.01431E-14
     7770.00    1.01266E-14
     7774.00    1.01108E-14
     7778.00    1.00953E-14
     7782.00    1.00794E-14
     7786.00    1.00632E-14
     7790.00    1.00472E-14
     7794.00    1.00321E-14
     7798.00    1.00179E-14
     7802.00    1.00042E-14
     7806.00    9.99100E-15
     7810.00    9.97810E-15
     7814.00    9.96569E-15
     7818.00    9.95327E-15
     7822.00    9.94066E-15
     7826.00    9.92787E-15
     7830.00    9.91479E-15
     7834.00    9.90256E-15
     7838.00    9.89166E-15
     7842.00    9.88123E-15
     7846.00    9.87118E-15
     7850.00    9.86104E-15
     7854.00    9.85005E-15
     7858.00    9.83886E-15
     7862.00    9.82749E-15
     7866.00    9.81564E-15
     7870.00    9.80313E-15
     7874.00    9.78995E-15
     7878.00    9.77697E-15
     7882.00    9.76464E-15
     7886.00    9.75261E-15
     7890.00    9.74066E-15
     7894.00    9.72882E-15
     7898.00    9.71763E-15
     7902.00    9.70711E-15
     7906.00    9.69763E-15
     7910.00    9.68844E-15
     7914.00    9.67858E-15
     7918.00    9.66844E-15
     7922.00    9.65801E-15
     7926.00    9.64768E-15
     7930.00    9.63810E-15
     7934.00    9.62853E-15
     7938.00    9.61886E-15
     7942.00    9.60919E-15
     7946.00    9.59905E-15
     7950.00    9.58891E-15
     7954.00    9.57905E-15
     7958.00    9.56901E-15
     7962.00    9.55905E-15
     7966.00    9.54957E-15
     7970.00    9.54019E-15
     7974.00    9.53062E-15
     7978.00    9.52019E-15
     7982.00    9.50844E-15
     7986.00    9.49564E-15
     7990.00    9.48218E-15
     7994.00    9.46862E-15
     7998.00    9.45518E-15
     8002.00    9.44153E-15
     8006.00    9.42722E-15
     8010.00    9.41249E-15
     8014.00    9.39813E-15
     8018.00    9.38461E-15
     8022.00    9.37205E-15
     8026.00    9.35980E-15
     8030.00    9.34697E-15
     8034.00    9.33329E-15
     8038.00    9.31913E-15
     8042.00    9.30524E-15
     8046.00    9.29208E-15
     8050.00    9.27972E-15
     8054.00    9.26827E-15
     8058.00    9.25720E-15
     8062.00    9.24580E-15
     8066.00    9.23363E-15
     8070.00    9.22081E-15
     8074.00    9.20831E-15
     8078.00    9.19706E-15
     8082.00    9.18676E-15
     8086.00    9.17712E-15
     8090.00    9.16723E-15
     8094.00    9.15632E-15
     8098.00    9.14477E-15
     8102.00    9.13245E-15
     8106.00    9.12016E-15
     8110.00    9.10862E-15
     8114.00    9.09736E-15
     8118.00    9.08626E-15
     8122.00    9.07520E-15
     8126.00    9.06276E-15
     8130.00    9.04963E-15
     8134.00    9.03660E-15
     8138.00    9.02373E-15
     8142.00    9.01177E-15
     8146.00    9.00080E-15
     8150.00    8.98999E-15
     8154.00    8.97961E-15
     8158.00    8.96932E-15
     8162.00    8.95920E-15
     8166.00    8.94928E-15
     8170.00    8.93914E-15
     8174.00    8.92835E-15
     8178.00    8.91638E-15
     8182.00    8.90350E-15
     8186.00    8.89016E-15
     8190.00    8.87621E-15
     8194.00    8.86286E-15
     8198.00    8.85096E-15
     8202.00    8.84026E-15
     8206.00    8.82982E-15
     8210.00    8.81942E-15
     8214.00    8.80793E-15
     8218.00    8.79489E-15
     8222.00    8.78172E-15
     8226.00    8.76945E-15
     8230.00    8.75763E-15
     8234.00    8.74591E-15
     8238.00    8.73369E-15
     8242.00    8.72002E-15
     8246.00    8.70562E-15
     8250.00    8.69108E-15
     8254.00    8.67738E-15
     8258.00    8.66486E-15
     8262.00    8.65317E-15
     8266.00    8.64185E-15
     8270.00    8.63032E-15
     8274.00    8.61947E-15
     8278.00    8.61013E-15
     8282.00    8.60152E-15
     8286.00    8.59320E-15
     8290.00    8.58434E-15
     8294.00    8.57350E-15
     8298.00    8.56125E-15
     8302.00    8.54881E-15
     8306.00    8.53661E-15
     8310.00    8.52528E-15
     8314.00    8.51554E-15
     8318.00    8.50704E-15
     8322.00    8.49888E-15
     8326.00    8.49071E-15
     8330.00    8.48259E-15
     8334.00    8.47478E-15
     8338.00    8.46733E-15
     8342.00    8.46035E-15
     8346.00    8.45334E-15
     8350.00    8.44570E-15
     8354.00    8.43751E-15
     8358.00    8.42917E-15
     8362.00    8.42117E-15
     8366.00    8.41369E-15
     8370.00    8.40652E-15
     8374.00    8.39901E-15
     8378.00    8.39088E-15
     8382.00    8.38268E-15
     8386.00    8.37515E-15
     8390.00    8.36817E-15
     8394.00    8.36121E-15
     8398.00    8.35353E-15
     8402.00    8.34425E-15
     8406.00    8.33362E-15
     8410.00    8.32232E-15
     8414.00    8.31087E-15
     8418.00    8.29973E-15
     8422.00    8.28882E-15
     8426.00    8.27727E-15
     8430.00    8.26502E-15
     8434.00    8.25229E-15
     8438.00    8.23940E-15
     8442.00    8.22689E-15
     8446.00    8.21499E-15
     8450.00    8.20361E-15
     8454.00    8.19246E-15
     8458.00    8.18055E-15
     8462.00    8.16764E-15
     8466.00    8.15374E-15
     8470.00    8.13895E-15
     8474.00    8.12402E-15
     8478.00    8.10900E-15
     8482.00    8.09318E-15
     8486.00    8.07647E-15
     8490.00    8.05933E-15
     8494.00    8.04246E-15
     8498.00    8.02696E-15
     8502.00    8.01337E-15
     8506.00    8.00165E-15
     8510.00    7.99108E-15
     8514.00    7.98107E-15
     8518.00    7.97118E-15
     8522.00    7.96121E-15
     8526.00    7.95133E-15
     8530.00    7.94141E-15
     8534.00    7.93147E-15
     8538.00    7.92177E-15
     8542.00    7.91277E-15
     8546.00    7.90457E-15
     8550.00    7.89691E-15
     8554.00    7.89010E-15
     8558.00    7.88387E-15
     8562.00    7.87781E-15
     8566.00    7.87149E-15
     8570.00    7.86482E-15
     8574.00    7.85777E-15
     8578.00    7.85098E-15
     8582.00    7.84445E-15
     8586.00    7.83773E-15
     8590.00    7.83009E-15
     8594.00    7.82073E-15
     8598.00    7.80972E-15
     8602.00    7.79766E-15
     8606.00    7.78521E-15
     8610.00    7.77293E-15
     8614.00    7.76081E-15
     8618.00    7.74909E-15
     8622.00    7.73757E-15
     8626.00    7.72614E-15
     8630.00    7.71521E-15
     8634.00    7.70445E-15
     8638.00    7.69355E-15
     8642.00    7.68283E-15
     8646.00    7.67239E-15
     8650.00    7.66242E-15
     8654.00    7.65314E-15
     8658.00    7.64463E-15
     8662.00    7.63642E-15
     8666.00    7.62792E-15
     8670.00    7.61875E-15
     8674.00    7.60890E-15
     8678.00    7.59946E-15
     8682.00    7.59137E-15
     8686.00    7.58482E-15
     8690.00    7.58010E-15
     8694.00    7.57652E-15
     8698.00    7.57282E-15
     8702.00    7.56803E-15
     8706.00    7.56148E-15
     8710.00    7.55292E-15
     8714.00    7.54326E-15
     8718.00    7.53427E-15
     8722.00    7.52684E-15
     8726.00    7.52060E-15
     8730.00    7.51477E-15
     8734.00    7.50829E-15
     8738.00    7.50003E-15
     8742.00    7.49014E-15
     8746.00    7.47907E-15
     8750.00    7.46748E-15
     8754.00    7.45635E-15
     8758.00    7.44597E-15
     8762.00    7.43662E-15
     8766.00    7.42843E-15
     8770.00    7.42078E-15
     8774.00    7.41247E-15
     8778.00    7.40281E-15
     8782.00    7.39149E-15
     8786.00    7.37844E-15
     8790.00    7.36450E-15
     8794.00    7.35083E-15
     8798.00    7.33850E-15
     8802.00    7.32916E-15
     8806.00    7.32412E-15
     8810.00    7.32309E-15
     8814.00    7.32355E-15
     8818.00    7.32304E-15
     8822.00    7.32020E-15
     8826.00    7.31460E-15
     8830.00    7.30819E-15
     8834.00    7.30280E-15
     8838.00    7.29842E-15
     8842.00    7.29526E-15
     8846.00    7.29263E-15
     8850.00    7.28936E-15
     8854.00    7.28558E-15
     8858.00    7.28163E-15
     8862.00    7.27712E-15
     8866.00    7.27142E-15
     8870.00    7.26450E-15
     8874.00    7.25638E-15
     8878.00    7.24714E-15
     8882.00    7.23779E-15
     8886.00    7.22887E-15
     8890.00    7.21985E-15
     8894.00    7.21097E-15
     8898.00    7.20148E-15
     8902.00    7.18991E-15
     8906.00    7.17649E-15
     8910.00    7.16183E-15
     8914.00    7.14691E-15
     8918.00    7.13302E-15
     8922.00    7.12069E-15
     8926.00    7.10923E-15
     8930.00    7.09841E-15
     8934.00    7.08801E-15
     8938.00    7.07712E-15
     8942.00    7.06599E-15
     8946.00    7.05519E-15
     8950.00    7.04443E-15
     8954.00    7.03409E-15
     8958.00    7.02434E-15
     8962.00    7.01511E-15
     8966.00    7.00720E-15
     8970.00    7.00071E-15
     8974.00    6.99523E-15
     8978.00    6.99046E-15
     8982.00    6.98512E-15
     8986.00    6.97899E-15
     8990.00    6.97194E-15
     8994.00    6.96397E-15
     8998.00    6.95609E-15
     9002.00    6.94874E-15
     9006.00    6.94192E-15
     9010.00    6.93612E-15
     9014.00    6.93091E-15
     9018.00    6.92589E-15
     9022.00    6.92110E-15
     9026.00    6.91574E-15
     9030.00    6.90891E-15
     9034.00    6.90131E-15
     9038.00    6.89323E-15
     9042.00    6.88444E-15
     9046.00    6.87573E-15
     9050.00    6.86687E-15
     9054.00    6.85768E-15
     9058.00    6.84863E-15
     9062.00    6.83979E-15
     9066.00    6.83097E-15
     9070.00    6.82216E-15
     9074.00    6.81339E-15
     9078.00    6.80466E-15
     9082.00    6.79603E-15
     9086.00    6.78751E-15
     9090.00    6.77914E-15
     9094.00    6.77092E-15
     9098.00    6.76281E-15
     9102.00    6.75479E-15
     9106.00    6.74686E-15
     9110.00    6.73899E-15
     9114.00    6.73116E-15
     9118.00    6.72337E-15
     9122.00    6.71557E-15
     9126.00    6.70774E-15
     9130.00    6.69988E-15
     9134.00    6.69192E-15
     9138.00    6.68382E-15
     9142.00    6.67548E-15
     9146.00    6.66686E-15
     9150.00    6.65796E-15
     9154.00    6.64888E-15
     9158.00    6.63976E-15
     9162.00    6.63072E-15
     9166.00    6.62182E-15
     9170.00    6.61310E-15
     9174.00    6.60460E-15
     9178.00    6.59630E-15
     9182.00    6.58821E-15
     9186.00    6.58025E-15
     9190.00    6.57236E-15
     9194.00    6.56451E-15
     9198.00    6.55668E-15
     9202.00    6.54887E-15
     9206.00    6.54109E-15
     9210.00    6.53336E-15
     9214.00    6.52564E-15
     9218.00    6.51796E-15
     9222.00    6.51029E-15
     9226.00    6.50261E-15
     9230.00    6.49488E-15
     9234.00    6.48714E-15
     9238.00    6.47940E-15
     9242.00    6.47171E-15
     9246.00    6.46406E-15
     9250.00    6.45642E-15
     9254.00    6.44871E-15
     9258.00    6.44087E-15
     9262.00    6.43290E-15
     9266.00    6.42477E-15
     9270.00    6.41650E-15
     9274.00    6.40813E-15
     9278.00    6.39969E-15
     9282.00    6.39120E-15
     9286.00    6.38274E-15
     9290.00    6.37432E-15
     9294.00    6.36596E-15
     9298.00    6.35766E-15
     9302.00    6.34938E-15
     9306.00    6.34114E-15
     9310.00    6.33290E-15
     9314.00    6.32466E-15
     9318.00    6.31644E-15
     9322.00    6.30820E-15
     9326.00    6.29997E-15
     9330.00    6.29174E-15
     9334.00    6.28351E-15
     9338.00    6.27528E-15
     9342.00    6.26707E-15
     9346.00    6.25890E-15
     9350.00    6.25077E-15
     9354.00    6.24270E-15
     9358.00    6.23470E-15
     9362.00    6.22678E-15
     9366.00    6.21894E-15
     9370.00    6.21119E-15
     9374.00    6.20352E-15
     9378.00    6.19594E-15
     9382.00    6.18847E-15
     9386.00    6.18111E-15
     9390.00    6.17384E-15
     9394.00    6.16667E-15
     9398.00    6.15961E-15
     9402.00    6.15265E-15
     9406.00    6.14579E-15
     9410.00    6.13902E-15
     9414.00    6.13235E-15
     9418.00    6.12576E-15
     9422.00    6.11926E-15
     9426.00    6.11283E-15
     9430.00    6.10646E-15
     9434.00    6.10016E-15
     9438.00    6.09391E-15
     9442.00    6.08769E-15
     9446.00    6.08148E-15
     9450.00    6.07528E-15
     9454.00    6.06908E-15
     9458.00    6.06288E-15
     9462.00    6.05668E-15
     9466.00    6.05048E-15
     9470.00    6.04428E-15
     9474.00    6.03809E-15
     9478.00    6.03189E-15
     9482.00    6.02569E-15
     9486.00    6.01949E-15
     9490.00    6.01329E-15
     9494.00    6.00709E-15
     9498.00    6.00089E-15
     9502.00    5.99469E-15
     9506.00    5.98849E-15
     9510.00    5.98229E-15
     9514.00    5.97610E-15
     9518.00    5.96990E-15
     9522.00    5.96370E-15
     9526.00    5.95750E-15
     9530.00    5.95129E-15
     9534.00    5.94509E-15
     9538.00    5.93889E-15
     9542.00    5.93269E-15
     9546.00    5.92649E-15
     9550.00    5.92029E-15
     9554.00    5.91409E-15
     9558.00    5.90788E-15
     9562.00    5.90163E-15
     9566.00    5.89536E-15
     9570.00    5.88905E-15
     9574.00    5.88272E-15
     9578.00    5.87638E-15
     9582.00    5.87006E-15
     9586.00    5.86375E-15
     9590.00    5.85746E-15
     9594.00    5.85119E-15
     9598.00    5.84495E-15
     9602.00    5.83874E-15
     9606.00    5.83256E-15
     9610.00    5.82643E-15
     9614.00    5.82033E-15
     9618.00    5.81428E-15
     9622.00    5.80828E-15
     9626.00    5.80233E-15
     9630.00    5.79644E-15
     9634.00    5.79059E-15
     9638.00    5.78480E-15
     9642.00    5.77906E-15
     9646.00    5.77337E-15
     9650.00    5.76774E-15
     9654.00    5.76217E-15
     9658.00    5.75664E-15
     9662.00    5.75119E-15
     9666.00    5.74581E-15
     9670.00    5.74046E-15
     9674.00    5.73514E-15
     9678.00    5.72982E-15
     9682.00    5.72450E-15
     9686.00    5.71919E-15
     9690.00    5.71387E-15
     9694.00    5.70855E-15
     9698.00    5.70323E-15
     9702.00    5.69791E-15
     9706.00    5.69260E-15
     9710.00    5.68728E-15
     9714.00    5.68196E-15
     9718.00    5.67664E-15
     9722.00    5.67133E-15
     9726.00    5.66601E-15
     9730.00    5.66069E-15
     9734.00    5.65537E-15
     9738.00    5.65007E-15
     9742.00    5.64475E-15
     9746.00    5.63943E-15
     9750.00    5.63411E-15
     9754.00    5.62880E-15
     9758.00    5.62348E-15
     9762.00    5.61816E-15
     9766.00    5.61284E-15
     9770.00    5.60753E-15
     9774.00    5.60221E-15
     9778.00    5.59689E-15
     9782.00    5.59157E-15
     9786.00    5.58626E-15
     9790.00    5.58094E-15
     9794.00    5.57562E-15
     9798.00    5.57030E-15
     9802.00    5.56500E-15
     9806.00    5.55968E-15
     9810.00    5.55436E-15
     9814.00    5.54904E-15
     9818.00    5.54373E-15
     9822.00    5.53841E-15
     9826.00    5.53309E-15
     9830.00    5.52778E-15
     9834.00    5.52252E-15
     9838.00    5.51737E-15
     9842.00    5.51238E-15
     9846.00    5.50768E-15
     9850.00    5.50337E-15
     9854.00    5.49951E-15
     9858.00    5.49603E-15
     9862.00    5.49288E-15
     9866.00    5.48993E-15
     9870.00    5.48714E-15
     9874.00    5.48450E-15
     9878.00    5.48207E-15
     9882.00    5.47783E-15
     9886.00    5.47359E-15
     9890.00    5.46936E-15
     9894.00    5.46512E-15
     9898.00    5.46088E-15
     9902.00    5.45664E-15
     9906.00    5.45241E-15
     9910.00    5.44817E-15
     9914.00    5.44394E-15
     9918.00    5.43971E-15
     9922.00    5.43547E-15
     9926.00    5.43123E-15
     9930.00    5.42700E-15
     9934.00    5.42276E-15
     9938.00    5.41852E-15
     9942.00    5.41428E-15
     9946.00    5.41005E-15
     9950.00    5.40581E-15
     9954.00    5.40157E-15
     9958.00    5.39734E-15
     9962.00    5.39310E-15
     9966.00    5.38886E-15
     9970.00    5.38463E-15
     9974.00    5.38039E-15
     9978.00    5.37615E-15
     9982.00    5.37191E-15
     9986.00    5.36768E-15
     9990.00    5.36344E-15
     9994.00    5.35920E-15
     9998.00    5.35497E-15
    10002.00    5.35073E-15
    10006.00    5.34649E-15
    10010.00    5.34226E-15
    10014.00    5.33802E-15
    10018.00    5.33378E-15
    10022.00    5.32955E-15
    10026.00    5.32531E-15
    10030.00    5.32107E-15
    10034.00    5.31683E-15
    10038.00    5.31260E-15
    10042.00    5.30837E-15
    10046.00    5.30413E-15
    10050.00    5.29990E-15
    10054.00    5.29566E-15
    10058.00    5.29142E-15
    10062.00    5.28719E-15
    10066.00    5.28295E-15
    10070.00    5.27871E-15
    10074.00    5.27447E-15
    10078.00    5.27024E-15
    10082.00    5.26600E-15
    10086.00    5.26176E-15
    10090.00    5.25753E-15
    10094.00    5.25329E-15
    10098.00    5.24905E-15
    10102.00    5.24482E-15
    10106.00    5.24058E-15
    10110.00    5.23634E-15
    10114.00    5.23210E-15
    10118.00    5.22787E-15
    10122.00    5.22363E-15
    10126.00    5.21939E-15
    10130.00    5.21516E-15
    10134.00    5.21092E-15
    10138.00    5.20668E-15
    10142.00    5.20245E-15
    10146.00    5.19821E-15
    10150.00    5.19397E-15
    10154.00    5.18973E-15
    10158.00    5.18550E-15
    10162.00    5.18126E-15
    10166.00    5.17703E-15
    10170.00    5.17280E-15
    10174.00    5.16856E-15
    10178.00    5.16432E-15
    10182.00    5.16009E-15
    10186.00    5.15585E-15
    10190.00    5.15161E-15
    10194.00    5.14737E-15
    10198.00    5.14314E-15
    10202.00    5.14314E-15