#*L745-46A                                                           
#* Bessell Jan 2009 
#set .z.units = "Ergs/s/cm**2/A"
#set .z.label = "Flambda"
#set .table.bandwidth = 4
#*
     3100.00    3.71980E-14
     3104.00    3.72087E-14
     3108.00    3.72131E-14
     3112.00    3.72037E-14
     3116.00    3.72033E-14
     3120.00    3.72164E-14
     3124.00    3.72355E-14
     3128.00    3.72466E-14
     3132.00    3.72348E-14
     3136.00    3.72250E-14
     3140.00    3.72086E-14
     3144.00    3.72165E-14
     3148.00    3.72266E-14
     3152.00    3.72315E-14
     3156.00    3.72570E-14
     3160.00    3.72460E-14
     3164.00    3.72322E-14
     3168.00    3.72288E-14
     3172.00    3.72333E-14
     3176.00    3.72430E-14
     3180.00    3.72586E-14
     3184.00    3.72502E-14
     3188.00    3.72356E-14
     3192.00    3.72582E-14
     3196.00    3.72757E-14
     3200.00    3.72691E-14
     3204.00    3.72573E-14
     3208.00    3.72551E-14
     3212.00    3.72661E-14
     3216.00    3.72879E-14
     3220.00    3.72936E-14
     3224.00    3.72790E-14
     3228.00    3.72913E-14
     3232.00    3.72873E-14
     3236.00    3.72872E-14
     3240.00    3.73095E-14
     3244.00    3.73123E-14
     3248.00    3.73152E-14
     3252.00    3.73153E-14
     3256.00    3.73053E-14
     3260.00    3.73192E-14
     3264.00    3.73431E-14
     3268.00    3.73451E-14
     3272.00    3.73154E-14
     3276.00    3.72703E-14
     3280.00    3.72583E-14
     3284.00    3.72620E-14
     3288.00    3.72843E-14
     3292.00    3.73044E-14
     3296.00    3.73130E-14
     3300.00    3.73235E-14
     3304.00    3.73228E-14
     3308.00    3.73256E-14
     3312.00    3.73387E-14
     3316.00    3.73406E-14
     3320.00    3.73906E-14
     3324.00    3.74269E-14
     3328.00    3.73890E-14
     3332.00    3.73836E-14
     3336.00    3.73773E-14
     3340.00    3.73733E-14
     3344.00    3.73997E-14
     3348.00    3.74042E-14
     3352.00    3.74169E-14
     3356.00    3.74205E-14
     3360.00    3.73962E-14
     3364.00    3.73719E-14
     3368.00    3.73722E-14
     3372.00    3.73690E-14
     3376.00    3.73597E-14
     3380.00    3.73459E-14
     3384.00    3.73330E-14
     3388.00    3.73310E-14
     3392.00    3.73103E-14
     3396.00    3.73129E-14
     3400.00    3.72884E-14
     3404.00    3.72762E-14
     3408.00    3.72959E-14
     3412.00    3.72528E-14
     3416.00    3.72433E-14
     3420.00    3.72441E-14
     3424.00    3.72333E-14
     3428.00    3.72218E-14
     3432.00    3.72049E-14
     3436.00    3.71907E-14
     3440.00    3.72036E-14
     3444.00    3.71991E-14
     3448.00    3.71771E-14
     3452.00    3.71633E-14
     3456.00    3.71593E-14
     3460.00    3.71616E-14
     3464.00    3.71468E-14
     3468.00    3.71364E-14
     3472.00    3.71292E-14
     3476.00    3.71321E-14
     3480.00    3.71160E-14
     3484.00    3.70925E-14
     3488.00    3.70934E-14
     3492.00    3.70951E-14
     3496.00    3.70848E-14
     3500.00    3.70737E-14
     3504.00    3.70629E-14
     3508.00    3.70573E-14
     3512.00    3.70515E-14
     3516.00    3.70397E-14
     3520.00    3.70253E-14
     3524.00    3.70235E-14
     3528.00    3.70247E-14
     3532.00    3.70218E-14
     3536.00    3.70022E-14
     3540.00    3.69750E-14
     3544.00    3.69844E-14
     3548.00    3.69865E-14
     3552.00    3.70167E-14
     3556.00    3.70189E-14
     3560.00    3.70288E-14
     3564.00    3.70283E-14
     3568.00    3.70178E-14
     3572.00    3.70256E-14
     3576.00    3.70212E-14
     3580.00    3.70151E-14
     3584.00    3.70085E-14
     3588.00    3.69947E-14
     3592.00    3.69797E-14
     3596.00    3.69990E-14
     3600.00    3.70048E-14
     3604.00    3.70042E-14
     3608.00    3.70045E-14
     3612.00    3.69970E-14
     3616.00    3.69837E-14
     3620.00    3.69756E-14
     3624.00    3.69630E-14
     3628.00    3.69359E-14
     3632.00    3.69130E-14
     3636.00    3.68922E-14
     3640.00    3.68694E-14
     3644.00    3.68479E-14
     3648.00    3.68362E-14
     3652.00    3.68217E-14
     3656.00    3.68040E-14
     3660.00    3.67896E-14
     3664.00    3.67681E-14
     3668.00    3.67821E-14
     3672.00    3.67745E-14
     3676.00    3.67322E-14
     3680.00    3.67015E-14
     3684.00    3.67126E-14
     3688.00    3.67044E-14
     3692.00    3.66940E-14
     3696.00    3.67037E-14
     3700.00    3.67172E-14
     3704.00    3.66697E-14
     3708.00    3.66389E-14
     3712.00    3.66526E-14
     3716.00    3.66546E-14
     3720.00    3.66609E-14
     3724.00    3.66768E-14
     3728.00    3.66641E-14
     3732.00    3.66726E-14
     3736.00    3.66958E-14
     3740.00    3.67025E-14
     3744.00    3.67059E-14
     3748.00    3.66990E-14
     3752.00    3.67134E-14
     3756.00    3.67152E-14
     3760.00    3.67546E-14
     3764.00    3.67349E-14
     3768.00    3.67194E-14
     3772.00    3.67278E-14
     3776.00    3.67066E-14
     3780.00    3.66823E-14
     3784.00    3.66959E-14
     3788.00    3.66781E-14
     3792.00    3.66110E-14
     3796.00    3.66080E-14
     3800.00    3.65903E-14
     3804.00    3.65562E-14
     3808.00    3.65248E-14
     3812.00    3.64899E-14
     3816.00    3.64439E-14
     3820.00    3.64262E-14
     3824.00    3.64195E-14
     3828.00    3.63802E-14
     3832.00    3.63708E-14
     3836.00    3.63676E-14
     3840.00    3.63401E-14
     3844.00    3.63274E-14
     3848.00    3.63183E-14
     3852.00    3.63061E-14
     3856.00    3.62969E-14
     3860.00    3.62940E-14
     3864.00    3.62988E-14
     3868.00    3.62903E-14
     3872.00    3.62595E-14
     3876.00    3.62233E-14
     3880.00    3.61850E-14
     3884.00    3.61462E-14
     3888.00    3.61075E-14
     3892.00    3.60688E-14
     3896.00    3.60300E-14
     3900.00    3.59913E-14
     3904.00    3.59525E-14
     3908.00    3.59135E-14
     3912.00    3.58860E-14
     3916.00    3.58229E-14
     3920.00    3.52583E-14
     3924.00    3.40512E-14
     3928.00    3.11436E-14
     3932.00    2.70268E-14
     3936.00    2.66879E-14
     3940.00    3.03558E-14
     3944.00    3.32919E-14
     3948.00    3.44651E-14
     3952.00    3.46808E-14
     3956.00    3.45388E-14
     3960.00    3.40796E-14
     3964.00    3.21490E-14
     3968.00    2.97833E-14
     3972.00    2.99823E-14
     3976.00    3.22696E-14
     3980.00    3.39758E-14
     3984.00    3.48454E-14
     3988.00    3.55591E-14
     3992.00    3.58732E-14
     3996.00    3.58171E-14
     4000.00    3.57540E-14
     4004.00    3.56964E-14
     4008.00    3.56388E-14
     4012.00    3.55812E-14
     4016.00    3.55210E-14
     4020.00    3.54761E-14
     4024.00    3.54678E-14
     4028.00    3.54695E-14
     4032.00    3.54638E-14
     4036.00    3.54422E-14
     4040.00    3.53975E-14
     4044.00    3.53478E-14
     4048.00    3.53105E-14
     4052.00    3.52914E-14
     4056.00    3.52654E-14
     4060.00    3.52309E-14
     4064.00    3.52008E-14
     4068.00    3.51800E-14
     4072.00    3.51633E-14
     4076.00    3.51449E-14
     4080.00    3.51313E-14
     4084.00    3.51123E-14
     4088.00    3.50955E-14
     4092.00    3.50882E-14
     4096.00    3.50832E-14
     4100.00    3.50772E-14
     4104.00    3.50669E-14
     4108.00    3.50392E-14
     4112.00    3.49985E-14
     4116.00    3.49520E-14
     4120.00    3.49062E-14
     4124.00    3.48711E-14
     4128.00    3.48166E-14
     4132.00    3.47642E-14
     4136.00    3.47367E-14
     4140.00    3.47077E-14
     4144.00    3.46750E-14
     4148.00    3.46783E-14
     4152.00    3.46888E-14
     4156.00    3.46943E-14
     4160.00    3.46764E-14
     4164.00    3.46504E-14
     4168.00    3.46300E-14
     4172.00    3.46024E-14
     4176.00    3.45614E-14
     4180.00    3.45200E-14
     4184.00    3.44706E-14
     4188.00    3.44464E-14
     4192.00    3.44072E-14
     4196.00    3.43680E-14
     4200.00    3.43509E-14
     4204.00    3.43306E-14
     4208.00    3.42955E-14
     4212.00    3.42608E-14
     4216.00    3.42216E-14
     4220.00    3.41758E-14
     4224.00    3.41369E-14
     4228.00    3.41014E-14
     4232.00    3.40758E-14
     4236.00    3.40458E-14
     4240.00    3.39853E-14
     4244.00    3.39451E-14
     4248.00    3.39144E-14
     4252.00    3.38959E-14
     4256.00    3.38657E-14
     4260.00    3.38431E-14
     4264.00    3.38337E-14
     4268.00    3.37787E-14
     4272.00    3.37762E-14
     4276.00    3.37838E-14
     4280.00    3.37621E-14
     4284.00    3.37440E-14
     4288.00    3.37315E-14
     4292.00    3.36894E-14
     4296.00    3.36450E-14
     4300.00    3.36049E-14
     4304.00    3.35845E-14
     4308.00    3.35512E-14
     4312.00    3.35007E-14
     4316.00    3.34500E-14
     4320.00    3.34186E-14
     4324.00    3.33882E-14
     4328.00    3.33468E-14
     4332.00    3.33174E-14
     4336.00    3.33081E-14
     4340.00    3.32756E-14
     4344.00    3.32266E-14
     4348.00    3.31926E-14
     4352.00    3.31473E-14
     4356.00    3.31048E-14
     4360.00    3.30767E-14
     4364.00    3.30490E-14
     4368.00    3.30246E-14
     4372.00    3.29970E-14
     4376.00    3.29759E-14
     4380.00    3.29451E-14
     4384.00    3.29075E-14
     4388.00    3.29035E-14
     4392.00    3.28928E-14
     4396.00    3.28785E-14
     4400.00    3.28521E-14
     4404.00    3.28197E-14
     4408.00    3.27969E-14
     4412.00    3.27643E-14
     4416.00    3.27159E-14
     4420.00    3.26799E-14
     4424.00    3.26154E-14
     4428.00    3.25296E-14
     4432.00    3.24663E-14
     4436.00    3.23989E-14
     4440.00    3.23455E-14
     4444.00    3.22894E-14
     4448.00    3.22130E-14
     4452.00    3.21527E-14
     4456.00    3.21009E-14
     4460.00    3.20595E-14
     4464.00    3.20187E-14
     4468.00    3.19769E-14
     4472.00    3.19448E-14
     4476.00    3.19057E-14
     4480.00    3.18776E-14
     4484.00    3.18543E-14
     4488.00    3.18308E-14
     4492.00    3.18008E-14
     4496.00    3.17542E-14
     4500.00    3.17118E-14
     4504.00    3.16766E-14
     4508.00    3.16286E-14
     4512.00    3.15787E-14
     4516.00    3.15370E-14
     4520.00    3.14905E-14
     4524.00    3.14487E-14
     4528.00    3.14153E-14
     4532.00    3.13874E-14
     4536.00    3.13732E-14
     4540.00    3.13491E-14
     4544.00    3.13146E-14
     4548.00    3.12897E-14
     4552.00    3.12795E-14
     4556.00    3.12566E-14
     4560.00    3.12188E-14
     4564.00    3.11919E-14
     4568.00    3.11604E-14
     4572.00    3.11059E-14
     4576.00    3.10514E-14
     4580.00    3.10254E-14
     4584.00    3.10035E-14
     4588.00    3.09616E-14
     4592.00    3.09166E-14
     4596.00    3.08739E-14
     4600.00    3.08221E-14
     4604.00    3.07691E-14
     4608.00    3.07312E-14
     4612.00    3.06875E-14
     4616.00    3.06330E-14
     4620.00    3.05863E-14
     4624.00    3.05423E-14
     4628.00    3.05015E-14
     4632.00    3.04765E-14
     4636.00    3.04605E-14
     4640.00    3.04383E-14
     4644.00    3.04033E-14
     4648.00    3.03760E-14
     4652.00    3.03561E-14
     4656.00    3.03295E-14
     4660.00    3.02998E-14
     4664.00    3.02842E-14
     4668.00    3.02727E-14
     4672.00    3.02522E-14
     4676.00    3.02303E-14
     4680.00    3.02160E-14
     4684.00    3.01852E-14
     4688.00    3.01443E-14
     4692.00    3.01129E-14
     4696.00    3.00725E-14
     4700.00    3.00204E-14
     4704.00    2.99513E-14
     4708.00    2.98825E-14
     4712.00    2.98226E-14
     4716.00    2.97766E-14
     4720.00    2.97369E-14
     4724.00    2.97044E-14
     4728.00    2.96724E-14
     4732.00    2.96209E-14
     4736.00    2.95764E-14
     4740.00    2.95610E-14
     4744.00    2.95468E-14
     4748.00    2.95095E-14
     4752.00    2.94699E-14
     4756.00    2.94354E-14
     4760.00    2.94060E-14
     4764.00    2.93648E-14
     4768.00    2.93296E-14
     4772.00    2.93062E-14
     4776.00    2.92677E-14
     4780.00    2.92202E-14
     4784.00    2.91806E-14
     4788.00    2.91377E-14
     4792.00    2.90935E-14
     4796.00    2.90457E-14
     4800.00    2.90165E-14
     4804.00    2.90007E-14
     4808.00    2.89814E-14
     4812.00    2.89659E-14
     4816.00    2.89499E-14
     4820.00    2.89226E-14
     4824.00    2.89133E-14
     4828.00    2.88956E-14
     4832.00    2.88692E-14
     4836.00    2.88376E-14
     4840.00    2.87952E-14
     4844.00    2.87529E-14
     4848.00    2.87114E-14
     4852.00    2.86669E-14
     4856.00    2.86342E-14
     4860.00    2.86079E-14
     4864.00    2.85702E-14
     4868.00    2.85312E-14
     4872.00    2.84992E-14
     4876.00    2.84623E-14
     4880.00    2.84207E-14
     4884.00    2.83782E-14
     4888.00    2.83474E-14
     4892.00    2.83197E-14
     4896.00    2.82855E-14
     4900.00    2.82492E-14
     4904.00    2.82009E-14
     4908.00    2.81757E-14
     4912.00    2.81526E-14
     4916.00    2.81211E-14
     4920.00    2.80834E-14
     4924.00    2.80386E-14
     4928.00    2.79988E-14
     4932.00    2.79628E-14
     4936.00    2.79341E-14
     4940.00    2.79041E-14
     4944.00    2.78711E-14
     4948.00    2.78363E-14
     4952.00    2.78057E-14
     4956.00    2.77862E-14
     4960.00    2.77648E-14
     4964.00    2.77306E-14
     4968.00    2.76921E-14
     4972.00    2.76591E-14
     4976.00    2.76252E-14
     4980.00    2.75844E-14
     4984.00    2.75481E-14
     4988.00    2.75183E-14
     4992.00    2.74864E-14
     4996.00    2.74453E-14
     5000.00    2.74055E-14
     5004.00    2.73803E-14
     5008.00    2.73495E-14
     5012.00    2.73205E-14
     5016.00    2.72918E-14
     5020.00    2.72630E-14
     5024.00    2.72262E-14
     5028.00    2.71962E-14
     5032.00    2.71764E-14
     5036.00    2.71562E-14
     5040.00    2.71282E-14
     5044.00    2.71024E-14
     5048.00    2.70705E-14
     5052.00    2.70392E-14
     5056.00    2.70092E-14
     5060.00    2.69818E-14
     5064.00    2.69543E-14
     5068.00    2.69116E-14
     5072.00    2.68711E-14
     5076.00    2.68452E-14
     5080.00    2.68040E-14
     5084.00    2.67565E-14
     5088.00    2.67375E-14
     5092.00    2.67028E-14
     5096.00    2.66579E-14
     5100.00    2.66208E-14
     5104.00    2.65850E-14
     5108.00    2.65531E-14
     5112.00    2.65216E-14
     5116.00    2.64889E-14
     5120.00    2.64593E-14
     5124.00    2.64246E-14
     5128.00    2.64012E-14
     5132.00    2.63890E-14
     5136.00    2.63739E-14
     5140.00    2.63478E-14
     5144.00    2.63402E-14
     5148.00    2.63227E-14
     5152.00    2.62953E-14
     5156.00    2.62783E-14
     5160.00    2.62527E-14
     5164.00    2.62210E-14
     5168.00    2.61891E-14
     5172.00    2.61536E-14
     5176.00    2.61185E-14
     5180.00    2.60838E-14
     5184.00    2.60490E-14
     5188.00    2.60351E-14
     5192.00    2.60107E-14
     5196.00    2.59750E-14
     5200.00    2.59360E-14
     5204.00    2.58924E-14
     5208.00    2.58442E-14
     5212.00    2.57947E-14
     5216.00    2.57489E-14
     5220.00    2.57085E-14
     5224.00    2.56628E-14
     5228.00    2.56289E-14
     5232.00    2.56117E-14
     5236.00    2.55926E-14
     5240.00    2.55744E-14
     5244.00    2.55561E-14
     5248.00    2.55264E-14
     5252.00    2.54978E-14
     5256.00    2.54677E-14
     5260.00    2.54395E-14
     5264.00    2.54161E-14
     5268.00    2.53838E-14
     5272.00    2.53610E-14
     5276.00    2.53391E-14
     5280.00    2.53216E-14
     5284.00    2.53086E-14
     5288.00    2.52952E-14
     5292.00    2.52664E-14
     5296.00    2.52358E-14
     5300.00    2.52080E-14
     5304.00    2.51694E-14
     5308.00    2.51239E-14
     5312.00    2.50772E-14
     5316.00    2.50343E-14
     5320.00    2.49877E-14
     5324.00    2.49326E-14
     5328.00    2.48868E-14
     5332.00    2.48481E-14
     5336.00    2.48082E-14
     5340.00    2.47711E-14
     5344.00    2.47351E-14
     5348.00    2.46952E-14
     5352.00    2.46587E-14
     5356.00    2.46241E-14
     5360.00    2.45881E-14
     5364.00    2.45545E-14
     5368.00    2.45271E-14
     5372.00    2.44957E-14
     5376.00    2.44543E-14
     5380.00    2.44171E-14
     5384.00    2.43914E-14
     5388.00    2.43721E-14
     5392.00    2.43512E-14
     5396.00    2.43257E-14
     5400.00    2.42863E-14
     5404.00    2.42406E-14
     5408.00    2.42089E-14
     5412.00    2.41826E-14
     5416.00    2.41628E-14
     5420.00    2.41374E-14
     5424.00    2.40976E-14
     5428.00    2.40511E-14
     5432.00    2.40064E-14
     5436.00    2.39829E-14
     5440.00    2.39732E-14
     5444.00    2.39490E-14
     5448.00    2.39069E-14
     5452.00    2.38728E-14
     5456.00    2.38437E-14
     5460.00    2.38084E-14
     5464.00    2.37779E-14
     5468.00    2.37494E-14
     5472.00    2.37121E-14
     5476.00    2.36669E-14
     5480.00    2.36300E-14
     5484.00    2.35998E-14
     5488.00    2.35588E-14
     5492.00    2.35133E-14
     5496.00    2.34716E-14
     5500.00    2.34429E-14
     5504.00    2.34114E-14
     5508.00    2.33787E-14
     5512.00    2.33484E-14
     5516.00    2.33101E-14
     5520.00    2.32643E-14
     5524.00    2.32247E-14
     5528.00    2.31954E-14
     5532.00    2.31676E-14
     5536.00    2.31418E-14
     5540.00    2.31115E-14
     5544.00    2.30790E-14
     5548.00    2.30512E-14
     5552.00    2.30186E-14
     5556.00    2.29790E-14
     5560.00    2.29422E-14
     5564.00    2.29043E-14
     5568.00    2.28691E-14
     5572.00    2.28309E-14
     5576.00    2.28011E-14
     5580.00    2.27807E-14
     5584.00    2.27454E-14
     5588.00    2.27059E-14
     5592.00    2.26767E-14
     5596.00    2.26533E-14
     5600.00    2.26231E-14
     5604.00    2.25892E-14
     5608.00    2.25543E-14
     5612.00    2.25196E-14
     5616.00    2.24937E-14
     5620.00    2.24786E-14
     5624.00    2.24701E-14
     5628.00    2.24551E-14
     5632.00    2.24299E-14
     5636.00    2.24017E-14
     5640.00    2.23608E-14
     5644.00    2.23161E-14
     5648.00    2.22866E-14
     5652.00    2.22533E-14
     5656.00    2.22082E-14
     5660.00    2.21657E-14
     5664.00    2.21306E-14
     5668.00    2.21013E-14
     5672.00    2.20677E-14
     5676.00    2.20455E-14
     5680.00    2.20236E-14
     5684.00    2.19884E-14
     5688.00    2.19554E-14
     5692.00    2.19322E-14
     5696.00    2.19149E-14
     5700.00    2.18937E-14
     5704.00    2.18725E-14
     5708.00    2.18506E-14
     5712.00    2.18278E-14
     5716.00    2.17923E-14
     5720.00    2.17621E-14
     5724.00    2.17362E-14
     5728.00    2.16918E-14
     5732.00    2.16541E-14
     5736.00    2.16242E-14
     5740.00    2.15958E-14
     5744.00    2.15759E-14
     5748.00    2.15473E-14
     5752.00    2.15108E-14
     5756.00    2.14749E-14
     5760.00    2.14399E-14
     5764.00    2.14100E-14
     5768.00    2.13811E-14
     5772.00    2.13423E-14
     5776.00    2.13007E-14
     5780.00    2.12723E-14
     5784.00    2.12448E-14
     5788.00    2.12168E-14
     5792.00    2.11967E-14
     5796.00    2.11675E-14
     5800.00    2.11299E-14
     5804.00    2.11064E-14
     5808.00    2.10871E-14
     5812.00    2.10596E-14
     5816.00    2.10232E-14
     5820.00    2.09837E-14
     5824.00    2.09481E-14
     5828.00    2.09127E-14
     5832.00    2.08766E-14
     5836.00    2.08488E-14
     5840.00    2.08167E-14
     5844.00    2.07836E-14
     5848.00    2.07548E-14
     5852.00    2.07349E-14
     5856.00    2.07187E-14
     5860.00    2.06947E-14
     5864.00    2.06699E-14
     5868.00    2.06403E-14
     5872.00    2.05997E-14
     5876.00    2.05561E-14
     5880.00    2.05239E-14
     5884.00    2.04969E-14
     5888.00    2.04659E-14
     5892.00    2.04337E-14
     5896.00    2.03961E-14
     5900.00    2.03593E-14
     5904.00    2.03205E-14
     5908.00    2.02883E-14
     5912.00    2.02609E-14
     5916.00    2.02225E-14
     5920.00    2.01802E-14
     5924.00    2.01476E-14
     5928.00    2.01153E-14
     5932.00    2.00825E-14
     5936.00    2.00593E-14
     5940.00    2.00338E-14
     5944.00    2.00175E-14
     5948.00    2.00039E-14
     5952.00    1.99758E-14
     5956.00    1.99509E-14
     5960.00    1.99312E-14
     5964.00    1.99126E-14
     5968.00    1.98943E-14
     5972.00    1.98746E-14
     5976.00    1.98449E-14
     5980.00    1.98091E-14
     5984.00    1.97737E-14
     5988.00    1.97403E-14
     5992.00    1.97152E-14
     5996.00    1.96916E-14
     6000.00    1.96677E-14
     6004.00    1.96431E-14
     6008.00    1.96183E-14
     6012.00    1.95954E-14
     6016.00    1.95726E-14
     6020.00    1.95477E-14
     6024.00    1.95247E-14
     6028.00    1.95012E-14
     6032.00    1.94755E-14
     6036.00    1.94503E-14
     6040.00    1.94261E-14
     6044.00    1.94021E-14
     6048.00    1.93763E-14
     6052.00    1.93532E-14
     6056.00    1.93279E-14
     6060.00    1.93022E-14
     6064.00    1.92771E-14
     6068.00    1.92523E-14
     6072.00    1.92279E-14
     6076.00    1.92026E-14
     6080.00    1.91764E-14
     6084.00    1.91530E-14
     6088.00    1.91284E-14
     6092.00    1.91025E-14
     6096.00    1.90782E-14
     6100.00    1.90507E-14
     6104.00    1.90058E-14
     6108.00    1.89515E-14
     6112.00    1.89004E-14
     6116.00    1.88593E-14
     6120.00    1.88240E-14
     6124.00    1.87887E-14
     6128.00    1.87555E-14
     6132.00    1.87220E-14
     6136.00    1.86892E-14
     6140.00    1.86533E-14
     6144.00    1.86172E-14
     6148.00    1.85822E-14
     6152.00    1.85511E-14
     6156.00    1.85171E-14
     6160.00    1.84811E-14
     6164.00    1.84483E-14
     6168.00    1.84169E-14
     6172.00    1.83812E-14
     6176.00    1.83464E-14
     6180.00    1.83112E-14
     6184.00    1.82749E-14
     6188.00    1.82429E-14
     6192.00    1.82102E-14
     6196.00    1.81747E-14
     6200.00    1.81398E-14
     6204.00    1.81055E-14
     6208.00    1.80703E-14
     6212.00    1.80350E-14
     6216.00    1.80015E-14
     6220.00    1.79699E-14
     6224.00    1.79358E-14
     6228.00    1.79009E-14
     6232.00    1.78687E-14
     6236.00    1.78354E-14
     6240.00    1.78015E-14
     6244.00    1.77620E-14
     6248.00    1.77254E-14
     6252.00    1.76977E-14
     6256.00    1.76787E-14
     6260.00    1.76612E-14
     6264.00    1.76467E-14
     6268.00    1.76286E-14
     6272.00    1.76107E-14
     6276.00    1.75910E-14
     6280.00    1.75774E-14
     6284.00    1.75675E-14
     6288.00    1.75490E-14
     6292.00    1.75208E-14
     6296.00    1.74896E-14
     6300.00    1.74561E-14
     6304.00    1.74234E-14
     6308.00    1.73942E-14
     6312.00    1.73645E-14
     6316.00    1.73330E-14
     6320.00    1.72997E-14
     6324.00    1.72645E-14
     6328.00    1.72307E-14
     6332.00    1.72011E-14
     6336.00    1.71736E-14
     6340.00    1.71472E-14
     6344.00    1.71208E-14
     6348.00    1.70951E-14
     6352.00    1.70701E-14
     6356.00    1.70446E-14
     6360.00    1.70165E-14
     6364.00    1.69890E-14
     6368.00    1.69680E-14
     6372.00    1.69476E-14
     6376.00    1.69204E-14
     6380.00    1.68915E-14
     6384.00    1.68675E-14
     6388.00    1.68412E-14
     6392.00    1.68066E-14
     6396.00    1.67722E-14
     6400.00    1.67379E-14
     6404.00    1.67002E-14
     6408.00    1.66694E-14
     6412.00    1.66443E-14
     6416.00    1.66203E-14
     6420.00    1.65955E-14
     6424.00    1.65699E-14
     6428.00    1.65470E-14
     6432.00    1.65244E-14
     6436.00    1.65013E-14
     6440.00    1.64748E-14
     6444.00    1.64417E-14
     6448.00    1.64033E-14
     6452.00    1.63683E-14
     6456.00    1.63349E-14
     6460.00    1.63040E-14
     6464.00    1.62735E-14
     6468.00    1.62362E-14
     6472.00    1.61962E-14
     6476.00    1.61526E-14
     6480.00    1.61078E-14
     6484.00    1.60679E-14
     6488.00    1.60289E-14
     6492.00    1.59866E-14
     6496.00    1.59424E-14
     6500.00    1.59018E-14
     6504.00    1.58531E-14
     6508.00    1.57801E-14
     6512.00    1.56893E-14
     6516.00    1.55900E-14
     6520.00    1.55069E-14
     6524.00    1.54570E-14
     6528.00    1.54130E-14
     6532.00    1.53612E-14
     6536.00    1.52738E-14
     6540.00    1.51560E-14
     6544.00    1.50534E-14
     6548.00    1.49660E-14
     6552.00    1.48982E-14
     6556.00    1.48463E-14
     6560.00    1.48044E-14
     6564.00    1.47796E-14
     6568.00    1.47815E-14
     6572.00    1.48234E-14
     6576.00    1.48680E-14
     6580.00    1.49093E-14
     6584.00    1.49728E-14
     6588.00    1.50302E-14
     6592.00    1.50710E-14
     6596.00    1.50997E-14
     6600.00    1.51103E-14
     6604.00    1.51067E-14
     6608.00    1.51258E-14
     6612.00    1.51501E-14
     6616.00    1.51567E-14
     6620.00    1.51597E-14
     6624.00    1.51594E-14
     6628.00    1.51581E-14
     6632.00    1.51605E-14
     6636.00    1.51451E-14
     6640.00    1.51128E-14
     6644.00    1.50831E-14
     6648.00    1.50657E-14
     6652.00    1.50517E-14
     6656.00    1.50457E-14
     6660.00    1.50512E-14
     6664.00    1.50582E-14
     6668.00    1.50715E-14
     6672.00    1.50732E-14
     6676.00    1.50605E-14
     6680.00    1.50559E-14
     6684.00    1.50362E-14
     6688.00    1.50189E-14
     6692.00    1.50142E-14
     6696.00    1.50029E-14
     6700.00    1.49919E-14
     6704.00    1.49863E-14
     6708.00    1.49753E-14
     6712.00    1.49636E-14
     6716.00    1.49538E-14
     6720.00    1.49421E-14
     6724.00    1.49298E-14
     6728.00    1.49153E-14
     6732.00    1.48998E-14
     6736.00    1.48849E-14
     6740.00    1.48659E-14
     6744.00    1.48481E-14
     6748.00    1.48307E-14
     6752.00    1.48115E-14
     6756.00    1.47883E-14
     6760.00    1.47656E-14
     6764.00    1.47468E-14
     6768.00    1.47235E-14
     6772.00    1.47017E-14
     6776.00    1.46789E-14
     6780.00    1.46569E-14
     6784.00    1.46359E-14
     6788.00    1.46144E-14
     6792.00    1.45923E-14
     6796.00    1.45675E-14
     6800.00    1.45423E-14
     6804.00    1.45176E-14
     6808.00    1.44962E-14
     6812.00    1.44760E-14
     6816.00    1.44578E-14
     6820.00    1.44409E-14
     6824.00    1.44222E-14
     6828.00    1.44054E-14
     6832.00    1.43888E-14
     6836.00    1.43744E-14
     6840.00    1.43596E-14
     6844.00    1.43418E-14
     6848.00    1.43299E-14
     6852.00    1.43109E-14
     6856.00    1.42925E-14
     6860.00    1.42761E-14
     6864.00    1.42600E-14
     6868.00    1.42418E-14
     6872.00    1.42238E-14
     6876.00    1.42057E-14
     6880.00    1.41904E-14
     6884.00    1.41743E-14
     6888.00    1.41556E-14
     6892.00    1.41342E-14
     6896.00    1.41115E-14
     6900.00    1.40921E-14
     6904.00    1.40721E-14
     6908.00    1.40495E-14
     6912.00    1.40265E-14
     6916.00    1.40045E-14
     6920.00    1.39822E-14
     6924.00    1.39591E-14
     6928.00    1.39372E-14
     6932.00    1.39185E-14
     6936.00    1.38999E-14
     6940.00    1.38810E-14
     6944.00    1.38611E-14
     6948.00    1.38426E-14
     6952.00    1.38241E-14
     6956.00    1.38072E-14
     6960.00    1.37872E-14
     6964.00    1.37662E-14
     6968.00    1.37476E-14
     6972.00    1.37291E-14
     6976.00    1.37097E-14
     6980.00    1.36898E-14
     6984.00    1.36690E-14
     6988.00    1.36488E-14
     6992.00    1.36292E-14
     6996.00    1.36075E-14
     7000.00    1.35872E-14
     7004.00    1.35699E-14
     7008.00    1.35492E-14
     7012.00    1.35300E-14
     7016.00    1.35111E-14
     7020.00    1.34900E-14
     7024.00    1.34684E-14
     7028.00    1.34458E-14
     7032.00    1.34210E-14
     7036.00    1.33969E-14
     7040.00    1.33749E-14
     7044.00    1.33555E-14
     7048.00    1.33356E-14
     7052.00    1.33154E-14
     7056.00    1.32950E-14
     7060.00    1.32759E-14
     7064.00    1.32566E-14
     7068.00    1.32361E-14
     7072.00    1.32154E-14
     7076.00    1.31968E-14
     7080.00    1.31752E-14
     7084.00    1.31530E-14
     7088.00    1.31354E-14
     7092.00    1.31170E-14
     7096.00    1.30974E-14
     7100.00    1.30783E-14
     7104.00    1.30568E-14
     7108.00    1.30339E-14
     7112.00    1.30145E-14
     7116.00    1.29969E-14
     7120.00    1.29777E-14
     7124.00    1.29596E-14
     7128.00    1.29423E-14
     7132.00    1.29236E-14
     7136.00    1.29017E-14
     7140.00    1.28810E-14
     7144.00    1.28613E-14
     7148.00    1.28410E-14
     7152.00    1.28219E-14
     7156.00    1.28037E-14
     7160.00    1.27863E-14
     7164.00    1.27684E-14
     7168.00    1.27513E-14
     7172.00    1.27355E-14
     7176.00    1.27178E-14
     7180.00    1.26983E-14
     7184.00    1.26817E-14
     7188.00    1.26655E-14
     7192.00    1.26479E-14
     7196.00    1.26299E-14
     7200.00    1.26107E-14
     7204.00    1.25885E-14
     7208.00    1.25677E-14
     7212.00    1.25489E-14
     7216.00    1.25324E-14
     7220.00    1.25146E-14
     7224.00    1.24964E-14
     7228.00    1.24802E-14
     7232.00    1.24636E-14
     7236.00    1.24446E-14
     7240.00    1.24250E-14
     7244.00    1.24060E-14
     7248.00    1.23865E-14
     7252.00    1.23668E-14
     7256.00    1.23483E-14
     7260.00    1.23316E-14
     7264.00    1.23128E-14
     7268.00    1.22947E-14
     7272.00    1.22792E-14
     7276.00    1.22605E-14
     7280.00    1.22413E-14
     7284.00    1.22229E-14
     7288.00    1.22038E-14
     7292.00    1.21851E-14
     7296.00    1.21668E-14
     7300.00    1.21509E-14
     7304.00    1.21348E-14
     7308.00    1.21194E-14
     7312.00    1.21036E-14
     7316.00    1.20866E-14
     7320.00    1.20713E-14
     7324.00    1.20560E-14
     7328.00    1.20383E-14
     7332.00    1.20204E-14
     7336.00    1.20046E-14
     7340.00    1.19869E-14
     7344.00    1.19718E-14
     7348.00    1.19554E-14
     7352.00    1.19382E-14
     7356.00    1.19238E-14
     7360.00    1.19097E-14
     7364.00    1.18941E-14
     7368.00    1.18792E-14
     7372.00    1.18675E-14
     7376.00    1.18570E-14
     7380.00    1.18448E-14
     7384.00    1.18316E-14
     7388.00    1.18171E-14
     7392.00    1.17998E-14
     7396.00    1.17814E-14
     7400.00    1.17616E-14
     7404.00    1.17422E-14
     7408.00    1.17246E-14
     7412.00    1.17071E-14
     7416.00    1.16888E-14
     7420.00    1.16717E-14
     7424.00    1.16546E-14
     7428.00    1.16375E-14
     7432.00    1.16203E-14
     7436.00    1.16030E-14
     7440.00    1.15851E-14
     7444.00    1.15679E-14
     7448.00    1.15501E-14
     7452.00    1.15313E-14
     7456.00    1.15111E-14
     7460.00    1.14929E-14
     7464.00    1.14748E-14
     7468.00    1.14546E-14
     7472.00    1.14376E-14
     7476.00    1.14232E-14
     7480.00    1.14066E-14
     7484.00    1.13905E-14
     7488.00    1.13761E-14
     7492.00    1.13614E-14
     7496.00    1.13474E-14
     7500.00    1.13327E-14
     7504.00    1.13182E-14
     7508.00    1.13042E-14
     7512.00    1.12883E-14
     7516.00    1.12736E-14
     7520.00    1.12604E-14
     7524.00    1.12472E-14
     7528.00    1.12336E-14
     7532.00    1.12199E-14
     7536.00    1.12076E-14
     7540.00    1.11941E-14
     7544.00    1.11802E-14
     7548.00    1.11675E-14
     7552.00    1.11540E-14
     7556.00    1.11397E-14
     7560.00    1.11271E-14
     7564.00    1.11141E-14
     7568.00    1.11001E-14
     7572.00    1.10864E-14
     7576.00    1.10734E-14
     7580.00    1.10616E-14
     7584.00    1.10491E-14
     7588.00    1.10368E-14
     7592.00    1.10232E-14
     7596.00    1.10088E-14
     7600.00    1.09944E-14
     7604.00    1.09794E-14
     7608.00    1.09644E-14
     7612.00    1.09503E-14
     7616.00    1.09352E-14
     7620.00    1.09198E-14
     7624.00    1.09066E-14
     7628.00    1.08941E-14
     7632.00    1.08816E-14
     7636.00    1.08692E-14
     7640.00    1.08554E-14
     7644.00    1.08407E-14
     7648.00    1.08264E-14
     7652.00    1.08113E-14
     7656.00    1.07970E-14
     7660.00    1.07831E-14
     7664.00    1.07696E-14
     7668.00    1.07555E-14
     7672.00    1.07411E-14
     7676.00    1.07275E-14
     7680.00    1.07131E-14
     7684.00    1.06985E-14
     7688.00    1.06855E-14
     7692.00    1.06725E-14
     7696.00    1.06591E-14
     7700.00    1.06457E-14
     7704.00    1.06302E-14
     7708.00    1.06133E-14
     7712.00    1.05975E-14
     7716.00    1.05831E-14
     7720.00    1.05697E-14
     7724.00    1.05570E-14
     7728.00    1.05432E-14
     7732.00    1.05293E-14
     7736.00    1.05135E-14
     7740.00    1.04959E-14
     7744.00    1.04782E-14
     7748.00    1.04612E-14
     7752.00    1.04448E-14
     7756.00    1.04282E-14
     7760.00    1.04135E-14
     7764.00    1.03967E-14
     7768.00    1.03814E-14
     7772.00    1.03657E-14
     7776.00    1.03506E-14
     7780.00    1.03349E-14
     7784.00    1.03184E-14
     7788.00    1.03028E-14
     7792.00    1.02860E-14
     7796.00    1.02700E-14
     7800.00    1.02561E-14
     7804.00    1.02424E-14
     7808.00    1.02304E-14
     7812.00    1.02182E-14
     7816.00    1.02072E-14
     7820.00    1.01955E-14
     7824.00    1.01841E-14
     7828.00    1.01748E-14
     7832.00    1.01602E-14
     7836.00    1.01489E-14
     7840.00    1.01397E-14
     7844.00    1.01315E-14
     7848.00    1.01202E-14
     7852.00    1.01101E-14
     7856.00    1.00978E-14
     7860.00    1.00858E-14
     7864.00    1.00750E-14
     7868.00    1.00631E-14
     7872.00    1.00511E-14
     7876.00    1.00385E-14
     7880.00    1.00273E-14
     7884.00    1.00166E-14
     7888.00    1.00047E-14
     7892.00    9.99260E-15
     7896.00    9.98058E-15
     7900.00    9.97112E-15
     7904.00    9.95903E-15
     7908.00    9.94752E-15
     7912.00    9.94093E-15
     7916.00    9.92974E-15
     7920.00    9.91795E-15
     7924.00    9.90573E-15
     7928.00    9.89569E-15
     7932.00    9.88651E-15
     7936.00    9.87811E-15
     7940.00    9.86786E-15
     7944.00    9.86113E-15
     7948.00    9.84978E-15
     7952.00    9.83783E-15
     7956.00    9.82597E-15
     7960.00    9.81361E-15
     7964.00    9.80289E-15
     7968.00    9.79338E-15
     7972.00    9.78293E-15
     7976.00    9.77133E-15
     7980.00    9.75847E-15
     7984.00    9.74652E-15
     7988.00    9.73410E-15
     7992.00    9.71940E-15
     7996.00    9.70433E-15
     8000.00    9.68903E-15
     8004.00    9.67501E-15
     8008.00    9.65898E-15
     8012.00    9.64146E-15
     8016.00    9.62776E-15
     8020.00    9.61508E-15
     8024.00    9.59839E-15
     8028.00    9.58676E-15
     8032.00    9.57254E-15
     8036.00    9.55786E-15
     8040.00    9.54271E-15
     8044.00    9.52812E-15
     8048.00    9.51516E-15
     8052.00    9.50263E-15
     8056.00    9.49095E-15
     8060.00    9.47998E-15
     8064.00    9.46843E-15
     8068.00    9.45357E-15
     8072.00    9.43880E-15
     8076.00    9.42624E-15
     8080.00    9.41489E-15
     8084.00    9.40405E-15
     8088.00    9.39319E-15
     8092.00    9.38274E-15
     8096.00    9.37070E-15
     8100.00    9.35717E-15
     8104.00    9.34524E-15
     8108.00    9.33115E-15
     8112.00    9.31832E-15
     8116.00    9.30762E-15
     8120.00    9.29719E-15
     8124.00    9.28370E-15
     8128.00    9.26867E-15
     8132.00    9.25564E-15
     8136.00    9.24166E-15
     8140.00    9.22579E-15
     8144.00    9.21128E-15
     8148.00    9.20138E-15
     8152.00    9.19142E-15
     8156.00    9.17854E-15
     8160.00    9.16678E-15
     8164.00    9.15709E-15
     8168.00    9.14751E-15
     8172.00    9.13547E-15
     8176.00    9.12277E-15
     8180.00    9.11114E-15
     8184.00    9.09517E-15
     8188.00    9.08201E-15
     8192.00    9.06711E-15
     8196.00    9.05193E-15
     8200.00    9.03995E-15
     8204.00    9.03021E-15
     8208.00    9.01942E-15
     8212.00    9.00615E-15
     8216.00    8.99348E-15
     8220.00    8.98083E-15
     8224.00    8.96729E-15
     8228.00    8.95237E-15
     8232.00    8.93978E-15
     8236.00    8.92873E-15
     8240.00    8.91512E-15
     8244.00    8.89812E-15
     8248.00    8.88201E-15
     8252.00    8.86833E-15
     8256.00    8.85250E-15
     8260.00    8.83884E-15
     8264.00    8.82636E-15
     8268.00    8.81404E-15
     8272.00    8.80406E-15
     8276.00    8.79243E-15
     8280.00    8.78085E-15
     8284.00    8.77033E-15
     8288.00    8.76147E-15
     8292.00    8.75152E-15
     8296.00    8.73758E-15
     8300.00    8.72337E-15
     8304.00    8.70970E-15
     8308.00    8.69602E-15
     8312.00    8.68302E-15
     8316.00    8.67180E-15
     8320.00    8.66245E-15
     8324.00    8.65260E-15
     8328.00    8.64308E-15
     8332.00    8.63359E-15
     8336.00    8.62501E-15
     8340.00    8.61554E-15
     8344.00    8.60726E-15
     8348.00    8.59695E-15
     8352.00    8.58650E-15
     8356.00    8.57726E-15
     8360.00    8.56657E-15
     8364.00    8.55585E-15
     8368.00    8.54704E-15
     8372.00    8.53846E-15
     8376.00    8.52853E-15
     8380.00    8.51772E-15
     8384.00    8.50822E-15
     8388.00    8.50023E-15
     8392.00    8.49215E-15
     8396.00    8.48272E-15
     8400.00    8.47260E-15
     8404.00    8.46220E-15
     8408.00    8.44767E-15
     8412.00    8.43404E-15
     8416.00    8.42110E-15
     8420.00    8.40725E-15
     8424.00    8.39302E-15
     8428.00    8.37877E-15
     8432.00    8.36363E-15
     8436.00    8.34870E-15
     8440.00    8.33409E-15
     8444.00    8.32013E-15
     8448.00    8.30476E-15
     8452.00    8.28963E-15
     8456.00    8.27496E-15
     8460.00    8.26327E-15
     8464.00    8.25131E-15
     8468.00    8.23652E-15
     8472.00    8.21933E-15
     8476.00    8.20198E-15
     8480.00    8.18422E-15
     8484.00    8.16470E-15
     8488.00    8.14444E-15
     8492.00    8.12190E-15
     8496.00    8.09894E-15
     8500.00    8.07868E-15
     8504.00    8.07077E-15
     8508.00    8.06655E-15
     8512.00    8.05760E-15
     8516.00    8.04472E-15
     8520.00    8.03377E-15
     8524.00    8.02258E-15
     8528.00    8.01239E-15
     8532.00    8.00284E-15
     8536.00    7.99309E-15
     8540.00    7.97943E-15
     8544.00    7.96514E-15
     8548.00    7.95473E-15
     8552.00    7.94682E-15
     8556.00    7.93973E-15
     8560.00    7.93275E-15
     8564.00    7.92700E-15
     8568.00    7.92075E-15
     8572.00    7.91548E-15
     8576.00    7.91224E-15
     8580.00    7.90750E-15
     8584.00    7.89182E-15
     8588.00    7.87612E-15
     8592.00    7.86464E-15
     8596.00    7.85374E-15
     8600.00    7.83988E-15
     8604.00    7.82563E-15
     8608.00    7.81051E-15
     8612.00    7.79512E-15
     8616.00    7.77702E-15
     8620.00    7.76112E-15
     8624.00    7.75207E-15
     8628.00    7.74668E-15
     8632.00    7.73636E-15
     8636.00    7.72389E-15
     8640.00    7.71130E-15
     8644.00    7.69823E-15
     8648.00    7.68578E-15
     8652.00    7.67550E-15
     8656.00    7.66506E-15
     8660.00    7.65674E-15
     8664.00    7.64854E-15
     8668.00    7.63851E-15
     8672.00    7.62765E-15
     8676.00    7.61820E-15
     8680.00    7.60959E-15
     8684.00    7.60209E-15
     8688.00    7.59716E-15
     8692.00    7.59462E-15
     8696.00    7.59435E-15
     8700.00    7.59051E-15
     8704.00    7.57920E-15
     8708.00    7.56271E-15
     8712.00    7.55065E-15
     8716.00    7.54159E-15
     8720.00    7.53296E-15
     8724.00    7.52800E-15
     8728.00    7.52257E-15
     8732.00    7.51464E-15
     8736.00    7.50703E-15
     8740.00    7.49694E-15
     8744.00    7.48589E-15
     8748.00    7.47108E-15
     8752.00    7.46095E-15
     8756.00    7.45178E-15
     8760.00    7.44058E-15
     8764.00    7.43024E-15
     8768.00    7.42128E-15
     8772.00    7.41282E-15
     8776.00    7.40393E-15
     8780.00    7.39374E-15
     8784.00    7.38123E-15
     8788.00    7.36957E-15
     8792.00    7.35727E-15
     8796.00    7.34320E-15
     8800.00    7.33066E-15
     8804.00    7.32125E-15
     8808.00    7.31825E-15
     8812.00    7.31877E-15
     8816.00    7.31936E-15
     8820.00    7.31758E-15
     8824.00    7.31298E-15
     8828.00    7.31010E-15
     8832.00    7.30158E-15
     8836.00    7.29457E-15
     8840.00    7.29134E-15
     8844.00    7.28908E-15
     8848.00    7.28557E-15
     8852.00    7.28183E-15
     8856.00    7.27810E-15
     8860.00    7.27441E-15
     8864.00    7.27014E-15
     8868.00    7.26327E-15
     8872.00    7.25447E-15
     8876.00    7.24659E-15
     8880.00    7.23740E-15
     8884.00    7.22822E-15
     8888.00    7.22049E-15
     8892.00    7.21199E-15
     8896.00    7.20025E-15
     8900.00    7.18962E-15
     8904.00    7.17724E-15
     8908.00    7.16398E-15
     8912.00    7.15002E-15
     8916.00    7.13609E-15
     8920.00    7.12274E-15
     8924.00    7.11231E-15
     8928.00    7.10105E-15
     8932.00    7.08957E-15
     8936.00    7.07928E-15
     8940.00    7.06890E-15
     8944.00    7.05849E-15
     8948.00    7.04703E-15
     8952.00    7.03594E-15
     8956.00    7.02514E-15
     8960.00    7.01544E-15
     8964.00    7.00784E-15
     8968.00    7.00004E-15
     8972.00    6.99536E-15
     8976.00    6.99215E-15
     8980.00    6.98694E-15
     8984.00    6.98258E-15
     8988.00    6.97597E-15
     8992.00    6.96790E-15
     8996.00    6.96051E-15
     9000.00    6.95436E-15
     9004.00    6.94712E-15
     9008.00    6.94123E-15
     9012.00    6.93723E-15
     9016.00    6.93131E-15
     9020.00    6.92549E-15
     9024.00    6.92028E-15
     9028.00    6.91524E-15
     9032.00    6.90774E-15
     9036.00    6.90132E-15
     9040.00    6.89372E-15
     9044.00    6.88440E-15
     9048.00    6.87560E-15
     9052.00    6.86656E-15
     9056.00    6.85911E-15
     9060.00    6.85091E-15
     9064.00    6.84009E-15
     9068.00    6.83112E-15
     9072.00    6.82482E-15
     9076.00    6.81627E-15
     9080.00    6.80719E-15
     9084.00    6.79887E-15
     9088.00    6.79142E-15
     9092.00    6.78229E-15
     9096.00    6.77376E-15
     9100.00    6.76565E-15
     9104.00    6.75695E-15
     9108.00    6.74976E-15
     9112.00    6.74317E-15
     9116.00    6.73591E-15
     9120.00    6.72855E-15
     9124.00    6.72135E-15
     9128.00    6.71334E-15
     9132.00    6.70528E-15
     9136.00    6.69688E-15
     9140.00    6.68988E-15
     9144.00    6.68253E-15
     9148.00    6.67298E-15
     9152.00    6.66343E-15
     9156.00    6.65399E-15
     9160.00    6.64496E-15
     9164.00    6.63574E-15
     9168.00    6.62680E-15
     9172.00    6.61924E-15
     9176.00    6.61247E-15
     9180.00    6.60479E-15
     9184.00    6.59658E-15
     9188.00    6.58805E-15
     9192.00    6.58076E-15
     9196.00    6.57377E-15
     9200.00    6.56608E-15
     9204.00    6.55884E-15
     9208.00    6.55124E-15
     9212.00    6.54303E-15
     9216.00    6.53518E-15
     9220.00    6.52666E-15
     9224.00    6.51885E-15
     9228.00    6.51146E-15
     9232.00    6.50388E-15
     9236.00    6.49656E-15
     9240.00    6.48946E-15
     9244.00    6.48237E-15
     9248.00    6.47462E-15
     9252.00    6.46706E-15
     9256.00    6.45863E-15
     9260.00    6.45092E-15
     9264.00    6.44304E-15
     9268.00    6.43559E-15
     9272.00    6.42638E-15
     9276.00    6.41757E-15
     9280.00    6.40936E-15
     9284.00    6.39994E-15
     9288.00    6.39121E-15
     9292.00    6.38341E-15
     9296.00    6.37558E-15
     9300.00    6.36709E-15
     9304.00    6.35889E-15
     9308.00    6.35105E-15
     9312.00    6.34322E-15
     9316.00    6.33492E-15
     9320.00    6.32623E-15
     9324.00    6.31764E-15
     9328.00    6.30927E-15
     9332.00    6.30065E-15
     9336.00    6.29270E-15
     9340.00    6.28446E-15
     9344.00    6.27633E-15
     9348.00    6.26796E-15
     9352.00    6.25979E-15
     9356.00    6.25143E-15
     9360.00    6.24335E-15
     9364.00    6.23605E-15
     9368.00    6.22845E-15
     9372.00    6.22049E-15
     9376.00    6.21221E-15
     9380.00    6.20462E-15
     9384.00    6.19678E-15
     9388.00    6.18844E-15
     9392.00    6.17988E-15
     9396.00    6.17267E-15
     9400.00    6.16601E-15
     9404.00    6.15897E-15
     9408.00    6.15177E-15
     9412.00    6.14464E-15
     9416.00    6.13742E-15
     9420.00    6.13055E-15
     9424.00    6.12350E-15
     9428.00    6.11720E-15
     9432.00    6.11096E-15
     9436.00    6.10479E-15
     9440.00    6.09810E-15
     9444.00    6.09124E-15
     9448.00    6.08483E-15
     9452.00    6.07870E-15
     9456.00    6.07262E-15
     9460.00    6.06643E-15
     9464.00    6.06042E-15
     9468.00    6.05429E-15
     9472.00    6.04825E-15
     9476.00    6.04134E-15
     9480.00    6.03390E-15
     9484.00    6.02688E-15
     9488.00    6.01992E-15
     9492.00    6.01282E-15
     9496.00    6.00536E-15
     9500.00    5.99728E-15
     9504.00    5.99064E-15
     9508.00    5.98322E-15
     9512.00    5.97541E-15
     9516.00    5.96869E-15
     9520.00    5.96174E-15
     9524.00    5.95521E-15
     9528.00    5.94786E-15
     9532.00    5.94042E-15
     9536.00    5.93338E-15
     9540.00    5.92620E-15
     9544.00    5.91931E-15
     9548.00    5.91245E-15
     9552.00    5.90574E-15
     9556.00    5.89919E-15
     9560.00    5.89247E-15
     9564.00    5.88562E-15
     9568.00    5.87867E-15
     9572.00    5.87130E-15
     9576.00    5.86321E-15
     9580.00    5.85630E-15
     9584.00    5.84847E-15
     9588.00    5.84109E-15
     9592.00    5.83304E-15
     9596.00    5.82479E-15
     9600.00    5.81777E-15
     9604.00    5.81005E-15
     9608.00    5.80292E-15
     9612.00    5.79581E-15
     9616.00    5.78854E-15
     9620.00    5.78194E-15
     9624.00    5.77440E-15
     9628.00    5.76697E-15
     9632.00    5.75988E-15
     9636.00    5.75239E-15
     9640.00    5.74647E-15
     9644.00    5.74027E-15
     9648.00    5.73388E-15
     9652.00    5.72807E-15
     9656.00    5.72189E-15
     9660.00    5.71653E-15
     9664.00    5.71046E-15
     9668.00    5.70291E-15
     9672.00    5.69752E-15
     9676.00    5.69106E-15
     9680.00    5.68422E-15
     9684.00    5.67747E-15
     9688.00    5.67010E-15
     9692.00    5.66330E-15
     9696.00    5.65700E-15
     9700.00    5.65029E-15
     9704.00    5.64459E-15
     9708.00    5.63766E-15
     9712.00    5.63106E-15
     9716.00    5.62511E-15
     9720.00    5.61827E-15
     9724.00    5.61155E-15
     9728.00    5.60511E-15
     9732.00    5.59864E-15
     9736.00    5.59280E-15
     9740.00    5.58576E-15
     9744.00    5.57994E-15
     9748.00    5.57444E-15
     9752.00    5.56760E-15
     9756.00    5.56143E-15
     9760.00    5.55511E-15
     9764.00    5.54843E-15
     9768.00    5.54214E-15
     9772.00    5.53548E-15
     9776.00    5.52864E-15
     9780.00    5.52164E-15
     9784.00    5.51552E-15
     9788.00    5.50952E-15
     9792.00    5.50273E-15
     9796.00    5.49539E-15
     9800.00    5.48899E-15
     9804.00    5.48303E-15
     9808.00    5.47600E-15
     9812.00    5.46998E-15
     9816.00    5.46465E-15
     9820.00    5.45762E-15
     9824.00    5.45134E-15
     9828.00    5.44511E-15
     9832.00    5.43800E-15
     9836.00    5.43155E-15
     9840.00    5.42592E-15
     9844.00    5.42026E-15
     9848.00    5.41465E-15
     9852.00    5.40964E-15
     9856.00    5.40464E-15
     9860.00    5.39985E-15
     9864.00    5.39631E-15
     9868.00    5.39277E-15
     9872.00    5.38921E-15
     9876.00    5.38645E-15
     9880.00    5.38230E-15
     9884.00    5.37728E-15
     9888.00    5.37280E-15
     9892.00    5.36802E-15
     9896.00    5.36302E-15
     9900.00    5.35866E-15
     9904.00    5.35396E-15
     9908.00    5.34957E-15
     9912.00    5.34656E-15
     9916.00    5.34245E-15
     9920.00    5.33756E-15
     9924.00    5.33347E-15
     9928.00    5.32904E-15
     9932.00    5.32644E-15
     9936.00    5.32373E-15
     9940.00    5.31932E-15
     9944.00    5.31519E-15
     9948.00    5.31205E-15
     9952.00    5.30838E-15
     9956.00    5.30511E-15
     9960.00    5.30137E-15
     9964.00    5.29726E-15
     9968.00    5.29380E-15
     9972.00    5.28935E-15
     9976.00    5.28463E-15
     9980.00    5.28127E-15
     9984.00    5.27758E-15
     9988.00    5.27411E-15
     9992.00    5.27052E-15
     9996.00    5.26646E-15
    10000.00    5.26263E-15
