3.300000000000000000e+03 7.056599999999999689e-14 2.563299999999999912e+01 5.000000000000000000e+01
3.350000000000000000e+03 7.117599999999999378e-14 2.664399999999999835e+01 5.000000000000000000e+01
3.400000000000000000e+03 7.282200000000000515e-14 2.807999999999999829e+01 5.000000000000000000e+01
3.450000000000000000e+03 7.085699999999999787e-14 2.813200000000000145e+01 5.000000000000000000e+01
3.500000000000000000e+03 7.329699999999999807e-14 2.994999999999999929e+01 5.000000000000000000e+01
3.550000000000000000e+03 7.529500000000000885e-14 3.165200000000000102e+01 5.000000000000000000e+01
3.600000000000000000e+03 7.444199999999998966e-14 3.218099999999999739e+01 5.000000000000000000e+01
3.650000000000000000e+03 7.954900000000000264e-14 3.535099999999999909e+01 5.000000000000000000e+01
3.700000000000000000e+03 7.950899999999999725e-14 3.630799999999999983e+01 5.000000000000000000e+01
3.750000000000000000e+03 7.726000000000000350e-14 3.624099999999999966e+01 5.000000000000000000e+01
3.800000000000000000e+03 8.512399999999999403e-14 4.100099999999999767e+01 5.000000000000000000e+01
3.850000000000000000e+03 8.446900000000000843e-14 4.176400000000000290e+01 5.000000000000000000e+01
3.900000000000000000e+03 8.346299999999999484e-14 4.234499999999999886e+01 5.000000000000000000e+01
3.950000000000000000e+03 7.454599999999999608e-14 3.879699999999999704e+01 5.000000000000000000e+01
4.000000000000000000e+03 9.434099999999998898e-14 5.035000000000000142e+01 5.000000000000000000e+01
4.050000000000000000e+03 9.806399999999999998e-14 5.365400000000000347e+01 5.000000000000000000e+01
4.100000000000000000e+03 9.683899999999999762e-14 5.429999999999999716e+01 5.000000000000000000e+01
4.150000000000000000e+03 9.933999999999999626e-14 5.706900000000000261e+01 5.000000000000000000e+01
4.200000000000000000e+03 9.725800000000000069e-14 5.722699999999999676e+01 5.000000000000000000e+01
4.250000000000000000e+03 9.437199999999999915e-14 5.685900000000000176e+01 5.000000000000000000e+01
4.300000000000000000e+03 8.852899999999999315e-14 5.460099999999999909e+01 5.000000000000000000e+01
4.350000000000000000e+03 9.303399999999999516e-14 5.872200000000000131e+01 5.000000000000000000e+01
4.400000000000000000e+03 9.636399999999999208e-14 6.222999999999999687e+01 5.000000000000000000e+01
4.450000000000000000e+03 9.892399999999999581e-14 6.534300000000000352e+01 5.000000000000000000e+01
4.500000000000000000e+03 1.002799999999999902e-13 6.773300000000000409e+01 5.000000000000000000e+01
4.550000000000000000e+03 9.972300000000000583e-14 6.886499999999999488e+01 5.000000000000000000e+01
4.600000000000000000e+03 1.004899999999999964e-13 7.092499999999999716e+01 5.000000000000000000e+01
4.650000000000000000e+03 1.002600000000000065e-13 7.231000000000000227e+01 5.000000000000000000e+01
4.700000000000000000e+03 9.959199999999998852e-14 7.338400000000000034e+01 5.000000000000000000e+01
4.750000000000000000e+03 9.931900000000000321e-14 7.474800000000000466e+01 5.000000000000000000e+01
4.800000000000000000e+03 9.916100000000000025e-14 7.620799999999999841e+01 5.000000000000000000e+01
4.850000000000000000e+03 9.482799999999999236e-14 7.440500000000000114e+01 5.000000000000000000e+01
4.900000000000000000e+03 9.754999999999999833e-14 7.812699999999999534e+01 5.000000000000000000e+01
4.950000000000000000e+03 9.781599999999999437e-14 7.994700000000000273e+01 5.000000000000000000e+01
5.000000000000000000e+03 9.666699999999999089e-14 8.061199999999999477e+01 5.000000000000000000e+01
5.050000000000000000e+03 9.608099999999998965e-14 8.173300000000000409e+01 5.000000000000000000e+01
5.100000000000000000e+03 9.604700000000000211e-14 8.332999999999999829e+01 5.000000000000000000e+01
5.150000000000000000e+03 9.427700000000000056e-14 8.340600000000000591e+01 5.000000000000000000e+01
5.200000000000000000e+03 9.298499999999999456e-14 8.386899999999999977e+01 5.000000000000000000e+01
5.250000000000000000e+03 9.473300000000000640e-14 8.709600000000000364e+01 5.000000000000000000e+01
5.300000000000000000e+03 9.468199999999999985e-14 8.871599999999999397e+01 5.000000000000000000e+01
5.350000000000000000e+03 9.412699999999999615e-14 8.986700000000000443e+01 5.000000000000000000e+01
5.400000000000000000e+03 9.316100000000000057e-14 9.061499999999999488e+01 5.000000000000000000e+01
5.450000000000000000e+03 9.273099999999999635e-14 9.187500000000000000e+01 5.000000000000000000e+01
5.500000000000000000e+03 9.266100000000000270e-14 9.349800000000000466e+01 5.000000000000000000e+01
5.550000000000000000e+03 9.217999999999999193e-14 9.471099999999999852e+01 5.000000000000000000e+01
5.600000000000000000e+03 9.087500000000000405e-14 9.506000000000000227e+01 5.000000000000000000e+01
5.650000000000000000e+03 9.059900000000000351e-14 9.647199999999999420e+01 5.000000000000000000e+01
5.700000000000000000e+03 8.926299999999999285e-14 9.673900000000000432e+01 5.000000000000000000e+01
5.750000000000000000e+03 8.893799999999999171e-14 9.808400000000000318e+01 5.000000000000000000e+01
5.800000000000000000e+03 8.878999999999999325e-14 9.963200000000000500e+01 5.000000000000000000e+01
5.850000000000000000e+03 8.849299999999998704e-14 1.010199999999999960e+02 5.000000000000000000e+01
5.900000000000000000e+03 8.675900000000000422e-14 1.007399999999999949e+02 5.000000000000000000e+01
5.950000000000000000e+03 8.641399999999999408e-14 1.020499999999999972e+02 5.000000000000000000e+01
6.000000000000000000e+03 8.552999999999998997e-14 1.027099999999999937e+02 5.000000000000000000e+01
6.050000000000000000e+03 8.474399999999999968e-14 1.034699999999999989e+02 5.000000000000000000e+01
6.100000000000000000e+03 8.405399999999999202e-14 1.043299999999999983e+02 5.000000000000000000e+01
6.150000000000000000e+03 8.330499999999999188e-14 1.050999999999999943e+02 5.000000000000000000e+01
6.200000000000000000e+03 8.272499999999999587e-14 1.060699999999999932e+02 5.000000000000000000e+01
6.250000000000000000e+03 8.118200000000000688e-14 1.057800000000000011e+02 5.000000000000000000e+01
6.300000000000000000e+03 7.960499999999999250e-14 1.053900000000000006e+02 5.000000000000000000e+01
6.350000000000000000e+03 8.025499999999999478e-14 1.079399999999999977e+02 5.000000000000000000e+01
6.400000000000000000e+03 7.929799999999999441e-14 1.083400000000000034e+02 5.000000000000000000e+01
6.450000000000000000e+03 7.843300000000000264e-14 1.088400000000000034e+02 5.000000000000000000e+01
6.500000000000000000e+03 7.765899999999999756e-14 1.094500000000000028e+02 5.000000000000000000e+01
6.550000000000000000e+03 7.323799999999999297e-14 1.048100000000000023e+02 5.000000000000000000e+01
6.600000000000000000e+03 7.609099999999999102e-14 1.105600000000000023e+02 5.000000000000000000e+01
6.650000000000000000e+03 7.627399999999999892e-14 1.125100000000000051e+02 5.000000000000000000e+01
6.700000000000000000e+03 7.576599999999998988e-14 1.134500000000000028e+02 5.000000000000000000e+01
6.750000000000000000e+03 7.506099999999999439e-14 1.140799999999999983e+02 5.000000000000000000e+01
6.800000000000000000e+03 7.423400000000000206e-14 1.145000000000000000e+02 5.000000000000000000e+01
6.850000000000000000e+03 7.018399999999999660e-14 1.098499999999999943e+02 5.000000000000000000e+01
6.900000000000000000e+03 6.599700000000000646e-14 1.048100000000000023e+02 5.000000000000000000e+01
6.950000000000000000e+03 7.073800000000000363e-14 1.139699999999999989e+02 5.000000000000000000e+01
7.000000000000000000e+03 7.037599999999999972e-14 1.150300000000000011e+02 5.000000000000000000e+01
7.050000000000000000e+03 6.976599999999999020e-14 1.156599999999999966e+02 5.000000000000000000e+01
7.100000000000000000e+03 6.910399999999999009e-14 1.162000000000000028e+02 5.000000000000000000e+01
7.150000000000000000e+03 6.739199999999999698e-14 1.149200000000000017e+02 5.000000000000000000e+01
7.200000000000000000e+03 6.376099999999999458e-14 1.102600000000000051e+02 5.000000000000000000e+01
7.250000000000000000e+03 6.381799999999999373e-14 1.118900000000000006e+02 5.000000000000000000e+01
7.300000000000000000e+03 6.388200000000000739e-14 1.135499999999999972e+02 5.000000000000000000e+01
7.350000000000000000e+03 6.495999999999999533e-14 1.170600000000000023e+02 5.000000000000000000e+01
7.400000000000000000e+03 6.473800000000000395e-14 1.182500000000000000e+02 5.000000000000000000e+01
7.450000000000000000e+03 6.434400000000000583e-14 1.191200000000000045e+02 5.000000000000000000e+01
7.500000000000000000e+03 6.348899999999999332e-14 1.191200000000000045e+02 5.000000000000000000e+01
7.550000000000000000e+03 6.293999999999999485e-14 1.196700000000000017e+02 5.000000000000000000e+01
7.600000000000000000e+03 4.043799999999999642e-14 7.791100000000000136e+01 5.000000000000000000e+01
7.650000000000000000e+03 4.465799999999999636e-14 8.717600000000000193e+01 5.000000000000000000e+01
7.700000000000000000e+03 6.012300000000000291e-14 1.189000000000000057e+02 5.000000000000000000e+01
7.750000000000000000e+03 6.067600000000000066e-14 1.215600000000000023e+02 5.000000000000000000e+01
7.800000000000000000e+03 6.023200000000000528e-14 1.222399999999999949e+02 5.000000000000000000e+01
7.850000000000000000e+03 5.946699999999999541e-14 1.222399999999999949e+02 5.000000000000000000e+01
7.900000000000000000e+03 5.877200000000000443e-14 1.223499999999999943e+02 5.000000000000000000e+01
7.950000000000000000e+03 5.819499999999999841e-14 1.226899999999999977e+02 5.000000000000000000e+01
8.000000000000000000e+03 5.752300000000000642e-14 1.227999999999999972e+02 5.000000000000000000e+01
8.050000000000000000e+03 5.686299999999999964e-14 1.229099999999999966e+02 5.000000000000000000e+01
8.100000000000000000e+03 5.590499999999999630e-14 1.223499999999999943e+02 5.000000000000000000e+01
8.150000000000000000e+03 5.258999999999999351e-14 1.165199999999999960e+02 5.000000000000000000e+01
8.200000000000000000e+03 5.223899999999999708e-14 1.171700000000000017e+02 5.000000000000000000e+01
8.250000000000000000e+03 5.203700000000000208e-14 1.181400000000000006e+02 5.000000000000000000e+01
8.300000000000000000e+03 5.193599999999999827e-14 1.193400000000000034e+02 5.000000000000000000e+01
8.350000000000000000e+03 5.251099999999999834e-14 1.221200000000000045e+02 5.000000000000000000e+01
8.400000000000000000e+03 5.236699999999999285e-14 1.232500000000000000e+02 5.000000000000000000e+01
8.450000000000000000e+03 5.208400000000000304e-14 1.240499999999999972e+02 5.000000000000000000e+01
8.500000000000000000e+03 5.081399999999999936e-14 1.224599999999999937e+02 5.000000000000000000e+01
8.550000000000000000e+03 4.944099999999999855e-14 1.205600000000000023e+02 5.000000000000000000e+01
8.600000000000000000e+03 5.014400000000000070e-14 1.237099999999999937e+02 5.000000000000000000e+01
8.650000000000000000e+03 4.866199999999999753e-14 1.214500000000000028e+02 5.000000000000000000e+01
8.700000000000000000e+03 4.877299999999999953e-14 1.231400000000000006e+02 5.000000000000000000e+01
8.750000000000000000e+03 4.821699999999999917e-14 1.231400000000000006e+02 5.000000000000000000e+01
8.800000000000000000e+03 4.727799999999999555e-14 1.221200000000000045e+02 5.000000000000000000e+01
8.850000000000000000e+03 4.683099999999999755e-14 1.223499999999999943e+02 5.000000000000000000e+01
8.900000000000000000e+03 4.626399999999999603e-14 1.222399999999999949e+02 5.000000000000000000e+01
8.950000000000000000e+03 4.413399999999999652e-14 1.179200000000000017e+02 5.000000000000000000e+01
9.000000000000000000e+03 4.091999999999999755e-14 1.105600000000000023e+02 5.000000000000000000e+01
9.050000000000000000e+03 4.253299999999999911e-14 1.162000000000000028e+02 5.000000000000000000e+01
9.100000000000000000e+03 4.065699999999999781e-14 1.123100000000000023e+02 5.000000000000000000e+01
9.150000000000000000e+03 3.984499999999999960e-14 1.112800000000000011e+02 5.000000000000000000e+01
9.200000000000000000e+03 4.100600000000000092e-14 1.157699999999999960e+02 5.000000000000000000e+01
9.250000000000000000e+03 4.041400000000000076e-14 1.153400000000000034e+02 5.000000000000000000e+01
9.300000000000000000e+03 3.453500000000000128e-14 9.963200000000000500e+01 5.000000000000000000e+01
9.350000000000000000e+03 2.676699999999999969e-14 7.805500000000000682e+01 5.000000000000000000e+01
9.400000000000000000e+03 3.210400000000000260e-14 9.462399999999999523e+01 5.000000000000000000e+01
9.450000000000000000e+03 2.975500000000000170e-14 8.863400000000000034e+01 5.000000000000000000e+01
9.500000000000000000e+03 3.074499999999999925e-14 9.255500000000000682e+01 5.000000000000000000e+01
9.550000000000000000e+03 3.104700000000000140e-14 9.444899999999999807e+01 5.000000000000000000e+01
9.600000000000000000e+03 3.238000000000000314e-14 9.954000000000000625e+01 5.000000000000000000e+01
9.650000000000000000e+03 3.392799999999999437e-14 1.053900000000000006e+02 5.000000000000000000e+01
9.700000000000000000e+03 3.624700000000000070e-14 1.137600000000000051e+02 5.000000000000000000e+01
9.750000000000000000e+03 3.486699999999999799e-14 1.105600000000000023e+02 5.000000000000000000e+01
9.800000000000000000e+03 3.551100000000000136e-14 1.137600000000000051e+02 5.000000000000000000e+01
9.850000000000000000e+03 3.620299999999999604e-14 1.171700000000000017e+02 5.000000000000000000e+01
9.900000000000000000e+03 3.647099999999999803e-14 1.192300000000000040e+02 5.000000000000000000e+01
9.950000000000000000e+03 3.670899999999999913e-14 1.212300000000000040e+02 5.000000000000000000e+01
1.000000000000000000e+04 3.558100000000000131e-14 1.186899999999999977e+02 5.000000000000000000e+01
1.005000000000000000e+04 3.471300000000000062e-14 1.169500000000000028e+02 5.000000000000000000e+01
1.010000000000000000e+04 3.539799999999999972e-14 1.204500000000000028e+02 5.000000000000000000e+01
