3.300000000000000000e+03 2.347399999999999923e-14 8.527100000000000790e+00 5.000000000000000000e+01
3.350000000000000000e+03 2.339499999999999775e-14 8.757899999999999352e+00 5.000000000000000000e+01
3.400000000000000000e+03 2.265000000000000004e-14 8.733700000000000685e+00 5.000000000000000000e+01
3.450000000000000000e+03 2.167599999999999960e-14 8.605999999999999872e+00 5.000000000000000000e+01
3.500000000000000000e+03 2.111899999999999942e-14 8.629799999999999471e+00 5.000000000000000000e+01
3.550000000000000000e+03 2.081399999999999782e-14 8.749800000000000466e+00 5.000000000000000000e+01
3.600000000000000000e+03 2.054099999999999989e-14 8.879699999999999704e+00 5.000000000000000000e+01
3.650000000000000000e+03 2.026000000000000026e-14 9.003299999999999415e+00 5.000000000000000000e+01
3.700000000000000000e+03 1.968000000000000109e-14 8.986700000000000799e+00 5.000000000000000000e+01
3.750000000000000000e+03 1.935300000000000031e-14 9.078200000000000713e+00 5.000000000000000000e+01
3.800000000000000000e+03 1.890000000000000025e-14 9.103300000000000836e+00 5.000000000000000000e+01
3.850000000000000000e+03 1.859900000000000107e-14 9.195999999999999730e+00 5.000000000000000000e+01
3.900000000000000000e+03 1.822599999999999915e-14 9.246999999999999886e+00 5.000000000000000000e+01
3.950000000000000000e+03 1.726699999999999915e-14 8.986700000000000799e+00 5.000000000000000000e+01
4.000000000000000000e+03 1.841200000000000020e-14 9.826499999999999346e+00 5.000000000000000000e+01
4.050000000000000000e+03 1.931600000000000069e-14 1.056799999999999962e+01 5.000000000000000000e+01
4.100000000000000000e+03 1.411399999999999860e-14 7.914100000000000357e+00 5.000000000000000000e+01
4.150000000000000000e+03 1.873799999999999801e-14 1.076500000000000057e+01 5.000000000000000000e+01
4.200000000000000000e+03 2.071699999999999960e-14 1.218999999999999950e+01 5.000000000000000000e+01
4.250000000000000000e+03 1.980800000000000001e-14 1.193399999999999928e+01 5.000000000000000000e+01
4.300000000000000000e+03 1.603600000000000104e-14 9.890100000000000335e+00 5.000000000000000000e+01
4.350000000000000000e+03 1.182099999999999862e-14 7.461000000000000298e+00 5.000000000000000000e+01
4.400000000000000000e+03 1.683899999999999772e-14 1.087400000000000055e+01 5.000000000000000000e+01
4.450000000000000000e+03 1.831899999999999810e-14 1.209999999999999964e+01 5.000000000000000000e+01
4.500000000000000000e+03 1.839899999999999940e-14 1.242800000000000082e+01 5.000000000000000000e+01
4.550000000000000000e+03 1.826399999999999859e-14 1.261200000000000010e+01 5.000000000000000000e+01
4.600000000000000000e+03 1.773799999999999911e-14 1.251999999999999957e+01 5.000000000000000000e+01
4.650000000000000000e+03 1.713600000000000077e-14 1.235899999999999999e+01 5.000000000000000000e+01
4.700000000000000000e+03 1.643700000000000105e-14 1.211200000000000010e+01 5.000000000000000000e+01
4.750000000000000000e+03 1.535399999999999824e-14 1.155599999999999916e+01 5.000000000000000000e+01
4.800000000000000000e+03 1.345000000000000043e-14 1.033699999999999974e+01 5.000000000000000000e+01
4.850000000000000000e+03 9.309699999999999007e-15 7.304700000000000415e+00 5.000000000000000000e+01
4.900000000000000000e+03 1.138799999999999967e-14 9.120100000000000762e+00 5.000000000000000000e+01
4.950000000000000000e+03 1.347800000000000010e-14 1.101500000000000057e+01 5.000000000000000000e+01
5.000000000000000000e+03 1.394699999999999885e-14 1.163100000000000023e+01 5.000000000000000000e+01
5.050000000000000000e+03 1.391399999999999851e-14 1.183600000000000030e+01 5.000000000000000000e+01
5.100000000000000000e+03 1.369199999999999924e-14 1.188000000000000078e+01 5.000000000000000000e+01
5.150000000000000000e+03 1.341500000000000046e-14 1.186899999999999977e+01 5.000000000000000000e+01
5.200000000000000000e+03 1.319499999999999925e-14 1.190099999999999980e+01 5.000000000000000000e+01
5.250000000000000000e+03 1.285000000000000015e-14 1.181400000000000006e+01 5.000000000000000000e+01
5.300000000000000000e+03 1.252800000000000005e-14 1.173799999999999955e+01 5.000000000000000000e+01
5.350000000000000000e+03 1.224899999999999847e-14 1.169500000000000028e+01 5.000000000000000000e+01
5.400000000000000000e+03 1.184800000000000004e-14 1.152399999999999913e+01 5.000000000000000000e+01
5.450000000000000000e+03 1.164199999999999945e-14 1.153400000000000070e+01 5.000000000000000000e+01
5.500000000000000000e+03 1.139999999999999907e-14 1.150300000000000011e+01 5.000000000000000000e+01
5.550000000000000000e+03 1.097099999999999940e-14 1.127200000000000024e+01 5.000000000000000000e+01
5.600000000000000000e+03 1.075600000000000044e-14 1.125099999999999945e+01 5.000000000000000000e+01
5.650000000000000000e+03 1.048899999999999985e-14 1.116900000000000048e+01 5.000000000000000000e+01
5.700000000000000000e+03 1.013599999999999904e-14 1.098499999999999943e+01 5.000000000000000000e+01
5.750000000000000000e+03 9.787800000000000208e-15 1.079400000000000048e+01 5.000000000000000000e+01
5.800000000000000000e+03 9.637499999999999324e-15 1.081400000000000006e+01 5.000000000000000000e+01
5.850000000000000000e+03 9.490899999999999663e-15 1.083399999999999963e+01 5.000000000000000000e+01
5.900000000000000000e+03 9.211199999999999477e-15 1.069500000000000028e+01 5.000000000000000000e+01
5.950000000000000000e+03 8.998799999999999418e-15 1.062700000000000067e+01 5.000000000000000000e+01
6.000000000000000000e+03 8.776399999999999590e-15 1.053899999999999970e+01 5.000000000000000000e+01
6.050000000000000000e+03 8.544899999999998885e-15 1.043299999999999983e+01 5.000000000000000000e+01
6.100000000000000000e+03 8.313100000000000128e-15 1.031799999999999962e+01 5.000000000000000000e+01
6.150000000000000000e+03 8.148399999999999641e-15 1.027999999999999936e+01 5.000000000000000000e+01
6.200000000000000000e+03 7.929300000000000479e-15 1.016699999999999982e+01 5.000000000000000000e+01
6.250000000000000000e+03 7.717200000000000050e-15 1.005499999999999972e+01 5.000000000000000000e+01
6.300000000000000000e+03 7.436000000000000134e-15 9.844699999999999562e+00 5.000000000000000000e+01
6.350000000000000000e+03 7.292499999999999282e-15 9.808400000000000674e+00 5.000000000000000000e+01
6.400000000000000000e+03 7.015499999999999711e-15 9.585200000000000387e+00 5.000000000000000000e+01
6.450000000000000000e+03 6.681899999999999970e-15 9.272600000000000620e+00 5.000000000000000000e+01
6.500000000000000000e+03 5.950999999999999867e-15 8.386900000000000688e+00 5.000000000000000000e+01
6.550000000000000000e+03 4.474399999999999500e-15 6.403200000000000003e+00 5.000000000000000000e+01
6.600000000000000000e+03 5.120699999999999766e-15 7.440400000000000347e+00 5.000000000000000000e+01
6.650000000000000000e+03 5.909899999999999259e-15 8.717599999999999127e+00 5.000000000000000000e+01
6.700000000000000000e+03 6.102000000000000152e-15 9.136900000000000688e+00 5.000000000000000000e+01
6.750000000000000000e+03 6.084299999999999884e-15 9.246999999999999886e+00 5.000000000000000000e+01
6.800000000000000000e+03 6.000699999999999866e-15 9.255499999999999616e+00 5.000000000000000000e+01
6.850000000000000000e+03 5.678600000000000411e-15 8.887900000000000134e+00 5.000000000000000000e+01
6.900000000000000000e+03 5.290799999999999907e-15 8.402300000000000324e+00 5.000000000000000000e+01
6.950000000000000000e+03 5.598200000000000130e-15 9.019899999999999807e+00 5.000000000000000000e+01
7.000000000000000000e+03 5.518600000000000177e-15 9.019899999999999807e+00 5.000000000000000000e+01
7.050000000000000000e+03 5.435499999999999281e-15 9.011599999999999611e+00 5.000000000000000000e+01
7.100000000000000000e+03 5.324799999999999277e-15 8.953599999999999781e+00 5.000000000000000000e+01
7.150000000000000000e+03 5.121600000000000235e-15 8.733700000000000685e+00 5.000000000000000000e+01
7.200000000000000000e+03 4.761599999999999907e-15 8.233800000000000452e+00 5.000000000000000000e+01
7.250000000000000000e+03 4.700500000000000551e-15 8.241400000000000503e+00 5.000000000000000000e+01
7.300000000000000000e+03 4.644899999999999411e-15 8.256600000000000605e+00 5.000000000000000000e+01
7.350000000000000000e+03 4.697300000000000026e-15 8.464499999999999247e+00 5.000000000000000000e+01
7.400000000000000000e+03 4.676899999999999931e-15 8.542799999999999727e+00 5.000000000000000000e+01
7.450000000000000000e+03 4.580500000000000179e-15 8.480100000000000193e+00 5.000000000000000000e+01
7.500000000000000000e+03 4.473999999999999730e-15 8.394600000000000506e+00 5.000000000000000000e+01
7.550000000000000000e+03 4.410899999999999947e-15 8.386900000000000688e+00 5.000000000000000000e+01
7.600000000000000000e+03 2.813200000000000038e-15 5.419999999999999929e+00 5.000000000000000000e+01
7.650000000000000000e+03 3.112399999999999851e-15 6.075700000000000323e+00 5.000000000000000000e+01
7.700000000000000000e+03 4.106199999999999552e-15 8.120799999999999130e+00 5.000000000000000000e+01
7.750000000000000000e+03 4.072099999999999254e-15 8.158300000000000551e+00 5.000000000000000000e+01
7.800000000000000000e+03 4.023700000000000282e-15 8.165800000000000836e+00 5.000000000000000000e+01
7.850000000000000000e+03 3.928999999999999749e-15 8.076000000000000512e+00 5.000000000000000000e+01
7.900000000000000000e+03 3.861600000000000271e-15 8.038899999999999935e+00 5.000000000000000000e+01
7.950000000000000000e+03 3.781699999999999899e-15 7.972599999999999909e+00 5.000000000000000000e+01
8.000000000000000000e+03 3.714000000000000002e-15 7.928700000000000081e+00 5.000000000000000000e+01
8.050000000000000000e+03 3.634400000000000050e-15 7.855999999999999872e+00 5.000000000000000000e+01
8.100000000000000000e+03 3.550199999999999983e-15 7.769599999999999618e+00 5.000000000000000000e+01
8.150000000000000000e+03 3.263700000000000160e-15 7.230999999999999872e+00 5.000000000000000000e+01
8.200000000000000000e+03 3.253799999999999742e-15 7.297900000000000276e+00 5.000000000000000000e+01
8.250000000000000000e+03 3.211500000000000219e-15 7.291199999999999903e+00 5.000000000000000000e+01
8.300000000000000000e+03 3.199399999999999884e-15 7.351899999999999658e+00 5.000000000000000000e+01
8.350000000000000000e+03 3.208100000000000203e-15 7.461000000000000298e+00 5.000000000000000000e+01
8.400000000000000000e+03 3.167099999999999734e-15 7.454200000000000159e+00 5.000000000000000000e+01
8.450000000000000000e+03 3.129699999999999954e-15 7.454200000000000159e+00 5.000000000000000000e+01
8.500000000000000000e+03 3.073100000000000178e-15 7.406299999999999883e+00 5.000000000000000000e+01
8.550000000000000000e+03 2.973600000000000041e-15 7.251000000000000334e+00 5.000000000000000000e+01
8.600000000000000000e+03 2.917599999999999920e-15 7.197799999999999976e+00 5.000000000000000000e+01
8.650000000000000000e+03 2.860099999999999676e-15 7.138399999999999856e+00 5.000000000000000000e+01
8.700000000000000000e+03 2.809199999999999973e-15 7.092500000000000249e+00 5.000000000000000000e+01
8.750000000000000000e+03 2.756800000000000147e-15 7.040399999999999991e+00 5.000000000000000000e+01
8.800000000000000000e+03 2.707999999999999827e-15 6.995199999999999640e+00 5.000000000000000000e+01
8.850000000000000000e+03 2.631100000000000096e-15 6.873800000000000132e+00 5.000000000000000000e+01
8.900000000000000000e+03 2.549399999999999971e-15 6.735999999999999766e+00 5.000000000000000000e+01
8.950000000000000000e+03 2.416399999999999980e-15 6.456500000000000128e+00 5.000000000000000000e+01
9.000000000000000000e+03 2.205600000000000183e-15 5.959399999999999586e+00 5.000000000000000000e+01
9.050000000000000000e+03 2.288399999999999872e-15 6.251699999999999591e+00 5.000000000000000000e+01
9.100000000000000000e+03 2.139599999999999899e-15 5.910199999999999676e+00 5.000000000000000000e+01
9.150000000000000000e+03 2.100799999999999742e-15 5.866799999999999571e+00 5.000000000000000000e+01
9.200000000000000000e+03 2.120499999999999648e-15 5.986900000000000333e+00 5.000000000000000000e+01
9.250000000000000000e+03 2.099599999999999644e-15 5.992399999999999949e+00 5.000000000000000000e+01
9.300000000000000000e+03 1.678999999999999870e-15 4.844000000000000306e+00 5.000000000000000000e+01
9.350000000000000000e+03 1.235900000000000026e-15 3.604099999999999859e+00 5.000000000000000000e+01
9.400000000000000000e+03 1.592799999999999968e-15 4.694600000000000328e+00 5.000000000000000000e+01
9.450000000000000000e+03 1.502299999999999976e-15 4.475100000000000300e+00 5.000000000000000000e+01
9.500000000000000000e+03 1.424899999999999941e-15 4.289399999999999658e+00 5.000000000000000000e+01
9.550000000000000000e+03 1.520599999999999899e-15 4.626000000000000334e+00 5.000000000000000000e+01
9.600000000000000000e+03 1.594699999999999861e-15 4.902300000000000324e+00 5.000000000000000000e+01
9.650000000000000000e+03 1.749700000000000013e-15 5.434999999999999609e+00 5.000000000000000000e+01
9.700000000000000000e+03 1.821699999999999999e-15 5.717399999999999594e+00 5.000000000000000000e+01
9.750000000000000000e+03 1.819699999999999967e-15 5.770299999999999763e+00 5.000000000000000000e+01
9.800000000000000000e+03 1.812899999999999935e-15 5.807599999999999874e+00 5.000000000000000000e+01
9.850000000000000000e+03 1.816100000000000066e-15 5.877600000000000158e+00 5.000000000000000000e+01
9.900000000000000000e+03 1.892999999999999797e-15 6.188699999999999868e+00 5.000000000000000000e+01
9.950000000000000000e+03 1.715400000000000027e-15 5.665000000000000036e+00 5.000000000000000000e+01
