#*LTT4364
#*
#*  BESSELL 2008 from Heap-Lindler STIS standards
#set .z.units = "Ergs/s/cm**2/A"
#set .z.label = "Flambda"
#set .table.bandwidth = 4.00
#*
 3100.00    1.71323E-13
 3104.00    1.71316E-13
 3108.00    1.71308E-13
 3112.00    1.71301E-13
 3116.00    1.71293E-13
 3120.00    1.71285E-13
 3124.00    1.71276E-13
 3128.00    1.71267E-13
 3132.00    1.71258E-13
 3136.00    1.71227E-13
 3140.00    1.71190E-13
 3144.00    1.71150E-13
 3148.00    1.71109E-13
 3152.00    1.71066E-13
 3156.00    1.71022E-13
 3160.00    1.70976E-13
 3164.00    1.70929E-13
 3168.00    1.70879E-13
 3172.00    1.70828E-13
 3176.00    1.70776E-13
 3180.00    1.70721E-13
 3184.00    1.70665E-13
 3188.00    1.70607E-13
 3192.00    1.70548E-13
 3196.00    1.70487E-13
 3200.00    1.70425E-13
 3204.00    1.70362E-13
 3208.00    1.70298E-13
 3212.00    1.70233E-13
 3216.00    1.70169E-13
 3220.00    1.70024E-13
 3224.00    1.69867E-13
 3228.00    1.69719E-13
 3232.00    1.69582E-13
 3236.00    1.69445E-13
 3240.00    1.69296E-13
 3244.00    1.69121E-13
 3248.00    1.68925E-13
 3252.00    1.68737E-13
 3256.00    1.68594E-13
 3260.00    1.68499E-13
 3264.00    1.68429E-13
 3268.00    1.68360E-13
 3272.00    1.68269E-13
 3276.00    1.68147E-13
 3280.00    1.68016E-13
 3284.00    1.67907E-13
 3288.00    1.67833E-13
 3292.00    1.67776E-13
 3296.00    1.67708E-13
 3300.00    1.67613E-13
 3304.00    1.67481E-13
 3308.00    1.67325E-13
 3312.00    1.67178E-13
 3316.00    1.67057E-13
 3320.00    1.66951E-13
 3324.00    1.66850E-13
 3328.00    1.66737E-13
 3332.00    1.66597E-13
 3336.00    1.66453E-13
 3340.00    1.66328E-13
 3344.00    1.66234E-13
 3348.00    1.66171E-13
 3352.00    1.66115E-13
 3356.00    1.66055E-13
 3360.00    1.65993E-13
 3364.00    1.65926E-13
 3368.00    1.65867E-13
 3372.00    1.65828E-13
 3376.00    1.65795E-13
 3380.00    1.65763E-13
 3384.00    1.65732E-13
 3388.00    1.65694E-13
 3392.00    1.65635E-13
 3396.00    1.65561E-13
 3400.00    1.65478E-13
 3404.00    1.65391E-13
 3408.00    1.65306E-13
 3412.00    1.65226E-13
 3416.00    1.65138E-13
 3420.00    1.65031E-13
 3424.00    1.64906E-13
 3428.00    1.64767E-13
 3432.00    1.64627E-13
 3436.00    1.64490E-13
 3440.00    1.64356E-13
 3444.00    1.64229E-13
 3448.00    1.64087E-13
 3452.00    1.63954E-13
 3456.00    1.63830E-13
 3460.00    1.63688E-13
 3464.00    1.63539E-13
 3468.00    1.63392E-13
 3472.00    1.63245E-13
 3476.00    1.63086E-13
 3480.00    1.62915E-13
 3484.00    1.62759E-13
 3488.00    1.62609E-13
 3492.00    1.62463E-13
 3496.00    1.62307E-13
 3500.00    1.62211E-13
 3504.00    1.62136E-13
 3508.00    1.62075E-13
 3512.00    1.61976E-13
 3516.00    1.61881E-13
 3520.00    1.61794E-13
 3524.00    1.61730E-13
 3528.00    1.61664E-13
 3532.00    1.61601E-13
 3536.00    1.61527E-13
 3540.00    1.61461E-13
 3544.00    1.61385E-13
 3548.00    1.61314E-13
 3552.00    1.61218E-13
 3556.00    1.61119E-13
 3560.00    1.61002E-13
 3564.00    1.60878E-13
 3568.00    1.60759E-13
 3572.00    1.60665E-13
 3576.00    1.60530E-13
 3580.00    1.60400E-13
 3584.00    1.60248E-13
 3588.00    1.60122E-13
 3592.00    1.59985E-13
 3596.00    1.59843E-13
 3600.00    1.59689E-13
 3604.00    1.59544E-13
 3608.00    1.59418E-13
 3612.00    1.59318E-13
 3616.00    1.59198E-13
 3620.00    1.59125E-13
 3624.00    1.59031E-13
 3628.00    1.58964E-13
 3632.00    1.58866E-13
 3636.00    1.58777E-13
 3640.00    1.58709E-13
 3644.00    1.58643E-13
 3648.00    1.58557E-13
 3652.00    1.58453E-13
 3656.00    1.58356E-13
 3660.00    1.58296E-13
 3664.00    1.58251E-13
 3668.00    1.58213E-13
 3672.00    1.58170E-13
 3676.00    1.58127E-13
 3680.00    1.58074E-13
 3684.00    1.58025E-13
 3688.00    1.58001E-13
 3692.00    1.57992E-13
 3696.00    1.57925E-13
 3700.00    1.57860E-13
 3704.00    1.57802E-13
 3708.00    1.57782E-13
 3712.00    1.57740E-13
 3716.00    1.57706E-13
 3720.00    1.57686E-13
 3724.00    1.57673E-13
 3728.00    1.57661E-13
 3732.00    1.57637E-13
 3736.00    1.57571E-13
 3740.00    1.57524E-13
 3744.00    1.57483E-13
 3748.00    1.57425E-13
 3752.00    1.57377E-13
 3756.00    1.57320E-13
 3760.00    1.57240E-13
 3764.00    1.57151E-13
 3768.00    1.57052E-13
 3772.00    1.56973E-13
 3776.00    1.56874E-13
 3780.00    1.56771E-13
 3784.00    1.56662E-13
 3788.00    1.56567E-13
 3792.00    1.56457E-13
 3796.00    1.56342E-13
 3800.00    1.56242E-13
 3804.00    1.56159E-13
 3808.00    1.56069E-13
 3812.00    1.55997E-13
 3816.00    1.55919E-13
 3820.00    1.55834E-13
 3824.00    1.55749E-13
 3828.00    1.55676E-13
 3832.00    1.55640E-13
 3836.00    1.55610E-13
 3840.00    1.55574E-13
 3844.00    1.55526E-13
 3848.00    1.55438E-13
 3852.00    1.55362E-13
 3856.00    1.55264E-13
 3860.00    1.55147E-13
 3864.00    1.55031E-13
 3868.00    1.54900E-13
 3872.00    1.54745E-13
 3876.00    1.54596E-13
 3880.00    1.54450E-13
 3884.00    1.54318E-13
 3888.00    1.54202E-13
 3892.00    1.54086E-13
 3896.00    1.53946E-13
 3900.00    1.53808E-13
 3904.00    1.53627E-13
 3908.00    1.53439E-13
 3912.00    1.53252E-13
 3916.00    1.53079E-13
 3920.00    1.52899E-13
 3924.00    1.52723E-13
 3928.00    1.52548E-13
 3932.00    1.52350E-13
 3936.00    1.52157E-13
 3940.00    1.51965E-13
 3944.00    1.51765E-13
 3948.00    1.51579E-13
 3952.00    1.51387E-13
 3956.00    1.51184E-13
 3960.00    1.50978E-13
 3964.00    1.50763E-13
 3968.00    1.50528E-13
 3972.00    1.50322E-13
 3976.00    1.50117E-13
 3980.00    1.49931E-13
 3984.00    1.49735E-13
 3988.00    1.49535E-13
 3992.00    1.49332E-13
 3996.00    1.49170E-13
 4000.00    1.49026E-13
 4004.00    1.48851E-13
 4008.00    1.48584E-13
 4012.00    1.48270E-13
 4016.00    1.47984E-13
 4020.00    1.47812E-13
 4024.00    1.47727E-13
 4028.00    1.47707E-13
 4032.00    1.47750E-13
 4036.00    1.47768E-13
 4040.00    1.47760E-13
 4044.00    1.47642E-13
 4048.00    1.47470E-13
 4052.00    1.47215E-13
 4056.00    1.46916E-13
 4060.00    1.46569E-13
 4064.00    1.46267E-13
 4068.00    1.45972E-13
 4072.00    1.45658E-13
 4076.00    1.45411E-13
 4080.00    1.45211E-13
 4084.00    1.44880E-13
 4088.00    1.44614E-13
 4092.00    1.44373E-13
 4096.00    1.44077E-13
 4100.00    1.43899E-13
 4104.00    1.43867E-13
 4108.00    1.43658E-13
 4112.00    1.43473E-13
 4116.00    1.43341E-13
 4120.00    1.43125E-13
 4124.00    1.42948E-13
 4128.00    1.42834E-13
 4132.00    1.42630E-13
 4136.00    1.42550E-13
 4140.00    1.42615E-13
 4144.00    1.42569E-13
 4148.00    1.42449E-13
 4152.00    1.42276E-13
 4156.00    1.41919E-13
 4160.00    1.41645E-13
 4164.00    1.41582E-13
 4168.00    1.41604E-13
 4172.00    1.41577E-13
 4176.00    1.41588E-13
 4180.00    1.41447E-13
 4184.00    1.41206E-13
 4188.00    1.40914E-13
 4192.00    1.40596E-13
 4196.00    1.40377E-13
 4200.00    1.40312E-13
 4204.00    1.40252E-13
 4208.00    1.40191E-13
 4212.00    1.40068E-13
 4216.00    1.39954E-13
 4220.00    1.39914E-13
 4224.00    1.39876E-13
 4228.00    1.39826E-13
 4232.00    1.39617E-13
 4236.00    1.39365E-13
 4240.00    1.39280E-13
 4244.00    1.39257E-13
 4248.00    1.39305E-13
 4252.00    1.39413E-13
 4256.00    1.39355E-13
 4260.00    1.39168E-13
 4264.00    1.39042E-13
 4268.00    1.38854E-13
 4272.00    1.38560E-13
 4276.00    1.38348E-13
 4280.00    1.38069E-13
 4284.00    1.37804E-13
 4288.00    1.37716E-13
 4292.00    1.37629E-13
 4296.00    1.37501E-13
 4300.00    1.37297E-13
 4304.00    1.36940E-13
 4308.00    1.36494E-13
 4312.00    1.36009E-13
 4316.00    1.35624E-13
 4320.00    1.35190E-13
 4324.00    1.34720E-13
 4328.00    1.34455E-13
 4332.00    1.34189E-13
 4336.00    1.33930E-13
 4340.00    1.33761E-13
 4344.00    1.33518E-13
 4348.00    1.33287E-13
 4352.00    1.33029E-13
 4356.00    1.32714E-13
 4360.00    1.32377E-13
 4364.00    1.31980E-13
 4368.00    1.31751E-13
 4372.00    1.31717E-13
 4376.00    1.31698E-13
 4380.00    1.31669E-13
 4384.00    1.31630E-13
 4388.00    1.31399E-13
 4392.00    1.31181E-13
 4396.00    1.31067E-13
 4400.00    1.30949E-13
 4404.00    1.31001E-13
 4408.00    1.31142E-13
 4412.00    1.30810E-13
 4416.00    1.30465E-13
 4420.00    1.30724E-13
 4424.00    1.30215E-13
 4428.00    1.29781E-13
 4432.00    1.29757E-13
 4436.00    1.29759E-13
 4440.00    1.29529E-13
 4444.00    1.29427E-13
 4448.00    1.29375E-13
 4452.00    1.29192E-13
 4456.00    1.28729E-13
 4460.00    1.28532E-13
 4464.00    1.28523E-13
 4468.00    1.28550E-13
 4472.00    1.28137E-13
 4476.00    1.27572E-13
 4480.00    1.27255E-13
 4484.00    1.26843E-13
 4488.00    1.26894E-13
 4492.00    1.26995E-13
 4496.00    1.27254E-13
 4500.00    1.27133E-13
 4504.00    1.27120E-13
 4508.00    1.26701E-13
 4512.00    1.26291E-13
 4516.00    1.26233E-13
 4520.00    1.26131E-13
 4524.00    1.25990E-13
 4528.00    1.25376E-13
 4532.00    1.24322E-13
 4536.00    1.24429E-13
 4540.00    1.24820E-13
 4544.00    1.24630E-13
 4548.00    1.24500E-13
 4552.00    1.24557E-13
 4556.00    1.24160E-13
 4560.00    1.23627E-13
 4564.00    1.23475E-13
 4568.00    1.22803E-13
 4572.00    1.22337E-13
 4576.00    1.21610E-13
 4580.00    1.22019E-13
 4584.00    1.22368E-13
 4588.00    1.21406E-13
 4592.00    1.20849E-13
 4596.00    1.21259E-13
 4600.00    1.21308E-13
 4604.00    1.20662E-13
 4608.00    1.20602E-13
 4612.00    1.20202E-13
 4616.00    1.19924E-13
 4620.00    1.19716E-13
 4624.00    1.18859E-13
 4628.00    1.18339E-13
 4632.00    1.17878E-13
 4636.00    1.17816E-13
 4640.00    1.17767E-13
 4644.00    1.17206E-13
 4648.00    1.16350E-13
 4652.00    1.16232E-13
 4656.00    1.15567E-13
 4660.00    1.14784E-13
 4664.00    1.14425E-13
 4668.00    1.14091E-13
 4672.00    1.12977E-13
 4676.00    1.12310E-13
 4680.00    1.12031E-13
 4684.00    1.12707E-13
 4688.00    1.13117E-13
 4692.00    1.12067E-13
 4696.00    1.11858E-13
 4700.00    1.13016E-13
 4704.00    1.13232E-13
 4708.00    1.11924E-13
 4712.00    1.10840E-13
 4716.00    1.12215E-13
 4720.00    1.14303E-13
 4724.00    1.14865E-13
 4728.00    1.14200E-13
 4732.00    1.12871E-13
 4736.00    1.13628E-13
 4740.00    1.16005E-13
 4744.00    1.17040E-13
 4748.00    1.17107E-13
 4752.00    1.16691E-13
 4756.00    1.16586E-13
 4760.00    1.16638E-13
 4764.00    1.16393E-13
 4768.00    1.16108E-13
 4772.00    1.16436E-13
 4776.00    1.16195E-13
 4780.00    1.16010E-13
 4784.00    1.16371E-13
 4788.00    1.16099E-13
 4792.00    1.16278E-13
 4796.00    1.16208E-13
 4800.00    1.16181E-13
 4804.00    1.16181E-13
 4808.00    1.16054E-13
 4812.00    1.15750E-13
 4816.00    1.15691E-13
 4820.00    1.15595E-13
 4824.00    1.15609E-13
 4828.00    1.15520E-13
 4832.00    1.15474E-13
 4836.00    1.15009E-13
 4840.00    1.14735E-13
 4844.00    1.14861E-13
 4848.00    1.14688E-13
 4852.00    1.13943E-13
 4856.00    1.13645E-13
 4860.00    1.13787E-13
 4864.00    1.13241E-13
 4868.00    1.12595E-13
 4872.00    1.12562E-13
 4876.00    1.12190E-13
 4880.00    1.12167E-13
 4884.00    1.11881E-13
 4888.00    1.11380E-13
 4892.00    1.11318E-13
 4896.00    1.10954E-13
 4900.00    1.10515E-13
 4904.00    1.10205E-13
 4908.00    1.09742E-13
 4912.00    1.09569E-13
 4916.00    1.09307E-13
 4920.00    1.09282E-13
 4924.00    1.09139E-13
 4928.00    1.08886E-13
 4932.00    1.08894E-13
 4936.00    1.08260E-13
 4940.00    1.08345E-13
 4944.00    1.08458E-13
 4948.00    1.08358E-13
 4952.00    1.08007E-13
 4956.00    1.08010E-13
 4960.00    1.07653E-13
 4964.00    1.07121E-13
 4968.00    1.06786E-13
 4972.00    1.06561E-13
 4976.00    1.06365E-13
 4980.00    1.05862E-13
 4984.00    1.05334E-13
 4988.00    1.05253E-13
 4992.00    1.05253E-13
 4996.00    1.05068E-13
 5000.00    1.04530E-13
 5004.00    1.04343E-13
 5008.00    1.03961E-13
 5012.00    1.04574E-13
 5016.00    1.04524E-13
 5020.00    1.04019E-13
 5024.00    1.03283E-13
 5028.00    1.02879E-13
 5032.00    1.02659E-13
 5036.00    1.01929E-13
 5040.00    1.01877E-13
 5044.00    1.02035E-13
 5048.00    1.01793E-13
 5052.00    1.01747E-13
 5056.00    1.00839E-13
 5060.00    1.00483E-13
 5064.00    1.00373E-13
 5068.00    9.96270E-14
 5072.00    9.93346E-14
 5076.00    9.86403E-14
 5080.00    9.84425E-14
 5084.00    9.79919E-14
 5088.00    9.77409E-14
 5092.00    9.73209E-14
 5096.00    9.70669E-14
 5100.00    9.73614E-14
 5104.00    9.67423E-14
 5108.00    9.59354E-14
 5112.00    9.54832E-14
 5116.00    9.49103E-14
 5120.00    9.44208E-14
 5124.00    9.36067E-14
 5128.00    9.35320E-14
 5132.00    9.50232E-14
 5136.00    9.53988E-14
 5140.00    9.48833E-14
 5144.00    9.42257E-14
 5148.00    9.35763E-14
 5152.00    9.28014E-14
 5156.00    9.14566E-14
 5160.00    8.94601E-14
 5164.00    9.13375E-14
 5168.00    9.69604E-14
 5172.00    9.97765E-14
 5176.00    1.00563E-13
 5180.00    1.00744E-13
 5184.00    1.00755E-13
 5188.00    1.00760E-13
 5192.00    1.00797E-13
 5196.00    1.00734E-13
 5200.00    9.99177E-14
 5204.00    9.97786E-14
 5208.00    9.97695E-14
 5212.00    9.98360E-14
 5216.00    9.99872E-14
 5220.00    9.96836E-14
 5224.00    9.96030E-14
 5228.00    9.94578E-14
 5232.00    9.92906E-14
 5236.00    9.92887E-14
 5240.00    9.89041E-14
 5244.00    9.88391E-14
 5248.00    9.86942E-14
 5252.00    9.84816E-14
 5256.00    9.85053E-14
 5260.00    9.81651E-14
 5264.00    9.79366E-14
 5268.00    9.81247E-14
 5272.00    9.80519E-14
 5276.00    9.79420E-14
 5280.00    9.77927E-14
 5284.00    9.77490E-14
 5288.00    9.76605E-14
 5292.00    9.75329E-14
 5296.00    9.71582E-14
 5300.00    9.71047E-14
 5304.00    9.72551E-14
 5308.00    9.69992E-14
 5312.00    9.67143E-14
 5316.00    9.65706E-14
 5320.00    9.64163E-14
 5324.00    9.65064E-14
 5328.00    9.63536E-14
 5332.00    9.60331E-14
 5336.00    9.57664E-14
 5340.00    9.57791E-14
 5344.00    9.55588E-14
 5348.00    9.53516E-14
 5352.00    9.53485E-14
 5356.00    9.50508E-14
 5360.00    9.46745E-14
 5364.00    9.45508E-14
 5368.00    9.45478E-14
 5372.00    9.45854E-14
 5376.00    9.42887E-14
 5380.00    9.43746E-14
 5384.00    9.42965E-14
 5388.00    9.37406E-14
 5392.00    9.37007E-14
 5396.00    9.35380E-14
 5400.00    9.33055E-14
 5404.00    9.34232E-14
 5408.00    9.32646E-14
 5412.00    9.29060E-14
 5416.00    9.29206E-14
 5420.00    9.29457E-14
 5424.00    9.27908E-14
 5428.00    9.25029E-14
 5432.00    9.19201E-14
 5436.00    9.18601E-14
 5440.00    9.18878E-14
 5444.00    9.15474E-14
 5448.00    9.15471E-14
 5452.00    9.16652E-14
 5456.00    9.11557E-14
 5460.00    9.09238E-14
 5464.00    9.08794E-14
 5468.00    9.05602E-14
 5472.00    9.06484E-14
 5476.00    9.03287E-14
 5480.00    9.02140E-14
 5484.00    9.01002E-14
 5488.00    8.99331E-14
 5492.00    8.97954E-14
 5496.00    8.95825E-14
 5500.00    8.94433E-14
 5504.00    8.93376E-14
 5508.00    8.92111E-14
 5512.00    8.91189E-14
 5516.00    8.90169E-14
 5520.00    8.88814E-14
 5524.00    8.87772E-14
 5528.00    8.86387E-14
 5532.00    8.85060E-14
 5536.00    8.84051E-14
 5540.00    8.83114E-14
 5544.00    8.81924E-14
 5548.00    8.80565E-14
 5552.00    8.78998E-14
 5556.00    8.77444E-14
 5560.00    8.75425E-14
 5564.00    8.72973E-14
 5568.00    8.71215E-14
 5572.00    8.69783E-14
 5576.00    8.68715E-14
 5580.00    8.68047E-14
 5584.00    8.67373E-14
 5588.00    8.67022E-14
 5592.00    8.66650E-14
 5596.00    8.66275E-14
 5600.00    8.66051E-14
 5604.00    8.65183E-14
 5608.00    8.64179E-14
 5612.00    8.64159E-14
 5616.00    8.64073E-14
 5620.00    8.63883E-14
 5624.00    8.63855E-14
 5628.00    8.63870E-14
 5632.00    8.64003E-14
 5636.00    8.65184E-14
 5640.00    8.66350E-14
 5644.00    8.66572E-14
 5648.00    8.66077E-14
 5652.00    8.64852E-14
 5656.00    8.63608E-14
 5660.00    8.63040E-14
 5664.00    8.62884E-14
 5668.00    8.62495E-14
 5672.00    8.61855E-14
 5676.00    8.60649E-14
 5680.00    8.58763E-14
 5684.00    8.56492E-14
 5688.00    8.55078E-14
 5692.00    8.54343E-14
 5696.00    8.54063E-14
 5700.00    8.54102E-14
 5704.00    8.53535E-14
 5708.00    8.52711E-14
 5712.00    8.51579E-14
 5716.00    8.50725E-14
 5720.00    8.49974E-14
 5724.00    8.48967E-14
 5728.00    8.47470E-14
 5732.00    8.45882E-14
 5736.00    8.44363E-14
 5740.00    8.43749E-14
 5744.00    8.43088E-14
 5748.00    8.42412E-14
 5752.00    8.41498E-14
 5756.00    8.39854E-14
 5760.00    8.37757E-14
 5764.00    8.35829E-14
 5768.00    8.34092E-14
 5772.00    8.32699E-14
 5776.00    8.31856E-14
 5780.00    8.31463E-14
 5784.00    8.30833E-14
 5788.00    8.29698E-14
 5792.00    8.28011E-14
 5796.00    8.26332E-14
 5800.00    8.24213E-14
 5804.00    8.22524E-14
 5808.00    8.21254E-14
 5812.00    8.19638E-14
 5816.00    8.17898E-14
 5820.00    8.16750E-14
 5824.00    8.16272E-14
 5828.00    8.16395E-14
 5832.00    8.16838E-14
 5836.00    8.16671E-14
 5840.00    8.15613E-14
 5844.00    8.13942E-14
 5848.00    8.11917E-14
 5852.00    8.09761E-14
 5856.00    8.07986E-14
 5860.00    8.06373E-14
 5864.00    8.04924E-14
 5868.00    8.04109E-14
 5872.00    8.03462E-14
 5876.00    8.02314E-14
 5880.00    7.99462E-14
 5884.00    7.96212E-14
 5888.00    7.94086E-14
 5892.00    7.92319E-14
 5896.00    7.91896E-14
 5900.00    7.92804E-14
 5904.00    7.92990E-14
 5908.00    7.92126E-14
 5912.00    7.90275E-14
 5916.00    7.87091E-14
 5920.00    7.84778E-14
 5924.00    7.83316E-14
 5928.00    7.83485E-14
 5932.00    7.84038E-14
 5936.00    7.82310E-14
 5940.00    7.79075E-14
 5944.00    7.76807E-14
 5948.00    7.75771E-14
 5952.00    7.75526E-14
 5956.00    7.76837E-14
 5960.00    7.77235E-14
 5964.00    7.75725E-14
 5968.00    7.74158E-14
 5972.00    7.72719E-14
 5976.00    7.71778E-14
 5980.00    7.70869E-14
 5984.00    7.69729E-14
 5988.00    7.69203E-14
 5992.00    7.68128E-14
 5996.00    7.67346E-14
 6000.00    7.67018E-14
 6004.00    7.66254E-14
 6008.00    7.64823E-14
 6012.00    7.63421E-14
 6016.00    7.62156E-14
 6020.00    7.61183E-14
 6024.00    7.60465E-14
 6028.00    7.59490E-14
 6032.00    7.57845E-14
 6036.00    7.55958E-14
 6040.00    7.54201E-14
 6044.00    7.52352E-14
 6048.00    7.51197E-14
 6052.00    7.51366E-14
 6056.00    7.51130E-14
 6060.00    7.50845E-14
 6064.00    7.50816E-14
 6068.00    7.48909E-14
 6072.00    7.47824E-14
 6076.00    7.47104E-14
 6080.00    7.45632E-14
 6084.00    7.44812E-14
 6088.00    7.44233E-14
 6092.00    7.43411E-14
 6096.00    7.43367E-14
 6100.00    7.42929E-14
 6104.00    7.41768E-14
 6108.00    7.40367E-14
 6112.00    7.39292E-14
 6116.00    7.38252E-14
 6120.00    7.37196E-14
 6124.00    7.36161E-14
 6128.00    7.35130E-14
 6132.00    7.34094E-14
 6136.00    7.33017E-14
 6140.00    7.31913E-14
 6144.00    7.30863E-14
 6148.00    7.29853E-14
 6152.00    7.28850E-14
 6156.00    7.27868E-14
 6160.00    7.26888E-14
 6164.00    7.25939E-14
 6168.00    7.24949E-14
 6172.00    7.23947E-14
 6176.00    7.22918E-14
 6180.00    7.21943E-14
 6184.00    7.20995E-14
 6188.00    7.20072E-14
 6192.00    7.19149E-14
 6196.00    7.18283E-14
 6200.00    7.17376E-14
 6204.00    7.16497E-14
 6208.00    7.15625E-14
 6212.00    7.14753E-14
 6216.00    7.13864E-14
 6220.00    7.12998E-14
 6224.00    7.12105E-14
 6228.00    7.11227E-14
 6232.00    7.10298E-14
 6236.00    7.09398E-14
 6240.00    7.08443E-14
 6244.00    7.07461E-14
 6248.00    7.06538E-14
 6252.00    7.05820E-14
 6256.00    7.05274E-14
 6260.00    7.04641E-14
 6264.00    7.03793E-14
 6268.00    7.02858E-14
 6272.00    7.01825E-14
 6276.00    7.00928E-14
 6280.00    6.99996E-14
 6284.00    6.99005E-14
 6288.00    6.98103E-14
 6292.00    6.97162E-14
 6296.00    6.96111E-14
 6300.00    6.95160E-14
 6304.00    6.94234E-14
 6308.00    6.93259E-14
 6312.00    6.92270E-14
 6316.00    6.91351E-14
 6320.00    6.90485E-14
 6324.00    6.89552E-14
 6328.00    6.88650E-14
 6332.00    6.87770E-14
 6336.00    6.86866E-14
 6340.00    6.86018E-14
 6344.00    6.85091E-14
 6348.00    6.84216E-14
 6352.00    6.83311E-14
 6356.00    6.82443E-14
 6360.00    6.81594E-14
 6364.00    6.80708E-14
 6368.00    6.79800E-14
 6372.00    6.78975E-14
 6376.00    6.78042E-14
 6380.00    6.77058E-14
 6384.00    6.76122E-14
 6388.00    6.75144E-14
 6392.00    6.74175E-14
 6396.00    6.73274E-14
 6400.00    6.72361E-14
 6404.00    6.71414E-14
 6408.00    6.70515E-14
 6412.00    6.69639E-14
 6416.00    6.68675E-14
 6420.00    6.67812E-14
 6424.00    6.66895E-14
 6428.00    6.65871E-14
 6432.00    6.64938E-14
 6436.00    6.63864E-14
 6440.00    6.62845E-14
 6444.00    6.61887E-14
 6448.00    6.60823E-14
 6452.00    6.59850E-14
 6456.00    6.58958E-14
 6460.00    6.58044E-14
 6464.00    6.57309E-14
 6468.00    6.56387E-14
 6472.00    6.55598E-14
 6476.00    6.54889E-14
 6480.00    6.54023E-14
 6484.00    6.53096E-14
 6488.00    6.52329E-14
 6492.00    6.51594E-14
 6496.00    6.50824E-14
 6500.00    6.49905E-14
 6504.00    6.49232E-14
 6508.00    6.48755E-14
 6512.00    6.47441E-14
 6516.00    6.45893E-14
 6520.00    6.46138E-14
 6524.00    6.45266E-14
 6528.00    6.44400E-14
 6532.00    6.43532E-14
 6536.00    6.42222E-14
 6540.00    6.41999E-14
 6544.00    6.40893E-14
 6548.00    6.39652E-14
 6552.00    6.39090E-14
 6556.00    6.38083E-14
 6560.00    6.37876E-14
 6564.00    6.36282E-14
 6568.00    6.36276E-14
 6572.00    6.35034E-14
 6576.00    6.34157E-14
 6580.00    6.33620E-14
 6584.00    6.32518E-14
 6588.00    6.31732E-14
 6592.00    6.31478E-14
 6596.00    6.30148E-14
 6600.00    6.29556E-14
 6604.00    6.28832E-14
 6608.00    6.28090E-14
 6612.00    6.26571E-14
 6616.00    6.26425E-14
 6620.00    6.25472E-14
 6624.00    6.23871E-14
 6628.00    6.23273E-14
 6632.00    6.22321E-14
 6636.00    6.21465E-14
 6640.00    6.20445E-14
 6644.00    6.19437E-14
 6648.00    6.18589E-14
 6652.00    6.17428E-14
 6656.00    6.16851E-14
 6660.00    6.15776E-14
 6664.00    6.14509E-14
 6668.00    6.13869E-14
 6672.00    6.13314E-14
 6676.00    6.11789E-14
 6680.00    6.10997E-14
 6684.00    6.10221E-14
 6688.00    6.09313E-14
 6692.00    6.08092E-14
 6696.00    6.07625E-14
 6700.00    6.06509E-14
 6704.00    6.05421E-14
 6708.00    6.04495E-14
 6712.00    6.03268E-14
 6716.00    6.02958E-14
 6720.00    6.01754E-14
 6724.00    6.00582E-14
 6728.00    6.00321E-14
 6732.00    5.99275E-14
 6736.00    5.98404E-14
 6740.00    5.97520E-14
 6744.00    5.96766E-14
 6748.00    5.95497E-14
 6752.00    5.95066E-14
 6756.00    5.93961E-14
 6760.00    5.92875E-14
 6764.00    5.92238E-14
 6768.00    5.91527E-14
 6772.00    5.90243E-14
 6776.00    5.89586E-14
 6780.00    5.88518E-14
 6784.00    5.87651E-14
 6788.00    5.86640E-14
 6792.00    5.85869E-14
 6796.00    5.84417E-14
 6800.00    5.83845E-14
 6804.00    5.82230E-14
 6808.00    5.81988E-14
 6812.00    5.80509E-14
 6816.00    5.79506E-14
 6820.00    5.78632E-14
 6824.00    5.77819E-14
 6828.00    5.76984E-14
 6832.00    5.76113E-14
 6836.00    5.75315E-14
 6840.00    5.74485E-14
 6844.00    5.73660E-14
 6848.00    5.72891E-14
 6852.00    5.72123E-14
 6856.00    5.71355E-14
 6860.00    5.70587E-14
 6864.00    5.69818E-14
 6868.00    5.69050E-14
 6872.00    5.68282E-14
 6876.00    5.67513E-14
 6880.00    5.66719E-14
 6884.00    5.65905E-14
 6888.00    5.65151E-14
 6892.00    5.64494E-14
 6896.00    5.63713E-14
 6900.00    5.62980E-14
 6904.00    5.62160E-14
 6908.00    5.61326E-14
 6912.00    5.60525E-14
 6916.00    5.59748E-14
 6920.00    5.59009E-14
 6924.00    5.58265E-14
 6928.00    5.57528E-14
 6932.00    5.55878E-14
 6936.00    5.56634E-14
 6940.00    5.53483E-14
 6944.00    5.54247E-14
 6948.00    5.53236E-14
 6952.00    5.52871E-14
 6956.00    5.51325E-14
 6960.00    5.50386E-14
 6964.00    5.50362E-14
 6968.00    5.49871E-14
 6972.00    5.48019E-14
 6976.00    5.47745E-14
 6980.00    5.46722E-14
 6984.00    5.46363E-14
 6988.00    5.44705E-14
 6992.00    5.44144E-14
 6996.00    5.43765E-14
 7000.00    5.42963E-14
 7004.00    5.42111E-14
 7008.00    5.41295E-14
 7012.00    5.40540E-14
 7016.00    5.39688E-14
 7020.00    5.38815E-14
 7024.00    5.37908E-14
 7028.00    5.37071E-14
 7032.00    5.36332E-14
 7036.00    5.35518E-14
 7040.00    5.34764E-14
 7044.00    5.34022E-14
 7048.00    5.33347E-14
 7052.00    5.32522E-14
 7056.00    5.31723E-14
 7060.00    5.30910E-14
 7064.00    5.30076E-14
 7068.00    5.29424E-14
 7072.00    5.28638E-14
 7076.00    5.27787E-14
 7080.00    5.27101E-14
 7084.00    5.26361E-14
 7088.00    5.25514E-14
 7092.00    5.24784E-14
 7096.00    5.24087E-14
 7100.00    5.23334E-14
 7104.00    5.22609E-14
 7108.00    5.21820E-14
 7112.00    5.21011E-14
 7116.00    5.20214E-14
 7120.00    5.19479E-14
 7124.00    5.18727E-14
 7128.00    5.18033E-14
 7132.00    5.17335E-14
 7136.00    5.16559E-14
 7140.00    5.15767E-14
 7144.00    5.15118E-14
 7148.00    5.14305E-14
 7152.00    5.13604E-14
 7156.00    5.12871E-14
 7160.00    5.12194E-14
 7164.00    5.11411E-14
 7168.00    5.10652E-14
 7172.00    5.09947E-14
 7176.00    5.09290E-14
 7180.00    5.08564E-14
 7184.00    5.07878E-14
 7188.00    5.07180E-14
 7192.00    5.06548E-14
 7196.00    5.05727E-14
 7200.00    5.05015E-14
 7204.00    5.04289E-14
 7208.00    5.03560E-14
 7212.00    5.02952E-14
 7216.00    5.02218E-14
 7220.00    5.01518E-14
 7224.00    5.00831E-14
 7228.00    5.00141E-14
 7232.00    4.99475E-14
 7236.00    4.98794E-14
 7240.00    4.97949E-14
 7244.00    4.97344E-14
 7248.00    4.96752E-14
 7252.00    4.95939E-14
 7256.00    4.95158E-14
 7260.00    4.94522E-14
 7264.00    4.93797E-14
 7268.00    4.93042E-14
 7272.00    4.92379E-14
 7276.00    4.91793E-14
 7280.00    4.90991E-14
 7284.00    4.90373E-14
 7288.00    4.89649E-14
 7292.00    4.88996E-14
 7296.00    4.88308E-14
 7300.00    4.87567E-14
 7304.00    4.86949E-14
 7308.00    4.86265E-14
 7312.00    4.85481E-14
 7316.00    4.84909E-14
 7320.00    4.84301E-14
 7324.00    4.83499E-14
 7328.00    4.82800E-14
 7332.00    4.82210E-14
 7336.00    4.81498E-14
 7340.00    4.80778E-14
 7344.00    4.80157E-14
 7348.00    4.79441E-14
 7352.00    4.78768E-14
 7356.00    4.78090E-14
 7360.00    4.77429E-14
 7364.00    4.76711E-14
 7368.00    4.76034E-14
 7372.00    4.75353E-14
 7376.00    4.74693E-14
 7380.00    4.73976E-14
 7384.00    4.73323E-14
 7388.00    4.72673E-14
 7392.00    4.71972E-14
 7396.00    4.71266E-14
 7400.00    4.70557E-14
 7404.00    4.69831E-14
 7408.00    4.69103E-14
 7412.00    4.68383E-14
 7416.00    4.67663E-14
 7420.00    4.66949E-14
 7424.00    4.66281E-14
 7428.00    4.65639E-14
 7432.00    4.64992E-14
 7436.00    4.64302E-14
 7440.00    4.63589E-14
 7444.00    4.62854E-14
 7448.00    4.62107E-14
 7452.00    4.61399E-14
 7456.00    4.60717E-14
 7460.00    4.60019E-14
 7464.00    4.59374E-14
 7468.00    4.58786E-14
 7472.00    4.58152E-14
 7476.00    4.57492E-14
 7480.00    4.56880E-14
 7484.00    4.56222E-14
 7488.00    4.55546E-14
 7492.00    4.54889E-14
 7496.00    4.54184E-14
 7500.00    4.53535E-14
 7504.00    4.52865E-14
 7508.00    4.52221E-14
 7512.00    4.51609E-14
 7516.00    4.51020E-14
 7520.00    4.50432E-14
 7524.00    4.49849E-14
 7528.00    4.49236E-14
 7532.00    4.48593E-14
 7536.00    4.47937E-14
 7540.00    4.47245E-14
 7544.00    4.46560E-14
 7548.00    4.45917E-14
 7552.00    4.45428E-14
 7556.00    4.44861E-14
 7560.00    4.44001E-14
 7564.00    4.43161E-14
 7568.00    4.42195E-14
 7572.00    4.41301E-14
 7576.00    4.40336E-14
 7580.00    4.39741E-14
 7584.00    4.39146E-14
 7588.00    4.38273E-14
 7592.00    4.37513E-14
 7596.00    4.36794E-14
 7600.00    4.36117E-14
 7604.00    4.35461E-14
 7608.00    4.34808E-14
 7612.00    4.34184E-14
 7616.00    4.33581E-14
 7620.00    4.32995E-14
 7624.00    4.32415E-14
 7628.00    4.31804E-14
 7632.00    4.31104E-14
 7636.00    4.30719E-14
 7640.00    4.30388E-14
 7644.00    4.30100E-14
 7648.00    4.29751E-14
 7652.00    4.29367E-14
 7656.00    4.28793E-14
 7660.00    4.27968E-14
 7664.00    4.27528E-14
 7668.00    4.27106E-14
 7672.00    4.26593E-14
 7676.00    4.26041E-14
 7680.00    4.25456E-14
 7684.00    4.24839E-14
 7688.00    4.24243E-14
 7692.00    4.23678E-14
 7696.00    4.23177E-14
 7700.00    4.22658E-14
 7704.00    4.22108E-14
 7708.00    4.21530E-14
 7712.00    4.20959E-14
 7716.00    4.20349E-14
 7720.00    4.19790E-14
 7724.00    4.19236E-14
 7728.00    4.18717E-14
 7732.00    4.18205E-14
 7736.00    4.17724E-14
 7740.00    4.17192E-14
 7744.00    4.16635E-14
 7748.00    4.16050E-14
 7752.00    4.15474E-14
 7756.00    4.14902E-14
 7760.00    4.14430E-14
 7764.00    4.13909E-14
 7768.00    4.13306E-14
 7772.00    4.12703E-14
 7776.00    4.12099E-14
 7780.00    4.11524E-14
 7784.00    4.10955E-14
 7788.00    4.10350E-14
 7792.00    4.09845E-14
 7796.00    4.09280E-14
 7800.00    4.08685E-14
 7804.00    4.08106E-14
 7808.00    4.07545E-14
 7812.00    4.06952E-14
 7816.00    4.06353E-14
 7820.00    4.05814E-14
 7824.00    4.05274E-14
 7828.00    4.04713E-14
 7832.00    4.04158E-14
 7836.00    4.03542E-14
 7840.00    4.02959E-14
 7844.00    4.02461E-14
 7848.00    4.01877E-14
 7852.00    4.01372E-14
 7856.00    4.00867E-14
 7860.00    4.00362E-14
 7864.00    3.99910E-14
 7868.00    3.99369E-14
 7872.00    3.98822E-14
 7876.00    3.98366E-14
 7880.00    3.97854E-14
 7884.00    3.97250E-14
 7888.00    3.96705E-14
 7892.00    3.96179E-14
 7896.00    3.95662E-14
 7900.00    3.95253E-14
 7904.00    3.94854E-14
 7908.00    3.94410E-14
 7912.00    3.93991E-14
 7916.00    3.93553E-14
 7920.00    3.93059E-14
 7924.00    3.92508E-14
 7928.00    3.91925E-14
 7932.00    3.91395E-14
 7936.00    3.90917E-14
 7940.00    3.90378E-14
 7944.00    3.89927E-14
 7948.00    3.89467E-14
 7952.00    3.89030E-14
 7956.00    3.88558E-14
 7960.00    3.88248E-14
 7964.00    3.87899E-14
 7968.00    3.87440E-14
 7972.00    3.87022E-14
 7976.00    3.86482E-14
 7980.00    3.86022E-14
 7984.00    3.85689E-14
 7988.00    3.85218E-14
 7992.00    3.84664E-14
 7996.00    3.84135E-14
 8000.00    3.83621E-14
 8004.00    3.83178E-14
 8008.00    3.82587E-14
 8012.00    3.82026E-14
 8016.00    3.81479E-14
 8020.00    3.80846E-14
 8024.00    3.80195E-14
 8028.00    3.79537E-14
 8032.00    3.78952E-14
 8036.00    3.78276E-14
 8040.00    3.77676E-14
 8044.00    3.77175E-14
 8048.00    3.76672E-14
 8052.00    3.76213E-14
 8056.00    3.75695E-14
 8060.00    3.75072E-14
 8064.00    3.74600E-14
 8068.00    3.74212E-14
 8072.00    3.73789E-14
 8076.00    3.73379E-14
 8080.00    3.72955E-14
 8084.00    3.72549E-14
 8088.00    3.72141E-14
 8092.00    3.71707E-14
 8096.00    3.71254E-14
 8100.00    3.70830E-14
 8104.00    3.70418E-14
 8108.00    3.69949E-14
 8112.00    3.69463E-14
 8116.00    3.68957E-14
 8120.00    3.68536E-14
 8124.00    3.68033E-14
 8128.00    3.67490E-14
 8132.00    3.66988E-14
 8136.00    3.66618E-14
 8140.00    3.66068E-14
 8144.00    3.65512E-14
 8148.00    3.65110E-14
 8152.00    3.64624E-14
 8156.00    3.64175E-14
 8160.00    3.63685E-14
 8164.00    3.63156E-14
 8168.00    3.62733E-14
 8172.00    3.62298E-14
 8176.00    3.61883E-14
 8180.00    3.61425E-14
 8184.00    3.61011E-14
 8188.00    3.60591E-14
 8192.00    3.59907E-14
 8196.00    3.59387E-14
 8200.00    3.58937E-14
 8204.00    3.58579E-14
 8208.00    3.58084E-14
 8212.00    3.57661E-14
 8216.00    3.57157E-14
 8220.00    3.56808E-14
 8224.00    3.56284E-14
 8228.00    3.55836E-14
 8232.00    3.55473E-14
 8236.00    3.54938E-14
 8240.00    3.54547E-14
 8244.00    3.54068E-14
 8248.00    3.53597E-14
 8252.00    3.53143E-14
 8256.00    3.52674E-14
 8260.00    3.52222E-14
 8264.00    3.51750E-14
 8268.00    3.51426E-14
 8272.00    3.51200E-14
 8276.00    3.50698E-14
 8280.00    3.50182E-14
 8284.00    3.49702E-14
 8288.00    3.49250E-14
 8292.00    3.48777E-14
 8296.00    3.48341E-14
 8300.00    3.47941E-14
 8304.00    3.47468E-14
 8308.00    3.46983E-14
 8312.00    3.46508E-14
 8316.00    3.46117E-14
 8320.00    3.45680E-14
 8324.00    3.45221E-14
 8328.00    3.44789E-14
 8332.00    3.44373E-14
 8336.00    3.43934E-14
 8340.00    3.43417E-14
 8344.00    3.42994E-14
 8348.00    3.42539E-14
 8352.00    3.42055E-14
 8356.00    3.41631E-14
 8360.00    3.41224E-14
 8364.00    3.40835E-14
 8368.00    3.40325E-14
 8372.00    3.39876E-14
 8376.00    3.39406E-14
 8380.00    3.38961E-14
 8384.00    3.38497E-14
 8388.00    3.38061E-14
 8392.00    3.37635E-14
 8396.00    3.37192E-14
 8400.00    3.36738E-14
 8404.00    3.36280E-14
 8408.00    3.35817E-14
 8412.00    3.35350E-14
 8416.00    3.34917E-14
 8420.00    3.34497E-14
 8424.00    3.34077E-14
 8428.00    3.33670E-14
 8432.00    3.33288E-14
 8436.00    3.32916E-14
 8440.00    3.32499E-14
 8444.00    3.32038E-14
 8448.00    3.31582E-14
 8452.00    3.31094E-14
 8456.00    3.30614E-14
 8460.00    3.30129E-14
 8464.00    3.29639E-14
 8468.00    3.29193E-14
 8472.00    3.28706E-14
 8476.00    3.28176E-14
 8480.00    3.27706E-14
 8484.00    3.27233E-14
 8488.00    3.26762E-14
 8492.00    3.26286E-14
 8496.00    3.25762E-14
 8500.00    3.25167E-14
 8504.00    3.24562E-14
 8508.00    3.23976E-14
 8512.00    3.23469E-14
 8516.00    3.23054E-14
 8520.00    3.22697E-14
 8524.00    3.22342E-14
 8528.00    3.21982E-14
 8532.00    3.21638E-14
 8536.00    3.21279E-14
 8540.00    3.20955E-14
 8544.00    3.20583E-14
 8548.00    3.20257E-14
 8552.00    3.19993E-14
 8556.00    3.19669E-14
 8560.00    3.19435E-14
 8564.00    3.19211E-14
 8568.00    3.18931E-14
 8572.00    3.18650E-14
 8576.00    3.18403E-14
 8580.00    3.18167E-14
 8584.00    3.17872E-14
 8588.00    3.17501E-14
 8592.00    3.17129E-14
 8596.00    3.16750E-14
 8600.00    3.16421E-14
 8604.00    3.16068E-14
 8608.00    3.15647E-14
 8612.00    3.15240E-14
 8616.00    3.14885E-14
 8620.00    3.14475E-14
 8624.00    3.14085E-14
 8628.00    3.13679E-14
 8632.00    3.13244E-14
 8636.00    3.12737E-14
 8640.00    3.12290E-14
 8644.00    3.11902E-14
 8648.00    3.11495E-14
 8652.00    3.11136E-14
 8656.00    3.10732E-14
 8660.00    3.10235E-14
 8664.00    3.09771E-14
 8668.00    3.09290E-14
 8672.00    3.08836E-14
 8676.00    3.08300E-14
 8680.00    3.07819E-14
 8684.00    3.07445E-14
 8688.00    3.07049E-14
 8692.00    3.06548E-14
 8696.00    3.06032E-14
 8700.00    3.05544E-14
 8704.00    3.05101E-14
 8708.00    3.04750E-14
 8712.00    3.04481E-14
 8716.00    3.04210E-14
 8720.00    3.03812E-14
 8724.00    3.03435E-14
 8728.00    3.02961E-14
 8732.00    3.02528E-14
 8736.00    3.02151E-14
 8740.00    3.01737E-14
 8744.00    3.01314E-14
 8748.00    3.00896E-14
 8752.00    3.00518E-14
 8756.00    3.00155E-14
 8760.00    2.99761E-14
 8764.00    2.99322E-14
 8768.00    2.98930E-14
 8772.00    2.98552E-14
 8776.00    2.98138E-14
 8780.00    2.97680E-14
 8784.00    2.97119E-14
 8788.00    2.96504E-14
 8792.00    2.95858E-14
 8796.00    2.95351E-14
 8800.00    2.94891E-14
 8804.00    2.94502E-14
 8808.00    2.94166E-14
 8812.00    2.93888E-14
 8816.00    2.93674E-14
 8820.00    2.93493E-14
 8824.00    2.93287E-14
 8828.00    2.93080E-14
 8832.00    2.92831E-14
 8836.00    2.92500E-14
 8840.00    2.92180E-14
 8844.00    2.91846E-14
 8848.00    2.91549E-14
 8852.00    2.91264E-14
 8856.00    2.90994E-14
 8860.00    2.90739E-14
 8864.00    2.90458E-14
 8868.00    2.90151E-14
 8872.00    2.89811E-14
 8876.00    2.89413E-14
 8880.00    2.88959E-14
 8884.00    2.88460E-14
 8888.00    2.87902E-14
 8892.00    2.87289E-14
 8896.00    2.86640E-14
 8900.00    2.86061E-14
 8904.00    2.85492E-14
 8908.00    2.84976E-14
 8912.00    2.84512E-14
 8916.00    2.84072E-14
 8920.00    2.83679E-14
 8924.00    2.83289E-14
 8928.00    2.82784E-14
 8932.00    2.82367E-14
 8936.00    2.81821E-14
 8940.00    2.81441E-14
 8944.00    2.81170E-14
 8948.00    2.80876E-14
 8952.00    2.80305E-14
 8956.00    2.79844E-14
 8960.00    2.79536E-14
 8964.00    2.79114E-14
 8968.00    2.78773E-14
 8972.00    2.78440E-14
 8976.00    2.78113E-14
 8980.00    2.77831E-14
 8984.00    2.77544E-14
 8988.00    2.77195E-14
 8992.00    2.76819E-14
 8996.00    2.76451E-14
 9000.00    2.76016E-14
 9004.00    2.75692E-14
 9008.00    2.75335E-14
 9012.00    2.74990E-14
 9016.00    2.74626E-14
 9020.00    2.74171E-14
 9024.00    2.73792E-14
 9028.00    2.73568E-14
 9032.00    2.73477E-14
 9036.00    2.73115E-14
 9040.00    2.72680E-14
 9044.00    2.72194E-14
 9048.00    2.71730E-14
 9052.00    2.71265E-14
 9056.00    2.70764E-14
 9060.00    2.70313E-14
 9064.00    2.69904E-14
 9068.00    2.69493E-14
 9072.00    2.69123E-14
 9076.00    2.68738E-14
 9080.00    2.68358E-14
 9084.00    2.68065E-14
 9088.00    2.67757E-14
 9092.00    2.67360E-14
 9096.00    2.66895E-14
 9100.00    2.66348E-14
 9104.00    2.65848E-14
 9108.00    2.65472E-14
 9112.00    2.65120E-14
 9116.00    2.64778E-14
 9120.00    2.64438E-14
 9124.00    2.64044E-14
 9128.00    2.63705E-14
 9132.00    2.63345E-14
 9136.00    2.62953E-14
 9140.00    2.62571E-14
 9144.00    2.62216E-14
 9148.00    2.61838E-14
 9152.00    2.61467E-14
 9156.00    2.61071E-14
 9160.00    2.60579E-14
 9164.00    2.60135E-14
 9168.00    2.59767E-14
 9172.00    2.59439E-14
 9176.00    2.59160E-14
 9180.00    2.58838E-14
 9184.00    2.58418E-14
 9188.00    2.58001E-14
 9192.00    2.57622E-14
 9196.00    2.57272E-14
 9200.00    2.56958E-14
 9204.00    2.56573E-14
 9208.00    2.56173E-14
 9212.00    2.55821E-14
 9216.00    2.55474E-14
 9220.00    2.55132E-14
 9224.00    2.54775E-14
 9228.00    2.54401E-14
 9232.00    2.54043E-14
 9236.00    2.53679E-14
 9240.00    2.53309E-14
 9244.00    2.52934E-14
 9248.00    2.52560E-14
 9252.00    2.52197E-14
 9256.00    2.51831E-14
 9260.00    2.51466E-14
 9264.00    2.51091E-14
 9268.00    2.50715E-14
 9272.00    2.50348E-14
 9276.00    2.49979E-14
 9280.00    2.49589E-14
 9284.00    2.49193E-14
 9288.00    2.48802E-14
 9292.00    2.48396E-14
 9296.00    2.47991E-14
 9300.00    2.47541E-14
 9304.00    2.47033E-14
 9308.00    2.46554E-14
 9312.00    2.46025E-14
 9316.00    2.45499E-14
 9320.00    2.45059E-14
 9324.00    2.44567E-14
 9328.00    2.44086E-14
 9332.00    2.43672E-14
 9336.00    2.43205E-14
 9340.00    2.42722E-14
 9344.00    2.42294E-14
 9348.00    2.41864E-14
 9352.00    2.41490E-14
 9356.00    2.41175E-14
 9360.00    2.40884E-14
 9364.00    2.40590E-14
 9368.00    2.40276E-14
 9372.00    2.39989E-14
 9376.00    2.39734E-14
 9380.00    2.39563E-14
 9384.00    2.39335E-14
 9388.00    2.39051E-14
 9392.00    2.38816E-14
 9396.00    2.38431E-14
 9400.00    2.37972E-14
 9404.00    2.37609E-14
 9408.00    2.37169E-14
 9412.00    2.36748E-14
 9416.00    2.36445E-14
 9420.00    2.36114E-14
 9424.00    2.35739E-14
 9428.00    2.35376E-14
 9432.00    2.35011E-14
 9436.00    2.34659E-14
 9440.00    2.34287E-14
 9444.00    2.33958E-14
 9448.00    2.33664E-14
 9452.00    2.33336E-14
 9456.00    2.32975E-14
 9460.00    2.32593E-14
 9464.00    2.32264E-14
 9468.00    2.31983E-14
 9472.00    2.31760E-14
 9476.00    2.31615E-14
 9480.00    2.31396E-14
 9484.00    2.31095E-14
 9488.00    2.30797E-14
 9492.00    2.30493E-14
 9496.00    2.30194E-14
 9500.00    2.29911E-14
 9504.00    2.29632E-14
 9508.00    2.29316E-14
 9512.00    2.28956E-14
 9516.00    2.28645E-14
 9520.00    2.28368E-14
 9524.00    2.28034E-14
 9528.00    2.27724E-14
 9532.00    2.27468E-14
 9536.00    2.27223E-14
 9540.00    2.27034E-14
 9544.00    2.26832E-14
 9548.00    2.26514E-14
 9552.00    2.26170E-14
 9556.00    2.25863E-14
 9560.00    2.25588E-14
 9564.00    2.25346E-14
 9568.00    2.25088E-14
 9572.00    2.24786E-14
 9576.00    2.24470E-14
 9580.00    2.24169E-14
 9584.00    2.23869E-14
 9588.00    2.23596E-14
 9592.00    2.23337E-14
 9596.00    2.23058E-14
 9600.00    2.22869E-14
 9604.00    2.22713E-14
 9608.00    2.22461E-14
 9612.00    2.22237E-14
 9616.00    2.22090E-14
 9620.00    2.21909E-14
 9624.00    2.21737E-14
 9628.00    2.21539E-14
 9632.00    2.21295E-14
 9636.00    2.21038E-14
 9640.00    2.20794E-14
 9644.00    2.20564E-14
 9648.00    2.20348E-14
 9652.00    2.20107E-14
 9656.00    2.19893E-14
 9660.00    2.19682E-14
 9664.00    2.19481E-14
 9668.00    2.19290E-14
 9672.00    2.19104E-14
 9676.00    2.18894E-14
 9680.00    2.18701E-14
 9684.00    2.18577E-14
 9688.00    2.18456E-14
 9692.00    2.18261E-14
 9696.00    2.18023E-14
 9700.00    2.17808E-14
 9704.00    2.17634E-14
 9708.00    2.17468E-14
 9712.00    2.17325E-14
 9716.00    2.17153E-14
 9720.00    2.16920E-14
 9724.00    2.16614E-14
 9728.00    2.16349E-14
 9732.00    2.16083E-14
 9736.00    2.15831E-14
 9740.00    2.15614E-14
 9744.00    2.15399E-14
 9748.00    2.15169E-14
 9752.00    2.14887E-14
 9756.00    2.14579E-14
 9760.00    2.14278E-14
 9764.00    2.13941E-14
 9768.00    2.13618E-14
 9772.00    2.13365E-14
 9776.00    2.13140E-14
 9780.00    2.12963E-14
 9784.00    2.12790E-14
 9788.00    2.12553E-14
 9792.00    2.12298E-14
 9796.00    2.12057E-14
 9800.00    2.11872E-14
 9804.00    2.11690E-14
 9808.00    2.11484E-14
 9812.00    2.11239E-14
 9816.00    2.10941E-14
 9820.00    2.10637E-14
 9824.00    2.10385E-14
 9828.00    2.10200E-14
 9832.00    2.10034E-14
 9836.00    2.09889E-14
 9840.00    2.09754E-14
 9844.00    2.09562E-14
 9848.00    2.09350E-14
 9852.00    2.09122E-14
 9856.00    2.08854E-14
 9860.00    2.08594E-14
 9864.00    2.08355E-14
 9868.00    2.08116E-14
 9872.00    2.07863E-14
 9876.00    2.07599E-14
 9880.00    2.07321E-14
 9884.00    2.07034E-14
 9888.00    2.06767E-14
 9892.00    2.06510E-14
 9896.00    2.06238E-14
 9900.00    2.05940E-14
 9904.00    2.05614E-14
 9908.00    2.05280E-14
 9912.00    2.04960E-14
 9916.00    2.04676E-14
 9920.00    2.04428E-14
 9924.00    2.04185E-14
 9928.00    2.03948E-14
 9932.00    2.03713E-14
 9936.00    2.03482E-14
 9940.00    2.03257E-14
 9944.00    2.03032E-14
 9948.00    2.02809E-14
 9952.00    2.02586E-14
 9956.00    2.02359E-14
 9960.00    2.02138E-14
 9964.00    2.01916E-14
 9968.00    2.01704E-14
 9972.00    2.01503E-14
 9976.00    2.01289E-14
 9980.00    2.01076E-14
 9984.00    2.00869E-14
 9988.00    2.00660E-14
 9992.00    2.00440E-14
 9996.00    2.00233E-14
10000.00    1.99930E-14
10004.00    1.99551E-14
10008.00    2.00176E-14
10012.00    1.98999E-14
10016.00    1.99261E-14
10020.00    1.98756E-14
10024.00    1.99151E-14
10028.00    1.98054E-14
10032.00    1.98550E-14
10036.00    1.98257E-14
10040.00    1.97891E-14
10044.00    1.97828E-14
10048.00    1.95811E-14
10052.00    1.95664E-14
10056.00    1.95517E-14
10060.00    1.95370E-14
10064.00    1.95223E-14
10068.00    1.95076E-14
10072.00    1.94929E-14
10076.00    1.94782E-14
10080.00    1.94635E-14
10084.00    1.94488E-14
10088.00    1.94341E-14
10092.00    1.94194E-14
10096.00    1.94047E-14
10100.00    1.93900E-14
10104.00    1.93753E-14
10108.00    1.93606E-14
10112.00    1.93459E-14
10116.00    1.93312E-14
10120.00    1.93165E-14
10124.00    1.93018E-14
10128.00    1.92871E-14
10132.00    1.92724E-14
10136.00    1.92577E-14
10140.00    1.92430E-14
10144.00    1.92283E-14
10148.00    1.92136E-14
10152.00    1.91989E-14
10156.00    1.91842E-14
10160.00    1.91701E-14
10164.00    1.91567E-14
10168.00    1.91478E-14
10172.00    1.91393E-14
10176.00    1.91311E-14
10180.00    1.91233E-14
10184.00    1.91158E-14
10188.00    1.91085E-14
10192.00    1.91016E-14
10196.00    1.90949E-14
10200.00    1.90884E-14
