3.300000000000000000e+03 1.133900000000000096e-13 4.119100000000000250e+01 5.000000000000000000e+01
3.350000000000000000e+03 1.128099999999999883e-13 4.222800000000000153e+01 5.000000000000000000e+01
3.400000000000000000e+03 1.074099999999999937e-13 4.141899999999999693e+01 5.000000000000000000e+01
3.450000000000000000e+03 1.022299999999999971e-13 4.058800000000000097e+01 5.000000000000000000e+01
3.500000000000000000e+03 9.823899999999999671e-14 4.014200000000000301e+01 5.000000000000000000e+01
3.550000000000000000e+03 9.584399999999999783e-14 4.028999999999999915e+01 5.000000000000000000e+01
3.600000000000000000e+03 9.388899999999999505e-14 4.058800000000000097e+01 5.000000000000000000e+01
3.650000000000000000e+03 9.141799999999999730e-14 4.062599999999999767e+01 5.000000000000000000e+01
3.700000000000000000e+03 8.677900000000000061e-14 3.962800000000000011e+01 5.000000000000000000e+01
3.750000000000000000e+03 8.393800000000000039e-14 3.937299999999999756e+01 5.000000000000000000e+01
3.800000000000000000e+03 8.197000000000000312e-14 3.948199999999999932e+01 5.000000000000000000e+01
3.850000000000000000e+03 8.111499999999999061e-14 4.010499999999999687e+01 5.000000000000000000e+01
3.900000000000000000e+03 7.941300000000000200e-14 4.028999999999999915e+01 5.000000000000000000e+01
3.950000000000000000e+03 7.670499999999999981e-14 3.992099999999999937e+01 5.000000000000000000e+01
4.000000000000000000e+03 8.501600000000000095e-14 4.537299999999999756e+01 5.000000000000000000e+01
4.050000000000000000e+03 9.504099999999998852e-14 5.200000000000000000e+01 5.000000000000000000e+01
4.100000000000000000e+03 6.345299999999999983e-14 3.557900000000000063e+01 5.000000000000000000e+01
4.150000000000000000e+03 8.976799999999999928e-14 5.157000000000000028e+01 5.000000000000000000e+01
4.200000000000000000e+03 1.020299999999999954e-13 6.003399999999999892e+01 5.000000000000000000e+01
4.250000000000000000e+03 9.701600000000000030e-14 5.845199999999999818e+01 5.000000000000000000e+01
4.300000000000000000e+03 7.576799999999999582e-14 4.672999999999999687e+01 5.000000000000000000e+01
4.350000000000000000e+03 5.442999999999999501e-14 3.435600000000000165e+01 5.000000000000000000e+01
4.400000000000000000e+03 7.897999999999999516e-14 5.100300000000000011e+01 5.000000000000000000e+01
4.450000000000000000e+03 8.759900000000000367e-14 5.786299999999999955e+01 5.000000000000000000e+01
4.500000000000000000e+03 8.757799999999999801e-14 5.915599999999999881e+01 5.000000000000000000e+01
4.550000000000000000e+03 8.511299999999999286e-14 5.877600000000000335e+01 5.000000000000000000e+01
4.600000000000000000e+03 8.213099999999999608e-14 5.796999999999999886e+01 5.000000000000000000e+01
4.650000000000000000e+03 7.890699999999999891e-14 5.691100000000000136e+01 5.000000000000000000e+01
4.700000000000000000e+03 7.547900000000000079e-14 5.561599999999999966e+01 5.000000000000000000e+01
4.750000000000000000e+03 7.018299999999999993e-14 5.282000000000000028e+01 5.000000000000000000e+01
4.800000000000000000e+03 6.024700000000000572e-14 4.630199999999999960e+01 5.000000000000000000e+01
4.850000000000000000e+03 4.045200000000000020e-14 3.173900000000000077e+01 5.000000000000000000e+01
4.900000000000000000e+03 4.952599999999999894e-14 3.966400000000000148e+01 5.000000000000000000e+01
4.950000000000000000e+03 5.953999999999999167e-14 4.866299999999999670e+01 5.000000000000000000e+01
5.000000000000000000e+03 6.099299999999999062e-14 5.086299999999999955e+01 5.000000000000000000e+01
5.050000000000000000e+03 6.017799999999999612e-14 5.119200000000000017e+01 5.000000000000000000e+01
5.100000000000000000e+03 5.911300000000000267e-14 5.128600000000000136e+01 5.000000000000000000e+01
5.150000000000000000e+03 5.770399999999999575e-14 5.105100000000000193e+01 5.000000000000000000e+01
5.200000000000000000e+03 5.602899999999999279e-14 5.053600000000000136e+01 5.000000000000000000e+01
5.250000000000000000e+03 5.406300000000000147e-14 4.970499999999999829e+01 5.000000000000000000e+01
5.300000000000000000e+03 5.241699999999999642e-14 4.911299999999999955e+01 5.000000000000000000e+01
5.350000000000000000e+03 5.082899999999999980e-14 4.852900000000000347e+01 5.000000000000000000e+01
5.400000000000000000e+03 4.934400000000000033e-14 4.799499999999999744e+01 5.000000000000000000e+01
5.450000000000000000e+03 4.791000000000000108e-14 4.746800000000000352e+01 5.000000000000000000e+01
5.500000000000000000e+03 4.639700000000000036e-14 4.681600000000000250e+01 5.000000000000000000e+01
5.550000000000000000e+03 4.510599999999999733e-14 4.634499999999999886e+01 5.000000000000000000e+01
5.600000000000000000e+03 4.381700000000000025e-14 4.583500000000000085e+01 5.000000000000000000e+01
5.650000000000000000e+03 4.233799999999999968e-14 4.508200000000000074e+01 5.000000000000000000e+01
5.700000000000000000e+03 4.087599999999999920e-14 4.429999999999999716e+01 5.000000000000000000e+01
5.750000000000000000e+03 3.965399999999999946e-14 4.373199999999999932e+01 5.000000000000000000e+01
5.800000000000000000e+03 3.872300000000000070e-14 4.345100000000000051e+01 5.000000000000000000e+01
5.850000000000000000e+03 3.792399999999999698e-14 4.329099999999999682e+01 5.000000000000000000e+01
5.900000000000000000e+03 3.663699999999999954e-14 4.253999999999999915e+01 5.000000000000000000e+01
5.950000000000000000e+03 3.556200000000000160e-14 4.199499999999999744e+01 5.000000000000000000e+01
6.000000000000000000e+03 3.455499999999999766e-14 4.149499999999999744e+01 5.000000000000000000e+01
6.050000000000000000e+03 3.358200000000000019e-14 4.100099999999999767e+01 5.000000000000000000e+01
6.100000000000000000e+03 3.270099999999999869e-14 4.058800000000000097e+01 5.000000000000000000e+01
6.150000000000000000e+03 3.193499999999999847e-14 4.028999999999999915e+01 5.000000000000000000e+01
6.200000000000000000e+03 3.119200000000000356e-14 3.999399999999999977e+01 5.000000000000000000e+01
6.250000000000000000e+03 3.018999999999999556e-14 3.933700000000000330e+01 5.000000000000000000e+01
6.300000000000000000e+03 2.898299999999999626e-14 3.837100000000000222e+01 5.000000000000000000e+01
6.350000000000000000e+03 2.847599999999999650e-14 3.829999999999999716e+01 5.000000000000000000e+01
6.400000000000000000e+03 2.762200000000000274e-14 3.774000000000000199e+01 5.000000000000000000e+01
6.450000000000000000e+03 2.613999999999999641e-14 3.627400000000000091e+01 5.000000000000000000e+01
6.500000000000000000e+03 2.349600000000000156e-14 3.311299999999999955e+01 5.000000000000000000e+01
6.550000000000000000e+03 1.807700000000000087e-14 2.587000000000000099e+01 5.000000000000000000e+01
6.600000000000000000e+03 2.019900000000000183e-14 2.934900000000000020e+01 5.000000000000000000e+01
6.650000000000000000e+03 2.292900000000000004e-14 3.382200000000000273e+01 5.000000000000000000e+01
6.700000000000000000e+03 2.350000000000000084e-14 3.518800000000000239e+01 5.000000000000000000e+01
6.750000000000000000e+03 2.328199999999999927e-14 3.538300000000000267e+01 5.000000000000000000e+01
6.800000000000000000e+03 2.285600000000000063e-14 3.525300000000000011e+01 5.000000000000000000e+01
6.850000000000000000e+03 2.143099999999999976e-14 3.354299999999999926e+01 5.000000000000000000e+01
6.900000000000000000e+03 1.982100000000000081e-14 3.147700000000000031e+01 5.000000000000000000e+01
6.950000000000000000e+03 2.103099999999999957e-14 3.388400000000000034e+01 5.000000000000000000e+01
7.000000000000000000e+03 2.063600000000000163e-14 3.372899999999999920e+01 5.000000000000000000e+01
7.050000000000000000e+03 2.019499999999999940e-14 3.348100000000000165e+01 5.000000000000000000e+01
7.100000000000000000e+03 1.972899999999999853e-14 3.317399999999999949e+01 5.000000000000000000e+01
7.150000000000000000e+03 1.904599999999999907e-14 3.247899999999999920e+01 5.000000000000000000e+01
7.200000000000000000e+03 1.788800000000000037e-14 3.093100000000000094e+01 5.000000000000000000e+01
7.250000000000000000e+03 1.756099999999999959e-14 3.078900000000000148e+01 5.000000000000000000e+01
7.300000000000000000e+03 1.735299999999999937e-14 3.084600000000000009e+01 5.000000000000000000e+01
7.350000000000000000e+03 1.740399999999999960e-14 3.136199999999999832e+01 5.000000000000000000e+01
7.400000000000000000e+03 1.713800000000000041e-14 3.130399999999999849e+01 5.000000000000000000e+01
7.450000000000000000e+03 1.676900000000000092e-14 3.104599999999999937e+01 5.000000000000000000e+01
7.500000000000000000e+03 1.634900000000000120e-14 3.067599999999999838e+01 5.000000000000000000e+01
7.550000000000000000e+03 1.597100000000000018e-14 3.036700000000000088e+01 5.000000000000000000e+01
7.600000000000000000e+03 1.007399999999999922e-14 1.940899999999999892e+01 5.000000000000000000e+01
7.650000000000000000e+03 1.097199999999999922e-14 2.141900000000000048e+01 5.000000000000000000e+01
7.700000000000000000e+03 1.473100000000000054e-14 2.913400000000000034e+01 5.000000000000000000e+01
7.750000000000000000e+03 1.456899999999999830e-14 2.918799999999999883e+01 5.000000000000000000e+01
7.800000000000000000e+03 1.431599999999999991e-14 2.905399999999999849e+01 5.000000000000000000e+01
7.850000000000000000e+03 1.397899999999999937e-14 2.873400000000000176e+01 5.000000000000000000e+01
7.900000000000000000e+03 1.365099999999999877e-14 2.841799999999999926e+01 5.000000000000000000e+01
7.950000000000000000e+03 1.335600000000000009e-14 2.815800000000000125e+01 5.000000000000000000e+01
8.000000000000000000e+03 1.311699999999999916e-14 2.800300000000000011e+01 5.000000000000000000e+01
8.050000000000000000e+03 1.278900000000000015e-14 2.764399999999999835e+01 5.000000000000000000e+01
8.100000000000000000e+03 1.245800000000000009e-14 2.726500000000000057e+01 5.000000000000000000e+01
8.150000000000000000e+03 1.162299999999999974e-14 2.575100000000000122e+01 5.000000000000000000e+01
8.200000000000000000e+03 1.151299999999999913e-14 2.582300000000000040e+01 5.000000000000000000e+01
8.250000000000000000e+03 1.131099999999999940e-14 2.567999999999999972e+01 5.000000000000000000e+01
8.300000000000000000e+03 1.116500000000000058e-14 2.565700000000000003e+01 5.000000000000000000e+01
8.350000000000000000e+03 1.110299999999999918e-14 2.582300000000000040e+01 5.000000000000000000e+01
8.400000000000000000e+03 1.102199999999999963e-14 2.594200000000000017e+01 5.000000000000000000e+01
8.450000000000000000e+03 1.072300000000000010e-14 2.553900000000000148e+01 5.000000000000000000e+01
8.500000000000000000e+03 1.048999999999999967e-14 2.528099999999999881e+01 5.000000000000000000e+01
8.550000000000000000e+03 1.031100000000000051e-14 2.514199999999999946e+01 5.000000000000000000e+01
8.600000000000000000e+03 1.010699999999999956e-14 2.493400000000000105e+01 5.000000000000000000e+01
8.650000000000000000e+03 9.990500000000000130e-15 2.493400000000000105e+01 5.000000000000000000e+01
8.700000000000000000e+03 9.767499999999999464e-15 2.466000000000000014e+01 5.000000000000000000e+01
8.750000000000000000e+03 9.418999999999999422e-15 2.405499999999999972e+01 5.000000000000000000e+01
8.800000000000000000e+03 9.286599999999999085e-15 2.398799999999999955e+01 5.000000000000000000e+01
8.850000000000000000e+03 8.915199999999999400e-15 2.329200000000000159e+01 5.000000000000000000e+01
8.900000000000000000e+03 8.815399999999998844e-15 2.329200000000000159e+01 5.000000000000000000e+01
8.950000000000000000e+03 8.440600000000000721e-15 2.255300000000000082e+01 5.000000000000000000e+01
9.000000000000000000e+03 7.782800000000000169e-15 2.102799999999999869e+01 5.000000000000000000e+01
9.050000000000000000e+03 7.876300000000000603e-15 2.151800000000000068e+01 5.000000000000000000e+01
9.100000000000000000e+03 7.612700000000000028e-15 2.102799999999999869e+01 5.000000000000000000e+01
9.150000000000000000e+03 7.419599999999999316e-15 2.072100000000000009e+01 5.000000000000000000e+01
9.200000000000000000e+03 7.386600000000000554e-15 2.085500000000000043e+01 5.000000000000000000e+01
9.250000000000000000e+03 7.200099999999999595e-15 2.054899999999999949e+01 5.000000000000000000e+01
9.300000000000000000e+03 6.460299999999999682e-15 1.863800000000000168e+01 5.000000000000000000e+01
9.350000000000000000e+03 5.100299999999999671e-15 1.487299999999999933e+01 5.000000000000000000e+01
9.400000000000000000e+03 5.815200000000000303e-15 1.714000000000000057e+01 5.000000000000000000e+01
9.450000000000000000e+03 5.349999999999999765e-15 1.593699999999999939e+01 5.000000000000000000e+01
9.500000000000000000e+03 5.467300000000000310e-15 1.645899999999999963e+01 5.000000000000000000e+01
9.550000000000000000e+03 5.161899999999999726e-15 1.570400000000000063e+01 5.000000000000000000e+01
9.600000000000000000e+03 5.663399999999999690e-15 1.741000000000000014e+01 5.000000000000000000e+01
9.650000000000000000e+03 5.967099999999999478e-15 1.853500000000000014e+01 5.000000000000000000e+01
9.700000000000000000e+03 6.351499999999999966e-15 1.993400000000000105e+01 5.000000000000000000e+01
9.750000000000000000e+03 6.223099999999999694e-15 1.973300000000000054e+01 5.000000000000000000e+01
9.800000000000000000e+03 5.991899999999999408e-15 1.919500000000000028e+01 5.000000000000000000e+01
9.850000000000000000e+03 6.326299999999999477e-15 2.047400000000000020e+01 5.000000000000000000e+01
9.900000000000000000e+03 5.817699999999999851e-15 1.901999999999999957e+01 5.000000000000000000e+01
9.950000000000000000e+03 5.738200000000000038e-15 1.894999999999999929e+01 5.000000000000000000e+01
1.000000000000000000e+04 5.899599999999999860e-15 1.967899999999999849e+01 5.000000000000000000e+01
