#*VMa2
#*
#*  BESSELL 2008 from Heap-Lindler STIS standards
#set .z.units = "Ergs/s/cm**2/A"
#set .z.label = "Flambda"
#set .table.bandwidth = 4.00
#*
 3100.00    4.75782E-15
 3104.00    6.13038E-15
 3108.00    6.32055E-15
 3112.00    6.66081E-15
 3116.00    7.04220E-15
 3120.00    7.42254E-15
 3124.00    7.80287E-15
 3128.00    8.18320E-15
 3132.00    8.56353E-15
 3136.00    8.94386E-15
 3140.00    9.32420E-15
 3144.00    9.69823E-15
 3148.00    1.00175E-14
 3152.00    1.03475E-14
 3156.00    1.07489E-14
 3160.00    1.11929E-14
 3164.00    1.16356E-14
 3168.00    1.20784E-14
 3172.00    1.25211E-14
 3176.00    1.29639E-14
 3180.00    1.34066E-14
 3184.00    1.38494E-14
 3188.00    1.42922E-14
 3192.00    1.47349E-14
 3196.00    1.51790E-14
 3200.00    1.55772E-14
 3204.00    1.58783E-14
 3208.00    1.61286E-14
 3212.00    1.65256E-14
 3216.00    1.69912E-14
 3220.00    1.72131E-14
 3224.00    1.73381E-14
 3228.00    1.76952E-14
 3232.00    1.83306E-14
 3236.00    1.88284E-14
 3240.00    1.91511E-14
 3244.00    1.94132E-14
 3248.00    1.95868E-14
 3252.00    1.95375E-14
 3256.00    1.96639E-14
 3260.00    2.02582E-14
 3264.00    2.07895E-14
 3268.00    2.10640E-14
 3272.00    2.13913E-14
 3276.00    2.17128E-14
 3280.00    2.20309E-14
 3284.00    2.23831E-14
 3288.00    2.24955E-14
 3292.00    2.25872E-14
 3296.00    2.29910E-14
 3300.00    2.34661E-14
 3304.00    2.38123E-14
 3308.00    2.39932E-14
 3312.00    2.39984E-14
 3316.00    2.40396E-14
 3320.00    2.45397E-14
 3324.00    2.52786E-14
 3328.00    2.57027E-14
 3332.00    2.57436E-14
 3336.00    2.58023E-14
 3340.00    2.58949E-14
 3344.00    2.60437E-14
 3348.00    2.62107E-14
 3352.00    2.62071E-14
 3356.00    2.63048E-14
 3360.00    2.67133E-14
 3364.00    2.72429E-14
 3368.00    2.75742E-14
 3372.00    2.75756E-14
 3376.00    2.74333E-14
 3380.00    2.76091E-14
 3384.00    2.78893E-14
 3388.00    2.80363E-14
 3392.00    2.80752E-14
 3396.00    2.80009E-14
 3400.00    2.79139E-14
 3404.00    2.80446E-14
 3408.00    2.83517E-14
 3412.00    2.84779E-14
 3416.00    2.83259E-14
 3420.00    2.80799E-14
 3424.00    2.78743E-14
 3428.00    2.75941E-14
 3432.00    2.71259E-14
 3436.00    2.67020E-14
 3440.00    2.68707E-14
 3444.00    2.77698E-14
 3448.00    2.88934E-14
 3452.00    2.96473E-14
 3456.00    2.99641E-14
 3460.00    3.00393E-14
 3464.00    3.00793E-14
 3468.00    3.02219E-14
 3472.00    3.05679E-14
 3476.00    3.11263E-14
 3480.00    3.16073E-14
 3484.00    3.17843E-14
 3488.00    3.18434E-14
 3492.00    3.20239E-14
 3496.00    3.22640E-14
 3500.00    3.25515E-14
 3504.00    3.28666E-14
 3508.00    3.30589E-14
 3512.00    3.30516E-14
 3516.00    3.30102E-14
 3520.00    3.30717E-14
 3524.00    3.32104E-14
 3528.00    3.33052E-14
 3532.00    3.34019E-14
 3536.00    3.34910E-14
 3540.00    3.34968E-14
 3544.00    3.32223E-14
 3548.00    3.27102E-14
 3552.00    3.21622E-14
 3556.00    3.16668E-14
 3560.00    3.12165E-14
 3564.00    3.08100E-14
 3568.00    3.04935E-14
 3572.00    3.03973E-14
 3576.00    3.05405E-14
 3580.00    3.10026E-14
 3584.00    3.18188E-14
 3588.00    3.28222E-14
 3592.00    3.36597E-14
 3596.00    3.41991E-14
 3600.00    3.44565E-14
 3604.00    3.43348E-14
 3608.00    3.41365E-14
 3612.00    3.41335E-14
 3616.00    3.43155E-14
 3620.00    3.44926E-14
 3624.00    3.47119E-14
 3628.00    3.49637E-14
 3632.00    3.52194E-14
 3636.00    3.53480E-14
 3640.00    3.52910E-14
 3644.00    3.51646E-14
 3648.00    3.51451E-14
 3652.00    3.52621E-14
 3656.00    3.51325E-14
 3660.00    3.46952E-14
 3664.00    3.43889E-14
 3668.00    3.42696E-14
 3672.00    3.38446E-14
 3676.00    3.31591E-14
 3680.00    3.26002E-14
 3684.00    3.21999E-14
 3688.00    3.17745E-14
 3692.00    3.11908E-14
 3696.00    3.02638E-14
 3700.00    2.91390E-14
 3704.00    2.80648E-14
 3708.00    2.68963E-14
 3712.00    2.55364E-14
 3716.00    2.42758E-14
 3720.00    2.36853E-14
 3724.00    2.37771E-14
 3728.00    2.36894E-14
 3732.00    2.31252E-14
 3736.00    2.30124E-14
 3740.00    2.37062E-14
 3744.00    2.47326E-14
 3748.00    2.60021E-14
 3752.00    2.76518E-14
 3756.00    2.91126E-14
 3760.00    3.00636E-14
 3764.00    3.09852E-14
 3768.00    3.19482E-14
 3772.00    3.25874E-14
 3776.00    3.28021E-14
 3780.00    3.26803E-14
 3784.00    3.22236E-14
 3788.00    3.16144E-14
 3792.00    3.10559E-14
 3796.00    3.04331E-14
 3800.00    2.96550E-14
 3804.00    2.87324E-14
 3808.00    2.76631E-14
 3812.00    2.65397E-14
 3816.00    2.54985E-14
 3820.00    2.48427E-14
 3824.00    2.47902E-14
 3828.00    2.50906E-14
 3832.00    2.53150E-14
 3836.00    2.55079E-14
 3840.00    2.58613E-14
 3844.00    2.62799E-14
 3848.00    2.65549E-14
 3852.00    2.65156E-14
 3856.00    2.62732E-14
 3860.00    2.65614E-14
 3864.00    2.75968E-14
 3868.00    2.86935E-14
 3872.00    2.93253E-14
 3876.00    2.96160E-14
 3880.00    2.97452E-14
 3884.00    2.97428E-14
 3888.00    2.96939E-14
 3892.00    2.97005E-14
 3896.00    2.96744E-14
 3900.00    2.94549E-14
 3904.00    2.89462E-14
 3908.00    2.80014E-14
 3912.00    2.66251E-14
 3916.00    2.48579E-14
 3920.00    2.25913E-14
 3924.00    1.96898E-14
 3928.00    1.64846E-14
 3932.00    1.41305E-14
 3936.00    1.40272E-14
 3940.00    1.60065E-14
 3944.00    1.85259E-14
 3948.00    2.04049E-14
 3952.00    2.13660E-14
 3956.00    2.13506E-14
 3960.00    2.02713E-14
 3964.00    1.83262E-14
 3968.00    1.68970E-14
 3972.00    1.75952E-14
 3976.00    2.01685E-14
 3980.00    2.30011E-14
 3984.00    2.53587E-14
 3988.00    2.73176E-14
 3992.00    2.90236E-14
 3996.00    3.04833E-14
 4000.00    3.16831E-14
 4004.00    3.26337E-14
 4008.00    3.34860E-14
 4012.00    3.42730E-14
 4016.00    3.49474E-14
 4020.00    3.54438E-14
 4024.00    3.57405E-14
 4028.00    3.59462E-14
 4032.00    3.62419E-14
 4036.00    3.65515E-14
 4040.00    3.68453E-14
 4044.00    3.73413E-14
 4048.00    3.80050E-14
 4052.00    3.85534E-14
 4056.00    3.88918E-14
 4060.00    3.91861E-14
 4064.00    3.95189E-14
 4068.00    3.98806E-14
 4072.00    4.02412E-14
 4076.00    4.06081E-14
 4080.00    4.10557E-14
 4084.00    4.15391E-14
 4088.00    4.18814E-14
 4092.00    4.19735E-14
 4096.00    4.20006E-14
 4100.00    4.21091E-14
 4104.00    4.23357E-14
 4108.00    4.25221E-14
 4112.00    4.24939E-14
 4116.00    4.24949E-14
 4120.00    4.26929E-14
 4124.00    4.29437E-14
 4128.00    4.30596E-14
 4132.00    4.31728E-14
 4136.00    4.32554E-14
 4140.00    4.31905E-14
 4144.00    4.31299E-14
 4148.00    4.33714E-14
 4152.00    4.36682E-14
 4156.00    4.38049E-14
 4160.00    4.37823E-14
 4164.00    4.37157E-14
 4168.00    4.37259E-14
 4172.00    4.38001E-14
 4176.00    4.38468E-14
 4180.00    4.37517E-14
 4184.00    4.36028E-14
 4188.00    4.35410E-14
 4192.00    4.36000E-14
 4196.00    4.37371E-14
 4200.00    4.38735E-14
 4204.00    4.38809E-14
 4208.00    4.37650E-14
 4212.00    4.35638E-14
 4216.00    4.33199E-14
 4220.00    4.31388E-14
 4224.00    4.31213E-14
 4228.00    4.32664E-14
 4232.00    4.35155E-14
 4236.00    4.37227E-14
 4240.00    4.38307E-14
 4244.00    4.38216E-14
 4248.00    4.37443E-14
 4252.00    4.37354E-14
 4256.00    4.38194E-14
 4260.00    4.39262E-14
 4264.00    4.41025E-14
 4268.00    4.43057E-14
 4272.00    4.43874E-14
 4276.00    4.43755E-14
 4280.00    4.44138E-14
 4284.00    4.45772E-14
 4288.00    4.48207E-14
 4292.00    4.50196E-14
 4296.00    4.51372E-14
 4300.00    4.51936E-14
 4304.00    4.51081E-14
 4308.00    4.50052E-14
 4312.00    4.50694E-14
 4316.00    4.52272E-14
 4320.00    4.54354E-14
 4324.00    4.55984E-14
 4328.00    4.56254E-14
 4332.00    4.56505E-14
 4336.00    4.57332E-14
 4340.00    4.58562E-14
 4344.00    4.59703E-14
 4348.00    4.59923E-14
 4352.00    4.58446E-14
 4356.00    4.56728E-14
 4360.00    4.55405E-14
 4364.00    4.54488E-14
 4368.00    4.54810E-14
 4372.00    4.55538E-14
 4376.00    4.55196E-14
 4380.00    4.54235E-14
 4384.00    4.54189E-14
 4388.00    4.55215E-14
 4392.00    4.56714E-14
 4396.00    4.57342E-14
 4400.00    4.58185E-14
 4404.00    4.59656E-14
 4408.00    4.60734E-14
 4412.00    4.61229E-14
 4416.00    4.62063E-14
 4420.00    4.63573E-14
 4424.00    4.66027E-14
 4428.00    4.68498E-14
 4432.00    4.69603E-14
 4436.00    4.69702E-14
 4440.00    4.70052E-14
 4444.00    4.70524E-14
 4448.00    4.71220E-14
 4452.00    4.72783E-14
 4456.00    4.74110E-14
 4460.00    4.74534E-14
 4464.00    4.75293E-14
 4468.00    4.75890E-14
 4472.00    4.74964E-14
 4476.00    4.73121E-14
 4480.00    4.71407E-14
 4484.00    4.70550E-14
 4488.00    4.70383E-14
 4492.00    4.69922E-14
 4496.00    4.69638E-14
 4500.00    4.69301E-14
 4504.00    4.68657E-14
 4508.00    4.68058E-14
 4512.00    4.68098E-14
 4516.00    4.68624E-14
 4520.00    4.69825E-14
 4524.00    4.71570E-14
 4528.00    4.72044E-14
 4532.00    4.70728E-14
 4536.00    4.69856E-14
 4540.00    4.69997E-14
 4544.00    4.69322E-14
 4548.00    4.68784E-14
 4552.00    4.69119E-14
 4556.00    4.69842E-14
 4560.00    4.69530E-14
 4564.00    4.68143E-14
 4568.00    4.67465E-14
 4572.00    4.68139E-14
 4576.00    4.68905E-14
 4580.00    4.69028E-14
 4584.00    4.68541E-14
 4588.00    4.67524E-14
 4592.00    4.67070E-14
 4596.00    4.66808E-14
 4600.00    4.65624E-14
 4604.00    4.65032E-14
 4608.00    4.65990E-14
 4612.00    4.67382E-14
 4616.00    4.67815E-14
 4620.00    4.67122E-14
 4624.00    4.66522E-14
 4628.00    4.66774E-14
 4632.00    4.67116E-14
 4636.00    4.66821E-14
 4640.00    4.65394E-14
 4644.00    4.63430E-14
 4648.00    4.63063E-14
 4652.00    4.63775E-14
 4656.00    4.64238E-14
 4660.00    4.64209E-14
 4664.00    4.63898E-14
 4668.00    4.63411E-14
 4672.00    4.62258E-14
 4676.00    4.60862E-14
 4680.00    4.60904E-14
 4684.00    4.61839E-14
 4688.00    4.62096E-14
 4692.00    4.61426E-14
 4696.00    4.60491E-14
 4700.00    4.59647E-14
 4704.00    4.58981E-14
 4708.00    4.58279E-14
 4712.00    4.57579E-14
 4716.00    4.56903E-14
 4720.00    4.56193E-14
 4724.00    4.55467E-14
 4728.00    4.54832E-14
 4732.00    4.54332E-14
 4736.00    4.53954E-14
 4740.00    4.53635E-14
 4744.00    4.53231E-14
 4748.00    4.52630E-14
 4752.00    4.51892E-14
 4756.00    4.51162E-14
 4760.00    4.50535E-14
 4764.00    4.49975E-14
 4768.00    4.49373E-14
 4772.00    4.48724E-14
 4776.00    4.48119E-14
 4780.00    4.47653E-14
 4784.00    4.47393E-14
 4788.00    4.47281E-14
 4792.00    4.47163E-14
 4796.00    4.46949E-14
 4800.00    4.46688E-14
 4804.00    4.46436E-14
 4808.00    4.46231E-14
 4812.00    4.46070E-14
 4816.00    4.45926E-14
 4820.00    4.45803E-14
 4824.00    4.45704E-14
 4828.00    4.45671E-14
 4832.00    4.45789E-14
 4836.00    4.45954E-14
 4840.00    4.45945E-14
 4844.00    4.45775E-14
 4848.00    4.45566E-14
 4852.00    4.45348E-14
 4856.00    4.45046E-14
 4860.00    4.44579E-14
 4864.00    4.43967E-14
 4868.00    4.43299E-14
 4872.00    4.42587E-14
 4876.00    4.41889E-14
 4880.00    4.41312E-14
 4884.00    4.40776E-14
 4888.00    4.40138E-14
 4892.00    4.39441E-14
 4896.00    4.38795E-14
 4900.00    4.38253E-14
 4904.00    4.37803E-14
 4908.00    4.37421E-14
 4912.00    4.37077E-14
 4916.00    4.36718E-14
 4920.00    4.36337E-14
 4924.00    4.36004E-14
 4928.00    4.35720E-14
 4932.00    4.35425E-14
 4936.00    4.35054E-14
 4940.00    4.34545E-14
 4944.00    4.33897E-14
 4948.00    4.33255E-14
 4952.00    4.32753E-14
 4956.00    4.32328E-14
 4960.00    4.31889E-14
 4964.00    4.31471E-14
 4968.00    4.31107E-14
 4972.00    4.30790E-14
 4976.00    4.30509E-14
 4980.00    4.30307E-14
 4984.00    4.30226E-14
 4988.00    4.30318E-14
 4992.00    4.30539E-14
 4996.00    4.30792E-14
 5000.00    4.30962E-14
 5004.00    4.31019E-14
 5008.00    4.31020E-14
 5012.00    4.31040E-14
 5016.00    4.31002E-14
 5020.00    4.30750E-14
 5024.00    4.30235E-14
 5028.00    4.29552E-14
 5032.00    4.28843E-14
 5036.00    4.28186E-14
 5040.00    4.27600E-14
 5044.00    4.27085E-14
 5048.00    4.26589E-14
 5052.00    4.26123E-14
 5056.00    4.25820E-14
 5060.00    4.25716E-14
 5064.00    4.25692E-14
 5068.00    4.25686E-14
 5072.00    4.25737E-14
 5076.00    4.25877E-14
 5080.00    4.26035E-14
 5084.00    4.26095E-14
 5088.00    4.26043E-14
 5092.00    4.25897E-14
 5096.00    4.25748E-14
 5100.00    4.25699E-14
 5104.00    4.25718E-14
 5108.00    4.25729E-14
 5112.00    4.25658E-14
 5116.00    4.25445E-14
 5120.00    4.25176E-14
 5124.00    4.24922E-14
 5128.00    4.24710E-14
 5132.00    4.24485E-14
 5136.00    4.24136E-14
 5140.00    4.23649E-14
 5144.00    4.23090E-14
 5148.00    4.22522E-14
 5152.00    4.22034E-14
 5156.00    4.21655E-14
 5160.00    4.21392E-14
 5164.00    4.21242E-14
 5168.00    4.21170E-14
 5172.00    4.21136E-14
 5176.00    4.21193E-14
 5180.00    4.21407E-14
 5184.00    4.21795E-14
 5188.00    4.22211E-14
 5192.00    4.22502E-14
 5196.00    4.22650E-14
 5200.00    4.22714E-14
 5204.00    4.22784E-14
 5208.00    4.22924E-14
 5212.00    4.23079E-14
 5216.00    4.23123E-14
 5220.00    4.22925E-14
 5224.00    4.22564E-14
 5228.00    4.22245E-14
 5232.00    4.22007E-14
 5236.00    4.21760E-14
 5240.00    4.21384E-14
 5244.00    4.20825E-14
 5248.00    4.20156E-14
 5252.00    4.19524E-14
 5256.00    4.19016E-14
 5260.00    4.18636E-14
 5264.00    4.18341E-14
 5268.00    4.18095E-14
 5272.00    4.17899E-14
 5276.00    4.17767E-14
 5280.00    4.17723E-14
 5284.00    4.17687E-14
 5288.00    4.17568E-14
 5292.00    4.17360E-14
 5296.00    4.17067E-14
 5300.00    4.16670E-14
 5304.00    4.16201E-14
 5308.00    4.15743E-14
 5312.00    4.15353E-14
 5316.00    4.14980E-14
 5320.00    4.14606E-14
 5324.00    4.14292E-14
 5328.00    4.14040E-14
 5332.00    4.13792E-14
 5336.00    4.13532E-14
 5340.00    4.13258E-14
 5344.00    4.12982E-14
 5348.00    4.12632E-14
 5352.00    4.12202E-14
 5356.00    4.11801E-14
 5360.00    4.11525E-14
 5364.00    4.11315E-14
 5368.00    4.11056E-14
 5372.00    4.10696E-14
 5376.00    4.10302E-14
 5380.00    4.09904E-14
 5384.00    4.09466E-14
 5388.00    4.09026E-14
 5392.00    4.08610E-14
 5396.00    4.08147E-14
 5400.00    4.07613E-14
 5404.00    4.07105E-14
 5408.00    4.06679E-14
 5412.00    4.06264E-14
 5416.00    4.05823E-14
 5420.00    4.05449E-14
 5424.00    4.05198E-14
 5428.00    4.05016E-14
 5432.00    4.04837E-14
 5436.00    4.04712E-14
 5440.00    4.04650E-14
 5444.00    4.04574E-14
 5448.00    4.04517E-14
 5452.00    4.04514E-14
 5456.00    4.04475E-14
 5460.00    4.04337E-14
 5464.00    4.04113E-14
 5468.00    4.03892E-14
 5472.00    4.03683E-14
 5476.00    4.03416E-14
 5480.00    4.03082E-14
 5484.00    4.02717E-14
 5488.00    4.02235E-14
 5492.00    4.01692E-14
 5496.00    4.01242E-14
 5500.00    4.00897E-14
 5504.00    4.00556E-14
 5508.00    4.00119E-14
 5512.00    3.99602E-14
 5516.00    3.99140E-14
 5520.00    3.98808E-14
 5524.00    3.98589E-14
 5528.00    3.98410E-14
 5532.00    3.98145E-14
 5536.00    3.97795E-14
 5540.00    3.97478E-14
 5544.00    3.97268E-14
 5548.00    3.97117E-14
 5552.00    3.96867E-14
 5556.00    3.96393E-14
 5560.00    3.95723E-14
 5564.00    3.94975E-14
 5568.00    3.94309E-14
 5572.00    3.93762E-14
 5576.00    3.93257E-14
 5580.00    3.92766E-14
 5584.00    3.92266E-14
 5588.00    3.91797E-14
 5592.00    3.91468E-14
 5596.00    3.91351E-14
 5600.00    3.91418E-14
 5604.00    3.91499E-14
 5608.00    3.91400E-14
 5612.00    3.91103E-14
 5616.00    3.90723E-14
 5620.00    3.90351E-14
 5624.00    3.89981E-14
 5628.00    3.89517E-14
 5632.00    3.88881E-14
 5636.00    3.88060E-14
 5640.00    3.87169E-14
 5644.00    3.86406E-14
 5648.00    3.85912E-14
 5652.00    3.85617E-14
 5656.00    3.85387E-14
 5660.00    3.85185E-14
 5664.00    3.85042E-14
 5668.00    3.84963E-14
 5672.00    3.84939E-14
 5676.00    3.84818E-14
 5680.00    3.84405E-14
 5684.00    3.83753E-14
 5688.00    3.83095E-14
 5692.00    3.82547E-14
 5696.00    3.82108E-14
 5700.00    3.81730E-14
 5704.00    3.81351E-14
 5708.00    3.80976E-14
 5712.00    3.80689E-14
 5716.00    3.80574E-14
 5720.00    3.80527E-14
 5724.00    3.80321E-14
 5728.00    3.79872E-14
 5732.00    3.79348E-14
 5736.00    3.78931E-14
 5740.00    3.78656E-14
 5744.00    3.78380E-14
 5748.00    3.78015E-14
 5752.00    3.77672E-14
 5756.00    3.77450E-14
 5760.00    3.77232E-14
 5764.00    3.76899E-14
 5768.00    3.76399E-14
 5772.00    3.75711E-14
 5776.00    3.74890E-14
 5780.00    3.74076E-14
 5784.00    3.73394E-14
 5788.00    3.72829E-14
 5792.00    3.72316E-14
 5796.00    3.71836E-14
 5800.00    3.71447E-14
 5804.00    3.71140E-14
 5808.00    3.70827E-14
 5812.00    3.70471E-14
 5816.00    3.70113E-14
 5820.00    3.69754E-14
 5824.00    3.69395E-14
 5828.00    3.69036E-14
 5832.00    3.68677E-14
 5836.00    3.68319E-14
 5840.00    3.67960E-14
 5844.00    3.67601E-14
 5848.00    3.67242E-14
 5852.00    3.66883E-14
 5856.00    3.66525E-14
 5860.00    3.66166E-14
 5864.00    3.65807E-14
 5868.00    3.65448E-14
 5872.00    3.65089E-14
 5876.00    3.64731E-14
 5880.00    3.64372E-14
 5884.00    3.64013E-14
 5888.00    3.63654E-14
 5892.00    3.63296E-14
 5896.00    3.62937E-14
 5900.00    3.62578E-14
 5904.00    3.62219E-14
 5908.00    3.61860E-14
 5912.00    3.61502E-14
 5916.00    3.61143E-14
 5920.00    3.60784E-14
 5924.00    3.60425E-14
 5928.00    3.60066E-14
 5932.00    3.59708E-14
 5936.00    3.59340E-14
 5940.00    3.58921E-14
 5944.00    3.58418E-14
 5948.00    3.57853E-14
 5952.00    3.57282E-14
 5956.00    3.56731E-14
 5960.00    3.56166E-14
 5964.00    3.55617E-14
 5968.00    3.55190E-14
 5972.00    3.54926E-14
 5976.00    3.54746E-14
 5980.00    3.54554E-14
 5984.00    3.54336E-14
 5988.00    3.54119E-14
 5992.00    3.53988E-14
 5996.00    3.54006E-14
 6000.00    3.54058E-14
 6004.00    3.53944E-14
 6008.00    3.53598E-14
 6012.00    3.53171E-14
 6016.00    3.52738E-14
 6020.00    3.52257E-14
 6024.00    3.51702E-14
 6028.00    3.51066E-14
 6032.00    3.50325E-14
 6036.00    3.49588E-14
 6040.00    3.48981E-14
 6044.00    3.48505E-14
 6048.00    3.48121E-14
 6052.00    3.47799E-14
 6056.00    3.47512E-14
 6060.00    3.47228E-14
 6064.00    3.46943E-14
 6068.00    3.46659E-14
 6072.00    3.46374E-14
 6076.00    3.46089E-14
 6080.00    3.45805E-14
 6084.00    3.45520E-14
 6088.00    3.45236E-14
 6092.00    3.44951E-14
 6096.00    3.44666E-14
 6100.00    3.44382E-14
 6104.00    3.44097E-14
 6108.00    3.43812E-14
 6112.00    3.43528E-14
 6116.00    3.43243E-14
 6120.00    3.42959E-14
 6124.00    3.42674E-14
 6128.00    3.42389E-14
 6132.00    3.42105E-14
 6136.00    3.41820E-14
 6140.00    3.41535E-14
 6144.00    3.41251E-14
 6148.00    3.40966E-14
 6152.00    3.40682E-14
 6156.00    3.40375E-14
 6160.00    3.39978E-14
 6164.00    3.39418E-14
 6168.00    3.38733E-14
 6172.00    3.38111E-14
 6176.00    3.37620E-14
 6180.00    3.37109E-14
 6184.00    3.36521E-14
 6188.00    3.35870E-14
 6192.00    3.35190E-14
 6196.00    3.34550E-14
 6200.00    3.34007E-14
 6204.00    3.33591E-14
 6208.00    3.33203E-14
 6212.00    3.32708E-14
 6216.00    3.32181E-14
 6220.00    3.31736E-14
 6224.00    3.31330E-14
 6228.00    3.30849E-14
 6232.00    3.30314E-14
 6236.00    3.29850E-14
 6240.00    3.29542E-14
 6244.00    3.29340E-14
 6248.00    3.29184E-14
 6252.00    3.29027E-14
 6256.00    3.28854E-14
 6260.00    3.28629E-14
 6264.00    3.28381E-14
 6268.00    3.28151E-14
 6272.00    3.27884E-14
 6276.00    3.27474E-14
 6280.00    3.26926E-14
 6284.00    3.26377E-14
 6288.00    3.25969E-14
 6292.00    3.25647E-14
 6296.00    3.25386E-14
 6300.00    3.25194E-14
 6304.00    3.25055E-14
 6308.00    3.24904E-14
 6312.00    3.24720E-14
 6316.00    3.24474E-14
 6320.00    3.24231E-14
 6324.00    3.24037E-14
 6328.00    3.23815E-14
 6332.00    3.23488E-14
 6336.00    3.23158E-14
 6340.00    3.22908E-14
 6344.00    3.22652E-14
 6348.00    3.22310E-14
 6352.00    3.21947E-14
 6356.00    3.21633E-14
 6360.00    3.21311E-14
 6364.00    3.20946E-14
 6368.00    3.20650E-14
 6372.00    3.20465E-14
 6376.00    3.20293E-14
 6380.00    3.20070E-14
 6384.00    3.19819E-14
 6388.00    3.19601E-14
 6392.00    3.19397E-14
 6396.00    3.19179E-14
 6400.00    3.18938E-14
 6404.00    3.18704E-14
 6408.00    3.18451E-14
 6412.00    3.18146E-14
 6416.00    3.17807E-14
 6420.00    3.17522E-14
 6424.00    3.17302E-14
 6428.00    3.17071E-14
 6432.00    3.16808E-14
 6436.00    3.16545E-14
 6440.00    3.16306E-14
 6444.00    3.16077E-14
 6448.00    3.15816E-14
 6452.00    3.15582E-14
 6456.00    3.15397E-14
 6460.00    3.15145E-14
 6464.00    3.14842E-14
 6468.00    3.14608E-14
 6472.00    3.14411E-14
 6476.00    3.14176E-14
 6480.00    3.13932E-14
 6484.00    3.13742E-14
 6488.00    3.13590E-14
 6492.00    3.13445E-14
 6496.00    3.13376E-14
 6500.00    3.13350E-14
 6504.00    3.13259E-14
 6508.00    3.13105E-14
 6512.00    3.12968E-14
 6516.00    3.12897E-14
 6520.00    3.12863E-14
 6524.00    3.12802E-14
 6528.00    3.12651E-14
 6532.00    3.12394E-14
 6536.00    3.12075E-14
 6540.00    3.11749E-14
 6544.00    3.11424E-14
 6548.00    3.11093E-14
 6552.00    3.10724E-14
 6556.00    3.10267E-14
 6560.00    3.09788E-14
 6564.00    3.09422E-14
 6568.00    3.09162E-14
 6572.00    3.08942E-14
 6576.00    3.08745E-14
 6580.00    3.08525E-14
 6584.00    3.08208E-14
 6588.00    3.07834E-14
 6592.00    3.07492E-14
 6596.00    3.07194E-14
 6600.00    3.06874E-14
 6604.00    3.06556E-14
 6608.00    3.06289E-14
 6612.00    3.06048E-14
 6616.00    3.05814E-14
 6620.00    3.05657E-14
 6624.00    3.05584E-14
 6628.00    3.05488E-14
 6632.00    3.05341E-14
 6636.00    3.05212E-14
 6640.00    3.05062E-14
 6644.00    3.04831E-14
 6648.00    3.04542E-14
 6652.00    3.04277E-14
 6656.00    3.04089E-14
 6660.00    3.03931E-14
 6664.00    3.03824E-14
 6668.00    3.03761E-14
 6672.00    3.03620E-14
 6676.00    3.03348E-14
 6680.00    3.03002E-14
 6684.00    3.02686E-14
 6688.00    3.02414E-14
 6692.00    3.02120E-14
 6696.00    3.01782E-14
 6700.00    3.01464E-14
 6704.00    3.01187E-14
 6708.00    3.00938E-14
 6712.00    3.00667E-14
 6716.00    3.00393E-14
 6720.00    3.00083E-14
 6724.00    2.99754E-14
 6728.00    2.99439E-14
 6732.00    2.99158E-14
 6736.00    2.98864E-14
 6740.00    2.98493E-14
 6744.00    2.98073E-14
 6748.00    2.97734E-14
 6752.00    2.97458E-14
 6756.00    2.97179E-14
 6760.00    2.96835E-14
 6764.00    2.96385E-14
 6768.00    2.95891E-14
 6772.00    2.95466E-14
 6776.00    2.95173E-14
 6780.00    2.95024E-14
 6784.00    2.94890E-14
 6788.00    2.94786E-14
 6792.00    2.94721E-14
 6796.00    2.94648E-14
 6800.00    2.94565E-14
 6804.00    2.94444E-14
 6808.00    2.94242E-14
 6812.00    2.93934E-14
 6816.00    2.93530E-14
 6820.00    2.93164E-14
 6824.00    2.92843E-14
 6828.00    2.92461E-14
 6832.00    2.92068E-14
 6836.00    2.91773E-14
 6840.00    2.91572E-14
 6844.00    2.91414E-14
 6848.00    2.91341E-14
 6852.00    2.91225E-14
 6856.00    2.90822E-14
 6860.00    2.90112E-14
 6864.00    2.89398E-14
 6868.00    2.88859E-14
 6872.00    2.88417E-14
 6876.00    2.87903E-14
 6880.00    2.87375E-14
 6884.00    2.86915E-14
 6888.00    2.86543E-14
 6892.00    2.86393E-14
 6896.00    2.86522E-14
 6900.00    2.86720E-14
 6904.00    2.86795E-14
 6908.00    2.86700E-14
 6912.00    2.86614E-14
 6916.00    2.86664E-14
 6920.00    2.86716E-14
 6924.00    2.86653E-14
 6928.00    2.86532E-14
 6932.00    2.86415E-14
 6936.00    2.86308E-14
 6940.00    2.86145E-14
 6944.00    2.85852E-14
 6948.00    2.85458E-14
 6952.00    2.84993E-14
 6956.00    2.84521E-14
 6960.00    2.84086E-14
 6964.00    2.83696E-14
 6968.00    2.83390E-14
 6972.00    2.83141E-14
 6976.00    2.82954E-14
 6980.00    2.82907E-14
 6984.00    2.82962E-14
 6988.00    2.82931E-14
 6992.00    2.82777E-14
 6996.00    2.82570E-14
 7000.00    2.82305E-14
 7004.00    2.81973E-14
 7008.00    2.81631E-14
 7012.00    2.81272E-14
 7016.00    2.80845E-14
 7020.00    2.80448E-14
 7024.00    2.80217E-14
 7028.00    2.80121E-14
 7032.00    2.79983E-14
 7036.00    2.79793E-14
 7040.00    2.79570E-14
 7044.00    2.79219E-14
 7048.00    2.78788E-14
 7052.00    2.78423E-14
 7056.00    2.78093E-14
 7060.00    2.77715E-14
 7064.00    2.77242E-14
 7068.00    2.76680E-14
 7072.00    2.76071E-14
 7076.00    2.75438E-14
 7080.00    2.74903E-14
 7084.00    2.74505E-14
 7088.00    2.74153E-14
 7092.00    2.73830E-14
 7096.00    2.73548E-14
 7100.00    2.73302E-14
 7104.00    2.73114E-14
 7108.00    2.72966E-14
 7112.00    2.72874E-14
 7116.00    2.72786E-14
 7120.00    2.72522E-14
 7124.00    2.72085E-14
 7128.00    2.71632E-14
 7132.00    2.71199E-14
 7136.00    2.70783E-14
 7140.00    2.70462E-14
 7144.00    2.70327E-14
 7148.00    2.70288E-14
 7152.00    2.70156E-14
 7156.00    2.69909E-14
 7160.00    2.69636E-14
 7164.00    2.69444E-14
 7168.00    2.69366E-14
 7172.00    2.69379E-14
 7176.00    2.69351E-14
 7180.00    2.69133E-14
 7184.00    2.68736E-14
 7188.00    2.68354E-14
 7192.00    2.68089E-14
 7196.00    2.67910E-14
 7200.00    2.67631E-14
 7204.00    2.67169E-14
 7208.00    2.66661E-14
 7212.00    2.66261E-14
 7216.00    2.66021E-14
 7220.00    2.65889E-14
 7224.00    2.65714E-14
 7228.00    2.65478E-14
 7232.00    2.65266E-14
 7236.00    2.65079E-14
 7240.00    2.64841E-14
 7244.00    2.64505E-14
 7248.00    2.64059E-14
 7252.00    2.63516E-14
 7256.00    2.63025E-14
 7260.00    2.62647E-14
 7264.00    2.62326E-14
 7268.00    2.62046E-14
 7272.00    2.61805E-14
 7276.00    2.61586E-14
 7280.00    2.61443E-14
 7284.00    2.61296E-14
 7288.00    2.61066E-14
 7292.00    2.60733E-14
 7296.00    2.60349E-14
 7300.00    2.59995E-14
 7304.00    2.59670E-14
 7308.00    2.59352E-14
 7312.00    2.59080E-14
 7316.00    2.58872E-14
 7320.00    2.58717E-14
 7324.00    2.58641E-14
 7328.00    2.58611E-14
 7332.00    2.58494E-14
 7336.00    2.58255E-14
 7340.00    2.57948E-14
 7344.00    2.57544E-14
 7348.00    2.57058E-14
 7352.00    2.56600E-14
 7356.00    2.56143E-14
 7360.00    2.55608E-14
 7364.00    2.55054E-14
 7368.00    2.54506E-14
 7372.00    2.54011E-14
 7376.00    2.53588E-14
 7380.00    2.53159E-14
 7384.00    2.52715E-14
 7388.00    2.52298E-14
 7392.00    2.51894E-14
 7396.00    2.51553E-14
 7400.00    2.51314E-14
 7404.00    2.51220E-14
 7408.00    2.51247E-14
 7412.00    2.51221E-14
 7416.00    2.51155E-14
 7420.00    2.51138E-14
 7424.00    2.51091E-14
 7428.00    2.50975E-14
 7432.00    2.50841E-14
 7436.00    2.50700E-14
 7440.00    2.50475E-14
 7444.00    2.50096E-14
 7448.00    2.49686E-14
 7452.00    2.49327E-14
 7456.00    2.48949E-14
 7460.00    2.48553E-14
 7464.00    2.48223E-14
 7468.00    2.47906E-14
 7472.00    2.47598E-14
 7476.00    2.47320E-14
 7480.00    2.47118E-14
 7484.00    2.46911E-14
 7488.00    2.46623E-14
 7492.00    2.46286E-14
 7496.00    2.45949E-14
 7500.00    2.45603E-14
 7504.00    2.45256E-14
 7508.00    2.44899E-14
 7512.00    2.44578E-14
 7516.00    2.44319E-14
 7520.00    2.44121E-14
 7524.00    2.43934E-14
 7528.00    2.43744E-14
 7532.00    2.43598E-14
 7536.00    2.43486E-14
 7540.00    2.43340E-14
 7544.00    2.43135E-14
 7548.00    2.42908E-14
 7552.00    2.42643E-14
 7556.00    2.42344E-14
 7560.00    2.42081E-14
 7564.00    2.41871E-14
 7568.00    2.41643E-14
 7572.00    2.41360E-14
 7576.00    2.41060E-14
 7580.00    2.40779E-14
 7584.00    2.40514E-14
 7588.00    2.40251E-14
 7592.00    2.39988E-14
 7596.00    2.39725E-14
 7600.00    2.39463E-14
 7604.00    2.39201E-14
 7608.00    2.38939E-14
 7612.00    2.38677E-14
 7616.00    2.38416E-14
 7620.00    2.38155E-14
 7624.00    2.37894E-14
 7628.00    2.37634E-14
 7632.00    2.37374E-14
 7636.00    2.37114E-14
 7640.00    2.36855E-14
 7644.00    2.36596E-14
 7648.00    2.36337E-14
 7652.00    2.36078E-14
 7656.00    2.35820E-14
 7660.00    2.35562E-14
 7664.00    2.35305E-14
 7668.00    2.35047E-14
 7672.00    2.34790E-14
 7676.00    2.34533E-14
 7680.00    2.34277E-14
 7684.00    2.34028E-14
 7688.00    2.33803E-14
 7692.00    2.33613E-14
 7696.00    2.33417E-14
 7700.00    2.33172E-14
 7704.00    2.32923E-14
 7708.00    2.32729E-14
 7712.00    2.32542E-14
 7716.00    2.32331E-14
 7720.00    2.32132E-14
 7724.00    2.31968E-14
 7728.00    2.31837E-14
 7732.00    2.31758E-14
 7736.00    2.31743E-14
 7740.00    2.31682E-14
 7744.00    2.31393E-14
 7748.00    2.30955E-14
 7752.00    2.30549E-14
 7756.00    2.30178E-14
 7760.00    2.29725E-14
 7764.00    2.29193E-14
 7768.00    2.28714E-14
 7772.00    2.28351E-14
 7776.00    2.28040E-14
 7780.00    2.27815E-14
 7784.00    2.27750E-14
 7788.00    2.27724E-14
 7792.00    2.27552E-14
 7796.00    2.27290E-14
 7800.00    2.27073E-14
 7804.00    2.26887E-14
 7808.00    2.26682E-14
 7812.00    2.26500E-14
 7816.00    2.26431E-14
 7820.00    2.26359E-14
 7824.00    2.26131E-14
 7828.00    2.25805E-14
 7832.00    2.25552E-14
 7836.00    2.25342E-14
 7840.00    2.25019E-14
 7844.00    2.24532E-14
 7848.00    2.23980E-14
 7852.00    2.23539E-14
 7856.00    2.23243E-14
 7860.00    2.22945E-14
 7864.00    2.22665E-14
 7868.00    2.22474E-14
 7872.00    2.22341E-14
 7876.00    2.22211E-14
 7880.00    2.22069E-14
 7884.00    2.21922E-14
 7888.00    2.21736E-14
 7892.00    2.21473E-14
 7896.00    2.21281E-14
 7900.00    2.21229E-14
 7904.00    2.21137E-14
 7908.00    2.20889E-14
 7912.00    2.20556E-14
 7916.00    2.20261E-14
 7920.00    2.19991E-14
 7924.00    2.19688E-14
 7928.00    2.19338E-14
 7932.00    2.18945E-14
 7936.00    2.18540E-14
 7940.00    2.18142E-14
 7944.00    2.17774E-14
 7948.00    2.17460E-14
 7952.00    2.17176E-14
 7956.00    2.16891E-14
 7960.00    2.16616E-14
 7964.00    2.16348E-14
 7968.00    2.16056E-14
 7972.00    2.15726E-14
 7976.00    2.15353E-14
 7980.00    2.14947E-14
 7984.00    2.14489E-14
 7988.00    2.14005E-14
 7992.00    2.13560E-14
 7996.00    2.13183E-14
 8000.00    2.12840E-14
 8004.00    2.12563E-14
 8008.00    2.12338E-14
 8012.00    2.12188E-14
 8016.00    2.12073E-14
 8020.00    2.11912E-14
 8024.00    2.11687E-14
 8028.00    2.11523E-14
 8032.00    2.11408E-14
 8036.00    2.11231E-14
 8040.00    2.10958E-14
 8044.00    2.10665E-14
 8048.00    2.10410E-14
 8052.00    2.10156E-14
 8056.00    2.09915E-14
 8060.00    2.09720E-14
 8064.00    2.09487E-14
 8068.00    2.09191E-14
 8072.00    2.08942E-14
 8076.00    2.08796E-14
 8080.00    2.08680E-14
 8084.00    2.08503E-14
 8088.00    2.08285E-14
 8092.00    2.08109E-14
 8096.00    2.07937E-14
 8100.00    2.07740E-14
 8104.00    2.07550E-14
 8108.00    2.07362E-14
 8112.00    2.07134E-14
 8116.00    2.06877E-14
 8120.00    2.06628E-14
 8124.00    2.06463E-14
 8128.00    2.06390E-14
 8132.00    2.06340E-14
 8136.00    2.06255E-14
 8140.00    2.06136E-14
 8144.00    2.06035E-14
 8148.00    2.05973E-14
 8152.00    2.05901E-14
 8156.00    2.05863E-14
 8160.00    2.05820E-14
 8164.00    2.05550E-14
 8168.00    2.05022E-14
 8172.00    2.04465E-14
 8176.00    2.03954E-14
 8180.00    2.03412E-14
 8184.00    2.02810E-14
 8188.00    2.02254E-14
 8192.00    2.01828E-14
 8196.00    2.01381E-14
 8200.00    2.00983E-14
 8204.00    2.00850E-14
 8208.00    2.00987E-14
 8212.00    2.01149E-14
 8216.00    2.01161E-14
 8220.00    2.01126E-14
 8224.00    2.01144E-14
 8228.00    2.01023E-14
 8232.00    2.00754E-14
 8236.00    2.00507E-14
 8240.00    2.00237E-14
 8244.00    1.99748E-14
 8248.00    1.99129E-14
 8252.00    1.98684E-14
 8256.00    1.98468E-14
 8260.00    1.98281E-14
 8264.00    1.98158E-14
 8268.00    1.98131E-14
 8272.00    1.98045E-14
 8276.00    1.97871E-14
 8280.00    1.97741E-14
 8284.00    1.97696E-14
 8288.00    1.97557E-14
 8292.00    1.97243E-14
 8296.00    1.96858E-14
 8300.00    1.96587E-14
 8304.00    1.96397E-14
 8308.00    1.96244E-14
 8312.00    1.96103E-14
 8316.00    1.95860E-14
 8320.00    1.95508E-14
 8324.00    1.95270E-14
 8328.00    1.95202E-14
 8332.00    1.95242E-14
 8336.00    1.95191E-14
 8340.00    1.94981E-14
 8344.00    1.94758E-14
 8348.00    1.94490E-14
 8352.00    1.94099E-14
 8356.00    1.93702E-14
 8360.00    1.93295E-14
 8364.00    1.92765E-14
 8368.00    1.92184E-14
 8372.00    1.91712E-14
 8376.00    1.91426E-14
 8380.00    1.91226E-14
 8384.00    1.91044E-14
 8388.00    1.91013E-14
 8392.00    1.91096E-14
 8396.00    1.91116E-14
 8400.00    1.91071E-14
 8404.00    1.91012E-14
 8408.00    1.90875E-14
 8412.00    1.90647E-14
 8416.00    1.90429E-14
 8420.00    1.90244E-14
 8424.00    1.90021E-14
 8428.00    1.89671E-14
 8432.00    1.89208E-14
 8436.00    1.88708E-14
 8440.00    1.88293E-14
 8444.00    1.87981E-14
 8448.00    1.87727E-14
 8452.00    1.87530E-14
 8456.00    1.87330E-14
 8460.00    1.87098E-14
 8464.00    1.86842E-14
 8468.00    1.86615E-14
 8472.00    1.86362E-14
 8476.00    1.86001E-14
 8480.00    1.85594E-14
 8484.00    1.85263E-14
 8488.00    1.84991E-14
 8492.00    1.84790E-14
 8496.00    1.84702E-14
 8500.00    1.84615E-14
 8504.00    1.84434E-14
 8508.00    1.84209E-14
 8512.00    1.83970E-14
 8516.00    1.83628E-14
 8520.00    1.83158E-14
 8524.00    1.82638E-14
 8528.00    1.82142E-14
 8532.00    1.81665E-14
 8536.00    1.81293E-14
 8540.00    1.81043E-14
 8544.00    1.80857E-14
 8548.00    1.80704E-14
 8552.00    1.80626E-14
 8556.00    1.80584E-14
 8560.00    1.80532E-14
 8564.00    1.80455E-14
 8568.00    1.80358E-14
 8572.00    1.80290E-14
 8576.00    1.80281E-14
 8580.00    1.80299E-14
 8584.00    1.80258E-14
 8588.00    1.80110E-14
 8592.00    1.79891E-14
 8596.00    1.79632E-14
 8600.00    1.79330E-14
 8604.00    1.79081E-14
 8608.00    1.78840E-14
 8612.00    1.78495E-14
 8616.00    1.78125E-14
 8620.00    1.77934E-14
 8624.00    1.77904E-14
 8628.00    1.77946E-14
 8632.00    1.78041E-14
 8636.00    1.78126E-14
 8640.00    1.78003E-14
 8644.00    1.77630E-14
 8648.00    1.77256E-14
 8652.00    1.76988E-14
 8656.00    1.76623E-14
 8660.00    1.76178E-14
 8664.00    1.75825E-14
 8668.00    1.75511E-14
 8672.00    1.75126E-14
 8676.00    1.74772E-14
 8680.00    1.74537E-14
 8684.00    1.74349E-14
 8688.00    1.74147E-14
 8692.00    1.74010E-14
 8696.00    1.73896E-14
 8700.00    1.73652E-14
 8704.00    1.73322E-14
 8708.00    1.73052E-14
 8712.00    1.72902E-14
 8716.00    1.72861E-14
 8720.00    1.72841E-14
 8724.00    1.72721E-14
 8728.00    1.72440E-14
 8732.00    1.72074E-14
 8736.00    1.71821E-14
 8740.00    1.71735E-14
 8744.00    1.71685E-14
 8748.00    1.71540E-14
 8752.00    1.71251E-14
 8756.00    1.70898E-14
 8760.00    1.70671E-14
 8764.00    1.70648E-14
 8768.00    1.70741E-14
 8772.00    1.70784E-14
 8776.00    1.70679E-14
 8780.00    1.70473E-14
 8784.00    1.70243E-14
 8788.00    1.70079E-14
 8792.00    1.69944E-14
 8796.00    1.69728E-14
 8800.00    1.69317E-14
 8804.00    1.68811E-14
 8808.00    1.68396E-14
 8812.00    1.68157E-14
 8816.00    1.68015E-14
 8820.00    1.67912E-14
 8824.00    1.67788E-14
 8828.00    1.67602E-14
 8832.00    1.67420E-14
 8836.00    1.67308E-14
 8840.00    1.67228E-14
 8844.00    1.67137E-14
 8848.00    1.66981E-14
 8852.00    1.66841E-14
 8856.00    1.66806E-14
 8860.00    1.66779E-14
 8864.00    1.66675E-14
 8868.00    1.66527E-14
 8872.00    1.66353E-14
 8876.00    1.66153E-14
 8880.00    1.66016E-14
 8884.00    1.66013E-14
 8888.00    1.66020E-14
 8892.00    1.65914E-14
 8896.00    1.65783E-14
 8900.00    1.65722E-14
 8904.00    1.65717E-14
 8908.00    1.65669E-14
 8912.00    1.65540E-14
 8916.00    1.65276E-14
 8920.00    1.64873E-14
 8924.00    1.64440E-14
 8928.00    1.64063E-14
 8932.00    1.63684E-14
 8936.00    1.63231E-14
 8940.00    1.62758E-14
 8944.00    1.62318E-14
 8948.00    1.61924E-14
 8952.00    1.61710E-14
 8956.00    1.61655E-14
 8960.00    1.61614E-14
 8964.00    1.61626E-14
 8968.00    1.61929E-14
 8972.00    1.62386E-14
 8976.00    1.62695E-14
 8980.00    1.62854E-14
 8984.00    1.62941E-14
 8988.00    1.62826E-14
 8992.00    1.62522E-14
 8996.00    1.62210E-14
 9000.00    1.61903E-14
 9004.00    1.61473E-14
 9008.00    1.60868E-14
 9012.00    1.60374E-14
 9016.00    1.60010E-14
 9020.00    1.59658E-14
 9024.00    1.59382E-14
 9028.00    1.59181E-14
 9032.00    1.58899E-14
 9036.00    1.58537E-14
 9040.00    1.58249E-14
 9044.00    1.58096E-14
 9048.00    1.58090E-14
 9052.00    1.58247E-14
 9056.00    1.58398E-14
 9060.00    1.58464E-14
 9064.00    1.58642E-14
 9068.00    1.58948E-14
 9072.00    1.59182E-14
 9076.00    1.59248E-14
 9080.00    1.59123E-14
 9084.00    1.58889E-14
 9088.00    1.58530E-14
 9092.00    1.57999E-14
 9096.00    1.57482E-14
 9100.00    1.57027E-14
 9104.00    1.56498E-14
 9108.00    1.56023E-14
 9112.00    1.55764E-14
 9116.00    1.55554E-14
 9120.00    1.55103E-14
 9124.00    1.54496E-14
 9128.00    1.54121E-14
 9132.00    1.54069E-14
 9136.00    1.53940E-14
 9140.00    1.53546E-14
 9144.00    1.53088E-14
 9148.00    1.52719E-14
 9152.00    1.52515E-14
 9156.00    1.52702E-14
 9160.00    1.53140E-14
 9164.00    1.53465E-14
 9168.00    1.53496E-14
 9172.00    1.53443E-14
 9176.00    1.53488E-14
 9180.00    1.53568E-14
 9184.00    1.53476E-14
 9188.00    1.53172E-14
 9192.00    1.52696E-14
 9196.00    1.52181E-14
 9200.00    1.51786E-14
 9204.00    1.51499E-14
 9208.00    1.51242E-14
 9212.00    1.51063E-14
 9216.00    1.51007E-14
 9220.00    1.51106E-14
 9224.00    1.51316E-14
 9228.00    1.51502E-14
 9232.00    1.51567E-14
 9236.00    1.51468E-14
 9240.00    1.51200E-14
 9244.00    1.50806E-14
 9248.00    1.50362E-14
 9252.00    1.49917E-14
 9256.00    1.49476E-14
 9260.00    1.49101E-14
 9264.00    1.48831E-14
 9268.00    1.48645E-14
 9272.00    1.48495E-14
 9276.00    1.48421E-14
 9280.00    1.48440E-14
 9284.00    1.48468E-14
 9288.00    1.48403E-14
 9292.00    1.48297E-14
 9296.00    1.48142E-14
 9300.00    1.47945E-14
 9304.00    1.47795E-14
 9308.00    1.47787E-14
 9312.00    1.47824E-14
 9316.00    1.47804E-14
 9320.00    1.47772E-14
 9324.00    1.47806E-14
 9328.00    1.47819E-14
 9332.00    1.47733E-14
 9336.00    1.47540E-14
 9340.00    1.47353E-14
 9344.00    1.47125E-14
 9348.00    1.46803E-14
 9352.00    1.46532E-14
 9356.00    1.46398E-14
 9360.00    1.46303E-14
 9364.00    1.46281E-14
 9368.00    1.46354E-14
 9372.00    1.46453E-14
 9376.00    1.46535E-14
 9380.00    1.46582E-14
 9384.00    1.46701E-14
 9388.00    1.46899E-14
 9392.00    1.46981E-14
 9396.00    1.46915E-14
 9400.00    1.46715E-14
 9404.00    1.46412E-14
 9408.00    1.46078E-14
 9412.00    1.45776E-14
 9416.00    1.45452E-14
 9420.00    1.44991E-14
 9424.00    1.44412E-14
 9428.00    1.43873E-14
 9432.00    1.43415E-14
 9436.00    1.43048E-14
 9440.00    1.42796E-14
 9444.00    1.42667E-14
 9448.00    1.42598E-14
 9452.00    1.42508E-14
 9456.00    1.42517E-14
 9460.00    1.42711E-14
 9464.00    1.42968E-14
 9468.00    1.43247E-14
 9472.00    1.43571E-14
 9476.00    1.43881E-14
 9480.00    1.44121E-14
 9484.00    1.44270E-14
 9488.00    1.44278E-14
 9492.00    1.44222E-14
 9496.00    1.44121E-14
 9500.00    1.43950E-14
 9504.00    1.43668E-14
 9508.00    1.43223E-14
 9512.00    1.42596E-14
 9516.00    1.41898E-14
 9520.00    1.41261E-14
 9524.00    1.40781E-14
 9528.00    1.40408E-14
 9532.00    1.39984E-14
 9536.00    1.39444E-14
 9540.00    1.38862E-14
 9544.00    1.38333E-14
 9548.00    1.37918E-14
 9552.00    1.37544E-14
 9556.00    1.37074E-14
 9560.00    1.36598E-14
 9564.00    1.36303E-14
 9568.00    1.36177E-14
 9572.00    1.36185E-14
 9576.00    1.36323E-14
 9580.00    1.36493E-14
 9584.00    1.36577E-14
 9588.00    1.36638E-14
 9592.00    1.36748E-14
 9596.00    1.36816E-14
 9600.00    1.36710E-14
 9604.00    1.36473E-14
 9608.00    1.36272E-14
 9612.00    1.36146E-14
 9616.00    1.36076E-14
 9620.00    1.36138E-14
 9624.00    1.36316E-14
 9628.00    1.36382E-14
 9632.00    1.36284E-14
 9636.00    1.36124E-14
 9640.00    1.35914E-14
 9644.00    1.35666E-14
 9648.00    1.35371E-14
 9652.00    1.35016E-14
 9656.00    1.34537E-14
 9660.00    1.33927E-14
 9664.00    1.33343E-14
 9668.00    1.32960E-14
 9672.00    1.32699E-14
 9676.00    1.32412E-14
 9680.00    1.32041E-14
 9684.00    1.31628E-14
 9688.00    1.31239E-14
 9692.00    1.30907E-14
 9696.00    1.30671E-14
 9700.00    1.30499E-14
 9704.00    1.30245E-14
 9708.00    1.29886E-14
 9712.00    1.29524E-14
 9716.00    1.29230E-14
 9720.00    1.29008E-14
 9724.00    1.28817E-14
 9728.00    1.28699E-14
 9732.00    1.28651E-14
 9736.00    1.28579E-14
 9740.00    1.28508E-14
 9744.00    1.28522E-14
 9748.00    1.28640E-14
 9752.00    1.28744E-14
 9756.00    1.28738E-14
 9760.00    1.28696E-14
 9764.00    1.28640E-14
 9768.00    1.28506E-14
 9772.00    1.28300E-14
 9776.00    1.28044E-14
 9780.00    1.27761E-14
 9784.00    1.27492E-14
 9788.00    1.27291E-14
 9792.00    1.27226E-14
 9796.00    1.27246E-14
 9800.00    1.27190E-14
 9804.00    1.27027E-14
 9808.00    1.26851E-14
 9812.00    1.26722E-14
 9816.00    1.26565E-14
 9820.00    1.26285E-14
 9824.00    1.25928E-14
 9828.00    1.25573E-14
 9832.00    1.25214E-14
 9836.00    1.24868E-14
 9840.00    1.24697E-14
 9844.00    1.24725E-14
 9848.00    1.24783E-14
 9852.00    1.24812E-14
 9856.00    1.24846E-14
 9860.00    1.24843E-14
 9864.00    1.24751E-14
 9868.00    1.24616E-14
 9872.00    1.24459E-14
 9876.00    1.24175E-14
 9880.00    1.23769E-14
 9884.00    1.23416E-14
 9888.00    1.23192E-14
 9892.00    1.23127E-14
 9896.00    1.23225E-14
 9900.00    1.23345E-14
 9904.00    1.23380E-14
 9908.00    1.23352E-14
 9912.00    1.23334E-14
 9916.00    1.23290E-14
 9920.00    1.23100E-14
 9924.00    1.22790E-14
 9928.00    1.22428E-14
 9932.00    1.21955E-14
 9936.00    1.21497E-14
 9940.00    1.21214E-14
 9944.00    1.21046E-14
 9948.00    1.20911E-14
 9952.00    1.20808E-14
 9956.00    1.20802E-14
 9960.00    1.20844E-14
 9964.00    1.20839E-14
 9968.00    1.20798E-14
 9972.00    1.20671E-14
 9976.00    1.20436E-14
 9980.00    1.20178E-14
 9984.00    1.19965E-14
 9988.00    1.19765E-14
 9992.00    1.19542E-14
 9996.00    1.19295E-14
10000.00    9.30914E-15
